/*--------------------------------*- C++ -*----------------------------------*\
  =========                 |
  \\      /  F ield         | OpenFOAM: The Open Source CFD Toolbox
   \\    /   O peration     | Website:  https://openfoam.org
    \\  /    A nd           | Version:  7
     \\/     M anipulation  |
\*---------------------------------------------------------------------------*/
FoamFile
{
    version     2.0;
    format      ascii;
    class       volScalarField;
    location    "0.00326";
    object      rho;
}
// * * * * * * * * * * * * * * * * * * * * * * * * * * * * * * * * * * * * * //

dimensions      [1 -3 0 0 0 0 0];

internalField   nonuniform List<scalar> 
5000
(
0.87798115
0.87800879
0.87803828
0.87807769
0.87810762
0.87814693
0.87817695
0.87821621
0.87824619
0.87828541
0.87831536
0.87835454
0.87838447
0.87842363
0.87845354
0.87849268
0.87852257
0.87856168
0.87859155
0.87863064
0.87866049
0.87869954
0.87872938
0.8787684
0.87879821
0.8788372
0.87886698
0.87890593
0.87893569
0.87897461
0.87900433
0.87904322
0.87907292
0.87911176
0.87914143
0.87918024
0.87920988
0.87924865
0.87927826
0.87931699
0.87934657
0.87938526
0.87941481
0.87945346
0.87948298
0.87952159
0.87955109
0.87958966
0.87961912
0.87965765
0.87968708
0.87972557
0.87975497
0.87979343
0.8798228
0.87986121
0.87989055
0.87992892
0.87995823
0.87999657
0.88002585
0.88006414
0.88009339
0.88013165
0.88016087
0.88019909
0.88022828
0.88026645
0.88029562
0.88033375
0.88036288
0.88040098
0.88043009
0.88046815
0.88049722
0.88053524
0.88056428
0.88060226
0.88063127
0.88066922
0.8806982
0.8807361
0.88076505
0.88080292
0.88083184
0.88086966
0.88089856
0.88093634
0.8809652
0.88100295
0.88103179
0.8810695
0.8810983
0.88113597
0.88116474
0.88120237
0.88123112
0.88126871
0.88129742
0.88133498
0.88136366
0.88140118
0.88142983
0.88146731
0.88149594
0.88153338
0.88156197
0.88159937
0.88162794
0.8816653
0.88169384
0.88173116
0.88175967
0.88179695
0.88182543
0.88186268
0.88189113
0.88192834
0.88195676
0.88199393
0.88202232
0.88205945
0.88208781
0.88212491
0.88215324
0.8821903
0.8822186
0.88225562
0.8822839
0.88232088
0.88234911
0.88238606
0.88241432
0.8824511
0.8824795
0.88251604
0.88254467
0.88258087
0.88260979
0.88264561
0.88267488
0.88271026
0.88273992
0.88277482
0.88280491
0.88283929
0.88286987
0.88290367
0.88293478
0.88296795
0.88299965
0.88303214
0.88306449
0.88309624
0.88312928
0.88316024
0.88319403
0.88322417
0.8832587
0.88328806
0.88332327
0.88335194
0.88338769
0.88341585
0.88345195
0.88347979
0.88351603
0.88354375
0.88358
0.88360768
0.88364389
0.88367154
0.88370771
0.88373534
0.88377147
0.88379906
0.88383516
0.88386273
0.88389878
0.88392632
0.88396234
0.88398985
0.88402583
0.88405331
0.88408926
0.88411671
0.88415262
0.88418004
0.88421591
0.8842433
0.88427914
0.8843065
0.8843423
0.88436963
0.88440539
0.8844327
0.88446842
0.8844957
0.88453138
0.88455863
0.88459428
0.8846215
0.8846571
0.8846843
0.88471987
0.88474703
0.88478256
0.8848097
0.8848452
0.8848723
0.88490776
0.88493484
0.88497026
0.88499731
0.88503269
0.88505971
0.88509505
0.88512205
0.88515735
0.88518432
0.88521959
0.88524652
0.88528175
0.88530866
0.88534385
0.88537073
0.88540589
0.88543274
0.88546785
0.88549468
0.88552976
0.88555655
0.88559159
0.88561835
0.88565336
0.88568009
0.88571506
0.88574177
0.8857767
0.88580337
0.88583826
0.88586491
0.88589977
0.88592639
0.8859612
0.88598779
0.88602257
0.88604913
0.88608387
0.88611041
0.88614511
0.88617161
0.88620628
0.88623276
0.88626738
0.88629383
0.88632842
0.88635484
0.88638939
0.88641578
0.88645029
0.88647665
0.88651113
0.88653746
0.8865719
0.88659821
0.88663261
0.88665888
0.88669325
0.88671949
0.88675382
0.88678004
0.88681432
0.88684051
0.88687477
0.88690093
0.88693514
0.88696127
0.88699545
0.88702155
0.88705569
0.88708176
0.88711587
0.88714191
0.88717598
0.88720199
0.88723602
0.88726201
0.887296
0.88732196
0.88735592
0.88738185
0.88741577
0.88744167
0.88747555
0.88750143
0.88753527
0.88756112
0.88759493
0.88762075
0.88765452
0.88768031
0.88771405
0.88773982
0.88777351
0.88779925
0.88783292
0.88785863
0.88789225
0.88791794
0.88795153
0.88797719
0.88801074
0.88803637
0.88806989
0.8880955
0.88812898
0.88815456
0.88818801
0.88821356
0.88824697
0.8882725
0.88830588
0.88833138
0.88836473
0.8883902
0.88842351
0.88844896
0.88848224
0.88850766
0.8885409
0.8885663
0.88859951
0.88862488
0.88865806
0.88868341
0.88871656
0.88874188
0.88877499
0.88880029
0.88883337
0.88885865
0.8888917
0.88891695
0.88894997
0.8889752
0.88900819
0.88903339
0.88906636
0.88909153
0.88912447
0.88914963
0.88918253
0.88920767
0.88924054
0.88926566
0.88929851
0.8893236
0.88935642
0.88938149
0.88941429
0.88943934
0.88947211
0.88949714
0.88952989
0.8895549
0.88958762
0.88961262
0.88964531
0.88967029
0.88970296
0.88972792
0.88976057
0.88978551
0.88981814
0.88984306
0.88987567
0.88990058
0.88993316
0.88995806
0.88999062
0.8900155
0.89004805
0.89007291
0.89010544
0.89013028
0.8901628
0.89018763
0.89022012
0.89024494
0.89027742
0.89030223
0.89033469
0.89035949
0.89039194
0.89041672
0.89044916
0.89047393
0.89050635
0.89053112
0.89056352
0.89058828
0.89062068
0.89064542
0.89067781
0.89070255
0.89073492
0.89075965
0.89079201
0.89081674
0.89084909
0.89087381
0.89090616
0.89093087
0.89096321
0.89098792
0.89102025
0.89104495
0.89107728
0.89110197
0.89113429
0.89115898
0.8911913
0.89121599
0.8912483
0.89127298
0.89130529
0.89132997
0.89136228
0.89138696
0.89141926
0.89144393
0.89147623
0.89150091
0.8915332
0.89155788
0.89159017
0.89161484
0.89164714
0.89167181
0.8917041
0.89172877
0.89176106
0.89178573
0.89181802
0.89184268
0.89187497
0.89189964
0.89193193
0.89195659
0.89198888
0.89201354
0.89204583
0.89207049
0.89210278
0.89212744
0.89215972
0.89218438
0.89221666
0.89224133
0.8922736
0.89229826
0.89233054
0.8923552
0.89238747
0.89241212
0.89244439
0.89246905
0.89250131
0.89252596
0.89255822
0.89258287
0.89261513
0.89263977
0.89267202
0.89269666
0.8927289
0.89275354
0.89278578
0.89281041
0.89284264
0.89286726
0.89289948
0.8929241
0.89295631
0.89298092
0.89301313
0.89303773
0.89306992
0.89309452
0.8931267
0.89315128
0.89318345
0.89320803
0.89324019
0.89326475
0.89329689
0.89332145
0.89335358
0.89337812
0.89341023
0.89343476
0.89346686
0.89349137
0.89352345
0.89354795
0.89358001
0.8936045
0.89363653
0.89366101
0.89369303
0.89371748
0.89374947
0.89377392
0.89380589
0.89383031
0.89386226
0.89388666
0.89391859
0.89394298
0.89397486
0.89399923
0.89403111
0.89405548
0.89408717
0.89411183
0.89414308
0.89416822
0.89419886
0.89422459
0.89425458
0.89428091
0.89431026
0.89433714
0.89436593
0.89439326
0.8944216
0.89444926
0.89447726
0.89450516
0.8945329
0.89456096
0.89458852
0.89461666
0.8946441
0.89467228
0.89469963
0.89472783
0.8947551
0.8947833
0.89481052
0.8948387
0.89486587
0.89489404
0.89492115
0.8949493
0.89497637
0.89500448
0.89503153
0.89505959
0.89508662
0.89511461
0.89514165
0.89516956
0.89519662
0.89522443
0.89525152
0.89527922
0.89530635
0.89533393
0.8953611
0.89538857
0.89541578
0.89544314
0.89547038
0.89549763
0.89552489
0.89555206
0.89557933
0.89560641
0.89563368
0.89566069
0.89568795
0.8957149
0.89574214
0.89576904
0.89579625
0.89582309
0.89585028
0.89587707
0.89590423
0.89593098
0.8959581
0.8959848
0.89601189
0.89603855
0.89606559
0.89609222
0.89611922
0.89614581
0.89617277
0.89619931
0.89622624
0.89625274
0.89627963
0.89630609
0.89633294
0.89635936
0.89638617
0.89641255
0.89643932
0.89646566
0.89649239
0.89651868
0.89654537
0.89657163
0.89659828
0.8966245
0.89665111
0.89667729
0.89670385
0.89672999
0.89675652
0.89678262
0.8968091
0.89683516
0.89686161
0.89688763
0.89691403
0.89694001
0.89696637
0.89699231
0.89701864
0.89704453
0.89707082
0.89709667
0.89712292
0.89714873
0.89717494
0.89720071
0.89722688
0.89725261
0.89727874
0.89730443
0.89733051
0.89735617
0.89738221
0.89740783
0.89743383
0.89745941
0.89748537
0.8975109
0.89753682
0.89756232
0.8975882
0.89761365
0.8976395
0.89766491
0.89769071
0.89771608
0.89774185
0.89776718
0.89779291
0.89781819
0.89784388
0.89786913
0.89789478
0.89791998
0.89794559
0.89797075
0.89799633
0.89802145
0.89804698
0.89807206
0.89809756
0.89812259
0.89814805
0.89817305
0.89819847
0.89822342
0.8982488
0.89827372
0.89829906
0.89832393
0.89834924
0.89837406
0.89839934
0.89842412
0.89844935
0.89847409
0.89849929
0.89852398
0.89854915
0.8985738
0.89859893
0.89862354
0.89864862
0.89867321
0.89869823
0.8987228
0.89874776
0.89877231
0.8987972
0.89882174
0.89884657
0.89887109
0.89889586
0.89892037
0.89894506
0.89896956
0.8989942
0.89901867
0.89904325
0.89906771
0.89909223
0.89911666
0.89914113
0.89916553
0.89918995
0.89921432
0.89923869
0.89926303
0.89928736
0.89931166
0.89933595
0.89936021
0.89938446
0.89940868
0.89943289
0.89945707
0.89948124
0.89950539
0.89952951
0.89955362
0.89957771
0.89960178
0.89962583
0.89964986
0.89967387
0.89969786
0.89972183
0.89974578
0.89976971
0.89979363
0.89981752
0.89984139
0.89986525
0.89988908
0.89991289
0.89993669
0.89996047
0.89998422
0.90000796
0.90003168
0.90005537
0.90007905
0.90010271
0.90012635
0.90014997
0.90017357
0.90019716
0.90022072
0.90024426
0.90026779
0.90029129
0.90031478
0.90033824
0.90036169
0.90038512
0.90040853
0.90043192
0.90045529
0.90047864
0.90050197
0.90052528
0.90054857
0.90057185
0.9005951
0.90061834
0.90064156
0.90066476
0.90068793
0.90071109
0.90073423
0.90075736
0.90078046
0.90080354
0.90082661
0.90084965
0.90087268
0.90089569
0.90091868
0.90094165
0.9009646
0.90098754
0.90101045
0.90103335
0.90105622
0.90107908
0.90110192
0.90112474
0.90114754
0.90117033
0.90119309
0.90121584
0.90123857
0.90126128
0.90128397
0.90130664
0.90132929
0.90135193
0.90137454
0.90139714
0.90141973
0.90144229
0.90146483
0.90148736
0.90150986
0.90153235
0.90155482
0.90157727
0.9015997
0.90162212
0.90164452
0.9016669
0.90168926
0.9017116
0.90173393
0.90175624
0.90177853
0.9018008
0.90182305
0.90184528
0.90186749
0.90188969
0.90191187
0.90193403
0.90195618
0.90197831
0.90200042
0.90202251
0.90204459
0.90206664
0.90208868
0.9021107
0.9021327
0.90215468
0.90217665
0.9021986
0.90222052
0.90224244
0.90226433
0.90228621
0.90230807
0.90232992
0.90235175
0.90237356
0.90239535
0.90241713
0.90243889
0.90246063
0.90248235
0.90250405
0.90252573
0.9025474
0.90256905
0.90259068
0.90261229
0.90263389
0.90265546
0.90267703
0.90269857
0.9027201
0.90274161
0.90276311
0.90278459
0.90280605
0.9028275
0.90284893
0.90287034
0.90289174
0.90291312
0.90293448
0.90295583
0.90297716
0.90299847
0.90301976
0.90304103
0.90306229
0.90308353
0.90310475
0.90312595
0.90314714
0.9031683
0.90318945
0.90321058
0.9032317
0.90325279
0.90327387
0.90329494
0.90331598
0.90333701
0.90335802
0.90337901
0.90339999
0.90342095
0.90344189
0.90346282
0.90348373
0.90350462
0.9035255
0.90354636
0.9035672
0.90358804
0.90360885
0.90362966
0.90365045
0.90367122
0.90369198
0.90371272
0.90373344
0.90375415
0.90377485
0.90379553
0.9038162
0.90383685
0.90385749
0.90387811
0.90389871
0.9039193
0.90393987
0.90396043
0.90398098
0.9040015
0.90402202
0.90404251
0.904063
0.90408346
0.90410391
0.90412435
0.90414477
0.90416517
0.90418556
0.90420593
0.90422629
0.90424663
0.90426696
0.90428726
0.90430755
0.90432783
0.90434808
0.90436833
0.90438855
0.90440876
0.90442896
0.90444914
0.9044693
0.90448944
0.90450957
0.90452968
0.90454977
0.90456984
0.90458989
0.90460992
0.90462994
0.90464994
0.90466992
0.90468988
0.90470982
0.90472975
0.90474966
0.90476955
0.90478942
0.90480927
0.90482911
0.90484893
0.90486873
0.90488851
0.90490827
0.90492801
0.90494774
0.90496744
0.90498713
0.9050068
0.90502645
0.90504608
0.9050657
0.90508529
0.90510487
0.90512443
0.90514397
0.90516349
0.90518299
0.90520247
0.90522194
0.90524139
0.90526081
0.90528023
0.90529962
0.90531899
0.90533834
0.90535768
0.90537699
0.90539629
0.90541557
0.90543482
0.90545406
0.90547328
0.90549249
0.90551167
0.90553083
0.90554998
0.90556911
0.90558822
0.90560731
0.90562638
0.90564544
0.90566447
0.90568349
0.90570249
0.90572147
0.90574043
0.90575937
0.90577829
0.9057972
0.90581608
0.90583495
0.9058538
0.90587263
0.90589145
0.90591024
0.90592902
0.90594778
0.90596651
0.90598523
0.90600393
0.9060226
0.90604126
0.90605991
0.90607854
0.90609715
0.90611574
0.90613432
0.90615287
0.90617141
0.90618993
0.90620843
0.90622691
0.90624537
0.90626381
0.90628224
0.90630065
0.90631904
0.90633742
0.90635578
0.90637412
0.90639244
0.90641074
0.90642903
0.9064473
0.90646554
0.90648378
0.906502
0.9065202
0.90653838
0.90655655
0.9065747
0.90659283
0.90661094
0.90662903
0.90664711
0.90666517
0.90668322
0.90670126
0.90671928
0.90673729
0.90675528
0.90677326
0.90679122
0.90680916
0.90682709
0.906845
0.9068629
0.90688078
0.90689864
0.90691649
0.90693433
0.90695215
0.90696995
0.90698774
0.90700551
0.90702326
0.907041
0.90705872
0.90707643
0.90709412
0.9071118
0.90712947
0.90714712
0.90716476
0.90718239
0.90720001
0.9072176
0.90723519
0.90725275
0.9072703
0.90728783
0.90730534
0.90732284
0.90734032
0.90735778
0.90737523
0.90739267
0.90741009
0.9074275
0.90744489
0.90746227
0.90747963
0.90749698
0.9075143
0.90753162
0.90754891
0.90756619
0.90758345
0.90760069
0.90761792
0.90763513
0.90765233
0.90766952
0.90768668
0.90770384
0.90772097
0.9077381
0.9077552
0.90777229
0.90778937
0.90780643
0.90782347
0.90784049
0.9078575
0.90787449
0.90789146
0.90790841
0.90792535
0.90794227
0.90795917
0.90797606
0.90799293
0.90800978
0.90802662
0.90804343
0.90806024
0.90807702
0.90809379
0.90811054
0.90812727
0.90814398
0.90816069
0.90817737
0.90819404
0.90821069
0.90822733
0.90824395
0.90826056
0.90827714
0.90829371
0.90831026
0.9083268
0.90834331
0.90835981
0.90837629
0.90839276
0.90840922
0.90842566
0.90844208
0.90845848
0.90847487
0.90849124
0.90850759
0.90852393
0.90854024
0.90855654
0.90857281
0.90858907
0.90860532
0.90862154
0.90863776
0.90865396
0.90867014
0.90868631
0.90870246
0.9087186
0.90873471
0.90875081
0.90876689
0.90878294
0.90879898
0.90881501
0.90883101
0.90884701
0.90886298
0.90887895
0.90889489
0.90891082
0.90892673
0.90894262
0.90895849
0.90897434
0.90899017
0.90900598
0.90902178
0.90903756
0.90905333
0.90906908
0.90908481
0.90910053
0.90911623
0.90913192
0.90914758
0.90916323
0.90917885
0.90919446
0.90921005
0.90922563
0.90924118
0.90925672
0.90927225
0.90928776
0.90930325
0.90931873
0.90933419
0.90934963
0.90936505
0.90938046
0.90939585
0.90941122
0.90942657
0.90944191
0.90945723
0.90947253
0.90948782
0.90950309
0.90951835
0.90953359
0.90954881
0.90956402
0.90957921
0.90959439
0.90960954
0.90962469
0.90963981
0.90965492
0.90967002
0.90968509
0.90970016
0.9097152
0.90973024
0.90974525
0.90976025
0.90977524
0.90979021
0.90980516
0.9098201
0.90983503
0.90984993
0.90986483
0.90987971
0.90989457
0.90990942
0.90992425
0.90993908
0.90995388
0.90996868
0.90998344
0.90999821
0.91001295
0.91002769
0.9100424
0.9100571
0.91007179
0.91008645
0.91010111
0.91011574
0.91013038
0.91014497
0.91015958
0.91017414
0.91018873
0.91020325
0.91021781
0.9102323
0.91024683
0.9102613
0.91027579
0.91029023
0.91030469
0.91031911
0.91033353
0.91034792
0.9103623
0.91037667
0.91039102
0.91040536
0.91041966
0.91043398
0.91044825
0.91046254
0.91047678
0.91049104
0.91050525
0.91051948
0.91053366
0.91054785
0.910562
0.91057616
0.91059029
0.91060441
0.91061851
0.9106326
0.91064667
0.91066072
0.91067476
0.91068878
0.9107028
0.91071677
0.91073076
0.91074471
0.91075867
0.91077258
0.91078651
0.9108004
0.91081429
0.91082815
0.910842
0.91085584
0.91086966
0.91088346
0.91089725
0.91091103
0.91092478
0.91093853
0.91095224
0.91096597
0.91097965
0.91099334
0.91100699
0.91102065
0.91103427
0.9110479
0.91106149
0.91107508
0.91108864
0.9111022
0.91111574
0.91112926
0.91114277
0.91115625
0.91116973
0.91118318
0.91119663
0.91121005
0.91122347
0.91123686
0.91125025
0.91126361
0.91127696
0.91129029
0.9113036
0.91131691
0.91133019
0.91134346
0.91135671
0.91136996
0.91138317
0.91139639
0.91140957
0.91142275
0.9114359
0.91144905
0.91146217
0.91147528
0.91148837
0.91150145
0.9115145
0.91152755
0.91154058
0.91155359
0.91156658
0.91157956
0.91159252
0.91160547
0.9116184
0.91163131
0.91164421
0.91165709
0.91166996
0.9116828
0.91169564
0.91170845
0.91172125
0.91173403
0.9117468
0.91175955
0.91177229
0.91178501
0.91179771
0.91181039
0.91182307
0.91183572
0.91184836
0.91186098
0.91187358
0.91188617
0.91189875
0.9119113
0.91192384
0.91193637
0.91194888
0.91196137
0.91197385
0.91198631
0.91199875
0.91201118
0.9120236
0.91203599
0.91204838
0.91206075
0.9120731
0.91208543
0.91209776
0.91211006
0.91212235
0.91213462
0.91214688
0.91215912
0.91217135
0.91218356
0.91219575
0.91220793
0.9122201
0.91223224
0.91224437
0.91225649
0.91226858
0.91228067
0.91229273
0.91230479
0.91231682
0.91232885
0.91234085
0.91235284
0.91236482
0.91237677
0.91238872
0.91240065
0.91241255
0.91242446
0.91243633
0.9124482
0.91246005
0.91247188
0.91248371
0.9124955
0.9125073
0.91251906
0.91253082
0.91254256
0.91255427
0.91256599
0.91257766
0.91258934
0.91260099
0.91261263
0.91262426
0.91263586
0.91264747
0.91265904
0.91267061
0.91268215
0.91269368
0.91270519
0.91271668
0.91272817
0.91273961
0.91275107
0.91276248
0.9127739
0.9127853
0.91279666
0.91280805
0.91281937
0.91283073
0.91284202
0.91285333
0.9128646
0.91287588
0.91288712
0.91289836
0.91290957
0.91292079
0.91293195
0.91294314
0.91295426
0.91296543
0.91297652
0.91298765
0.91299872
0.91300981
0.91302085
0.91303191
0.91304292
0.91305394
0.91306492
0.9130759
0.91308685
0.9130978
0.91310871
0.91311962
0.91313051
0.91314138
0.91315224
0.91316308
0.91317392
0.91318473
0.91319553
0.91320632
0.91321709
0.91322785
0.91323858
0.9132493
0.91326001
0.9132707
0.91328138
0.91329203
0.91330268
0.9133133
0.91332392
0.91333451
0.91334509
0.91335565
0.91336621
0.91337673
0.91338726
0.91339775
0.91340825
0.91341871
0.91342918
0.91343961
0.91345004
0.91346045
0.91347084
0.91348122
0.91349158
0.91350193
0.91351226
0.91352258
0.91353288
0.91354317
0.91355345
0.9135637
0.91357395
0.91358417
0.91359438
0.91360458
0.91361476
0.91362493
0.91363508
0.91364522
0.91365534
0.91366545
0.91367554
0.91368562
0.91369569
0.91370574
0.91371577
0.91372579
0.91373579
0.91374577
0.91375574
0.91376569
0.91377563
0.91378556
0.91379546
0.91380536
0.91381524
0.91382511
0.91383496
0.9138448
0.91385462
0.91386443
0.91387422
0.91388401
0.91389377
0.91390353
0.91391327
0.91392299
0.9139327
0.91394239
0.91395207
0.91396173
0.91397137
0.91398101
0.91399063
0.91400023
0.91400983
0.91401941
0.91402897
0.91403852
0.91404806
0.91405758
0.91406709
0.91407659
0.91408607
0.91409553
0.91410498
0.91411442
0.91412384
0.91413325
0.91414264
0.91415202
0.91416138
0.91417073
0.91418006
0.91418938
0.91419869
0.91420798
0.91421726
0.91422652
0.91423578
0.91424502
0.91425424
0.91426345
0.91427264
0.91428182
0.91429098
0.91430013
0.91430926
0.91431838
0.91432748
0.91433657
0.91434564
0.9143547
0.91436375
0.91437278
0.9143818
0.9143908
0.91439979
0.91440877
0.91441773
0.91442667
0.9144356
0.91444451
0.91445341
0.91446229
0.91447115
0.91448
0.91448884
0.91449766
0.91450647
0.91451526
0.91452404
0.91453281
0.91454156
0.9145503
0.91455902
0.91456772
0.91457641
0.91458508
0.91459374
0.91460238
0.914611
0.91461961
0.91462821
0.91463679
0.91464535
0.91465391
0.91466244
0.91467096
0.91467947
0.91468796
0.91469644
0.9147049
0.91471335
0.91472179
0.9147302
0.91473861
0.914747
0.91475537
0.91476373
0.91477207
0.9147804
0.91478872
0.91479701
0.9148053
0.91481356
0.91482181
0.91483005
0.91483827
0.91484648
0.91485467
0.91486285
0.91487101
0.91487916
0.9148873
0.91489542
0.91490353
0.91491162
0.91491969
0.91492775
0.9149358
0.91494383
0.91495185
0.91495985
0.91496784
0.91497582
0.91498378
0.91499172
0.91499965
0.91500757
0.91501547
0.91502336
0.91503123
0.91503909
0.91504693
0.91505476
0.91506258
0.91507038
0.91507817
0.91508593
0.91509369
0.91510143
0.91510916
0.91511687
0.91512457
0.91513225
0.91513993
0.91514758
0.91515522
0.91516285
0.91517046
0.91517806
0.91518565
0.91519322
0.91520078
0.91520833
0.91521586
0.91522337
0.91523087
0.91523836
0.91524583
0.91525329
0.91526074
0.91526817
0.91527558
0.91528298
0.91529037
0.91529774
0.9153051
0.91531245
0.91531979
0.91532711
0.91533441
0.9153417
0.91534898
0.91535624
0.91536349
0.91537073
0.91537795
0.91538516
0.91539236
0.91539954
0.91540671
0.91541386
0.91542101
0.91542814
0.91543525
0.91544235
0.91544944
0.91545652
0.91546357
0.91547062
0.91547765
0.91548468
0.91549169
0.91549868
0.91550566
0.91551263
0.91551958
0.91552652
0.91553344
0.91554036
0.91554726
0.91555415
0.91556102
0.91556789
0.91557474
0.91558157
0.9155884
0.91559521
0.91560201
0.9156088
0.91561558
0.91562234
0.91562909
0.91563582
0.91564254
0.91564924
0.91565594
0.91566262
0.91566929
0.91567594
0.91568258
0.91568921
0.91569582
0.91570242
0.91570901
0.91571559
0.91572215
0.9157287
0.91573524
0.91574176
0.91574826
0.91575476
0.91576124
0.91576771
0.91577417
0.91578061
0.91578705
0.91579346
0.91579987
0.91580626
0.91581264
0.915819
0.91582535
0.91583168
0.915838
0.9158443
0.91585059
0.91585687
0.91586313
0.91586938
0.91587562
0.91588184
0.91588805
0.91589424
0.91590042
0.91590658
0.91591274
0.91591888
0.915925
0.91593111
0.91593721
0.91594329
0.91594936
0.91595542
0.91596146
0.91596749
0.9159735
0.9159795
0.91598548
0.91599144
0.91599739
0.91600333
0.91600926
0.91601517
0.91602106
0.91602694
0.91603281
0.91603866
0.9160445
0.91605033
0.91605614
0.91606194
0.91606773
0.9160735
0.91607925
0.91608499
0.91609071
0.91609642
0.91610212
0.9161078
0.91611347
0.91611912
0.91612476
0.91613038
0.91613599
0.91614158
0.91614716
0.91615273
0.91615828
0.91616382
0.91616934
0.91617485
0.91618034
0.91618582
0.91619128
0.91619673
0.91620216
0.91620758
0.91621299
0.91621839
0.91622376
0.91622913
0.91623448
0.91623981
0.91624514
0.91625044
0.91625574
0.91626101
0.91626628
0.91627153
0.91627677
0.91628199
0.9162872
0.9162924
0.91629758
0.91630274
0.91630789
0.91631303
0.91631815
0.91632325
0.91632835
0.91633343
0.91633849
0.91634354
0.91634858
0.9163536
0.91635861
0.91636361
0.91636859
0.91637356
0.91637852
0.91638346
0.91638838
0.9163933
0.91639819
0.91640307
0.91640794
0.9164128
0.91641764
0.91642247
0.91642728
0.91643208
0.91643687
0.91644164
0.9164464
0.91645114
0.91645588
0.9164606
0.9164653
0.91646999
0.91647467
0.91647933
0.91648397
0.9164886
0.91649322
0.91649783
0.91650242
0.916507
0.91651157
0.91651613
0.91652067
0.91652519
0.91652971
0.91653421
0.91653869
0.91654316
0.91654763
0.91655207
0.91655651
0.91656093
0.91656534
0.91656973
0.91657411
0.91657848
0.91658283
0.91658717
0.9165915
0.91659581
0.91660011
0.9166044
0.91660868
0.91661294
0.91661719
0.91662143
0.91662566
0.91662987
0.91663407
0.91663826
0.91664243
0.91664659
0.91665074
0.91665487
0.91665899
0.9166631
0.9166672
0.91667129
0.91667536
0.91667942
0.91668347
0.9166875
0.91669152
0.91669552
0.91669952
0.9167035
0.91670747
0.91671142
0.91671536
0.91671929
0.9167232
0.9167271
0.91673099
0.91673487
0.91673873
0.91674258
0.91674642
0.91675024
0.91675405
0.91675785
0.91676163
0.91676541
0.91676917
0.91677291
0.91677665
0.91678037
0.91678408
0.91678777
0.91679145
0.91679512
0.91679877
0.91680241
0.91680604
0.91680965
0.91681325
0.91681684
0.91682041
0.91682397
0.91682752
0.91683105
0.91683457
0.91683808
0.91684157
0.91684505
0.91684851
0.91685196
0.9168554
0.91685882
0.91686223
0.91686562
0.916869
0.91687236
0.91687571
0.91687905
0.91688237
0.91688568
0.91688898
0.91689226
0.91689554
0.91689879
0.91690204
0.91690527
0.91690848
0.91691168
0.91691487
0.91691805
0.9169212
0.91692435
0.91692748
0.91693061
0.91693371
0.9169368
0.91693988
0.91694294
0.91694598
0.91694901
0.91695203
0.91695503
0.91695802
0.91696099
0.91696395
0.91696689
0.91696983
0.91697274
0.91697565
0.91697854
0.91698141
0.91698428
0.91698712
0.91698996
0.91699278
0.91699558
0.91699837
0.91700115
0.91700391
0.91700666
0.9170094
0.91701212
0.91701482
0.91701752
0.91702019
0.91702286
0.9170255
0.91702814
0.91703075
0.91703336
0.91703595
0.91703852
0.91704109
0.91704363
0.91704617
0.91704868
0.91705119
0.91705368
0.91705615
0.91705861
0.91706105
0.91706349
0.9170659
0.9170683
0.91707069
0.91707307
0.91707543
0.91707778
0.91708011
0.91708243
0.91708473
0.91708702
0.9170893
0.91709156
0.9170938
0.91709604
0.91709826
0.91710046
0.91710265
0.91710483
0.917107
0.91710915
0.91711128
0.91711341
0.91711552
0.91711761
0.91711969
0.91712176
0.91712381
0.91712585
0.91712788
0.91712989
0.91713188
0.91713387
0.91713584
0.91713779
0.91713973
0.91714166
0.91714358
0.91714548
0.91714736
0.91714924
0.9171511
0.91715294
0.91715478
0.9171566
0.9171584
0.9171602
0.91716198
0.91716375
0.9171655
0.91716724
0.91716897
0.91717068
0.91717238
0.91717406
0.91717574
0.91717739
0.91717904
0.91718067
0.91718229
0.91718389
0.91718548
0.91718706
0.91718863
0.91719018
0.91719172
0.91719324
0.91719474
0.91719624
0.91719772
0.91719918
0.91720063
0.91720207
0.9172035
0.91720491
0.91720631
0.91720769
0.91720906
0.91721041
0.91721175
0.91721308
0.91721439
0.91721568
0.91721696
0.91721823
0.91721948
0.91722071
0.91722193
0.91722313
0.91722432
0.91722549
0.91722665
0.91722779
0.91722892
0.91723002
0.91723112
0.91723219
0.91723325
0.91723429
0.91723531
0.91723632
0.91723731
0.91723828
0.91723924
0.91724018
0.91724111
0.91724201
0.91724291
0.91724377
0.91724463
0.91724546
0.91724627
0.91724706
0.91724783
0.91724858
0.91724931
0.91725002
0.9172507
0.91725137
0.917252
0.91725262
0.91725321
0.91725378
0.91725433
0.91725485
0.91725535
0.91725582
0.91725627
0.9172567
0.9172571
0.91725747
0.91725782
0.91725814
0.91725843
0.91725869
0.91725893
0.91725913
0.91725931
0.91725945
0.91725956
0.91725964
0.91725969
0.9172597
0.91725967
0.91725961
0.91725951
0.91725938
0.9172592
0.91725899
0.91725873
0.91725844
0.9172581
0.91725772
0.91725729
0.91725682
0.9172563
0.91725574
0.91725512
0.91725446
0.91725375
0.91725299
0.91725217
0.9172513
0.91725037
0.91724939
0.91724835
0.91724725
0.91724609
0.91724487
0.91724358
0.91724222
0.9172408
0.9172393
0.91723774
0.9172361
0.91723439
0.9172326
0.91723073
0.91722879
0.91722676
0.91722465
0.91722245
0.91722017
0.91721779
0.91721533
0.91721277
0.91721011
0.91720736
0.91720451
0.91720156
0.9171985
0.91719534
0.91719207
0.91718869
0.9171852
0.9171816
0.91717788
0.91717403
0.91717007
0.91716598
0.91716176
0.91715742
0.91715294
0.91714833
0.91714359
0.91713871
0.91713368
0.91712852
0.91712321
0.91711775
0.91711214
0.91710638
0.91710047
0.91709439
0.91708816
0.91708177
0.91707521
0.91706848
0.91706159
0.91705453
0.9170473
0.91703989
0.9170323
0.91702454
0.91701659
0.91700847
0.91700015
0.91699166
0.91698297
0.91697409
0.91696502
0.91695576
0.9169463
0.91693665
0.9169268
0.91691675
0.9169065
0.91689605
0.9168854
0.91687455
0.91686349
0.91685222
0.91684075
0.91682908
0.91681719
0.9168051
0.91679279
0.91678028
0.91676756
0.91675463
0.91674149
0.91672814
0.91671458
0.91670081
0.91668684
0.91667266
0.91665827
0.91664368
0.91662889
0.91661389
0.91659869
0.91658329
0.91656769
0.9165519
0.9165359
0.91651972
0.91650334
0.91648677
0.91647001
0.91645307
0.91643594
0.91641863
0.91640113
0.91638346
0.91636562
0.9163476
0.91632942
0.91631107
0.91629257
0.9162739
0.91625508
0.91623612
0.916217
0.91619774
0.91617834
0.91615881
0.91613914
0.91611934
0.91609942
0.91607938
0.91605922
0.91603895
0.91601858
0.91599811
0.91597754
0.91595687
0.91593613
0.9159153
0.91589439
0.91587341
0.91585236
0.91583125
0.91581009
0.91578887
0.9157676
0.91574629
0.91572494
0.91570356
0.91568215
0.91566072
0.91563927
0.91561781
0.91559635
0.91557489
0.91555342
0.91553197
0.91551053
0.91548911
0.91546772
0.91544634
0.91542501
0.9154037
0.91538245
0.91536124
0.91534007
0.91531897
0.91529793
0.91527695
0.91525604
0.9152352
0.91521444
0.91519377
0.91517317
0.91515267
0.91513226
0.91511195
0.91509174
0.91507163
0.91505163
0.91503174
0.91501196
0.91499229
0.91497275
0.91495332
0.91493402
0.91491485
0.9148958
0.91487689
0.91485811
0.91483946
0.91482095
0.91480258
0.91478435
0.91476625
0.91474831
0.91473051
0.91471285
0.91469534
0.91467797
0.91466076
0.91464369
0.91462677
0.91461001
0.91459338
0.91457692
0.9145606
0.91454443
0.91452841
0.91451254
0.91449681
0.91448125
0.91446579
0.91445054
0.91443537
0.91442041
0.91440553
0.91439085
0.91437627
0.91436185
0.91434756
0.91433339
0.91431941
0.91430549
0.91429177
0.91427814
0.91426464
0.9142513
0.91423803
0.91422495
0.91421194
0.91419906
0.91418632
0.91417366
0.91416115
0.91414873
0.91413642
0.91412423
0.91411212
0.91410014
0.91408824
0.91407643
0.91406474
0.91405312
0.91404159
0.91403017
0.9140188
0.91400754
0.91399636
0.91398524
0.91397421
0.91396326
0.91395235
0.91394155
0.91393079
0.91392009
0.91390948
0.91389891
0.9138884
0.91387796
0.91386755
0.9138572
0.91384691
0.91383666
0.91382645
0.9138163
0.91380617
0.9137961
0.91378606
0.91377604
0.91376606
0.91375613
0.9137462
0.91373631
0.91372646
0.91371661
0.9137068
0.91369701
0.91368723
0.91367747
0.91366773
0.913658
0.91364828
0.91363858
0.91362889
0.9136192
0.91360952
0.91359985
0.91359018
0.91358052
0.91357086
0.91356119
0.91355153
0.91354186
0.91353219
0.91352251
0.91351283
0.91350315
0.91349345
0.91348374
0.91347404
0.91346431
0.91345458
0.91344485
0.91343511
0.91342535
0.91341559
0.91340581
0.91339603
0.91338622
0.91337641
0.91336658
0.91335673
0.91334685
0.91333696
0.91332704
0.91331709
0.91330713
0.91329715
0.91328714
0.91327711
0.91326707
0.91325701
0.91324693
0.91323683
0.9132267
0.91321655
0.91320637
0.91319617
0.91318593
0.91317566
0.91316537
0.91315505
0.91314472
0.91313435
0.91312397
0.91311356
0.91310312
0.91309265
0.91308215
0.91307162
0.91306105
0.91305046
0.91303985
0.91302921
0.91301855
0.91300786
0.91299714
0.9129864
0.91297562
0.91296482
0.91295397
0.91294311
0.91293221
0.91292129
0.91291034
0.91289937
0.91288837
0.91287734
0.91286628
0.91285518
0.91284406
0.9128329
0.91282172
0.91281052
0.91279929
0.91278804
0.91277675
0.91276544
0.91275409
0.91274272
0.91273133
0.91271991
0.91270847
0.912697
0.91268551
0.91267398
0.91266243
0.91265085
0.91263925
0.91262762
0.91261597
0.91260429
0.91259258
0.91258084
0.91256908
0.91255728
0.91254546
0.91253361
0.91252174
0.91250984
0.91249791
0.91248595
0.91247397
0.91246196
0.91244992
0.91243786
0.91242577
0.91241366
0.91240153
0.91238936
0.91237717
0.91236496
0.91235273
0.91234047
0.91232819
0.91231588
0.91230355
0.91229121
0.91227884
0.91226644
0.91225402
0.91224159
0.91222913
0.91221665
0.91220414
0.91219161
0.91217906
0.91216649
0.9121539
0.91214128
0.91212865
0.91211599
0.91210331
0.91209062
0.9120779
0.91206517
0.91205241
0.91203964
0.91202685
0.91201405
0.91200122
0.91198837
0.91197551
0.91196263
0.91194973
0.91193682
0.91192388
0.91191093
0.91189796
0.91188498
0.91187198
0.91185897
0.91184593
0.91183288
0.91181982
0.91180674
0.91179365
0.91178054
0.91176741
0.91175427
0.91174112
0.91172795
0.91171477
0.91170158
0.91168837
0.91167514
0.91166191
0.91164866
0.91163541
0.91162213
0.91160884
0.91159554
0.91158223
0.91156892
0.91155559
0.91154225
0.91152889
0.91151552
0.91150215
0.91148877
0.91147539
0.91146199
0.91144859
0.91143517
0.91142174
0.91140831
0.91139487
0.91138143
0.91136797
0.91135451
0.91134103
0.91132754
0.91131406
0.91130057
0.91128707
0.91127356
0.91126003
0.9112465
0.91123297
0.91121943
0.91120589
0.91119235
0.91117879
0.91116523
0.91115165
0.91113807
0.91112449
0.91111092
0.91109734
0.91108376
0.91107017
0.91105657
0.91104297
0.91102937
0.91101577
0.91100219
0.9109886
0.91097501
0.91096141
0.9109478
0.91093418
0.91092057
0.91090697
0.91089337
0.91087979
0.91086619
0.91085259
0.91083898
0.91082538
0.91081178
0.91079821
0.91078464
0.91077109
0.91075751
0.91074394
0.91073035
0.91071677
0.9107032
0.91068967
0.91067616
0.91066268
0.91064922
0.91063574
0.91062227
0.91060878
0.91059532
0.91058189
0.91056847
0.9105551
0.91054174
0.91052838
0.91051505
0.9105017
0.91048836
0.91047505
0.91046179
0.91044853
0.91043538
0.91042223
0.91040909
0.91039597
0.91038283
0.91036968
0.91035651
0.91034342
0.91033031
0.91031727
0.91030434
0.91029137
0.91027849
0.91026558
0.91025267
0.91023977
0.91022681
0.91021394
0.91020106
0.91018817
0.91017544
0.91016267
0.91014985
0.91013715
0.91012434
0.9101114
0.91009854
0.91008563
0.91007256
0.91005957
0.9100467
0.9100337
0.91002071
0.9100079
0.90999508
0.90998203
0.90996901
0.90995615
0.90994307
0.90992974
0.90991656
0.90990353
0.90989036
0.90987706
0.90986388
0.90985096
0.90983812
0.90982509
0.9098119
0.90979891
0.90978625
0.90977351
0.9097603
0.90974688
0.90973381
0.90972118
0.90970842
0.90969509
0.90968147
0.90966827
0.90965584
0.90964384
0.90963165
0.90961901
0.90960624
0.90959388
0.90958218
0.90957088
0.90955948
0.90954759
0.90953519
0.90952249
0.90950986
0.90949752
0.90948543
0.90947338
0.90946112
0.90944849
0.90943541
0.90942187
0.90940795
0.90939369
0.90937901
0.90936365
0.90934743
0.90933024
0.90931038
0.90928289
0.90923319
0.9091198
0.90882512
0.90801554
0.90641995
0.90461753
0.90267732
0.90063181
0.89850988
0.8963391
0.89414564
0.89195355
0.88978463
0.8876585
0.8855924
0.8836009
0.88169581
0.87988648
0.87818
0.87658137
0.87509344
0.87371701
0.87245108
0.87129322
0.87023998
0.8692871
0.86842956
0.86766171
0.86697738
0.86637018
0.86583373
0.86536185
0.86494858
0.86458823
0.86427532
0.86400459
0.86377106
0.86357014
0.86339765
0.86324994
0.86312385
0.86301658
0.86292564
0.86284872
0.86278368
0.86272858
0.86268172
0.86264168
0.86260727
0.86257755
0.86255174
0.86252922
0.86250942
0.86249187
0.86247609
0.86246153
0.86244755
0.86243374
0.86242036
0.86240811
0.86239831
0.86238934
0.86238048
0.86237168
0.86236289
0.86235411
0.86234531
0.86233649
0.86232764
0.86231876
0.86230983
0.86230087
0.86229186
0.86228282
0.86227374
0.86226463
0.8622555
0.86224634
0.86223717
0.86222799
0.86221879
0.86220959
0.8622004
0.8621912
0.86218202
0.86217284
0.86216368
0.86215453
0.8621454
0.86213629
0.8621272
0.86211813
0.86210908
0.86210005
0.86209104
0.86208204
0.86207306
0.86206409
0.86205513
0.86204618
0.86203723
0.86202829
0.86201934
0.8620104
0.86200144
0.86199248
0.8619835
0.86197452
0.86196551
0.86195649
0.86194744
0.86193838
0.86192929
0.86192017
0.86191103
0.86190186
0.86189266
0.86188343
0.86187417
0.86186488
0.86185556
0.86184621
0.86183683
0.86182742
0.86181799
0.86180852
0.86179903
0.86178951
0.86177996
0.86177039
0.86176079
0.86175117
0.86174152
0.86173186
0.86172217
0.86171246
0.86170273
0.86169298
0.86168321
0.86167342
0.86166362
0.86165379
0.86164395
0.86163409
0.86162421
0.86161432
0.8616044
0.86159448
0.86158454
0.86157458
0.8615646
0.86155461
0.86154461
0.86153459
0.86152456
0.86151451
0.86150445
0.86149437
0.86148428
0.86147418
0.86146407
0.86145394
0.86144379
0.86143364
0.86142347
0.86141329
0.86140309
0.86139289
0.86138267
0.86137243
0.86136219
0.86135193
0.86134166
0.86133137
0.86132107
0.86131076
0.86130044
0.8612901
0.86127975
0.86126939
0.86125901
0.86124862
0.86123822
0.8612278
0.86121737
0.86120693
0.86119648
0.86118601
0.86117553
0.86116504
0.86115454
0.86114402
0.86113349
0.86112295
0.8611124
0.86110183
0.86109126
0.86108067
0.86107006
0.86105945
0.86104882
0.86103818
0.86102753
0.86101686
0.86100619
0.8609955
0.86098479
0.86097407
0.86096334
0.8609526
0.86094184
0.86093107
0.86092029
0.86090949
0.86089868
0.86088786
0.86087702
0.86086617
0.86085531
0.86084443
0.86083354
0.86082263
0.86081171
0.86080078
0.86078984
0.86077888
0.8607679
0.86075691
0.86074591
0.8607349
0.86072386
0.86071282
0.86070176
0.86069069
0.8606796
0.8606685
0.86065739
0.86064626
0.86063512
0.86062396
0.86061279
0.8606016
0.8605904
0.86057918
0.86056795
0.86055671
0.86054545
0.86053418
0.86052289
0.86051159
0.86050027
0.86048894
0.86047759
0.86046623
0.86045485
0.86044346
0.86043205
0.86042062
0.86040919
0.86039773
0.86038627
0.86037478
0.86036328
0.86035177
0.86034024
0.8603287
0.86031714
0.86030557
0.86029398
0.86028238
0.86027076
0.86025912
0.86024747
0.86023581
0.86022413
0.86021244
0.86020073
0.86018901
0.86017727
0.86016552
0.86015374
0.86014197
0.86013016
0.86011835
0.86010652
0.86009468
0.86008282
0.86007095
0.86005906
0.86004715
0.86003523
0.8600233
0.86001135
0.85999939
0.85998741
0.85997541
0.8599634
0.85995138
0.85993934
0.85992728
0.85991522
0.85990313
0.85989103
0.85987892
0.85986679
0.85985464
0.85984249
0.85983031
0.85981813
0.85980592
0.85979371
0.85978148
0.85976924
0.85975698
0.85974471
0.85973241
0.85972012
0.8597078
0.85969548
0.85968313
0.85967078
0.8596584
0.85964602
0.85963362
0.85962121
0.85960878
0.85959635
0.85958388
0.85957143
0.85955894
0.85954645
0.85953393
0.85952142
0.85950888
0.85949634
0.85948376
0.8594712
0.8594586
0.85944601
0.85943338
0.85942076
0.85940811
0.85939546
0.85938279
0.85937012
0.85935741
0.85934472
0.85933199
0.85931927
0.85930651
0.85929376
0.85928098
0.85926821
0.85925541
0.85924261
0.85922978
0.85921695
0.8592041
0.85919124
0.85917837
0.85916549
0.85915259
0.85913968
0.85912675
0.85911382
0.85910087
0.85908791
0.85907493
0.85906195
0.85904895
0.85903594
0.85902291
0.85900987
0.85899682
0.85898376
0.85897068
0.85895759
0.85894448
0.85893137
0.85891823
0.85890509
0.85889193
0.85887876
0.85886558
0.85885238
0.85883917
0.85882594
0.8588127
0.85879945
0.85878618
0.8587729
0.85875961
0.85874631
0.85873299
0.85871965
0.85870631
0.85869295
0.85867957
0.85866618
0.85865278
0.85863936
0.85862593
0.85861249
0.85859903
0.85858556
0.85857207
0.85855857
0.85854505
0.85853152
0.85851798
0.85850443
0.85849085
0.85847727
0.85846367
0.85845006
0.85843643
0.8584228
0.85840914
0.85839547
0.85838179
0.8583681
0.85835439
0.85834067
0.85832693
0.85831318
0.85829942
0.85828564
0.85827185
0.85825804
0.85824422
0.85823039
0.85821654
0.85820268
0.8581888
0.85817492
0.85816101
0.8581471
0.85813317
0.85811922
0.85810527
0.8580913
0.85807731
0.85806332
0.8580493
0.85803528
0.85802124
0.85800719
0.85799312
0.85797904
0.85796495
0.85795085
0.85793673
0.8579226
0.85790845
0.85789429
0.85788012
0.85786594
0.85785174
0.85783753
0.85782331
0.85780907
0.85779482
0.85778056
0.85776629
0.857752
0.8577377
0.85772338
0.85770906
0.85769472
0.85768037
0.857666
0.85765162
0.85763723
0.85762283
0.85760841
0.85759398
0.85757953
0.85756508
0.85755061
0.85753613
0.85752164
0.85750713
0.85749261
0.85747808
0.85746354
0.85744898
0.85743441
0.85741983
0.85740524
0.85739063
0.85737601
0.85736138
0.85734674
0.85733209
0.85731742
0.85730274
0.85728805
0.85727335
0.85725864
0.85724391
0.85722917
0.85721442
0.85719966
0.85718489
0.8571701
0.8571553
0.85714049
0.85712567
0.85711084
0.85709599
0.85708113
0.85706626
0.85705138
0.85703648
0.85702157
0.85700666
0.85699172
0.85697678
0.85696182
0.85694686
0.85693188
0.85691688
0.85690188
0.85688686
0.85687183
0.85685679
0.85684173
0.85682667
0.85681159
0.8567965
0.85678139
0.85676627
0.85675114
0.856736
0.85672084
0.85670567
0.85669049
0.85667529
0.85666008
0.85664486
0.85662962
0.85661437
0.8565991
0.85658383
0.85656853
0.85655322
0.8565379
0.85652256
0.85650721
0.85649184
0.85647646
0.85646107
0.85644565
0.85643023
0.85641478
0.85639933
0.85638385
0.85636837
0.85635286
0.85633734
0.85632181
0.85630626
0.85629069
0.8562751
0.8562595
0.85624389
0.85622825
0.8562126
0.85619693
0.85618125
0.85616555
0.85614984
0.8561341
0.85611835
0.85610258
0.8560868
0.856071
0.85605518
0.85603934
0.85602349
0.85600762
0.85599174
0.85597583
0.85595991
0.85594397
0.85592801
0.85591204
0.85589605
0.85588004
0.85586401
0.85584797
0.85583191
0.85581583
0.85579973
0.85578362
0.85576749
0.85575133
0.85573517
0.85571898
0.85570278
0.85568656
0.85567032
0.85565406
0.85563779
0.8556215
0.85560519
0.85558886
0.85557252
0.85555615
0.85553978
0.85552338
0.85550696
0.85549053
0.85547408
0.85545762
0.85544113
0.85542463
0.85540811
0.85539158
0.85537502
0.85535845
0.85534186
0.85532526
0.85530863
0.85529199
0.85527534
0.85525866
0.85524197
0.85522526
0.85520854
0.85519179
0.85517504
0.85515826
0.85514147
0.85512466
0.85510783
0.85509099
0.85507413
0.85505725
0.85504036
0.85502345
0.85500652
0.85498958
0.85497262
0.85495564
0.85493865
0.85492164
0.85490462
0.85488757
0.85487052
0.85485344
0.85483636
0.85481925
0.85480213
0.854785
0.85476784
0.85475068
0.8547335
0.8547163
0.85469909
0.85468186
0.85466462
0.85464736
0.85463009
0.8546128
0.8545955
0.85457819
0.85456086
0.85454352
0.85452616
0.85450878
0.8544914
0.854474
0.85445658
0.85443915
0.85442171
0.85440425
0.85438679
0.8543693
0.8543518
0.85433429
0.85431677
0.85429923
0.85428168
0.85426411
0.85424653
0.85422894
0.85421133
0.85419371
0.85417608
0.85415844
0.85414078
0.8541231
0.85410542
0.85408772
0.85407
0.85405228
0.85403454
0.85401678
0.85399901
0.85398123
0.85396343
0.85394562
0.8539278
0.85390996
0.85389211
0.85387425
0.85385637
0.85383848
0.85382057
0.85380265
0.85378471
0.85376676
0.8537488
0.85373082
0.85371283
0.85369483
0.85367681
0.85365877
0.85364072
0.85362265
0.85360457
0.85358648
0.85356837
0.85355024
0.8535321
0.85351394
0.85349577
0.85347758
0.85345938
0.85344116
0.85342293
0.85340468
0.85338642
0.85336814
0.85334984
0.85333154
0.85331321
0.85329487
0.85327652
0.85325815
0.85323977
0.85322137
0.85320295
0.85318452
0.85316607
0.8531476
0.85312912
0.85311062
0.85309211
0.85307357
0.85305503
0.85303646
0.85301788
0.85299929
0.85298068
0.85296205
0.85294341
0.85292476
0.85290608
0.8528874
0.85286869
0.85284997
0.85283124
0.85281249
0.85279372
0.85277493
0.85275613
0.85273731
0.85271848
0.85269963
0.85268077
0.85266189
0.85264299
0.85262408
0.85260515
0.85258621
0.85256726
0.85254828
0.85252929
0.85251028
0.85249126
0.85247222
0.85245317
0.85243409
0.852415
0.8523959
0.85237678
0.85235765
0.8523385
0.85231933
0.85230015
0.85228095
0.85226174
0.85224251
0.85222327
0.852204
0.85218472
0.85216543
0.85214612
0.85212679
0.85210744
0.85208808
0.85206871
0.85204932
0.85202992
0.8520105
0.85199107
0.85197162
0.85195216
0.85193268
0.85191319
0.85189367
0.85187415
0.8518546
0.85183504
0.85181547
0.85179589
0.85177628
0.85175667
0.85173704
0.8517174
0.85169774
0.85167807
0.85165839
0.85163869
0.85161897
0.85159924
0.85157949
0.85155973
0.85153996
0.85152017
0.85150037
0.85148055
0.85146073
0.85144088
0.85142103
0.85140116
0.85138128
0.85136138
0.85134147
0.85132154
0.8513016
0.85128165
0.85126169
0.8512417
0.85122171
0.8512017
0.85118168
0.85116164
0.85114159
0.85112153
0.85110145
0.85108135
0.85106125
0.85104112
0.85102099
0.85100084
0.85098068
0.85096049
0.8509403
0.85092009
0.85089987
0.85087963
0.85085937
0.8508391
0.85081882
0.85079851
0.85077819
0.85075786
0.85073751
0.85071714
0.85069676
0.85067636
0.85065595
0.85063552
0.85061507
0.85059461
0.85057413
0.85055363
0.85053312
0.8505126
0.85049205
0.85047149
0.85045091
0.85043031
0.8504097
0.85038907
0.85036842
0.85034776
0.85032708
0.85030638
0.85028566
0.85026493
0.85024418
0.85022341
0.85020263
0.85018183
0.85016101
0.85014018
0.85011933
0.85009846
0.85007757
0.85005667
0.85003575
0.85001482
0.84999386
0.84997289
0.8499519
0.8499309
0.84990987
0.84988883
0.84986777
0.8498467
0.84982561
0.8498045
0.84978337
0.84976223
0.84974107
0.84971989
0.84969869
0.84967748
0.84965625
0.849635
0.84961374
0.84959245
0.84957116
0.84954984
0.84952851
0.84950716
0.84948579
0.84946441
0.84944301
0.84942159
0.84940016
0.84937871
0.84935724
0.84933575
0.84931425
0.84929273
0.84927119
0.84924964
0.84922807
0.84920648
0.84918487
0.84916325
0.84914161
0.84911996
0.84909829
0.8490766
0.84905489
0.84903317
0.84901143
0.84898968
0.84896791
0.84894612
0.84892431
0.84890249
0.84888065
0.8488588
0.84883693
0.84881504
0.84879314
0.84877122
0.84874928
0.84872733
0.84870536
0.84868338
0.84866139
0.84863937
0.84861735
0.8485953
0.84857324
0.84855117
0.84852908
0.84850697
0.84848485
0.84846272
0.84844057
0.8484184
0.84839622
0.84837403
0.84835182
0.8483296
0.84830737
0.84828512
0.84826286
0.84824058
0.84821829
0.84819598
0.84817366
0.84815133
0.84812898
0.84810662
0.84808425
0.84806186
0.84803945
0.84801704
0.84799461
0.84797216
0.84794971
0.84792723
0.84790474
0.84788224
0.84785972
0.84783719
0.84781464
0.84779208
0.8477695
0.84774691
0.8477243
0.84770167
0.84767903
0.84765637
0.8476337
0.84761101
0.8475883
0.84756557
0.84754284
0.84752007
0.84749731
0.8474745
0.84745171
0.84742887
0.84740604
0.84738316
0.84736031
0.84733738
0.84731452
0.84729152
0.84726865
0.84724558
0.84722272
0.84719957
0.84717673
0.84715347
0.84713067
0.84710728
0.84708456
0.847061
0.84703839
0.84701463
0.84699217
0.84696816
0.84694589
0.84692159
0.84689957
0.84687493
0.8468532
0.84682818
0.84680676
0.84678134
0.84676026
0.84673444
0.84671367
0.84668748
0.84666696
0.84664049
0.84662013
0.84659349
0.84657314
0.84654647
0.84652608
0.84649936
0.84647894
0.84645218
0.84643172
0.84640493
0.84638444
0.8463576
0.84633707
0.84631019
0.84628963
0.84626271
0.84624212
0.84621515
0.84619453
0.84616752
0.84614687
0.84611981
0.84609913
0.84607203
0.84605131
0.84602417
0.84600342
0.84597624
0.84595545
0.84592823
0.84590741
0.84588014
0.84585929
0.84583198
0.8458111
0.84578374
0.84576283
0.84573543
0.84571448
0.84568705
0.84566606
0.84563858
0.84561757
0.84559005
0.845569
0.84554143
0.84552036
0.84549275
0.84547164
0.84544399
0.84542284
0.84539515
0.84537398
0.84534624
0.84532504
0.84529726
0.84527603
0.84524821
0.84522694
0.84519909
0.84517779
0.84514989
0.84512856
0.84510063
0.84507927
0.84505129
0.8450299
0.84500189
0.84498047
0.84495242
0.84493098
0.84490289
0.84488142
0.84485329
0.84483179
0.84480363
0.8447821
0.8447539
0.84473234
0.84470411
0.84468253
0.84465426
0.84463265
0.84460435
0.84458272
0.84455438
0.84453272
0.84450435
0.84448267
0.84445427
0.84443256
0.84440412
0.84438239
0.84435392
0.84433216
0.84430366
0.84428187
0.84425333
0.84423152
0.84420295
0.84418111
0.84415251
0.84413064
0.844102
0.84408011
0.84405143
0.84402951
0.8440008
0.84397885
0.84395011
0.84392813
0.84389935
0.84387734
0.84384852
0.84382648
0.84379763
0.84377556
0.84374666
0.84372457
0.84369563
0.8436735
0.84364453
0.84362237
0.84359335
0.84357116
0.8435421
0.84351988
0.84349078
0.84346853
0.84343939
0.84341711
0.84338792
0.84336561
0.84333639
0.84331404
0.84328477
0.84326239
0.84323309
0.84321067
0.84318132
0.84315888
0.84312949
0.84310701
0.84307758
0.84305507
0.84302559
0.84300305
0.84297353
0.84295096
0.8429214
0.84289879
0.84286919
0.84284655
0.8428169
0.84279423
0.84276454
0.84274184
0.84271211
0.84268938
0.8426596
0.84263683
0.84260702
0.84258422
0.84255436
0.84253153
0.84250162
0.84247876
0.84244882
0.84242592
0.84239593
0.842373
0.84234297
0.84232001
0.84228994
0.84226694
0.84223683
0.8422138
0.84218364
0.84216058
0.84213038
0.84210728
0.84207704
0.84205391
0.84202363
0.84200047
0.84197014
0.84194695
0.84191658
0.84189335
0.84186294
0.84183968
0.84180922
0.84178593
0.84175544
0.84173211
0.84170157
0.84167822
0.84164764
0.84162425
0.84159363
0.84157021
0.84153955
0.8415161
0.8414854
0.84146192
0.84143117
0.84140767
0.84137688
0.84135334
0.84132252
0.84129896
0.8412681
0.8412445
0.84121361
0.84118998
0.84115905
0.84113541
0.84110444
0.84108076
0.84104976
0.84102606
0.84099503
0.84097131
0.84094024
0.84091649
0.84088539
0.84086162
0.84083048
0.84080669
0.84077552
0.8407517
0.8407205
0.84069666
0.84066543
0.84064156
0.8406103
0.8405864
0.84055511
0.84053119
0.84049987
0.84047592
0.84044456
0.84042059
0.84038919
0.84036519
0.84033376
0.84030973
0.84027827
0.84025421
0.84022271
0.84019862
0.84016708
0.84014297
0.84011139
0.84008725
0.84005563
0.84003146
0.83999981
0.8399756
0.83994391
0.83991968
0.83988795
0.83986368
0.83983191
0.83980762
0.83977581
0.83975149
0.83971965
0.8396953
0.83966342
0.83963904
0.83960712
0.83958271
0.83955075
0.83952632
0.83949433
0.83946987
0.83943784
0.83941336
0.8393813
0.83935679
0.83932469
0.83930016
0.83926803
0.83924347
0.83921131
0.83918673
0.83915454
0.83912993
0.83909772
0.83907309
0.83904084
0.8390162
0.83898392
0.83895925
0.83892695
0.83890227
0.83886994
0.83884524
0.83881289
0.83878817
0.8387558
0.83873106
0.83869867
0.83867391
0.8386415
0.83861673
0.8385843
0.83855952
0.83852708
0.83850229
0.83846983
0.83844502
0.83841255
0.83838774
0.83835525
0.83833043
0.83829794
0.83827311
0.8382406
0.83821577
0.83818326
0.83815842
0.8381259
0.83810105
0.83806853
0.83804369
0.83801116
0.83798631
0.83795378
0.83792894
0.83789641
0.83787156
0.83783903
0.83781419
0.83778166
0.83775682
0.8377243
0.83769946
0.83766695
0.83764211
0.83760961
0.83758478
0.83755228
0.83752745
0.83749496
0.83747015
0.83743767
0.83741286
0.83738039
0.83735559
0.83732313
0.83729834
0.83726589
0.83724112
0.83720868
0.83718392
0.8371515
0.83712674
0.83709434
0.83706959
0.83703721
0.83701247
0.8369801
0.83695538
0.83692303
0.83689832
0.83686599
0.83684129
0.83680897
0.83678429
0.83675199
0.83672732
0.83669504
0.83667038
0.83663811
0.83661347
0.83658122
0.8365566
0.83652436
0.83649975
0.83646754
0.83644294
0.83641074
0.83638615
0.83635397
0.83632939
0.83629723
0.83627267
0.83624052
0.83621597
0.83618383
0.83615929
0.83612717
0.83610265
0.83607054
0.83604602
0.83601393
0.83598942
0.83595734
0.83593284
0.83590078
0.83587629
0.83584423
0.83581975
0.8357877
0.83576323
0.83573119
0.83570672
0.83567469
0.83565023
0.83561821
0.83559375
0.83556174
0.83553728
0.83550528
0.83548083
0.83544882
0.83542438
0.83539238
0.83536794
0.83533594
0.8353115
0.8352795
0.83525506
0.83522307
0.83519863
0.83516663
0.83514219
0.83511019
0.83508574
0.83505374
0.83502929
0.83499728
0.83497283
0.83494082
0.83491636
0.83488434
0.83485987
0.83482784
0.83480337
0.83477133
0.83474685
0.8347148
0.83469031
0.83465825
0.83463375
0.83460168
0.83457717
0.83454508
0.83452056
0.83448845
0.83446393
0.8344318
0.83440726
0.83437512
0.83435057
0.83431841
0.83429384
0.83426166
0.83423708
0.83420488
0.83418029
0.83414806
0.83412345
0.83409121
0.83406658
0.83403432
0.83400967
0.83397738
0.83395272
0.8339204
0.83389572
0.83386338
0.83383868
0.83380631
0.83378159
0.83374919
0.83372445
0.83369203
0.83366727
0.83363482
0.83361004
0.83357756
0.83355276
0.83352024
0.83349542
0.83346288
0.83343803
0.83340546
0.83338059
0.83334799
0.83332309
0.83329046
0.83326554
0.83323287
0.83320794
0.83317524
0.83315027
0.83311754
0.83309255
0.83305979
0.83303478
0.83300197
0.83297694
0.8329441
0.83291904
0.83288617
0.83286109
0.83282818
0.83280307
0.83277013
0.832745
0.83271202
0.83268686
0.83265385
0.83262866
0.83259562
0.8325704
0.83253732
0.83251208
0.83247896
0.8324537
0.83242054
0.83239525
0.83236206
0.83233674
0.83230351
0.83227817
0.8322449
0.83221953
0.83218623
0.83216083
0.83212749
0.83210206
0.83206868
0.83204323
0.83200981
0.83198433
0.83195088
0.83192536
0.83189188
0.83186633
0.83183281
0.83180723
0.83177367
0.83174807
0.83171446
0.83168883
0.83165519
0.83162953
0.83159585
0.83157016
0.83153644
0.83151072
0.83147696
0.83145121
0.83141741
0.83139162
0.83135779
0.83133197
0.8312981
0.83127225
0.83123833
0.83121245
0.83117849
0.83115258
0.83111859
0.83109264
0.8310586
0.83103262
0.83099855
0.83097253
0.83093842
0.83091237
0.83087821
0.83085213
0.83081793
0.83079181
0.83075757
0.83073142
0.83069714
0.83067095
0.83063663
0.8306104
0.83057604
0.83054978
0.83051538
0.83048908
0.83045464
0.83042831
0.83039382
0.83036745
0.83033293
0.83030652
0.83027196
0.83024552
0.83021091
0.83018443
0.83014978
0.83012327
0.83008858
0.83006203
0.8300273
0.83000072
0.82996594
0.82993933
0.82990451
0.82987786
0.82984301
0.82981632
0.82978143
0.82975471
0.82971977
0.82969302
0.82965805
0.82963126
0.82959624
0.82956942
0.82953437
0.82950752
0.82947243
0.82944554
0.82941041
0.8293835
0.82934833
0.82932138
0.82928617
0.8292592
0.82922395
0.82919695
0.82916166
0.82913463
0.82909931
0.82907224
0.82903688
0.82900979
0.82897439
0.82894727
0.82891184
0.82888468
0.82884926
0.82882197
0.82878669
0.8287591
0.82872415
0.82869609
0.82866163
0.82863295
0.82859909
0.82856971
0.82853652
0.82850638
0.8284739
0.82844299
0.82841121
0.82837954
0.82834846
0.82831605
0.82828563
0.82825251
0.82822272
0.82818894
0.82815973
0.82812533
0.82809664
0.8280617
0.82803346
0.82799805
0.82797016
0.82793439
0.82790674
0.82787075
0.82784318
0.82780712
0.82777952
0.82774342
0.82771581
0.82767968
0.82765203
0.82761586
0.82758819
0.82755198
0.82752429
0.82748805
0.82746032
0.82742404
0.8273963
0.82735998
0.82733221
0.82729586
0.82726805
0.82723167
0.82720384
0.82716741
0.82713956
0.82710309
0.82707521
0.82703871
0.8270108
0.82697427
0.82694633
0.82690976
0.82688179
0.82684518
0.82681719
0.82678054
0.82675253
0.82671584
0.82668779
0.82665107
0.826623
0.82658623
0.82655813
0.82652133
0.8264932
0.82645636
0.82642821
0.82639133
0.82636314
0.82632623
0.82629801
0.82626106
0.82623281
0.82619582
0.82616755
0.82613052
0.82610222
0.82606515
0.82603682
0.82599971
0.82597135
0.8259342
0.82590581
0.82586862
0.82584021
0.82580298
0.82577453
0.82573727
0.82570879
0.82567149
0.82564298
0.82560563
0.8255771
0.82553972
0.82551115
0.82547373
0.82544513
0.82540767
0.82537905
0.82534154
0.82531289
0.82527535
0.82524666
0.82520908
0.82518037
0.82514274
0.825114
0.82507634
0.82504757
0.82500986
0.82498106
0.82494332
0.82491448
0.8248767
0.82484784
0.82481001
0.82478112
0.82474326
0.82471433
0.82467643
0.82464747
0.82460953
0.82458055
0.82454256
0.82451354
0.82447552
0.82444647
0.8244084
0.82437933
0.82434122
0.82431211
0.82427396
0.82424482
0.82420663
0.82417746
0.82413923
0.82411003
0.82407175
0.82404252
0.82400421
0.82397494
0.82393658
0.82390729
0.82386889
0.82383956
0.82380112
0.82377176
0.82373328
0.82370388
0.82366536
0.82363593
0.82359737
0.82356791
0.8235293
0.82349981
0.82346115
0.82343163
0.82339293
0.82336338
0.82332464
0.82329505
0.82325627
0.82322664
0.82318782
0.82315816
0.82311929
0.8230896
0.82305069
0.82302096
0.82298201
0.82295224
0.82291325
0.82288345
0.82284441
0.82281458
0.82277549
0.82274563
0.8227065
0.82267659
0.82263742
0.82260748
0.82256827
0.82253829
0.82249903
0.82246902
0.82242972
0.82239967
0.82236032
0.82233024
0.82229084
0.82226073
0.82222129
0.82219114
0.82215165
0.82212146
0.82208194
0.82205171
0.82201214
0.82198188
0.82194226
0.82191196
0.8218723
0.82184197
0.82180226
0.82177189
0.82173214
0.82170174
0.82166194
0.8216315
0.82159166
0.82156118
0.8215213
0.82149078
0.82145085
0.82142031
0.82138033
0.82134975
0.82130973
0.82127911
0.82123905
0.8212084
0.82116829
0.8211376
0.82109745
0.82106673
0.82102653
0.82099577
0.82095553
0.82092474
0.82088446
0.82085363
0.82081331
0.82078245
0.82074207
0.82071118
0.82067077
0.82063984
0.82059938
0.82056842
0.82052791
0.82049692
0.82045637
0.82042534
0.82038475
0.82035369
0.82031306
0.82028196
0.82024128
0.82021015
0.82016943
0.82013827
0.8200975
0.82006631
0.8200255
0.81999427
0.81995342
0.81992216
0.81988126
0.81984997
0.81980903
0.81977771
0.81973673
0.81970537
0.81966434
0.81963295
0.81959188
0.81956046
0.81951935
0.81948789
0.81944674
0.81941525
0.81937405
0.81934253
0.81930129
0.81926973
0.81922845
0.81919686
0.81915554
0.81912392
0.81908255
0.8190509
0.81900948
0.8189778
0.81893634
0.81890463
0.81886312
0.81883138
0.81878983
0.81875805
0.81871646
0.81868465
0.81864302
0.81861118
0.8185695
0.81853763
0.81849591
0.818464
0.81842224
0.8183903
0.81834849
0.81831652
0.81827467
0.81824266
0.81820077
0.81816873
0.81812679
0.81809472
0.81805274
0.81802064
0.81797862
0.81794648
0.81790441
0.81787225
0.81783013
0.81779793
0.81775578
0.81772355
0.81768134
0.81764908
0.81760684
0.81757454
0.81753225
0.81749992
0.81745759
0.81742523
0.81738285
0.81735046
0.81730804
0.81727561
0.81723315
0.81720069
0.81715819
0.8171257
0.81708315
0.81705063
0.81700804
0.81697548
0.81693285
0.81690027
0.8168576
0.81682498
0.81678227
0.81674962
0.81670687
0.8166742
0.8166314
0.8165987
0.81655587
0.81652314
0.81648027
0.81644752
0.81640461
0.81637183
0.81632889
0.81629608
0.81625311
0.81622027
0.81617727
0.81614442
0.81610138
0.81606851
0.81602545
0.81599256
0.81594947
0.81591657
0.81587346
0.81584054
0.81579741
0.81576447
0.81572132
0.81568836
0.81564517
0.81561218
0.81556895
0.81553592
0.81549263
0.81545977
0.81541639
0.81538694
0.81535498
)
;

boundaryField
{
    leftSide
    {
        type            calculated;
        value           uniform 0.87795534;
    }
    rightSide
    {
        type            calculated;
        value           uniform 0.81532612;
    }
    emptywalls
    {
        type            empty;
    }
}


// ************************************************************************* //
