/*--------------------------------*- C++ -*----------------------------------*\
  =========                 |
  \\      /  F ield         | OpenFOAM: The Open Source CFD Toolbox
   \\    /   O peration     | Website:  https://openfoam.org
    \\  /    A nd           | Version:  7
     \\/     M anipulation  |
\*---------------------------------------------------------------------------*/
FoamFile
{
    version     2.0;
    format      ascii;
    class       surfaceScalarField;
    location    "0.00301";
    object      phi;
}
// * * * * * * * * * * * * * * * * * * * * * * * * * * * * * * * * * * * * * //

dimensions      [1 0 -1 0 0 0 0];

internalField   nonuniform List<scalar> 
4999
(
1.2358309
1.2358309
1.2358309
1.2358308
1.2358308
1.2358308
1.2358308
1.2358308
1.2358308
1.2358308
1.2358308
1.2358308
1.2358308
1.2358307
1.2358307
1.2358307
1.2358307
1.2358307
1.2358307
1.2358307
1.2358307
1.2358307
1.2358306
1.2358306
1.2358306
1.2358306
1.2358306
1.2358306
1.2358306
1.2358306
1.2358306
1.2358305
1.2358305
1.2358305
1.2358305
1.2358305
1.2358305
1.2358305
1.2358305
1.2358305
1.2358305
1.2358304
1.2358304
1.2358304
1.2358304
1.2358304
1.2358304
1.2358304
1.2358304
1.2358304
1.2358303
1.2358303
1.2358303
1.2358303
1.2358303
1.2358303
1.2358303
1.2358303
1.2358303
1.2358303
1.2358302
1.2358302
1.2358302
1.2358302
1.2358302
1.2358302
1.2358302
1.2358302
1.2358302
1.2358301
1.2358301
1.2358301
1.2358301
1.2358301
1.2358301
1.2358301
1.2358301
1.2358301
1.23583
1.23583
1.23583
1.23583
1.23583
1.23583
1.23583
1.23583
1.23583
1.23583
1.2358299
1.2358299
1.2358299
1.2358299
1.2358299
1.2358299
1.2358299
1.2358299
1.2358299
1.2358299
1.2358298
1.2358298
1.2358298
1.2358298
1.2358298
1.2358298
1.2358298
1.2358298
1.2358298
1.2358298
1.2358297
1.2358297
1.2358297
1.2358297
1.2358297
1.2358297
1.2358297
1.2358297
1.2358297
1.2358297
1.2358296
1.2358296
1.2358296
1.2358296
1.2358296
1.2358296
1.2358296
1.2358296
1.2358296
1.2358295
1.2358295
1.2358295
1.2358295
1.2358295
1.2358295
1.2358294
1.2358294
1.2358294
1.2358294
1.2358293
1.2358293
1.2358293
1.2358293
1.2358292
1.2358292
1.2358292
1.2358291
1.2358289
1.2358286
1.2358278
1.2358261
1.2358227
1.2358177
1.2358107
1.2358011
1.2357881
1.235771
1.2357492
1.235722
1.235689
1.23565
1.235605
1.2355544
1.235499
1.2354394
1.235377
1.2353128
1.2352482
1.2351845
1.2351227
1.2350638
1.2350087
1.234958
1.234912
1.2348709
1.2348347
1.2348033
1.2347764
1.2347536
1.2347346
1.2347189
1.234706
1.2346957
1.2346874
1.2346808
1.2346757
1.2346717
1.2346686
1.2346662
1.2346644
1.2346631
1.2346621
1.2346613
1.2346608
1.2346603
1.23466
1.2346598
1.2346597
1.2346595
1.2346594
1.2346594
1.2346593
1.2346593
1.2346593
1.2346592
1.2346592
1.2346592
1.2346592
1.2346592
1.2346591
1.2346591
1.2346591
1.2346591
1.2346591
1.2346591
1.2346591
1.234659
1.234659
1.234659
1.234659
1.234659
1.234659
1.234659
1.234659
1.234659
1.2346589
1.2346589
1.2346589
1.2346589
1.2346589
1.2346589
1.2346589
1.2346589
1.2346588
1.2346588
1.2346588
1.2346588
1.2346588
1.2346588
1.2346588
1.2346588
1.2346587
1.2346587
1.2346587
1.2346587
1.2346587
1.2346587
1.2346587
1.2346587
1.2346587
1.2346586
1.2346586
1.2346586
1.2346586
1.2346586
1.2346586
1.2346586
1.2346586
1.2346585
1.2346585
1.2346585
1.2346585
1.2346585
1.2346585
1.2346585
1.2346585
1.2346585
1.2346584
1.2346584
1.2346584
1.2346584
1.2346584
1.2346584
1.2346584
1.2346584
1.2346584
1.2346583
1.2346583
1.2346583
1.2346583
1.2346583
1.2346583
1.2346583
1.2346583
1.2346582
1.2346582
1.2346582
1.2346582
1.2346582
1.2346582
1.2346582
1.2346582
1.2346582
1.2346581
1.2346581
1.2346581
1.2346581
1.2346581
1.2346581
1.2346581
1.2346581
1.2346581
1.234658
1.234658
1.234658
1.234658
1.234658
1.234658
1.234658
1.234658
1.234658
1.2346579
1.2346579
1.2346579
1.2346579
1.2346579
1.2346579
1.2346579
1.2346579
1.2346579
1.2346578
1.2346578
1.2346578
1.2346578
1.2346578
1.2346578
1.2346578
1.2346578
1.2346578
1.2346577
1.2346577
1.2346577
1.2346577
1.2346577
1.2346577
1.2346577
1.2346577
1.2346577
1.2346576
1.2346576
1.2346576
1.2346576
1.2346576
1.2346576
1.2346576
1.2346576
1.2346575
1.2346575
1.2346575
1.2346575
1.2346575
1.2346575
1.2346575
1.2346575
1.2346575
1.2346574
1.2346574
1.2346574
1.2346574
1.2346574
1.2346574
1.2346574
1.2346574
1.2346574
1.2346573
1.2346573
1.2346573
1.2346573
1.2346573
1.2346573
1.2346573
1.2346573
1.2346573
1.2346572
1.2346572
1.2346572
1.2346572
1.2346572
1.2346572
1.2346572
1.2346572
1.2346572
1.2346571
1.2346571
1.2346571
1.2346571
1.2346571
1.2346571
1.2346571
1.2346571
1.2346571
1.234657
1.234657
1.234657
1.234657
1.234657
1.234657
1.234657
1.234657
1.234657
1.2346569
1.2346569
1.2346569
1.2346569
1.2346569
1.2346569
1.2346569
1.2346569
1.2346569
1.2346568
1.2346568
1.2346568
1.2346568
1.2346568
1.2346568
1.2346568
1.2346568
1.2346567
1.2346567
1.2346567
1.2346567
1.2346567
1.2346567
1.2346567
1.2346567
1.2346567
1.2346567
1.2346566
1.2346566
1.2346566
1.2346566
1.2346566
1.2346566
1.2346566
1.2346566
1.2346566
1.2346565
1.2346565
1.2346565
1.2346565
1.2346565
1.2346565
1.2346565
1.2346565
1.2346565
1.2346564
1.2346564
1.2346564
1.2346564
1.2346564
1.2346564
1.2346564
1.2346564
1.2346564
1.2346563
1.2346563
1.2346563
1.2346563
1.2346563
1.2346563
1.2346563
1.2346563
1.2346563
1.2346562
1.2346562
1.2346562
1.2346562
1.2346562
1.2346562
1.2346562
1.2346562
1.2346562
1.2346561
1.2346561
1.2346561
1.2346561
1.2346561
1.2346561
1.2346561
1.2346561
1.2346561
1.234656
1.234656
1.234656
1.234656
1.234656
1.234656
1.234656
1.234656
1.234656
1.2346559
1.2346559
1.2346559
1.2346559
1.2346559
1.2346559
1.2346559
1.2346559
1.2346559
1.2346559
1.2346558
1.2346558
1.2346558
1.2346558
1.2346558
1.2346558
1.2346558
1.2346558
1.2346558
1.2346557
1.2346557
1.2346557
1.2346557
1.2346557
1.2346557
1.2346557
1.2346557
1.2346557
1.2346556
1.2346556
1.2346556
1.2346556
1.2346556
1.2346556
1.2346556
1.2346556
1.2346556
1.2346555
1.2346555
1.2346555
1.2346555
1.2346555
1.2346555
1.2346555
1.2346555
1.2346555
1.2346555
1.2346554
1.2346554
1.2346554
1.2346554
1.2346554
1.2346554
1.2346554
1.2346554
1.2346554
1.2346554
1.2346553
1.2346553
1.2346553
1.2346553
1.2346553
1.2346553
1.2346553
1.2346553
1.2346553
1.2346553
1.2346552
1.2346552
1.2346552
1.2346552
1.2346552
1.2346552
1.2346552
1.2346552
1.2346552
1.2346551
1.2346551
1.2346551
1.2346551
1.2346551
1.2346551
1.2346551
1.2346551
1.2346551
1.234655
1.234655
1.234655
1.234655
1.234655
1.234655
1.234655
1.234655
1.234655
1.234655
1.2346549
1.2346549
1.2346549
1.2346549
1.2346549
1.2346549
1.2346549
1.2346549
1.2346549
1.2346548
1.2346548
1.2346548
1.2346548
1.2346548
1.2346548
1.2346548
1.2346548
1.2346548
1.2346548
1.2346547
1.2346547
1.2346547
1.2346547
1.2346547
1.2346547
1.2346547
1.2346547
1.2346547
1.2346546
1.2346546
1.2346546
1.2346546
1.2346546
1.2346546
1.2346546
1.2346546
1.2346546
1.2346546
1.2346545
1.2346545
1.2346545
1.2346545
1.2346545
1.2346545
1.2346545
1.2346545
1.2346545
1.2346545
1.2346544
1.2346544
1.2346544
1.2346544
1.2346544
1.2346544
1.2346544
1.2346544
1.2346544
1.2346544
1.2346543
1.2346543
1.2346543
1.2346543
1.2346543
1.2346543
1.2346543
1.2346543
1.2346543
1.2346542
1.2346542
1.2346542
1.2346542
1.2346542
1.2346542
1.2346542
1.2346542
1.2346542
1.2346542
1.2346541
1.2346541
1.2346541
1.2346541
1.2346541
1.2346541
1.2346541
1.2346541
1.2346541
1.234654
1.234654
1.234654
1.234654
1.234654
1.234654
1.234654
1.234654
1.234654
1.234654
1.2346539
1.2346539
1.2346539
1.2346539
1.2346539
1.2346539
1.2346539
1.2346539
1.2346539
1.2346539
1.2346539
1.2346538
1.2346538
1.2346538
1.2346538
1.2346538
1.2346538
1.2346538
1.2346538
1.2346538
1.2346538
1.2346537
1.2346537
1.2346537
1.2346537
1.2346537
1.2346537
1.2346537
1.2346537
1.2346537
1.2346537
1.2346536
1.2346536
1.2346536
1.2346536
1.2346536
1.2346536
1.2346536
1.2346536
1.2346536
1.2346536
1.2346535
1.2346535
1.2346535
1.2346535
1.2346535
1.2346535
1.2346535
1.2346535
1.2346535
1.2346535
1.2346535
1.2346534
1.2346534
1.2346534
1.2346534
1.2346534
1.2346534
1.2346534
1.2346534
1.2346534
1.2346534
1.2346533
1.2346533
1.2346533
1.2346533
1.2346533
1.2346533
1.2346533
1.2346533
1.2346533
1.2346533
1.2346533
1.2346532
1.2346532
1.2346532
1.2346532
1.2346532
1.2346532
1.2346532
1.2346532
1.2346532
1.2346532
1.2346532
1.2346531
1.2346531
1.2346531
1.2346531
1.2346531
1.2346531
1.2346531
1.2346531
1.2346531
1.2346531
1.234653
1.234653
1.234653
1.234653
1.234653
1.234653
1.234653
1.234653
1.234653
1.234653
1.234653
1.2346529
1.2346529
1.2346529
1.2346529
1.2346529
1.2346529
1.2346529
1.2346529
1.2346529
1.2346529
1.2346529
1.2346528
1.2346528
1.2346528
1.2346528
1.2346528
1.2346528
1.2346528
1.2346528
1.2346528
1.2346528
1.2346528
1.2346527
1.2346527
1.2346527
1.2346527
1.2346527
1.2346527
1.2346527
1.2346527
1.2346527
1.2346527
1.2346527
1.2346526
1.2346526
1.2346526
1.2346526
1.2346526
1.2346526
1.2346526
1.2346526
1.2346526
1.2346526
1.2346526
1.2346525
1.2346525
1.2346525
1.2346525
1.2346525
1.2346525
1.2346525
1.2346525
1.2346525
1.2346525
1.2346524
1.2346524
1.2346524
1.2346524
1.2346524
1.2346524
1.2346524
1.2346524
1.2346524
1.2346524
1.2346523
1.2346523
1.2346523
1.2346523
1.2346523
1.2346523
1.2346523
1.2346523
1.2346523
1.2346523
1.2346523
1.2346522
1.2346522
1.2346522
1.2346522
1.2346522
1.2346522
1.2346522
1.2346522
1.2346522
1.2346522
1.2346521
1.2346521
1.2346521
1.2346521
1.2346521
1.2346521
1.2346521
1.2346521
1.2346521
1.2346521
1.2346521
1.234652
1.234652
1.234652
1.234652
1.234652
1.234652
1.234652
1.234652
1.234652
1.234652
1.2346519
1.2346519
1.2346519
1.2346519
1.2346519
1.2346519
1.2346519
1.2346519
1.2346519
1.2346519
1.2346518
1.2346518
1.2346518
1.2346518
1.2346518
1.2346518
1.2346518
1.2346518
1.2346518
1.2346518
1.2346518
1.2346517
1.2346517
1.2346517
1.2346517
1.2346517
1.2346517
1.2346517
1.2346517
1.2346517
1.2346517
1.2346516
1.2346516
1.2346516
1.2346516
1.2346516
1.2346516
1.2346516
1.2346516
1.2346516
1.2346516
1.2346515
1.2346515
1.2346515
1.2346515
1.2346515
1.2346515
1.2346515
1.2346515
1.2346515
1.2346515
1.2346514
1.2346514
1.2346514
1.2346514
1.2346514
1.2346514
1.2346514
1.2346514
1.2346514
1.2346514
1.2346514
1.2346513
1.2346513
1.2346513
1.2346513
1.2346513
1.2346513
1.2346513
1.2346513
1.2346513
1.2346513
1.2346512
1.2346512
1.2346512
1.2346512
1.2346512
1.2346512
1.2346512
1.2346512
1.2346512
1.2346512
1.2346512
1.2346511
1.2346511
1.2346511
1.2346511
1.2346511
1.2346511
1.2346511
1.2346511
1.2346511
1.2346511
1.2346511
1.234651
1.234651
1.234651
1.234651
1.234651
1.234651
1.234651
1.234651
1.234651
1.234651
1.2346509
1.2346509
1.2346509
1.2346509
1.2346509
1.2346509
1.2346509
1.2346509
1.2346509
1.2346509
1.2346509
1.2346509
1.2346508
1.2346508
1.2346508
1.2346508
1.2346508
1.2346508
1.2346508
1.2346508
1.2346508
1.2346508
1.2346507
1.2346507
1.2346507
1.2346507
1.2346507
1.2346507
1.2346507
1.2346507
1.2346507
1.2346507
1.2346507
1.2346506
1.2346506
1.2346506
1.2346506
1.2346506
1.2346506
1.2346506
1.2346506
1.2346506
1.2346506
1.2346506
1.2346505
1.2346505
1.2346505
1.2346505
1.2346505
1.2346505
1.2346505
1.2346505
1.2346505
1.2346505
1.2346505
1.2346505
1.2346504
1.2346504
1.2346504
1.2346504
1.2346504
1.2346504
1.2346504
1.2346504
1.2346504
1.2346504
1.2346503
1.2346503
1.2346503
1.2346503
1.2346503
1.2346503
1.2346503
1.2346503
1.2346503
1.2346503
1.2346502
1.2346502
1.2346502
1.2346502
1.2346502
1.2346502
1.2346502
1.2346502
1.2346502
1.2346502
1.2346502
1.2346501
1.2346501
1.2346501
1.2346501
1.2346501
1.2346501
1.2346501
1.2346501
1.2346501
1.2346501
1.23465
1.23465
1.23465
1.23465
1.23465
1.23465
1.23465
1.23465
1.23465
1.23465
1.2346499
1.2346499
1.2346499
1.2346499
1.2346499
1.2346499
1.2346499
1.2346499
1.2346499
1.2346499
1.2346498
1.2346498
1.2346498
1.2346498
1.2346498
1.2346498
1.2346498
1.2346498
1.2346498
1.2346498
1.2346497
1.2346497
1.2346497
1.2346497
1.2346497
1.2346497
1.2346497
1.2346497
1.2346497
1.2346497
1.2346497
1.2346496
1.2346496
1.2346496
1.2346496
1.2346496
1.2346496
1.2346496
1.2346496
1.2346496
1.2346496
1.2346495
1.2346495
1.2346495
1.2346495
1.2346495
1.2346495
1.2346495
1.2346495
1.2346495
1.2346495
1.2346494
1.2346494
1.2346494
1.2346494
1.2346494
1.2346494
1.2346494
1.2346494
1.2346494
1.2346494
1.2346493
1.2346493
1.2346493
1.2346493
1.2346493
1.2346493
1.2346493
1.2346493
1.2346493
1.2346493
1.2346492
1.2346492
1.2346492
1.2346492
1.2346492
1.2346492
1.2346492
1.2346492
1.2346492
1.2346492
1.2346491
1.2346491
1.2346491
1.2346491
1.2346491
1.2346491
1.2346491
1.2346491
1.2346491
1.234649
1.234649
1.234649
1.234649
1.234649
1.234649
1.234649
1.234649
1.234649
1.234649
1.2346489
1.2346489
1.2346489
1.2346489
1.2346489
1.2346489
1.2346489
1.2346489
1.2346489
1.2346489
1.2346489
1.2346488
1.2346488
1.2346488
1.2346488
1.2346488
1.2346488
1.2346488
1.2346488
1.2346488
1.2346488
1.2346487
1.2346487
1.2346487
1.2346487
1.2346487
1.2346487
1.2346487
1.2346487
1.2346487
1.2346487
1.2346486
1.2346486
1.2346486
1.2346486
1.2346486
1.2346486
1.2346486
1.2346486
1.2346486
1.2346486
1.2346485
1.2346485
1.2346485
1.2346485
1.2346485
1.2346485
1.2346485
1.2346485
1.2346485
1.2346485
1.2346484
1.2346484
1.2346484
1.2346484
1.2346484
1.2346484
1.2346484
1.2346484
1.2346484
1.2346484
1.2346483
1.2346483
1.2346483
1.2346483
1.2346483
1.2346483
1.2346483
1.2346483
1.2346483
1.2346482
1.2346482
1.2346482
1.2346482
1.2346482
1.2346482
1.2346482
1.2346482
1.2346482
1.2346482
1.2346481
1.2346481
1.2346481
1.2346481
1.2346481
1.2346481
1.2346481
1.2346481
1.2346481
1.234648
1.234648
1.234648
1.234648
1.234648
1.234648
1.234648
1.234648
1.234648
1.234648
1.2346479
1.2346479
1.2346479
1.2346479
1.2346479
1.2346479
1.2346479
1.2346479
1.2346479
1.2346478
1.2346478
1.2346478
1.2346478
1.2346478
1.2346478
1.2346478
1.2346478
1.2346478
1.2346478
1.2346477
1.2346477
1.2346477
1.2346477
1.2346477
1.2346477
1.2346477
1.2346477
1.2346477
1.2346477
1.2346476
1.2346476
1.2346476
1.2346476
1.2346476
1.2346476
1.2346476
1.2346476
1.2346476
1.2346476
1.2346475
1.2346475
1.2346475
1.2346475
1.2346475
1.2346475
1.2346475
1.2346475
1.2346475
1.2346475
1.2346475
1.2346474
1.2346474
1.2346474
1.2346474
1.2346474
1.2346474
1.2346474
1.2346474
1.2346474
1.2346474
1.2346474
1.2346473
1.2346473
1.2346473
1.2346473
1.2346473
1.2346473
1.2346473
1.2346473
1.2346473
1.2346473
1.2346473
1.2346472
1.2346472
1.2346472
1.2346472
1.2346472
1.2346472
1.2346472
1.2346472
1.2346472
1.2346472
1.2346472
1.2346471
1.2346471
1.2346471
1.2346471
1.2346471
1.2346471
1.2346471
1.2346471
1.2346471
1.2346471
1.2346471
1.234647
1.234647
1.234647
1.234647
1.234647
1.234647
1.234647
1.234647
1.234647
1.234647
1.234647
1.234647
1.2346469
1.2346469
1.2346469
1.2346469
1.2346469
1.2346469
1.2346469
1.2346469
1.2346469
1.2346469
1.2346469
1.2346469
1.2346468
1.2346468
1.2346468
1.2346468
1.2346468
1.2346468
1.2346468
1.2346468
1.2346468
1.2346468
1.2346468
1.2346468
1.2346467
1.2346467
1.2346467
1.2346467
1.2346467
1.2346467
1.2346467
1.2346467
1.2346467
1.2346467
1.2346467
1.2346467
1.2346466
1.2346466
1.2346466
1.2346466
1.2346466
1.2346466
1.2346466
1.2346466
1.2346466
1.2346466
1.2346466
1.2346465
1.2346465
1.2346465
1.2346465
1.2346465
1.2346465
1.2346465
1.2346465
1.2346465
1.2346465
1.2346465
1.2346464
1.2346464
1.2346464
1.2346464
1.2346464
1.2346464
1.2346464
1.2346464
1.2346464
1.2346464
1.2346463
1.2346463
1.2346463
1.2346463
1.2346463
1.2346463
1.2346463
1.2346463
1.2346463
1.2346463
1.2346463
1.2346462
1.2346462
1.2346462
1.2346462
1.2346462
1.2346462
1.2346462
1.2346462
1.2346462
1.2346462
1.2346461
1.2346461
1.2346461
1.2346461
1.2346461
1.2346461
1.2346461
1.2346461
1.2346461
1.2346461
1.234646
1.234646
1.234646
1.234646
1.234646
1.234646
1.234646
1.234646
1.234646
1.234646
1.2346459
1.2346459
1.2346459
1.2346459
1.2346459
1.2346459
1.2346459
1.2346459
1.2346459
1.2346458
1.2346458
1.2346458
1.2346458
1.2346458
1.2346458
1.2346458
1.2346458
1.2346458
1.2346457
1.2346457
1.2346457
1.2346457
1.2346457
1.2346457
1.2346457
1.2346457
1.2346457
1.2346456
1.2346456
1.2346456
1.2346456
1.2346456
1.2346456
1.2346456
1.2346456
1.2346456
1.2346455
1.2346455
1.2346455
1.2346455
1.2346455
1.2346455
1.2346455
1.2346455
1.2346455
1.2346454
1.2346454
1.2346454
1.2346454
1.2346454
1.2346454
1.2346454
1.2346454
1.2346454
1.2346453
1.2346453
1.2346453
1.2346453
1.2346453
1.2346453
1.2346453
1.2346453
1.2346452
1.2346452
1.2346452
1.2346452
1.2346452
1.2346452
1.2346452
1.2346452
1.2346451
1.2346451
1.2346451
1.2346451
1.2346451
1.2346451
1.2346451
1.2346451
1.2346451
1.234645
1.234645
1.234645
1.234645
1.234645
1.234645
1.234645
1.234645
1.2346449
1.2346449
1.2346449
1.2346449
1.2346449
1.2346449
1.2346449
1.2346449
1.2346449
1.2346448
1.2346448
1.2346448
1.2346448
1.2346448
1.2346448
1.2346448
1.2346448
1.2346447
1.2346447
1.2346447
1.2346447
1.2346447
1.2346447
1.2346447
1.2346447
1.2346447
1.2346446
1.2346446
1.2346446
1.2346446
1.2346446
1.2346446
1.2346446
1.2346446
1.2346446
1.2346445
1.2346445
1.2346445
1.2346445
1.2346445
1.2346445
1.2346445
1.2346445
1.2346445
1.2346444
1.2346444
1.2346444
1.2346444
1.2346444
1.2346444
1.2346444
1.2346444
1.2346443
1.2346443
1.2346443
1.2346443
1.2346443
1.2346443
1.2346443
1.2346443
1.2346443
1.2346443
1.2346442
1.2346442
1.2346442
1.2346442
1.2346442
1.2346442
1.2346442
1.2346442
1.2346441
1.2346441
1.2346441
1.2346441
1.2346441
1.2346441
1.2346441
1.2346441
1.2346441
1.234644
1.234644
1.234644
1.234644
1.234644
1.234644
1.234644
1.234644
1.234644
1.2346439
1.2346439
1.2346439
1.2346439
1.2346439
1.2346439
1.2346439
1.2346439
1.2346439
1.2346439
1.2346438
1.2346438
1.2346438
1.2346438
1.2346438
1.2346438
1.2346438
1.2346438
1.2346438
1.2346437
1.2346437
1.2346437
1.2346437
1.2346437
1.2346437
1.2346437
1.2346437
1.2346437
1.2346436
1.2346436
1.2346436
1.2346436
1.2346436
1.2346436
1.2346436
1.2346436
1.2346436
1.2346435
1.2346435
1.2346435
1.2346435
1.2346435
1.2346435
1.2346435
1.2346435
1.2346435
1.2346434
1.2346434
1.2346434
1.2346434
1.2346434
1.2346434
1.2346434
1.2346434
1.2346434
1.2346433
1.2346433
1.2346433
1.2346433
1.2346433
1.2346433
1.2346433
1.2346433
1.2346433
1.2346432
1.2346432
1.2346432
1.2346432
1.2346432
1.2346432
1.2346432
1.2346432
1.2346432
1.2346431
1.2346431
1.2346431
1.2346431
1.2346431
1.2346431
1.2346431
1.2346431
1.2346431
1.234643
1.234643
1.234643
1.234643
1.234643
1.234643
1.234643
1.234643
1.234643
1.2346429
1.2346429
1.2346429
1.2346429
1.2346429
1.2346429
1.2346429
1.2346429
1.2346429
1.2346428
1.2346428
1.2346428
1.2346428
1.2346428
1.2346428
1.2346428
1.2346428
1.2346428
1.2346427
1.2346427
1.2346427
1.2346427
1.2346427
1.2346427
1.2346427
1.2346427
1.2346427
1.2346426
1.2346426
1.2346426
1.2346426
1.2346426
1.2346426
1.2346426
1.2346426
1.2346426
1.2346425
1.2346425
1.2346425
1.2346425
1.2346425
1.2346425
1.2346425
1.2346425
1.2346424
1.2346424
1.2346424
1.2346424
1.2346424
1.2346424
1.2346424
1.2346424
1.2346423
1.2346423
1.2346423
1.2346423
1.2346423
1.2346423
1.2346423
1.2346422
1.2346422
1.2346422
1.2346422
1.2346422
1.2346422
1.2346422
1.2346422
1.2346421
1.2346421
1.2346421
1.2346421
1.2346421
1.2346421
1.2346421
1.2346421
1.234642
1.234642
1.234642
1.234642
1.234642
1.234642
1.234642
1.2346419
1.2346419
1.2346419
1.2346419
1.2346419
1.2346419
1.2346419
1.2346418
1.2346418
1.2346418
1.2346418
1.2346418
1.2346418
1.2346418
1.2346418
1.2346417
1.2346417
1.2346417
1.2346417
1.2346417
1.2346417
1.2346417
1.2346416
1.2346416
1.2346416
1.2346416
1.2346416
1.2346416
1.2346415
1.2346415
1.2346415
1.2346415
1.2346415
1.2346415
1.2346414
1.2346414
1.2346414
1.2346414
1.2346414
1.2346414
1.2346414
1.2346413
1.2346413
1.2346413
1.2346413
1.2346413
1.2346413
1.2346412
1.2346412
1.2346412
1.2346412
1.2346412
1.2346412
1.2346412
1.2346411
1.2346411
1.2346411
1.2346411
1.2346411
1.2346411
1.234641
1.234641
1.234641
1.234641
1.234641
1.234641
1.2346409
1.2346409
1.2346409
1.2346409
1.2346409
1.2346409
1.2346408
1.2346408
1.2346408
1.2346408
1.2346408
1.2346408
1.2346407
1.2346407
1.2346407
1.2346407
1.2346407
1.2346407
1.2346407
1.2346406
1.2346406
1.2346406
1.2346406
1.2346406
1.2346406
1.2346406
1.2346405
1.2346405
1.2346405
1.2346405
1.2346405
1.2346405
1.2346405
1.2346404
1.2346404
1.2346404
1.2346404
1.2346404
1.2346404
1.2346404
1.2346404
1.2346404
1.2346404
1.2346403
1.2346403
1.2346403
1.2346403
1.2346403
1.2346403
1.2346403
1.2346403
1.2346403
1.2346403
1.2346403
1.2346403
1.2346403
1.2346403
1.2346403
1.2346403
1.2346403
1.2346403
1.2346403
1.2346403
1.2346404
1.2346404
1.2346404
1.2346404
1.2346404
1.2346404
1.2346404
1.2346405
1.2346405
1.2346405
1.2346405
1.2346406
1.2346406
1.2346406
1.2346407
1.2346407
1.2346407
1.2346408
1.2346408
1.2346409
1.2346409
1.234641
1.234641
1.2346411
1.2346412
1.2346412
1.2346413
1.2346414
1.2346415
1.2346415
1.2346416
1.2346417
1.2346418
1.2346419
1.234642
1.2346421
1.2346423
1.2346424
1.2346425
1.2346427
1.2346428
1.2346429
1.2346431
1.2346433
1.2346434
1.2346436
1.2346438
1.234644
1.2346442
1.2346444
1.2346447
1.2346449
1.2346451
1.2346454
1.2346457
1.2346459
1.2346462
1.2346465
1.2346468
1.2346472
1.2346475
1.2346479
1.2346482
1.2346486
1.234649
1.2346494
1.2346499
1.2346503
1.2346508
1.2346513
1.2346518
1.2346523
1.2346528
1.2346534
1.234654
1.2346546
1.2346552
1.2346559
1.2346566
1.2346573
1.234658
1.2346588
1.2346595
1.2346604
1.2346612
1.2346621
1.234663
1.2346639
1.2346649
1.2346659
1.234667
1.2346681
1.2346692
1.2346704
1.2346716
1.2346729
1.2346742
1.2346755
1.2346769
1.2346783
1.2346798
1.2346814
1.234683
1.2346846
1.2346863
1.2346881
1.2346899
1.2346918
1.2346938
1.2346958
1.2346979
1.2347
1.2347023
1.2347046
1.234707
1.2347094
1.234712
1.2347146
1.2347173
1.2347201
1.234723
1.234726
1.234729
1.2347322
1.2347355
1.2347389
1.2347424
1.234746
1.2347497
1.2347535
1.2347575
1.2347616
1.2347658
1.2347701
1.2347746
1.2347792
1.2347839
1.2347888
1.2347939
1.234799
1.2348044
1.2348099
1.2348156
1.2348214
1.2348275
1.2348337
1.23484
1.2348466
1.2348534
1.2348603
1.2348675
1.2348749
1.2348825
1.2348903
1.2348983
1.2349066
1.234915
1.2349238
1.2349328
1.234942
1.2349515
1.2349612
1.2349713
1.2349816
1.2349921
1.235003
1.2350142
1.2350257
1.2350375
1.2350496
1.235062
1.2350747
1.2350879
1.2351013
1.2351151
1.2351293
1.2351438
1.2351587
1.235174
1.2351897
1.2352059
1.2352224
1.2352393
1.2352567
1.2352745
1.2352928
1.2353115
1.2353307
1.2353503
1.2353705
1.2353911
1.2354123
1.2354339
1.2354561
1.2354788
1.2355021
1.2355259
1.2355503
1.2355753
1.2356008
1.235627
1.2356538
1.2356811
1.2357092
1.2357378
1.2357671
1.2357971
1.2358278
1.2358591
1.2358912
1.235924
1.2359575
1.2359917
1.2360267
1.2360625
1.236099
1.2361363
1.2361744
1.2362133
1.2362531
1.2362937
1.2363351
1.2363774
1.2364206
1.2364647
1.2365097
1.2365556
1.2366024
1.2366502
1.2366989
1.2367486
1.2367993
1.236851
1.2369036
1.2369574
1.2370121
1.2370679
1.2371248
1.2371827
1.2372417
1.2373019
1.2373631
1.2374255
1.237489
1.2375537
1.2376196
1.2376866
1.2377549
1.2378243
1.237895
1.2379669
1.23804
1.2381145
1.2381902
1.2382671
1.2383454
1.238425
1.2385059
1.2385882
1.2386718
1.2387567
1.2388431
1.2389308
1.2390199
1.2391104
1.2392023
1.2392957
1.2393905
1.2394867
1.2395844
1.2396836
1.2397842
1.2398864
1.23999
1.2400951
1.2402018
1.24031
1.2404197
1.2405309
1.2406437
1.2407581
1.240874
1.2409915
1.2411106
1.2412312
1.2413534
1.2414773
1.2416027
1.2417297
1.2418584
1.2419886
1.2421205
1.242254
1.2423891
1.2425258
1.2426642
1.2428042
1.2429458
1.2430891
1.243234
1.2433805
1.2435286
1.2436784
1.2438299
1.2439829
1.2441376
1.2442939
1.2444518
1.2446114
1.2447726
1.2449353
1.2450997
1.2452657
1.2454333
1.2456024
1.2457732
1.2459455
1.2461194
1.2462949
1.2464719
1.2466504
1.2468305
1.2470121
1.2471952
1.2473799
1.247566
1.2477535
1.2479426
1.2481331
1.248325
1.2485184
1.2487131
1.2489093
1.2491068
1.2493057
1.2495059
1.2497075
1.2499104
1.2501145
1.25032
1.2505266
1.2507346
1.2509437
1.251154
1.2513655
1.2515781
1.2517919
1.2520068
1.2522227
1.2524397
1.2526578
1.2528768
1.2530969
1.2533179
1.2535398
1.2537626
1.2539863
1.2542109
1.2544363
1.2546625
1.2548894
1.2551171
1.2553455
1.2555746
1.2558044
1.2560347
1.2562657
1.2564972
1.2567293
1.2569618
1.2571949
1.2574283
1.2576622
1.2578964
1.258131
1.2583659
1.258601
1.2588364
1.259072
1.2593078
1.2595437
1.2597797
1.2600158
1.2602519
1.260488
1.2607241
1.2609601
1.2611961
1.2614318
1.2616674
1.2619028
1.2621379
1.2623728
1.2626073
1.2628415
1.2630753
1.2633087
1.2635416
1.2637741
1.264006
1.2642373
1.2644681
1.2646982
1.2649276
1.2651563
1.2653843
1.2656115
1.265838
1.2660635
1.2662882
1.266512
1.2667348
1.2669567
1.2671776
1.2673974
1.2676161
1.2678337
1.2680502
1.2682655
1.2684796
1.2686925
1.268904
1.2691143
1.2693233
1.2695309
1.2697371
1.2699419
1.2701453
1.2703471
1.2705475
1.2707463
1.2709436
1.2711393
1.2713333
1.2715257
1.2717165
1.2719055
1.2720929
1.2722785
1.2724623
1.2726444
1.2728246
1.273003
1.2731796
1.2733542
1.273527
1.2736978
1.2738668
1.2740337
1.2741987
1.2743617
1.2745227
1.2746816
1.2748385
1.2749933
1.2751461
1.2752967
1.2754453
1.2755917
1.275736
1.2758782
1.2760182
1.276156
1.2762916
1.2764251
1.2765563
1.2766853
1.2768122
1.2769367
1.2770591
1.2771792
1.277297
1.2774127
1.277526
1.2776371
1.2777459
1.2778524
1.2779567
1.2780587
1.2781584
1.2782558
1.2783509
1.2784438
1.2785343
1.2786226
1.2787086
1.2787923
1.2788738
1.2789529
1.2790298
1.2791044
1.2791768
1.2792469
1.2793148
1.2793803
1.2794437
1.2795048
1.2795637
1.2796204
1.2796748
1.279727
1.2797771
1.2798249
1.2798706
1.2799141
1.2799554
1.2799946
1.2800317
1.2800666
1.2800994
1.2801301
1.2801587
1.2801853
1.2802097
1.2802321
1.2802525
1.2802708
1.2802872
1.2803015
1.2803138
1.2803242
1.2803326
1.2803391
1.2803437
1.2803463
1.280347
1.2803459
1.2803429
1.280338
1.2803314
1.2803229
1.2803126
1.2803006
1.2802868
1.2802712
1.2802539
1.2802348
1.2802141
1.2801917
1.2801677
1.2801419
1.2801146
1.2800857
1.2800551
1.280023
1.2799894
1.2799542
1.2799175
1.2798793
1.2798396
1.2797984
1.2797558
1.2797118
1.2796663
1.2796195
1.2795713
1.2795217
1.2794708
1.2794186
1.279365
1.2793102
1.2792541
1.2791968
1.2791382
1.2790785
1.2790175
1.2789553
1.278892
1.2788275
1.2787619
1.2786952
1.2786274
1.2785585
1.2784886
1.2784176
1.2783456
1.2782725
1.2781985
1.2781235
1.2780476
1.2779707
1.2778928
1.2778141
1.2777344
1.2776539
1.2775724
1.2774902
1.2774071
1.2773232
1.2772384
1.2771529
1.2770666
1.2769795
1.2768917
1.2768031
1.2767138
1.2766238
1.2765332
1.2764418
1.2763498
1.2762571
1.2761638
1.2760698
1.2759752
1.2758801
1.2757843
1.275688
1.2755911
1.2754936
1.2753956
1.2752971
1.2751981
1.2750986
1.2749985
1.274898
1.274797
1.2746956
1.2745937
1.2744914
1.2743887
1.2742855
1.274182
1.274078
1.2739737
1.273869
1.2737639
1.2736585
1.2735528
1.2734467
1.2733403
1.2732335
1.2731265
1.2730192
1.2729116
1.2728038
1.2726956
1.2725872
1.2724786
1.2723697
1.2722606
1.2721513
1.2720417
1.271932
1.271822
1.2717119
1.2716016
1.2714911
1.2713805
1.2712697
1.2711588
1.2710477
1.2709365
1.2708251
1.2707137
1.2706021
1.2704905
1.2703787
1.2702669
1.2701549
1.270043
1.2699309
1.2698188
1.2697066
1.2695944
1.2694821
1.2693699
1.2692576
1.2691452
1.2690329
1.2689206
1.2688082
1.2686959
1.2685836
1.2684713
1.268359
1.2682468
1.2681345
1.2680224
1.2679103
1.2677982
1.2676862
1.2675743
1.2674624
1.2673506
1.2672389
1.2671273
1.2670158
1.2669044
1.2667931
1.2666819
1.2665708
1.2664598
1.2663489
1.2662382
1.2661276
1.2660172
1.2659069
1.2657967
1.2656867
1.2655769
1.2654672
1.2653577
1.2652484
1.2651392
1.2650302
1.2649214
1.2648128
1.2647044
1.2645962
1.2644882
1.2643804
1.2642728
1.2641654
1.2640582
1.2639512
1.2638445
1.263738
1.2636317
1.2635257
1.2634199
1.2633143
1.263209
1.263104
1.2629992
1.2628946
1.2627903
1.2626863
1.2625826
1.2624791
1.2623758
1.2622729
1.2621702
1.2620679
1.2619658
1.261864
1.2617624
1.2616612
1.2615603
1.2614596
1.2613593
1.2612593
1.2611596
1.2610601
1.260961
1.2608623
1.2607638
1.2606656
1.2605678
1.2604703
1.2603731
1.2602763
1.2601798
1.2600836
1.2599878
1.2598923
1.2597971
1.2597023
1.2596079
1.2595138
1.2594201
1.2593267
1.2592337
1.2591411
1.2590488
1.2589569
1.2588654
1.2587743
1.2586835
1.2585932
1.2585033
1.2584137
1.2583246
1.2582358
1.2581475
1.2580595
1.257972
1.2578848
1.2577981
1.2577118
1.2576258
1.2575403
1.2574551
1.2573704
1.257286
1.257202
1.2571184
1.2570352
1.2569524
1.25687
1.2567879
1.2567062
1.2566248
1.2565438
1.256463
1.2563826
1.2563025
1.2562226
1.2561431
1.2560639
1.255985
1.2559065
1.2558282
1.2557503
1.2556727
1.2555955
1.2555186
1.2554421
1.255366
1.2552903
1.2552149
1.2551399
1.2550654
1.2549913
1.2549176
1.2548443
1.2547714
1.2546991
1.2546274
1.2545562
1.2544855
1.2544153
1.2543453
1.2542755
1.2542057
1.2541359
1.2540661
1.2539949
1.2539193
1.2538322
1.2537179
1.2535368
1.2532006
1.2524694
1.2513082
1.2498299
1.2480222
1.2458929
1.2434621
1.2407603
1.2378274
1.2347104
1.2314607
1.2281319
1.2247774
1.2214481
1.2181906
1.2150458
1.2120482
1.2092249
1.2065961
1.2041748
1.2019677
1.1999755
1.1981943
1.1966159
1.1952293
1.1940211
1.1929762
1.1920789
1.1913136
1.1906648
1.1901177
1.1896584
1.1892741
1.1889533
1.1886856
1.1884623
1.1882755
1.1881188
1.1879864
1.1878736
1.1877764
1.1876915
1.187616
1.187548
1.1874858
1.1874282
1.1873742
1.1873231
1.1872743
1.187227
1.1871803
1.1871346
1.1870902
1.187047
1.1870041
1.1869617
1.1869195
1.1868777
1.1868362
1.186795
1.1867541
1.1867136
1.1866733
1.1866334
1.1865938
1.1865545
1.1865156
1.186477
1.1864387
1.1864008
1.1863631
1.1863258
1.1862888
1.1862521
1.1862157
1.1861795
1.1861436
1.186108
1.1860727
1.1860375
1.1860027
1.185968
1.1859336
1.1858994
1.1858655
1.1858317
1.1857982
1.1857649
1.1857318
1.1856989
1.1856662
1.1856337
1.1856015
1.1855695
1.1855377
1.1855061
1.1854747
1.1854436
1.1854127
1.185382
1.1853515
1.1853213
1.1852913
1.1852615
1.185232
1.1852027
1.1851736
1.1851448
1.1851162
1.1850878
1.1850597
1.1850318
1.1850041
1.1849767
1.1849495
1.1849225
1.1848958
1.1848693
1.184843
1.1848169
1.1847911
1.1847655
1.1847402
1.184715
1.1846901
1.1846654
1.1846409
1.1846167
1.1845927
1.1845688
1.1845453
1.1845219
1.1844987
1.1844758
1.1844531
1.1844306
1.1844083
1.1843862
1.1843644
1.1843427
1.1843213
1.1843
1.184279
1.1842582
1.1842375
1.1842171
1.1841969
1.1841769
1.1841571
1.1841374
1.184118
1.1840988
1.1840798
1.1840609
1.1840423
1.1840239
1.1840056
1.1839875
1.1839697
1.183952
1.1839345
1.1839172
1.1839
1.1838831
1.1838663
1.1838498
1.1838334
1.1838171
1.1838011
1.1837852
1.1837695
1.183754
1.1837387
1.1837235
1.1837085
1.1836937
1.183679
1.1836645
1.1836502
1.183636
1.183622
1.1836082
1.1835945
1.183581
1.1835676
1.1835544
1.1835414
1.1835285
1.1835157
1.1835032
1.1834907
1.1834784
1.1834663
1.1834543
1.1834425
1.1834308
1.1834193
1.1834079
1.1833966
1.1833855
1.1833745
1.1833637
1.183353
1.1833424
1.183332
1.1833217
1.1833116
1.1833016
1.1832917
1.1832819
1.1832723
1.1832628
1.1832534
1.1832442
1.183235
1.183226
1.1832171
1.1832084
1.1831998
1.1831912
1.1831828
1.1831746
1.1831664
1.1831583
1.1831504
1.1831426
1.1831349
1.1831273
1.1831198
1.1831124
1.1831051
1.183098
1.1830909
1.1830839
1.1830771
1.1830703
1.1830637
1.1830572
1.1830507
1.1830444
1.1830381
1.183032
1.1830259
1.1830199
1.1830141
1.1830083
1.1830026
1.182997
1.1829915
1.1829861
1.1829808
1.1829755
1.1829704
1.1829653
1.1829603
1.1829554
1.1829506
1.1829459
1.1829413
1.1829367
1.1829322
1.1829278
1.1829235
1.1829192
1.182915
1.1829109
1.1829069
1.182903
1.1828991
1.1828953
1.1828915
1.1828879
1.1828843
1.1828808
1.1828773
1.1828739
1.1828706
1.1828674
1.1828642
1.1828611
1.182858
1.182855
1.1828521
1.1828493
1.1828465
1.1828437
1.182841
1.1828384
1.1828359
1.1828334
1.1828309
1.1828286
1.1828263
1.182824
1.1828218
1.1828196
1.1828175
1.1828155
1.1828135
1.1828116
1.1828097
1.1828079
1.1828061
1.1828044
1.1828028
1.1828011
1.1827996
1.1827981
1.1827966
1.1827952
1.1827938
1.1827925
1.1827913
1.1827901
1.1827889
1.1827878
1.1827867
1.1827857
1.1827847
1.1827838
1.1827829
1.182782
1.1827812
1.1827805
1.1827798
1.1827791
1.1827785
1.1827779
1.1827774
1.1827769
1.1827764
1.182776
1.1827757
1.1827754
1.1827751
1.1827748
1.1827746
1.1827745
1.1827744
1.1827743
1.1827743
1.1827743
1.1827743
1.1827744
1.1827746
1.1827747
1.1827749
1.1827752
1.1827755
1.1827758
1.1827762
1.1827766
1.182777
1.1827775
1.182778
1.1827785
1.1827791
1.1827798
1.1827804
1.1827811
1.1827819
1.1827826
1.1827835
1.1827843
1.1827852
1.1827861
1.182787
1.182788
1.1827891
1.1827901
1.1827912
1.1827923
1.1827935
1.1827947
1.1827959
1.1827972
1.1827985
1.1827998
1.1828012
1.1828026
1.182804
1.1828055
1.182807
1.1828085
1.1828101
1.1828117
1.1828133
1.182815
1.1828167
1.1828184
1.1828202
1.182822
1.1828238
1.1828256
1.1828275
1.1828294
1.1828314
1.1828333
1.1828353
1.1828374
1.1828394
1.1828415
1.1828436
1.1828458
1.182848
1.1828502
1.1828524
1.1828546
1.1828569
1.1828592
1.1828616
1.1828639
1.1828663
1.1828688
1.1828712
1.1828737
1.1828762
1.1828787
1.1828812
1.1828838
1.1828864
1.182889
1.1828917
1.1828943
1.182897
1.1828997
1.1829025
1.1829052
1.182908
1.1829108
1.1829136
1.1829165
1.1829193
1.1829222
1.1829251
1.182928
1.182931
1.1829339
1.1829369
1.1829399
1.1829429
1.1829459
1.182949
1.182952
1.1829551
1.1829582
1.1829613
1.1829644
1.1829676
1.1829707
1.1829739
1.1829771
1.1829803
1.1829835
1.1829867
1.1829899
1.1829931
1.1829964
1.1829996
1.1830029
1.1830062
1.1830095
1.1830128
1.1830161
1.1830194
1.1830227
1.183026
1.1830294
1.1830327
1.1830361
1.1830394
1.1830428
1.1830461
1.1830495
1.1830528
1.1830562
1.1830596
1.183063
1.1830663
1.1830697
1.1830731
1.1830765
1.1830798
1.1830832
1.1830866
1.18309
1.1830934
1.1830967
1.1831001
1.1831035
1.1831068
1.1831102
1.1831136
1.1831169
1.1831203
1.1831236
1.1831269
1.1831303
1.1831336
1.1831369
1.1831402
1.1831435
1.1831468
1.1831501
1.1831534
1.1831567
1.1831599
1.1831632
1.1831664
1.1831697
1.1831729
1.1831761
1.1831793
1.1831825
1.1831856
1.1831888
1.183192
1.1831951
1.1831982
1.1832013
1.1832044
1.1832075
1.1832106
1.1832136
1.1832167
1.1832197
1.1832227
1.1832257
1.1832287
1.1832316
1.1832346
1.1832375
1.1832404
1.1832433
1.1832462
1.183249
1.1832519
1.1832547
1.1832575
1.1832603
1.183263
1.1832658
1.1832685
1.1832712
1.1832739
1.1832766
1.1832792
1.1832818
1.1832845
1.183287
1.1832896
1.1832922
1.1832947
1.1832972
1.1832997
1.1833022
1.1833046
1.183307
1.1833094
1.1833118
1.1833142
1.1833165
1.1833188
1.1833211
1.1833234
1.1833257
1.1833279
1.1833301
1.1833323
1.1833345
1.1833366
1.1833388
1.1833409
1.1833429
1.183345
1.183347
1.1833491
1.1833511
1.183353
1.183355
1.1833569
1.1833588
1.1833607
1.1833626
1.1833644
1.1833663
1.1833681
1.1833699
1.1833716
1.1833734
1.1833751
1.1833768
1.1833785
1.1833801
1.1833818
1.1833834
1.183385
1.1833865
1.1833881
1.1833896
1.1833912
1.1833926
1.1833941
1.1833956
1.183397
1.1833984
1.1833998
1.1834012
1.1834026
1.1834039
1.1834052
1.1834065
1.1834078
1.1834091
1.1834103
1.1834116
1.1834128
1.183414
1.1834152
1.1834163
1.1834175
1.1834186
1.1834197
1.1834208
1.1834219
1.1834229
1.183424
1.183425
1.183426
1.183427
1.183428
1.1834289
1.1834299
1.1834308
1.1834317
1.1834326
1.1834335
1.1834344
1.1834352
1.1834361
1.1834369
1.1834377
1.1834385
1.1834393
1.1834401
1.1834408
1.1834416
1.1834423
1.183443
1.1834437
1.1834444
1.1834451
1.1834458
1.1834464
1.1834471
1.1834477
1.1834483
1.1834489
1.1834495
1.1834501
1.1834507
1.1834513
1.1834518
1.1834524
1.1834529
1.1834534
1.1834539
1.1834544
1.1834549
1.1834554
1.1834559
1.1834564
1.1834568
1.1834573
1.1834577
1.1834581
1.1834586
1.183459
1.1834594
1.1834598
1.1834602
1.1834605
1.1834609
1.1834613
1.1834616
1.183462
1.1834623
1.1834627
1.183463
1.1834633
1.1834636
1.1834639
1.1834642
1.1834645
1.1834648
1.1834651
1.1834654
1.1834657
1.1834659
1.1834662
1.1834664
1.1834667
1.1834669
1.1834672
1.1834674
1.1834676
1.1834678
1.1834681
1.1834683
1.1834685
1.1834687
1.1834689
1.1834691
1.1834693
1.1834695
1.1834696
1.1834698
1.18347
1.1834702
1.1834703
1.1834705
1.1834706
1.1834708
1.1834709
1.1834711
1.1834712
1.1834714
1.1834715
1.1834717
1.1834718
1.1834719
1.183472
1.1834722
1.1834723
1.1834724
1.1834725
1.1834726
1.1834727
1.1834728
1.1834729
1.183473
1.1834731
1.1834732
1.1834733
1.1834734
1.1834735
1.1834736
1.1834737
1.1834738
1.1834739
1.1834739
1.183474
1.1834741
1.1834742
1.1834742
1.1834743
1.1834744
1.1834745
1.1834745
1.1834746
1.1834747
1.1834747
1.1834748
1.1834748
1.1834749
1.183475
1.183475
1.1834751
1.1834751
1.1834752
1.1834752
1.1834753
1.1834753
1.1834754
1.1834754
1.1834755
1.1834755
1.1834755
1.1834756
1.1834756
1.1834757
1.1834757
1.1834757
1.1834758
1.1834758
1.1834759
1.1834759
1.1834759
1.183476
1.183476
1.183476
1.1834761
1.1834761
1.1834761
1.1834762
1.1834762
1.1834762
1.1834762
1.1834763
1.1834763
1.1834763
1.1834764
1.1834764
1.1834764
1.1834764
1.1834765
1.1834765
1.1834765
1.1834765
1.1834766
1.1834766
1.1834766
1.1834766
1.1834767
1.1834767
1.1834767
1.1834767
1.1834767
1.1834768
1.1834768
1.1834768
1.1834768
1.1834768
1.1834769
1.1834769
1.1834769
1.1834769
1.1834769
1.1834769
1.183477
1.183477
1.183477
1.183477
1.183477
1.183477
1.1834771
1.1834771
1.1834771
1.1834771
1.1834771
1.1834771
1.1834771
1.1834772
1.1834772
1.1834772
1.1834772
1.1834772
1.1834772
1.1834773
1.1834773
1.1834773
1.1834773
1.1834773
1.1834773
1.1834773
1.1834773
1.1834774
1.1834774
1.1834774
1.1834774
1.1834774
1.1834774
1.1834774
1.1834775
1.1834775
1.1834775
1.1834775
1.1834775
1.1834775
1.1834775
1.1834775
1.1834776
1.1834776
1.1834776
1.1834776
1.1834776
1.1834776
1.1834776
1.1834776
1.1834776
1.1834777
1.1834777
1.1834777
1.1834777
1.1834777
1.1834777
1.1834777
1.1834777
1.1834778
1.1834778
1.1834778
1.1834778
1.1834778
1.1834778
1.1834778
1.1834778
1.1834778
1.1834779
1.1834779
1.1834779
1.1834779
1.1834779
1.1834779
1.1834779
1.1834779
1.1834779
1.183478
1.183478
1.183478
1.183478
1.183478
1.183478
1.183478
1.183478
1.183478
1.1834781
1.1834781
1.1834781
1.1834781
1.1834781
1.1834781
1.1834781
1.1834781
1.1834781
1.1834781
1.1834782
1.1834782
1.1834782
1.1834782
1.1834782
1.1834782
1.1834782
1.1834782
1.1834782
1.1834783
1.1834783
1.1834783
1.1834783
1.1834783
1.1834783
1.1834783
1.1834783
1.1834783
1.1834784
1.1834784
1.1834784
1.1834784
1.1834784
1.1834784
1.1834784
1.1834784
1.1834784
1.1834784
1.1834784
1.1834785
1.1834785
1.1834785
1.1834785
1.1834785
1.1834785
1.1834785
1.1834785
1.1834785
1.1834785
1.1834786
1.1834786
1.1834786
1.1834786
1.1834786
1.1834786
1.1834786
1.1834786
1.1834786
1.1834786
1.1834787
1.1834787
1.1834787
1.1834787
1.1834787
1.1834787
1.1834787
1.1834787
1.1834787
1.1834787
1.1834787
1.1834788
1.1834788
1.1834788
1.1834788
1.1834788
1.1834788
1.1834788
1.1834788
1.1834788
1.1834788
1.1834788
1.1834788
1.1834788
1.1834789
1.1834789
1.1834789
1.1834789
1.1834789
1.1834789
1.1834789
1.1834789
1.1834789
1.1834789
1.1834789
1.1834789
1.1834789
1.183479
1.183479
1.183479
1.183479
1.183479
1.183479
1.183479
1.183479
1.183479
1.183479
1.183479
1.183479
1.183479
1.1834791
1.1834791
1.1834791
1.1834791
1.1834791
1.1834791
1.1834791
1.1834791
1.1834791
1.1834791
1.1834791
1.1834791
1.1834791
1.1834791
1.1834791
1.1834791
1.1834792
1.1834792
1.1834792
1.1834792
1.1834792
1.1834792
1.1834792
1.1834792
1.1834792
1.1834792
1.1834792
1.1834792
1.1834792
1.1834792
1.1834792
1.1834792
1.1834792
1.1834792
1.1834792
1.1834792
1.1834793
1.1834793
1.1834793
1.1834793
1.1834793
1.1834793
1.1834793
1.1834793
1.1834793
1.1834793
1.1834793
1.1834793
1.1834793
1.1834793
1.1834793
1.1834793
1.1834793
1.1834793
1.1834794
1.1834794
1.1834794
1.1834794
1.1834794
1.1834794
1.1834794
1.1834794
1.1834794
1.1834794
1.1834794
1.1834794
1.1834794
1.1834794
1.1834794
1.1834794
1.1834794
1.1834794
1.1834795
1.1834795
1.1834795
1.1834795
1.1834795
1.1834795
1.1834795
1.1834795
1.1834795
1.1834795
1.1834795
1.1834795
1.1834795
1.1834795
1.1834795
1.1834795
1.1834795
1.1834795
1.1834795
1.1834795
1.1834796
1.1834796
1.1834796
1.1834796
1.1834796
1.1834796
1.1834796
1.1834796
1.1834796
1.1834796
1.1834796
1.1834796
1.1834796
1.1834796
1.1834796
1.1834796
1.1834796
1.1834796
1.1834797
1.1834797
1.1834797
1.1834797
1.1834797
1.1834797
1.1834797
1.1834797
1.1834797
1.1834797
1.1834797
1.1834797
1.1834797
1.1834797
1.1834797
1.1834797
1.1834797
1.1834797
1.1834797
1.1834797
1.1834798
1.1834798
1.1834798
1.1834798
1.1834798
1.1834798
1.1834798
1.1834798
1.1834798
1.1834798
1.1834798
1.1834798
1.1834798
1.1834798
1.1834798
1.1834798
1.1834798
1.1834798
1.1834799
1.1834799
1.1834799
1.1834799
1.1834799
1.1834799
1.1834799
1.1834799
1.1834799
1.1834799
1.1834799
1.1834799
1.1834799
1.1834799
1.1834799
1.1834799
1.1834799
1.1834799
1.1834799
1.1834799
1.18348
1.18348
1.18348
1.18348
1.18348
1.18348
1.18348
1.18348
1.18348
1.18348
1.18348
1.18348
1.18348
1.18348
1.18348
1.18348
1.18348
1.18348
1.18348
1.18348
1.18348
1.18348
1.1834801
1.1834801
1.1834801
1.1834801
1.1834801
1.1834801
1.1834801
1.1834801
1.1834801
1.1834801
1.1834801
1.1834801
1.1834801
1.1834801
1.1834801
1.1834801
1.1834801
1.1834801
1.1834801
1.1834801
1.1834801
1.1834801
1.1834801
1.1834801
1.1834802
1.1834802
1.1834802
1.1834802
1.1834802
1.1834802
1.1834802
1.1834802
1.1834802
1.1834802
1.1834802
1.1834802
1.1834802
1.1834802
1.1834802
1.1834802
1.1834802
1.1834802
1.1834802
1.1834802
1.1834802
1.1834802
1.1834802
1.1834802
1.1834802
1.1834802
1.1834803
1.1834803
1.1834803
1.1834803
1.1834803
1.1834803
1.1834803
1.1834803
1.1834803
1.1834803
1.1834803
1.1834803
1.1834803
1.1834803
1.1834803
1.1834803
1.1834803
1.1834803
1.1834803
1.1834803
1.1834803
1.1834803
1.1834803
1.1834803
1.1834803
1.1834803
1.1834803
1.1834803
1.1834804
1.1834804
1.1834804
1.1834804
1.1834804
1.1834804
1.1834804
1.1834804
1.1834804
1.1834804
1.1834804
1.1834804
1.1834804
1.1834804
1.1834804
1.1834804
1.1834804
1.1834804
1.1834804
1.1834804
1.1834804
1.1834804
1.1834804
1.1834804
1.1834804
1.1834804
1.1834804
1.1834805
1.1834805
1.1834805
1.1834805
1.1834805
1.1834805
1.1834805
1.1834805
1.1834805
1.1834805
1.1834805
1.1834805
1.1834805
1.1834805
1.1834805
1.1834805
1.1834805
1.1834805
1.1834805
1.1834805
1.1834805
1.1834805
1.1834805
1.1834805
1.1834805
1.1834805
1.1834805
1.1834805
1.1834805
1.1834805
1.1834806
1.1834806
1.1834806
1.1834806
1.1834806
1.1834806
1.1834806
1.1834806
1.1834806
1.1834806
1.1834806
1.1834806
1.1834806
1.1834806
1.1834806
1.1834806
1.1834806
1.1834806
1.1834806
1.1834806
1.1834806
1.1834806
1.1834806
1.1834806
1.1834806
1.1834806
1.1834806
1.1834806
1.1834806
1.1834806
1.1834806
1.1834806
1.1834806
1.1834806
1.1834807
1.1834807
1.1834807
1.1834807
1.1834807
1.1834807
1.1834807
1.1834807
1.1834807
1.1834807
1.1834807
1.1834807
1.1834807
1.1834807
1.1834807
1.1834807
1.1834807
1.1834807
1.1834807
1.1834807
1.1834807
1.1834807
1.1834807
1.1834807
1.1834807
1.1834807
1.1834807
1.1834807
1.1834807
1.1834807
1.1834807
1.1834807
1.1834807
1.1834807
1.1834807
1.1834807
1.1834807
1.1834807
1.1834807
1.1834807
1.1834807
1.1834807
1.1834807
1.1834807
1.1834807
1.1834807
1.1834807
1.1834807
1.1834807
1.1834807
1.1834807
1.1834807
1.1834807
1.1834807
1.1834807
1.1834807
1.1834807
1.1834807
1.1834807
1.1834807
1.1834807
1.1834807
1.1834807
1.1834807
1.1834807
1.1834807
1.1834807
1.1834807
1.1834807
1.1834807
1.1834807
1.1834807
1.1834807
1.1834807
1.1834807
1.1834807
1.1834807
1.1834807
1.1834807
1.1834807
1.1834807
1.1834807
1.1834807
1.1834807
1.1834807
1.1834807
1.1834807
1.1834807
1.1834807
1.1834807
1.1834807
1.1834807
1.1834807
1.1834807
1.1834807
1.1834807
1.1834807
1.1834807
1.1834807
1.1834807
1.1834807
1.1834807
1.1834807
1.1834807
1.1834807
1.1834807
1.1834807
1.1834807
1.1834807
1.1834807
1.1834807
1.1834807
1.1834807
1.1834807
1.1834807
1.1834807
1.1834807
1.1834807
1.1834807
1.1834807
1.1834807
1.1834807
1.1834807
1.1834807
1.1834807
1.1834807
1.1834807
1.1834807
1.1834806
1.1834806
1.1834806
1.1834806
1.1834806
1.1834806
1.1834806
1.1834806
1.1834806
1.1834806
1.1834806
1.1834806
1.1834806
1.1834806
1.1834806
1.1834806
1.1834806
1.1834806
1.1834806
1.1834806
1.1834806
1.1834806
1.1834806
1.1834806
1.1834806
1.1834806
1.1834806
1.1834806
1.1834806
1.1834806
1.1834806
1.1834806
1.1834806
1.1834806
1.1834806
1.1834806
1.1834806
1.1834806
1.1834806
1.1834806
1.1834806
1.1834806
1.1834806
1.1834806
1.1834806
1.1834806
1.1834806
1.1834806
1.1834806
1.1834806
1.1834806
1.1834806
1.1834806
1.1834806
1.1834806
1.1834806
1.1834806
1.1834806
1.1834806
1.1834806
1.1834806
1.1834806
1.1834806
1.1834806
1.1834806
1.1834806
1.1834806
1.1834806
1.1834806
1.1834806
1.1834806
1.1834806
1.1834806
1.1834806
1.1834806
1.1834806
1.1834806
1.1834806
1.1834806
1.1834806
1.1834806
1.1834806
1.1834806
1.1834806
1.1834806
1.1834806
1.1834806
1.1834806
1.1834806
1.1834806
1.1834806
1.1834806
1.1834806
1.1834806
1.1834806
1.1834806
1.1834806
1.1834806
1.1834806
1.1834806
1.1834806
1.1834806
1.1834806
1.1834806
1.1834806
1.1834806
1.1834806
1.1834806
1.1834806
1.1834806
1.1834806
1.1834806
1.1834806
1.1834806
1.1834806
1.1834806
1.1834806
1.1834806
1.1834806
1.1834806
1.1834806
1.1834806
1.1834806
1.1834806
1.1834806
1.1834806
1.1834806
1.1834806
1.1834806
1.1834806
1.1834806
1.1834806
1.1834806
1.1834806
1.1834806
1.1834806
1.1834806
1.1834806
1.1834806
1.1834806
1.1834806
1.1834806
1.1834806
1.1834806
1.1834806
1.1834806
1.1834806
1.1834806
1.1834806
1.1834806
1.1834806
1.1834806
1.1834806
1.1834806
1.1834806
1.1834806
1.1834806
1.1834806
1.1834806
1.1834806
1.1834806
1.1834806
1.1834806
1.1834806
1.1834806
1.1834806
1.1834806
1.1834806
1.1834806
1.1834806
1.1834806
1.1834806
1.1834806
1.1834806
1.1834806
1.1834806
1.1834806
1.1834806
1.1834806
1.1834806
1.1834806
1.1834806
1.1834806
1.1834806
1.1834806
1.1834806
1.1834806
1.1834806
1.1834806
1.1834806
1.1834806
1.1834806
1.1834806
1.1834806
1.1834806
1.1834806
1.1834806
1.1834806
1.1834806
1.1834806
1.1834806
1.1834806
1.1834806
1.1834806
1.1834806
1.1834806
1.1834806
1.1834806
1.1834806
1.1834806
1.1834806
1.1834806
1.1834806
1.1834806
1.1834806
1.1834806
1.1834806
1.1834806
1.1834806
1.1834806
1.1834806
1.1834806
1.1834806
1.1834806
1.1834806
1.1834806
1.1834806
1.1834806
1.1834806
1.1834806
1.1834806
1.1834806
1.1834806
1.1834806
1.1834806
1.1834806
1.1834806
1.1834806
1.1834806
1.1834806
1.1834806
1.1834806
1.1834806
1.1834806
1.1834806
1.1834806
1.1834806
1.1834806
1.1834806
1.1834806
1.1834806
1.1834806
1.1834806
1.1834806
1.1834806
1.1834806
1.1834806
1.1834806
1.1834806
1.1834806
1.1834806
1.1834806
1.1834806
1.1834806
1.1834806
1.1834806
1.1834806
1.1834806
1.1834806
1.1834806
1.1834806
1.1834806
1.1834806
1.1834806
1.1834806
1.1834806
1.1834806
1.1834806
1.1834806
1.1834806
1.1834806
1.1834806
1.1834806
1.1834806
1.1834806
1.1834806
1.1834806
1.1834806
1.1834806
1.1834806
1.1834806
1.1834806
1.1834806
1.1834806
1.1834806
1.1834806
1.1834806
1.1834806
1.1834806
1.1834806
1.1834806
1.1834806
1.1834806
1.1834806
1.1834806
1.1834806
1.1834806
1.1834806
1.1834806
1.1834806
1.1834806
1.1834806
1.1834806
1.1834806
1.1834806
1.1834806
1.1834806
1.1834806
1.1834806
1.1834806
1.1834806
1.1834806
1.1834806
1.1834806
1.1834806
1.1834806
1.1834806
1.1834806
1.1834806
1.1834806
1.1834806
1.1834806
1.1834806
1.1834806
1.1834806
1.1834806
1.1834806
1.1834806
1.1834806
1.1834806
1.1834806
1.1834806
1.1834806
1.1834806
1.1834806
1.1834806
1.1834806
1.1834806
1.1834806
1.1834806
1.1834806
1.1834806
1.1834806
1.1834806
1.1834806
1.1834806
1.1834806
1.1834806
1.1834806
1.1834806
1.1834806
1.1834806
1.1834806
1.1834806
1.1834806
1.1834806
1.1834806
1.1834806
1.1834806
1.1834806
1.1834806
1.1834806
1.1834806
1.1834806
1.1834806
1.1834806
1.1834806
1.1834806
1.1834806
1.1834806
1.1834805
1.1834805
1.1834805
1.1834805
1.1834805
1.1834805
1.1834805
1.1834805
1.1834805
1.1834805
1.1834805
1.1834805
1.1834805
1.1834805
1.1834805
1.1834805
1.1834805
1.1834805
1.1834805
1.1834805
1.1834805
1.1834805
1.1834805
1.1834805
1.1834805
1.1834805
1.1834805
1.1834805
1.1834805
1.1834805
1.1834805
1.1834805
1.1834805
1.1834805
1.1834805
1.1834805
1.1834805
1.1834805
1.1834804
1.1834804
1.1834804
1.1834804
1.1834804
1.1834804
1.1834804
1.1834804
1.1834804
1.1834804
1.1834804
1.1834804
1.1834804
1.1834804
1.1834804
1.1834804
1.1834804
1.1834804
1.1834804
1.1834804
1.1834804
1.1834804
1.1834804
1.1834804
1.1834804
1.1834804
1.1834804
1.1834803
1.1834803
1.1834803
1.1834803
1.1834803
1.1834803
1.1834803
1.1834803
1.1834803
1.1834803
1.1834803
1.1834803
1.1834803
1.1834803
1.1834803
1.1834803
1.1834803
1.1834803
1.1834803
1.1834803
1.1834803
1.1834802
1.1834802
1.1834802
1.1834802
1.1834802
1.1834802
1.1834802
1.1834802
1.1834802
1.1834802
1.1834802
1.1834802
1.1834802
1.1834802
1.1834802
1.1834802
1.1834802
1.1834802
1.1834802
1.1834802
1.1834802
1.1834801
1.1834801
1.1834801
1.1834801
1.1834801
1.1834801
1.1834801
1.1834801
1.1834801
1.1834801
1.1834801
1.1834801
1.1834801
1.1834801
1.1834801
1.1834801
1.1834801
1.1834801
1.18348
1.18348
1.18348
1.18348
1.18348
1.18348
1.18348
1.18348
1.18348
1.18348
1.18348
1.18348
1.18348
1.18348
1.18348
1.18348
1.18348
1.18348
1.1834799
1.1834799
1.1834799
1.1834799
1.1834799
1.1834799
1.1834799
1.1834799
1.1834799
1.1834799
1.1834799
1.1834799
1.1834799
1.1834799
1.1834799
1.1834799
1.1834799
1.1834799
1.1834799
1.1834798
1.1834798
1.1834798
1.1834798
1.1834798
1.1834798
1.1834798
1.1834798
1.1834798
1.1834798
1.1834798
1.1834798
1.1834798
1.1834798
1.1834798
1.1834798
1.1834798
1.1834798
1.1834798
1.1834797
1.1834797
1.1834797
1.1834797
1.1834797
1.1834797
1.1834797
1.1834797
1.1834797
1.1834797
1.1834797
1.1834797
1.1834797
1.1834797
1.1834797
1.1834797
1.1834797
1.1834797
1.1834797
1.1834797
1.1834797
1.1834797
1.1834796
1.1834796
1.1834796
1.1834796
1.1834796
1.1834796
1.1834796
1.1834796
1.1834796
1.1834796
1.1834796
1.1834796
1.1834796
1.1834796
1.1834796
1.1834796
1.1834796
1.1834796
1.1834796
1.1834796
1.1834796
1.1834796
1.1834796
1.1834796
1.1834796
1.1834796
1.1834796
1.1834796
1.1834796
1.1834796
1.1834795
1.1834795
1.1834795
1.1834795
1.1834795
1.1834795
1.1834795
1.1834795
1.1834795
1.1834795
1.1834795
1.1834795
1.1834795
1.1834795
1.1834795
1.1834795
1.1834795
1.1834795
1.1834795
1.1834795
1.1834795
1.1834795
1.1834795
1.1834795
1.1834795
1.1834795
1.1834795
1.1834795
1.1834795
1.1834795
1.1834795
1.1834795
1.1834795
1.1834795
1.1834795
1.1834795
1.1834795
1.1834795
1.1834795
1.1834795
1.1834795
1.1834795
1.1834794
1.1834794
1.1834794
1.1834794
1.1834794
1.1834794
1.1834794
1.1834794
1.1834794
1.1834794
)
;

boundaryField
{
    leftSide
    {
        type            calculated;
        value           uniform -1.2358309;
    }
    rightSide
    {
        type            calculated;
        value           uniform 1.1834794;
    }
    emptywalls
    {
        type            empty;
        value           nonuniform 0();
    }
}


// ************************************************************************* //
