-1.25 	300 	0.07298655584834284 	101354.3892626144
-1.247497497497497 	300.0260410237572 	0.08137126905181412 	101359.9742982876
-1.244994994994995 	300.0332827229141 	0.09647729576645203 	101364.4211607798
-1.242492492492492 	300.0366735108604 	0.1065866110886434 	101368.3319828235
-1.23998998998999 	300.0392884465565 	0.1134096720885954 	101371.4525430951
-1.237487487487487 	300.0411413374579 	0.1189372929324984 	101373.6443556551
-1.234984984984985 	300.0422112951358 	0.1220800084612255 	101374.9098017882
-1.232482482482482 	300.0425965931235 	0.1231340003047102 	101375.3654504045
-1.22997997997998 	300.0422178733342 	0.1219893644986764 	101374.9174982345
-1.227477477477477 	300.041006443068 	0.1185023346411324 	101373.4849493632
-1.224974974974975 	300.0390111765649 	0.1127403046535639 	101371.1254571413
-1.222472472472472 	300.0362848740398 	0.104836518853723 	101367.9015455537
-1.21996996996997 	300.0328665142954 	0.09494070699236655 	101363.8593693332
-1.217467467467467 	300.0288380455505 	0.08332281763787572 	101359.0957563835
-1.214964964964965 	300.0243205895629 	0.07027380037351869 	101353.754116405
-1.212462462462462 	300.0193894237611 	0.05601746233592643 	101347.9234842701
-1.20995995995996 	300.0141131122585 	0.04078243403675427 	101341.6850298271
-1.207457457457457 	300.0085989690591 	0.02481227145855452 	101335.1656941903
-1.204954954954955 	300.0029295820003 	0.008426325972460333 	101328.4630589196
-1.202452452452452 	299.997184546669 	0.008635170561036456 	101321.6712709265
-1.19994994994995 	299.9914796338528 	0.02470565507238953 	101314.9273170425
-1.197447447447447 	299.9859304902169 	0.04075749825185687 	101308.3677418657
-1.194944944944945 	299.980618973345 	0.05612885880661654 	101302.0893511118
-1.192442442442442 	299.9756170300543 	0.07055320521361919 	101296.1772014169
-1.18993993993994 	299.9710603705199 	0.08368137576737411 	101290.7914325509
-1.187437437437437 	299.9670784010671 	0.09521847358135267 	101286.085172221
-1.184934934934935 	299.9637284569878 	0.104885539515977 	101282.1259444396
-1.182432432432432 	299.9610518287408 	0.1125879439075446 	101278.9625631057
-1.17992992992993 	299.9590911882735 	0.1182579035783248 	101276.6454669256
-1.177427427427427 	299.9578545040685 	0.1218311199442715 	101275.1837894567
-1.174924924924925 	299.9573820600182 	0.1232099336223797 	101274.6254478462
-1.172422422422422 	299.957726902457 	0.1222280419419068 	101275.0329056425
-1.16991991991992 	299.9588826560407 	0.1188727542946029 	101276.3986762669
-1.167417417417417 	299.9608176393126 	0.1132430849533555 	101278.6854385046
-1.164914914914915 	299.9634982187935 	0.1055338836401948 	101281.8532658199
-1.162412412412412 	299.966833791855 	0.09592504979921862 	101285.7953705601
-1.15990990990991 	299.9707451554973 	0.08456884193097491 	101290.4180622515
-1.157407407407407 	299.9751741399464 	0.07172368862497944 	101295.6527610857
-1.154904904904904 	299.9800543661795 	0.05757200024112577 	101301.4210825916
-1.152402402402403 	299.9853136390282 	0.0423909221773741 	101307.6375601764
-1.1498998998999 	299.9908475531395 	0.02650852978629275 	101314.1790623238
-1.147397397397397 	299.9964909540342 	0.01016294042227546 	101320.8502561743
-1.144894894894895 	300.00215424659 	0.008674054495559984 	101327.5453466966
-1.142392392392392 	300.007810967425 	0.02264947456331458 	101334.233033043
-1.13988988988989 	300.0133752009655 	0.03873095582732799 	101340.8115689196
-1.137387387387387 	300.0187286966865 	0.05418695781145173 	101347.1413298029
-1.134884884884885 	300.023739777885 	0.06865394457735377 	101353.0664481789
-1.132382382382382 	300.0282941875368 	0.08181974501209686 	101358.4518882081
-1.12987987987988 	300.0323132439504 	0.09342851081531597 	101363.2045021306
-1.127377377377377 	300.0357415483661 	0.1033498239450841 	101367.2585741528
-1.124874874874875 	300.0385330862401 	0.1114251971709103 	101370.5598068153
-1.122372372372372 	300.0406372122417 	0.1174901410636218 	101373.0481332504
-1.11986986986987 	300.0419959324841 	0.1214117429727774 	101374.6550714793
-1.117367367367367 	300.0425645024836 	0.1230365262245492 	101375.3275645428
-1.114864864864865 	300.0423183509012 	0.1223244396473814 	101375.0364387866
-1.112362362362362 	300.0412631738785 	0.1192893938921287 	101373.7886966114
-1.10985985985986 	300.0394416202323 	0.1140176254343014 	101371.6346098433
-1.107357357357357 	300.0369024195984 	0.106663571407447 	101368.6319422061
-1.104854854854855 	300.0336849813569 	0.09734969160959583 	101364.8272923199
-1.102352352352353 	300.0298432545561 	0.08625305957685898 	101360.2844378404
-1.09984984984985 	300.0254462376317 	0.07354810869460111 	101355.0851796417
-1.097347347347347 	300.0205814260376 	0.05948419848744921 	101349.3329263144
-1.094844844844845 	300.015358405071 	0.04438362055690222 	101343.1574365134
-1.092342342342342 	300.0098773764404 	0.02852578829490953 	101336.6771885003
-1.08983983983984 	300.0042299279588 	0.01222917013274361 	101330.0003997774
-1.087337337337337 	299.9985114279003 	0.008730932778554853 	101323.23996099
-1.084834834834835 	299.9927914789412 	0.02088823108174218 	101316.4781125207
-1.082332332332332 	299.9871684980507 	0.03713750140373914 	101309.8311963817
-1.07982982982983 	299.9817736606344 	0.05273221094006295 	101303.4543066884
-1.077327327327327 	299.976719232834 	0.0673083924685883 	101297.4799920226
-1.074824824824825 	299.9721140870634 	0.08061037077467464 	101292.0369127223
-1.072322322322323 	299.9680392857847 	0.09243699525957685 	101287.2208868649
-1.06981981981982 	299.9645406412457 	0.102539833177437 	101283.085882941
-1.067317317317317 	299.9616753959637 	0.1107813019987395 	101279.699630205
-1.064814814814815 	299.9595138329885 	0.1169990350368717 	101277.1450212848
-1.062312312312312 	299.9581088987866 	0.1210494202866408 	101275.4845061542
-1.05980980980981 	299.9575088543816 	0.1228310230075748 	101274.7753761162
-1.057307307307307 	299.9577197745211 	0.1222495807418073 	101275.0245524815
-1.054804804804805 	299.9587058502839 	0.1193576471997221 	101276.1898426134
-1.052302302302302 	299.9604516711644 	0.1142724409296572 	101278.2530160863
-1.0497997997998 	299.9629358705049 	0.1071445867199151 	101281.188754914
-1.047297297297297 	299.9660910752272 	0.098051591907724 	101284.9176787016
-1.044794794794795 	299.9698653184465 	0.08709197106720436 	101289.3782573605
-1.042292292292292 	299.9741858908927 	0.07456036907398028 	101294.4847974657
-1.03978978978979 	299.9789591763549 	0.06071216223471726 	101300.1266366835
-1.037287287287287 	299.984121089964 	0.04584840393523816 	101306.2279930331
-1.034784784784785 	299.9895716965841 	0.0301975058570705 	101312.6709518868
-1.032282282282283 	299.9951673133126 	0.01395874840659213 	101319.2855659345
-1.02977977977978 	300.000819262315 	0.00838040536622589 	101325.9671840938
-1.027277277277277 	300.0064821265432 	0.01882891127863688 	101332.6620173438
-1.024774774774775 	300.0120590067586 	0.03493590038525426 	101339.2554594894
-1.022272272272272 	300.0174185432701 	0.05042475419019835 	101345.5922869782
-1.01976976976977 	300.022455450611 	0.06498013081648854 	101351.5478565402
-1.017267267267267 	300.0270934403588 	0.07837459671596889 	101357.0320709371
-1.014764764764765 	300.0312554186913 	0.09037378086338085 	101361.9536105481
-1.012262262262262 	300.0348608811024 	0.1008003831394832 	101366.2171720291
-1.00975975975976 	300.0378364855092 	0.1094094109063987 	101369.7360487909
-1.007257257257257 	300.0401121885304 	0.1159875927550916 	101372.427277358
-1.004754754754755 	300.0416370414322 	0.120398769136094 	101374.2306554866
-1.002252252252252 	300.0423814495594 	0.122522636701971 	101375.1110969513
-0.9997497497497498 	300.042328955474 	0.1223803845816101 	101375.0490128636
-0.9972472472472473 	300.0414883798399 	0.1199605479177937 	101374.0550233491
-0.9947447447447449 	300.0398867260648 	0.1152958110585998 	101372.1610300039
-0.9922422422422421 	300.0375419645032 	0.1084920556899594 	101369.3882431339
-0.9897397397397399 	300.03448973281 	0.09965330143494028 	101365.7789286926
-0.9872372372372376 	300.030789531357 	0.0889677298221027 	101361.4034600752
-0.9847347347347346 	300.0265142558898 	0.07663224690603784 	101356.3480554576
-0.9822322322322323 	300.0217571064392 	0.06288780845958265 	101350.7231220607
-0.9797297297297296 	300.0166139742774 	0.04799984636709121 	101344.6419672312
-0.9772272272272275 	300.0111629822534 	0.03224805036298372 	101338.197152241
-0.9747247247247248 	300.0055147054625 	0.01594722080078451 	101331.5193995823
-0.9722222222222224 	299.9997881989369 	0.00805630704659626 	101324.7493526753
-0.9697197197197196 	299.9940679311329 	0.01721381678545657 	101317.9871092768
-0.9672172172172175 	299.9884524131756 	0.03345104384875499 	101311.3489056872
-0.9647147147147147 	299.9830379375152 	0.049097504318903 	101304.9487132685
-0.9622122122122124 	299.9779124486528 	0.06386651392915341 	101298.890416579
-0.9597097097097099 	299.9731878542145 	0.07752916646074008 	101293.3060648728
-0.9572072072072073 	299.9689604763709 	0.08979065637873071 	101288.3096963597
-0.9547047047047047 	299.9653029813135 	0.1003243804740744 	101283.9869066856
-0.9522022022022023 	299.9622980234143 	0.1089791327619679 	101280.4354899484
-0.9496996996996998 	299.9600043223379 	0.1155965236346315 	101277.7247609024
-0.9471971971971973 	299.9584597100815 	0.1200767058344507 	101275.8991557994
-0.9446946946946947 	299.9576984898605 	0.1223262431484194 	101274.9995310612
-0.9421921921921923 	299.9577246448048 	0.1222396911108172 	101275.0303731236
-0.93968968968969 	299.9585225629455 	0.119863142404719 	101275.9732826664
-0.9371871871871872 	299.9600997328947 	0.1152871701479333 	101277.8371468402
-0.9346846846846848 	299.9624200797725 	0.1086300176555199 	101280.5792421758
-0.9321821821821823 	299.9654216606299 	0.09997863043546502 	101284.1265800224
-0.9296796796796799 	299.9690458644488 	0.08946641415914834 	101288.409817426
-0.9271771771771771 	299.9732264983818 	0.07734210479308908 	101293.3509001279
-0.9246746746746748 	299.9778887364076 	0.0638239658549342 	101298.8614387905
-0.9221721721721724 	299.9829787439028 	0.04919588927200894 	101304.877756038
-0.9196696696696698 	299.9883684940344 	0.03368064804162474 	101311.2487031676
-0.9171671671671672 	299.9939261916925 	0.01754935053291261 	101317.8184478325
-0.9146646646646649 	299.9995418968556 	0.007222462813257617 	101324.4571174624
-0.9121621621621623 	300.0051571109288 	0.01499449894060018 	101331.0955580146
-0.9096596596596597 	300.0107038458877 	0.03102438571569074 	101337.6532947161
-0.9071571571571573 	300.0160795106297 	0.04655344377603569 	101344.0090885065
-0.9046546546546547 	300.0211849647276 	0.06129297934575768 	101350.0456727364
-0.9021521521521524 	300.025927422981 	0.07497927211505943 	101355.6533262357
-0.8996496496496498 	300.0302108211893 	0.08734205638822901 	101360.7183990584
-0.8971471471471473 	300.0339515254997 	0.09816253419971119 	101365.141863532
-0.894644644644645 	300.0370772661795 	0.1071974769962403 	101368.838228724
-0.892142142142142 	300.0395209663785 	0.1142659307132913 	101371.7281382588
-0.8896396396396397 	300.0412309785931 	0.1192098019135551 	101373.7504651083
-0.8871371371371374 	300.0421708526356 	0.12191271899136 	101374.8620678649
-0.8846346346346349 	300.0423168266017 	0.1223445334001722 	101375.0347101138
-0.8821321321321324 	300.0416751831915 	0.1204812799435691 	101374.2759297867
-0.8796296296296297 	300.0402663212087 	0.1163796156576609 	101372.609943602
-0.8771271271271271 	300.0381109781678 	0.1101266741160681 	101370.061168259
-0.8746246246246248 	300.0352442020157 	0.1018290240348648 	101366.6711438412
-0.8721221221221224 	300.0317144704576 	0.09163027272268397 	101362.4972233598
-0.8696196196196196 	300.0275805454162 	0.07969340242870175 	101357.6089148018
-0.8671171171171175 	300.0229293922964 	0.06625156137994484 	101352.1092688005
-0.8646146146146148 	300.0178543894908 	0.05157474130885624 	101346.1086343619
-0.8621121121121121 	300.0124515726383 	0.03598240285085575 	101339.7207163716
-0.8596096096096097 	300.0068411626044 	0.01978723994300948 	101333.0876325043
-0.857107107107107 	300.0011407100995 	0.006445759359566707 	101326.3483072142
-0.8546046046046049 	299.9954243199064 	0.01329762557648533 	101319.5905833249
-0.8521021021021022 	299.9897784882671 	0.02964108515136907 	101312.9164916101
-0.8495995995995997 	299.9842939652453 	0.04547731444162505 	101306.4334443733
-0.8470970970970974 	299.9790797069987 	0.06050927626839752 	101300.2701382555
-0.8445945945945946 	299.9742554799271 	0.07446308483894432 	101294.5679521052
-0.8420920920920922 	299.9699159960409 	0.08702870850246756 	101289.4390663644
-0.8395895895895897 	299.9661333677105 	0.09791670974145664 	101284.9683566957
-0.8370870870870872 	299.9629922046811 	0.1069673367859594 	101281.2559701849
-0.8345845845845846 	299.9605439605873 	0.1140234022148474 	101278.3625767094
-0.8320820820820823 	299.9588403115101 	0.1189769175689952 	101276.3489887498
-0.8295795795795798 	299.9579148626219 	0.1217178729230172 	101275.2552905219
-0.8270770770770772 	299.9577688548839 	0.1221341412079011 	101275.0826642639
-0.8245745745745746 	299.9583883130103 	0.1202754943907425 	101275.8147090621
-0.8220720720720721 	299.959790065759 	0.1162262206842512 	101277.4712597086
-0.8195695695695699 	299.9619276372205 	0.1100806542753742 	101279.9972992548
-0.817067067067067 	299.9647642990504 	0.1018865282879561 	101283.3497451522
-0.8145645645645651 	299.9682472019213 	0.09176071872393832 	101287.4659373
-0.8120620620620621 	299.9723123807254 	0.0799611418955133 	101292.2705545002
-0.8095595595595597 	299.976873625594 	0.06674025425472994 	101297.6616780812
-0.8070570570570572 	299.9818761479408 	0.05240828767115145 	101303.5744920169
-0.8045545545545546 	299.9871714408241 	0.03714666949666517 	101309.8337671619
-0.8020520520520523 	299.9926595710454 	0.02122646442149085 	101316.3211763852
-0.7995495495495494 	299.9982233803138 	0.005185512829469639 	101322.8984613132
-0.7970470470470474 	300.0038034252108 	0.01105423606591173 	101329.4952414846
-0.7945445445445446 	300.0093465503546 	0.02708768640196278 	101336.0485811378
-0.7920420420420423 	300.0147522391239 	0.04271517082774077 	101342.439854798
-0.7895395395395397 	300.0199150895777 	0.05762860371588984 	101348.5441983432
-0.7870370370370371 	300.0247411214323 	0.0715694252107778 	101354.2506462013
-0.7845345345345348 	300.0291354493867 	0.08425529332620794 	101359.4468390941
-0.7820320320320323 	300.0330135809229 	0.09546854436797961 	101364.0327200732
-0.7795295295295296 	300.0362947875604 	0.1049413596173408 	101367.9129601213
-0.7770270270270272 	300.0389049845931 	0.1124715804320657 	101370.9997055589
-0.7745245245245247 	300.0407889497315 	0.1179166734594495 	101373.2277699187
-0.7720220220220222 	300.0419136474209 	0.1211563586871281 	101374.5579433937
-0.7695195195195199 	300.0422586048632 	0.1221697386019338 	101374.9658735723
-0.767017017017017 	300.0418269368795 	0.1209165415062242 	101374.4554347209
-0.7645145145145147 	300.040625091277 	0.1174212314175925 	101373.0342200966
-0.7620120120120122 	300.0386628231499 	0.1117359781062561 	101370.7138073929
-0.7595095095095097 	300.0359668005146 	0.1039351068819731 	101367.5256951936
-0.7570070070070072 	300.0325842231887 	0.09415716477555242 	101363.5257107148
-0.7545045045045048 	300.0285758326905 	0.08257563604583215 	101358.7858796288
-0.7520020020020022 	300.0240320074053 	0.06943642725337543 	101353.4130385143
-0.7494994994994997 	300.0190449060906 	0.05501421002033646 	101347.5163198109
-0.7469969969969972 	300.0137131882477 	0.03961952506680425 	101341.212407158
-0.7444944944944945 	300.0081496254575 	0.02355537967024999 	101334.634583724
-0.7419919919919924 	300.0024673320224 	0.007105153188517348 	101327.916736811
-0.7394894894894897 	299.9967467751512 	0.01075484437356097 	101321.1539405665
-0.7369869869869872 	299.9910730700955 	0.02586773972093612 	101314.4468660379
-0.7344844844844846 	299.9855414230491 	0.04184189190557929 	101307.9080667274
-0.7319819819819822 	299.9802648660949 	0.05708198909606241 	101301.6709910996
-0.7294794794794797 	299.9753526611593 	0.07129328839447027 	101295.8648531347
-0.7269769769769773 	299.9708997344101 	0.08416355772063855 	101290.6017679935
-0.7244744744744747 	299.96699242724 	0.09543382782316386 	101285.9837068403
-0.721971971971972 	299.9637169307832 	0.1048795757348979 	101282.1125645026
-0.7194694694694695 	299.9611268575973 	0.1123522273270245 	101279.0514672436
-0.7169669669669674 	299.9592714871486 	0.117727842757282 	101276.8586578683
-0.7144644644644647 	299.9581763309603 	0.1209133812019153 	101275.5643092757
-0.711961961961962 	299.9578496262797 	0.121856508824745 	101275.1781798742
-0.7094594594594597 	299.9582940801983 	0.1205332482622599 	101275.7034422885
-0.7069569569569573 	299.9595173387132 	0.1170191082716367 	101277.1489787667
-0.7044544544544545 	299.9614826649272 	0.1113418366102232 	101279.4715030305
-0.7019519519519523 	299.9641616939318 	0.1035890864825757 	101282.6375954244
-0.6994494494494495 	299.9674990251702 	0.09392234377807361 	101286.5817547839
-0.6969469469469471 	299.9714296180174 	0.08251849650485374 	101291.2272876092
-0.6944444444444446 	299.9758727575806 	0.06967142520485856 	101296.4787222088
-0.6919419419419421 	299.9807525684088 	0.05562879406187506 	101302.2464794324
-0.6894394394394396 	299.9859422559873 	0.04062439139775841 	101308.3808240441
-0.6869369369369374 	299.991357865212 	0.02496214922682402 	101314.7824722381
-0.6844344344344344 	299.9968857505119 	0.008961215210256543 	101321.317224306
-0.6819319319319321 	300.0024458089845 	0.009610742134165358 	101327.8902612615
-0.6794294294294296 	300.0079855948728 	0.02315362908744209 	101334.4396072876
-0.6769269269269272 	300.0134161489211 	0.0388597093748503 	101340.8601675027
-0.6744244244244245 	300.0186348499377 	0.05392727828387062 	101347.0305129857
-0.6719219219219222 	300.023541983434 	0.06811398681178248 	101352.8328030504
-0.6694194194194195 	300.0280361859006 	0.08109110589546561 	101358.1470067603
-0.6669169169169172 	300.0320327341343 	0.09264950952440247 	101362.8728939385
-0.6644144144144146 	300.0354517836337 	0.1025211665057798 	101366.9160776195
-0.661911911911912 	300.038222605951 	0.1105004832234576 	101370.1927826299
-0.6594094094094097 	300.0402898723532 	0.1164769987048306 	101372.6376130042
-0.656906906906907 	300.0416144228765 	0.120287065030142 	101374.2040969792
-0.6544044044044046 	300.0421673303803 	0.1219118557938049 	101374.8579838256
-0.6519019019019021 	300.0419446327024 	0.1212674896310519 	101374.5946237539
-0.6493993993993996 	300.0409416633361 	0.1183375466174826 	101373.4086234174
-0.6468968968968971 	300.0391646536526 	0.1132004457053732 	101371.3073021857
-0.6443943943943946 	300.0366392467959 	0.1058801081259579 	101368.3209260824
-0.6418918918918921 	300.0334115607943 	0.09655122687704257 	101364.5040906525
-0.6393893893893897 	300.029540847972 	0.08536462252311615 	101359.9270073369
-0.6368868868868871 	300.0251157054938 	0.07254474729245343 	101354.6944886892
-0.6343843843843846 	300.0202217849284 	0.05840521149293368 	101348.9079017795
-0.6318818818818821 	300.0149604421996 	0.04321418715305564 	101342.6871177974
-0.6293793793793795 	300.0094448480246 	0.02729583597119143 	101336.165942687
-0.6268768768768773 	300.0037872986699 	0.01092827838664131 	101329.4772463112
-0.6243743743743745 	299.9980730207538 	0.009023560652326483 	101322.7214098927
-0.6218718718718721 	299.9923789701387 	0.02209148839578403 	101315.9901213498
-0.6193693693693696 	299.986799433262 	0.03820555277981996 	101309.3950198813
-0.6168668668668671 	299.9814550761221 	0.05365162087455506 	101303.0778724812
-0.6143643643643645 	299.9764561709833 	0.06811311867315385 	101297.1691927676
-0.6118618618618621 	299.9718998009751 	0.08128551952384824 	101291.7838139904
-0.6093593593593596 	299.967877759852 	0.09288794888439664 	101287.0301316143
-0.6068568568568571 	299.9644730729044 	0.1027109800746408 	101283.0062727816
-0.6043543543543546 	299.9617379211861 	0.1106064495451261 	101279.7736875386
-0.6018518518518521 	299.9597223763959 	0.1164379582927513 	101277.3915989228
-0.5993493493493496 	299.9584523079748 	0.1201246764611629 	101275.8905079551
-0.5968468468468471 	299.9579443576418 	0.1215821409764959 	101275.2902099288
-0.5943443443443446 	299.9582142615185 	0.120778139689763 	101275.6091882235
-0.591841841841842 	299.9592670376193 	0.1177629816744454 	101276.8532208876
-0.5893393393393397 	299.9610690063922 	0.1125437793322841 	101278.9827058222
-0.5868368368368371 	299.9635939020247 	0.1052375729521948 	101281.9666015676
-0.5843343343343346 	299.9667875179401 	0.09598869449435703 	101285.7409155384
-0.5818318318318321 	299.9705863975481 	0.08496819582944153 	101290.2307488349
-0.5793293293293297 	299.9749150938608 	0.07247134241338542 	101295.3468386083
-0.5768268268268271 	299.979685985493 	0.05871721742184076 	101300.9858367251
-0.5743243243243245 	299.9847826280125 	0.04397066833607257 	101307.0101144127
-0.5718218218218221 	299.9901243118288 	0.0285377460447139 	101313.3243398863
-0.5693193193193196 	299.995602065861 	0.0126925412433289 	101319.7997678497
-0.5668168168168171 	300.0011253507975 	0.007402050602277566 	101326.3292113795
-0.5643143143143147 	300.0066522604168 	0.01929899754969368 	101332.8632943816
-0.5618118118118121 	300.0120981990531 	0.03505453290296948 	101339.3019458504
-0.5593093093093094 	300.017359644251 	0.05024142583915013 	101345.5227885975
-0.5568068068068072 	300.0223321342212 	0.0646231929343429 	101351.402303234
-0.5543043043043046 	300.0269124360552 	0.07784143027473478 	101356.8182151715
-0.551801801801802 	300.0310183978038 	0.08971732569000399 	101361.673471728
-0.5492992992992995 	300.0345731212423 	0.09997841833933635 	101365.8770378089
-0.5467967967967969 	300.0375049604878 	0.1084155707557586 	101369.3441558963
-0.5442942942942947 	300.0397550063863 	0.1149288024315279 	101372.0051320287
-0.5417917917917919 	300.0412722109353 	0.1192900564655654 	101373.7994045834
-0.5392892892892895 	300.0420196647206 	0.1214875959700078 	101374.6833984164
-0.536786786786787 	300.04199147849 	0.1214105507968813 	101374.6500485581
-0.5342842842842846 	300.0411826564482 	0.1190322569168878 	101373.6936548544
-0.531781781781782 	300.0395983334336 	0.1144685219371676 	101371.8202026573
-0.5292792792792794 	300.0372623781 	0.1076835068342119 	101369.0578331109
-0.526776776776777 	300.0342103493202 	0.09886164503139919 	101365.4487074666
-0.5242742742742745 	300.0304956412382 	0.08812568141391509 	101361.0560580891
-0.521771771771772 	300.0262010995784 	0.07566900625237177 	101355.9779583927
-0.5192692692692695 	300.021409564911 	0.06184242426529709 	101350.3123684886
-0.516766766766767 	300.0162223380967 	0.0468628031112201 	101344.1791494818
-0.5142642642642645 	300.0107547321537 	0.03107765178260267 	101337.714642121
-0.511761761761762 	300.0051146493473 	0.01477355232872981 	101331.0465298356
-0.5092592592592596 	299.9993987405319 	0.006445603961082859 	101324.2891335068
-0.506756756756757 	299.9936845917357 	0.01830034422972938 	101317.5340956948
-0.5042542542542544 	299.9880697574889 	0.03453041960835463 	101310.896822895
-0.5017517517517521 	299.9826730788221 	0.05013982354167857 	101304.5176121736
-0.4992492492492494 	299.9776007059236 	0.06480822901296396 	101298.5220379458
-0.496746746746747 	299.9729466058516 	0.07826988331606266 	101293.0211206132
-0.4942442442442445 	299.9688069247126 	0.09020825744420712 	101288.1283430389
-0.4917417417417421 	299.9652643950346 	0.1004379744185835 	101283.9415627162
-0.4892392392392395 	299.9623788492609 	0.1087732258132762 	101280.5311892329
-0.486736736736737 	299.9602019437772 	0.1150607110936494 	101277.958418346
-0.4842342342342345 	299.9587621041295 	0.1192334649518484 	101276.2566891492
-0.481731731731732 	299.958079780588 	0.1211812009542722 	101275.4502855796
-0.4792292292292296 	299.9581783342106 	0.1208875440654975 	101275.5668035014
-0.4767267267267268 	299.9590585556838 	0.1183734047279849 	101276.6068846119
-0.4742242242242246 	299.9606950665366 	0.1136280266745151 	101278.5408384108
-0.471721721721722 	299.9630625810898 	0.1067824112224299 	101281.3387317369
-0.4692192192192195 	299.9661102810339 	0.09795942460819147 	101284.9405688351
-0.4667167167167169 	299.9697737314378 	0.08733760194924461 	101289.2703351301
-0.4642142142142145 	299.9739812467732 	0.07520609302187102 	101294.2431240554
-0.461711711711712 	299.9786362972067 	0.06175624280691303 	101299.7451668754
-0.4592092092092094 	299.9836375707534 	0.04727692447841163 	101305.656669562
-0.456706706706707 	299.98890466877 	0.03205723246482808 	101311.8826577466
-0.4542042042042045 	299.994335352536 	0.01635591571281447 	101318.3023906074
-0.451701701701702 	299.9998286756267 	0.004403426897113456 	101324.7963117581
-0.4491991991991995 	300.0053399657767 	0.01549332426239864 	101331.3118704784
-0.4466966966966969 	300.0107911314595 	0.03125440172491135 	101337.7566357125
-0.4441941941941945 	300.0160833485099 	0.04652663193342825 	101344.0137909522
-0.441691691691692 	300.0211096611771 	0.06106983854668797 	101349.956882787
-0.4391891891891895 	300.0257709395548 	0.07452476493223524 	101355.4684634861
-0.436686686686687 	300.0299857166139 	0.08673250952826431 	101360.4523665053
-0.4341841841841846 	300.0336744949236 	0.09738983231239678 	101364.8144069587
-0.431681681681682 	300.0367639720849 	0.1062972931793147 	101368.4679330226
-0.4291791791791794 	300.0391930475554 	0.1133158231483733 	101371.3405909394
-0.426676676676677 	300.0409003559161 	0.118217764369635 	101373.3596568999
-0.4241741741741744 	300.0418463204716 	0.1209785478589227 	101374.4784426359
-0.421671671671672 	300.0420179049845 	0.1214608574794103 	101374.6813398032
-0.4191691691691694 	300.0414031311153 	0.1196545527087077 	101373.9543992789
-0.4166666666666669 	300.0400046389635 	0.1156280724984782 	101372.3007091903
-0.4141641641641645 	300.0378457060214 	0.1093586642347791 	101369.7476675303
-0.411661661661662 	300.0349555692902 	0.1010244497089443 	101366.3299984
-0.4091591591591594 	300.0313903347562 	0.09072549174701955 	101362.114045639
-0.406656656656657 	300.02722781702 	0.07866184083583171 	101357.1920483363
-0.4041541541541545 	300.0225461845378 	0.06514745400984838 	101351.6563494951
-0.401651651651652 	300.0174444209861 	0.05039962723374371 	101345.624109782
-0.3991491491491494 	300.0120351527126 	0.03476835540703018 	101339.2285417681
-0.396646646646647 	300.0064207958624 	0.01854081858574917 	101332.590740282
-0.3941441441441444 	300.0007113013505 	0.003031259444825443 	101325.8408831951
-0.3916416416416419 	299.9949863001492 	0.01453609319715335 	101319.0729379453
-0.3891391391391395 	299.9893431879767 	0.03084831264796353 	101312.402147952
-0.3866366366366368 	299.9838967582529 	0.04658874466952323 	101305.9640960575
-0.3841341341341344 	299.9787541530252 	0.06144578275187661 	101299.8854120677
-0.381631631631632 	299.9740075611657 	0.07517125200669085 	101294.2751583629
-0.3791291291291294 	299.9697561570732 	0.08744327324497787 	101289.2502899399
-0.3766266266266269 	299.9660798497637 	0.09807263852598948 	101284.9053512175
-0.3741241241241244 	299.9630475526559 	0.1068398292682755 	101281.3215536279
-0.371621621621622 	299.9607139588675 	0.1135668025421277 	101278.5635565231
-0.3691191191191194 	299.9591152798341 	0.1182026339109752 	101276.6741632407
-0.366616616616617 	299.95827177636 	0.1206092263669382 	101275.6772293982
-0.3641141141141143 	299.9582063281979 	0.1208059247945157 	101275.5999322714
-0.3616116116116119 	299.9589110162273 	0.1187837116398537 	101276.4325990649
-0.3591091091091095 	299.9603707908593 	0.1145304536341153 	101278.157651604
-0.356606606606607 	299.9625624650583 	0.1082031178883639 	101280.747753986
-0.3541041041041044 	299.9654461573245 	0.09985531550178967 	101284.1557399583
-0.3516016016016019 	299.9689596765666 	0.08969139571271324 	101288.3082587362
-0.3490990990990994 	299.9730374409817 	0.07793865546626405 	101293.1276698485
-0.346596596596597 	299.9775782107433 	0.06478869662780808 	101298.4945819336
-0.3440940940940944 	299.9824919312793 	0.05057665790658612 	101304.3025414134
-0.3415915915915919 	299.9876889710569 	0.03555445694083831 	101310.4456693652
-0.3390890890890895 	299.9930707804003 	0.02000430675965016 	101316.8075408112
-0.3365865865865869 	299.9985291842262 	0.004215650038672258 	101323.2601129513
-0.3340840840840844 	300.0040144001167 	0.01224830941969285 	101329.7447869517
-0.3315815815815819 	300.0094621361327 	0.02743166134840375 	101336.1854012559
-0.3290790790790794 	300.0147787696532 	0.04276919511464394 	101342.471380873
-0.3265765765765769 	300.0198538204839 	0.05744941655404865 	101348.4720184452
-0.3240740740740744 	300.0245939157366 	0.07112489208615667 	101354.0767250196
-0.3215715715715718 	300.0289167214586 	0.08364476188631992 	101359.1883430479
-0.3190690690690695 	300.0327385420445 	0.09468991127278899 	101363.7076360547
-0.3165665665665668 	300.0359837952652 	0.1040608579269047 	101367.5453770725
-0.3140640640640644 	300.0385879292187 	0.1115834764961482 	101370.6250236497
-0.311561561561562 	300.0404807514769 	0.1170201771089731 	101372.8634468048
-0.3090590590590593 	300.0416222885044 	0.1203394587575145 	101374.2135494464
-0.3065565565565568 	300.0419905289166 	0.1213751697195498 	101374.6490001363
-0.3040540540540545 	300.0415677397428 	0.1201306587588903 	101374.1490954992
-0.3015515515515518 	300.0403577764085 	0.1166426916334522 	101372.7183465282
-0.2990490490490494 	300.0383823394085 	0.1108925354612059 	101370.3822882081
-0.2965465465465469 	300.0356626275255 	0.1030675263559576 	101367.1661711006
-0.2940440440440444 	300.0322558215672 	0.09322869261099677 	101363.1375017099
-0.2915415415415418 	300.028231444546 	0.08157571234124547 	101358.3788579215
-0.2890390390390395 	300.0236639272717 	0.06838986407732608 	101352.9780210709
-0.2865365365365368 	300.0186534210702 	0.05388542112991716 	101347.0536201236
-0.2840340340340343 	300.0133084407875 	0.0384276901318243 	101340.7340278706
-0.2815315315315318 	300.0077259053423 	0.02229762484552654 	101334.1337376955
-0.2790290290290295 	300.002027137085 	0.005794285103922202 	101327.3965437529
-0.2765265265265269 	299.9962964253947 	0.01163873502694474 	101320.6217324533
-0.2740240240240244 	299.9906275973791 	0.02714928810001119 	101313.9204726083
-0.2715215215215219 	299.9851338502958 	0.04300867312038172 	101307.4264549762
-0.2690190190190194 	299.9799229693945 	0.05804637071483048 	101301.2669559266
-0.2665165165165169 	299.9750871304103 	0.07202565688741411 	101295.5512332744
-0.2640140140140144 	299.9707281520884 	0.08462854164857003 	101290.399134527
-0.2615115115115119 	299.96692213401 	0.095655301083789 	101285.9008555388
-0.2590090090090094 	299.9637408080503 	0.1048549642417637 	101282.1409502161
-0.2565065065065068 	299.9612444388774 	0.1120517695782047 	101279.1905059758
-0.2540040040040044 	299.9594802513294 	0.1171654267466747 	101277.1056059494
-0.2515015015015019 	299.9584747274561 	0.120038669825908 	101275.917099601
-0.2489989989989994 	299.9582506766877 	0.1206952833056115 	101275.6523784934
-0.2464964964964968 	299.958792213921 	0.1191128469956731 	101276.2922953519
-0.2439939939939944 	299.960085572479 	0.1153269777558961 	101277.8205989635
-0.2414914914914919 	299.9621096201297 	0.1094903943621682 	101280.2126761505
-0.2389889889889893 	299.964832408094 	0.1016262232185549 	101283.4304310608
-0.2364864864864869 	299.9681963975382 	0.09192219785434848 	101287.4061886929
-0.2339839839839843 	299.9721410616587 	0.08055261979193094 	101292.0683132905
-0.2314814814814819 	299.9765665418288 	0.06772804344378287 	101297.2988261194
-0.2289789789789792 	299.981386638556 	0.05379877966454665 	101302.9961680086
-0.2264764764764769 	299.9865083274589 	0.03898392891184285 	101309.0501090925
-0.2239739739739743 	299.9918313601887 	0.02360449167682631 	101315.3424205211
-0.2214714714714718 	299.9972471215177 	0.007909891089194146 	101321.7445795477
-0.2189689689689693 	300.0026979281429 	0.009066073576895296 	101328.1884036849
-0.2164664664664669 	300.0081380775396 	0.02361353529865313 	101334.6200921242
-0.2139639639639643 	300.013476537409 	0.03902398004735717 	101340.9317338698
-0.2114614614614618 	300.0185994145567 	0.05380449891794388 	101346.9888409793
-0.2089589589589593 	300.0234165413409 	0.067689327982616 	101352.6846329507
-0.2064564564564568 	300.0278390971025 	0.08050246605791349 	101357.9140555033
-0.2039539539539543 	300.0317790252452 	0.09187775153650146 	101362.5730845638
-0.2014514514514518 	300.035163221492 	0.1016924362320487 	101366.5750274772
-0.1989489489489494 	300.0379242368939 	0.1096613949863071 	101369.8401578156
-0.1964464464464468 	300.0399903069107 	0.1156328627437433 	101372.2835183124
-0.1939439439439443 	300.0413241702409 	0.1195105589357368 	101373.8609650234
-0.1914414414414418 	300.0418923289139 	0.1211009525536446 	101374.5329697697
-0.1889389389389393 	300.0416724700187 	0.1204600260936286 	101374.2729608777
-0.1864364364364368 	300.0406671209483 	0.1175103193169044 	101373.0841559552
-0.1839339339339343 	300.0388869315791 	0.1123210149426561 	101370.9790711335
-0.1814314314314318 	300.0363466615013 	0.105015967990241 	101367.9750515415
-0.1789289289289293 	300.0331033035872 	0.09564079013351123 	101364.1397436428
-0.1764264264264268 	300.0292177146698 	0.08443346632749089 	101359.5451110868
-0.1739239239239243 	300.024764882414 	0.07158105389762265 	101354.2798388576
-0.1714214214214218 	300.0198479356927 	0.05736577908556727 	101348.4660566619
-0.1689189189189193 	300.0145697843559 	0.04210899470406974 	101342.2253416701
-0.1664164164164168 	300.0090277232381 	0.02609324340456504 	101335.672932784
-0.1639139139139143 	300.0033507587769 	0.009652883559143524 	101328.9613598987
-0.1614114114114118 	299.9976272082444 	0.008044140006714846 	101322.1949737902
-0.1589089089089093 	299.9919409514543 	0.02337912359225483 	101315.4730567994
-0.1564064064064068 	299.9864039397184 	0.03936270977696184 	101308.9277655397
-0.1539039039039043 	299.9811222103128 	0.0545940832635201 	101302.6845602364
-0.1514014014014018 	299.9761956376391 	0.06880929315789309 	101296.8614399013
-0.1488988988988993 	299.9717264284676 	0.0817397444457596 	101291.5790698836
-0.1463963963963968 	299.9677900524269 	0.09312850261825888 	101286.9266874846
-0.1438938938938943 	299.9644613478657 	0.1027300977752566 	101282.9925221934
-0.1413913913913918 	299.961810782752 	0.1103828684901745 	101279.8599325573
-0.1388888888888893 	299.9598857615209 	0.1159711095651027 	101277.5848725725
-0.1363863863863868 	299.9587191942282 	0.1193525736871765 	101276.2060715569
-0.1338838838838843 	299.9583310270691 	0.1204974859239542 	101275.7473947747
-0.1313813813813818 	299.9587072136848 	0.1193760834997025 	101276.1918612432
-0.1288788788788793 	299.9598342061898 	0.1160544427714645 	101277.5236444148
-0.1263763763763768 	299.9616970675243 	0.1106826372215069 	101279.7251339305
-0.1238738738738743 	299.9642564188067 	0.1032877250684454 	101282.7497791244
-0.1213713713713717 	299.9674660962281 	0.09401974015114796 	101286.5431244933
-0.1188688688688693 	299.9712692267769 	0.08303367021720738 	101291.0378976669
-0.1163663663663668 	299.975578534494 	0.07055411630383839 	101296.1311419736
-0.1138638638638643 	299.9803054731843 	0.05691794231183488 	101301.7182344405
-0.1113613613613618 	299.9853565427476 	0.04234985868299609 	101307.6887057954
-0.1088588588588592 	299.9906165228687 	0.02714170748414954 	101313.9063923694
-0.1063563563563568 	299.9959909485614 	0.01155405936078354 	101320.2595921522
-0.1038538538538543 	300.0014027947553 	0.005081542386122868 	101326.6573700523
-0.1013513513513517 	300.0068245165226 	0.01981414305615095 	101333.0671039104
-0.09884884884884926 	300.0121706362932 	0.0352669496214522 	101339.3878039449
-0.09634634634634676 	300.0173298991441 	0.05017251833063465 	101345.4878252431
-0.09384384384384425 	300.0222202318157 	0.06426124806589628 	101351.2700986105
-0.09134134134134177 	300.0267445033067 	0.07734512669250034 	101356.6198139787
-0.08883883883883925 	300.0308068421392 	0.08906288817756217 	101361.4234575395
-0.08633633633633674 	300.0343342004566 	0.09929333013166328 	101365.594732134
-0.08383383383383426 	300.0372513736742 	0.1077131526068597 	101369.0444743685
-0.08133133133133173 	300.0394872928019 	0.114186130155449 	101371.6886618748
-0.07882882882882926 	300.0410084714708 	0.1185991825783544 	101373.4876827833
-0.07632632632632676 	300.0417680646161 	0.1207414724187982 	101374.3860104977
-0.07382382382382424 	300.0417399256961 	0.1206967344028599 	101374.3528086368
-0.07132132132132173 	300.0409324429751 	0.1182986939794635 	101373.3979181147
-0.06881881881881925 	300.0393434531922 	0.1136491764213088 	101371.5189473071
-0.06631631631631671 	300.0369808544666 	0.1068684403787592 	101368.7250745681
-0.06381381381381425 	300.0339012970699 	0.09793411079370402 	101365.0833869787
-0.06131131131131173 	300.0301534008187 	0.08716325563971017 	101360.6516045098
-0.05880880880880923 	300.0258192018845 	0.07464527121645435 	101355.5265367079
-0.05630630630630672 	300.0210089541995 	0.06071111189529924 	101349.8388595112
-0.05380380380380424 	300.0158084672511 	0.0456996333486157 	101343.6899352756
-0.05130130130130173 	300.0103130470202 	0.02982068994326138 	101337.1925620844
-0.04879879879879922 	300.0046630946248 	0.01347975867511101 	101330.5129144059
-0.04629629629629672 	299.9989456470707 	0.003620885805319655 	101323.7536339275
-0.04379379379379422 	299.9932445646467 	0.01962189995551979 	101317.0141139452
-0.04129129129129173 	299.9876725232134 	0.03570234765045784 	101310.4273614714
-0.03878878878878922 	299.9823209831907 	0.05113532736445294 	101304.1015426806
-0.03628628628628671 	299.9773083828289 	0.06556000419645709 	101298.1767415134
-0.03378378378378422 	299.9727443398923 	0.0788244218005248 	101292.7822057842
-0.03128128128128172 	299.9686997058917 	0.09052655826971864 	101288.0018288943
-0.02877877877877922 	299.9652357091734 	0.1004516541725047 	101283.9077562674
-0.0262762762762767 	299.9624442843116 	0.1085511427605807 	101280.6086514307
-0.02377377377377422 	299.9603537457327 	0.1145791334659387 	101278.1380378429
-0.0212712712712717 	299.959021432714 	0.1185170998962372 	101276.5633282433
-0.01876876876876921 	299.9584612346254 	0.1201708893068787 	101275.9012882561
-0.01626626626626671 	299.9586660849619 	0.1195008269165112 	101276.143336709
-0.0137637637637642 	299.9596160111421 	0.116683616148393 	101277.2658157527
-0.0112612612612617 	299.9613267807151 	0.1117635489130253 	101279.2876076848
-0.008758758758759198 	299.9637179749209 	0.1048869372194845 	101282.1134987817
-0.006256256256256697 	299.9667709820276 	0.09605600653181222 	101285.7216185349
-0.003753753753754195 	299.9704157225427 	0.08545807421198112 	101290.0292211208
-0.001251251251251693 	299.9745927186045 	0.07338460947734447 	101294.9662650244
0.00125125125125081 	299.9792064987519 	0.06005027800735666 	101300.4195866
0.003753753753753312 	299.9841985767872 	0.04577502778675642 	101306.3199994539
0.006256256256255817 	299.9893972105714 	0.03070764613646088 	101312.4650598184
0.008758758758758317 	299.9947405228409 	0.01519293645477033 	101318.7814857729
0.01126126126126082 	300.000110323593 	0.0004093370125324485 	101325.1294093304
0.01376376376376332 	300.0055004506871 	0.01598305288215388 	101331.5017935588
0.01626626626626582 	300.0108428971627 	0.03144648163875557 	101337.8180622854
0.01876876876876833 	300.0160343048448 	0.04646023286050262 	101343.9559632939
0.02127127127127083 	300.0209923449338 	0.06073176513856302 	101349.8183215938
0.02377377377377332 	300.0256108692194 	0.07406985135294417 	101355.2793203624
0.02627627627627583 	300.029792220331 	0.08611864031113077 	101360.2237389968
0.02877877877877833 	300.0334595193247 	0.09674038675082872 	101364.56044437
0.03128128128128083 	300.0365297249283 	0.1055973124112568 	101368.1910653838
0.03378378378378333 	300.0389354930803 	0.1125609090932589 	101371.0361912717
0.03628628628628584 	300.0406377374828 	0.1174980612089885 	101373.0492200403
0.03878878878878834 	300.0415803345142 	0.1202048140554462 	101374.1640556366
0.04129129129129084 	300.0417443098377 	0.1207442122696609 	101374.3580663128
0.04379379379379333 	300.0411340595409 	0.1189052868107757 	101373.6363047403
0.04629629629629585 	300.0397363047227 	0.1148129111495706 	101371.983590306
0.04879879879879834 	300.0375596725931 	0.1085353466009146 	101369.4095316015
0.05130130130130085 	300.0346497795944 	0.1000638657649874 	101365.9685487273
0.05380380380380335 	300.0310479455626 	0.08971606236742309 	101361.709442283
0.05630630630630584 	300.0268452550874 	0.07754935025261737 	101356.7397989556
0.05880880880880836 	300.0221436941266 	0.06392817697575577 	101351.1806384958
0.06131131131131085 	300.0170213557018 	0.04917876258300902 	101345.1239868537
0.06381381381381336 	300.011583317509 	0.03349184113063159 	101338.6944733295
0.06631631631631586 	300.0059658362069 	0.0172770597494031 	101332.0531215092
0.06881881881881835 	300.000256975776 	0.001553784458870718 	101325.3038926976
0.07132132132132088 	299.9945555649749 	0.01581088633048907 	101318.5639506626
0.07382382382382337 	299.988955731287 	0.03200069112098708 	101311.9442193771
0.07632632632632587 	299.9835459025433 	0.04761864227607196 	101305.549510964
0.07882882882882837 	299.9784615184155 	0.06228345352035566 	101299.539775606
0.08133133133133086 	299.9738011864387 	0.07584386379099266 	101294.0313598414
0.08383383383383337 	299.9696404225173 	0.087861411564543 	101289.1137176486
0.08633633633633589 	299.9660446338086 	0.09814778909293996 	101284.863801944
0.08883883883883838 	299.9631079160211 	0.1066355625302544 	101281.39303746
0.09134134134134086 	299.9608582126873 	0.1130745814029656 	101278.7342843803
0.09384384384384339 	299.9593683857859 	0.1174854183418705 	101276.9734217278
0.09634634634634588 	299.9586392037542 	0.1196275002865955 	101276.1116493746
0.09884884884884838 	299.9586751759066 	0.1194630055914387 	101276.1541007088
0.1013513513513509 	299.9594653129489 	0.1171513062125559 	101277.0878149181
0.1038538538538534 	299.9610252369141 	0.1126970592183254 	101278.9313031286
0.1063563563563559 	299.9632624972091 	0.1062775545771893 	101281.5752460901
0.1088588588588584 	299.9661674357237 	0.09787126247935071 	101285.0083829474
0.1113613613613609 	299.9696552687454 	0.0876732364886738 	101289.1304666175
0.1138638638638634 	299.973684628637 	0.07598698798457623 	101293.8927704855
0.1163663663663659 	299.9781707965672 	0.06299478131287703 	101299.1952133742
0.1188688688688684 	299.9830631747757 	0.04904024302114926 	101304.9779627829
0.1213713713713709 	299.9881807753573 	0.03418971686546834 	101311.0272002084
0.1238738738738734 	299.9934886263113 	0.01879986253130626 	101317.3015974639
0.1263763763763759 	299.9988361622039 	0.004483856474955911 	101323.6232016898
0.1288788788788784 	300.0042023743451 	0.01218749545436263 	101329.9672133138
0.1313813813813809 	300.0095433517658 	0.02762441625333765 	101336.2816425121
0.1338838838838834 	300.0147597821713 	0.04271125901068246 	101342.4490941154
0.1363863863863859 	300.0197597174088 	0.05716555000319239 	101348.3608754018
0.1388888888888884 	300.0244400909538 	0.07070233463605971 	101353.8950170181
0.1413913913913909 	300.0287141553574 	0.08307423055402818 	101358.9489932043
0.1438938938938934 	300.0325044559634 	0.09402427485022984 	101363.4310597383
0.1463963963963959 	300.0357240504409 	0.1033089294516403 	101367.2383577728
0.1488988988988985 	300.0383033502814 	0.1107583212346816 	101370.2886298659
0.1514014014014009 	300.0401891514992 	0.1161618777306299 	101372.5187796031
0.1539039039039035 	300.0413247370618 	0.1194436070552888 	101373.8618282158
0.1564064064064059 	300.0416895828392 	0.1205089322218586 	101374.2933505852
0.1589089089089084 	300.0412759004598 	0.1192698635314208 	101373.8040814556
0.1614114114114109 	300.0400674011801 	0.1157855775466812 	101372.3751228686
0.1639139139139134 	300.038076617546 	0.1100325841329375 	101370.0209040884
0.166416416416416 	300.0353398022488 	0.1021179579638412 	101366.7845796882
0.1689189189189185 	300.0318975462239 	0.09220341927493764 	101362.7140832677
0.1714214214214209 	300.0278377109561 	0.0804431427557508 	101357.9133937754
0.1739239239239235 	300.023251960137 	0.06716444054523343 	101352.4910939985
0.1764264264264259 	300.0182224939227 	0.05263681835909015 	101346.5442307946
0.1789289289289284 	300.0128615554495 	0.03716177486774449 	101340.2058254612
0.181431431431431 	300.0072898280659 	0.02104847034332259 	101333.6184192696
0.1839339339339334 	300.0015976214083 	0.006142048125227187 	101326.8888645744
0.186436436436436 	299.9958946629279 	0.01194364321431677 	101320.1470009534
0.1889389389389385 	299.9902580616128 	0.02823118424809371 	101313.483753375
0.191441441441441 	299.9847918405966 	0.04396881654501637 	101307.0223390357
0.1939439439439434 	299.9796347834995 	0.05887166732828752 	101300.9265688085
0.196446446446446 	299.9748804829327 	0.0726873103160857 	101295.3070806427
0.1989489489489485 	299.9706077454828 	0.08501360136822554 	101290.2570467349
0.2014514514514509 	299.9668927093035 	0.0957030522758765 	101285.8661722643
0.2039539539539535 	299.9638184687429 	0.1045802230885954 	101282.2328768631
0.2064564564564559 	299.961422580585 	0.1114743596147991 	101279.4012835681
0.2089589589589585 	299.9597751530052 	0.1163431853866423 	101277.454216887
0.211461461461461 	299.9588736730938 	0.1189434694917464 	101276.3887845124
0.2139639639639635 	299.9587295046341 	0.1192851307413301 	101276.2183572994
0.2164664664664659 	299.9593484632052 	0.1174616488834613 	101276.9498109096
0.2189689689689684 	299.9607372114749 	0.1134987688675157 	101278.5909417537
0.221471471471471 	299.9628156824957 	0.1075377705353398 	101281.0472453914
0.2239739739739735 	299.9655781291814 	0.09954754646352211 	101284.3119741002
0.226476476476476 	299.968930340364 	0.08976525733869287 	101288.2737364367
0.2289789789789785 	299.9728300946804 	0.07846339426440288 	101292.8828601989
0.231481481481481 	299.977196281926 	0.06585963213651505 	101298.0433937245
0.2339839839839835 	299.9819647423213 	0.05223083312919367 	101303.6796483245
0.236486486486486 	299.9869874436394 	0.03761273464618054 	101309.61666571
0.2389889889889885 	299.9922368926187 	0.02240603586684781 	101315.8219361143
0.241491491491491 	299.9975573546485 	0.008358840812471929 	101322.1115049908
0.2439939939939935 	300.0029003893815 	0.008443596132670629 	101328.4279912143
0.246496496496496 	300.0082363555432 	0.02385499658406274 	101334.7364476531
0.2489989989989985 	300.0134750742342 	0.03900104189254838 	101340.930205954
0.251501501501501 	300.0185204643925 	0.0535690823049571 	101346.8956250934
0.2540040040040035 	300.0232715459958 	0.06731948577786823 	101352.5133625538
0.256506506506506 	300.0276438902273 	0.07997629733089585 	101357.6834399497
0.2590090090090086 	300.0315540638128 	0.09127516452692254 	101362.3072353976
0.261511511511511 	300.0349136651849 	0.1009934184891527 	101366.2800955271
0.2640140140140135 	300.0376529352838 	0.1088919830419417 	101369.5194719907
0.2665165165165161 	300.0397129429781 	0.1148085783696426 	101371.9556681212
0.2690190190190185 	300.0410364972322 	0.1186201517370873 	101373.5209592803
0.271521521521521 	300.0415972992425 	0.1202227043501493 	101374.1842403089
0.2740240240240235 	300.0413751552994 	0.1195565381149148 	101373.9215239227
0.276526526526526 	300.0403532879227 	0.1166091257213024 	101372.7131784694
0.2790290290290286 	300.038544821569 	0.1113937200961622 	101370.5746365754
0.281531531531531 	300.0359802950962 	0.1039856503461657 	101367.5420046319
0.2840340340340335 	300.0326987850098 	0.09452772439202797 	101363.6615856076
0.2865365365365361 	300.0287826677644 	0.08319470611434042 	101359.0308336381
0.2890390390390385 	300.0243149615412 	0.0702546635109325 	101353.7480217427
0.291541541541541 	300.01938394644 	0.05599461580325138 	101347.9175711105
0.2940440440440436 	300.0141009439533 	0.04072133123649727 	101341.671211882
0.296546546546546 	300.0085764873515 	0.02473525455620493 	101335.1396468533
0.2990490490490486 	300.0029056357404 	0.009826869618710279 	101328.4352880286
0.3015515515515511 	299.9972066208901 	0.008136250113807215 	101321.6979510106
0.3040540540540535 	299.9915487591617 	0.02447182260393051 	101315.0095663659
0.3065565565565562 	299.9860453191669 	0.04032455147019159 	101308.5040476635
0.3090590590590585 	299.9808234152751 	0.05543473778028388 	101302.3315828008
0.3115615615615611 	299.9759817685335 	0.06946530393426581 	101296.6088249017
0.3140640640640635 	299.9716066270466 	0.0821036378913183 	101291.4376380174
0.316566566566566 	299.9677810977803 	0.09316792679079137 	101286.9162172682
0.3190690690690687 	299.9645743708654 	0.1024243552595461 	101283.1262774312
0.3215715715715711 	299.9620372862404 	0.1097640170507023 	101280.1278055713
0.3240740740740735 	299.9602210954764 	0.1150407063441412 	101277.9813337932
0.326576576576576 	299.9591442268724 	0.1181177992597856 	101276.7085262375
0.3290790790790786 	299.9588243057713 	0.1190017082513981 	101276.3304614279
0.3315815815815811 	299.9592739739676 	0.1176757116878471 	101276.861834225
0.3340840840840836 	299.9604792133748 	0.114227797277379 	101278.2861007874
0.3365865865865861 	299.9623989274385 	0.108701785348168 	101280.5547950338
0.3390890890890886 	299.9650013044463 	0.1011760661302877 	101283.6302622671
0.3415915915915911 	299.9682195016899 	0.09186855224901513 	101287.4336914089
0.3440940940940935 	299.971992697345 	0.08093684552100483 	101291.8931798138
0.3465965965965962 	299.9762479263093 	0.06867924385797927 	101296.9225356466
0.3490990990990985 	299.9808927635918 	0.0552804411861695 	101302.4126408682
0.3516016016016011 	299.9858310519892 	0.04093591443221675 	101308.2497497139
0.3541041041041035 	299.9909953814599 	0.02600149844017198 	101314.3544081857
0.3566066066066061 	299.9962773751824 	0.01140986978143699 	101320.5984105664
0.3591091091091085 	300.0015982205782 	0.004682000288377219 	101326.8886036124
0.3616116116116112 	300.0069235157483 	0.02008385304570187 	101333.184393582
0.3641141141141137 	300.0121776894765 	0.0352661185674135 	101339.3962785221
0.3666166166166161 	300.0172632515102 	0.04992640913948579 	101345.4091994124
0.3691191191191185 	300.0220803667492 	0.06387660252844937 	101351.1049277885
0.371621621621621 	300.026544746401 	0.07676812497719307 	101356.3837858527
0.3741241241241237 	300.0305698729699 	0.08841358999408881 	101361.1434881266
0.3766266266266261 	300.0340678403787 	0.09853395085916167 	101365.2798596231
0.3791291291291286 	300.0369640988823 	0.106881385328567 	101368.7049245831
0.3816316316316311 	300.0391928308122 	0.1133209400904647 	101371.3406223161
0.3841341341341336 	300.0406960321683 	0.1176475433900193 	101373.1183510791
0.3866366366366362 	300.0414445602676 	0.119805765316296 	101374.0036633695
0.3891391391391387 	300.0414129253508 	0.1196927619354554 	101373.966201092
0.391641641641641 	300.040584253992 	0.1172794678435754 	101372.986322034
0.3941441441441436 	300.0389670531536 	0.1126134828513582 	101371.0739928498
0.3966466466466462 	300.0365841870509 	0.1057060545350514 	101368.2561625705
0.3991491491491486 	300.0334729823863 	0.09673877829616297 	101364.5771360848
0.4016516516516512 	300.0297081091352 	0.08584741784558562 	101360.1251536059
0.4041541541541536 	300.0253648397952 	0.07327335708319871 	101354.9894753231
0.4066566566566561 	300.0205343402013 	0.05933621583141371 	101349.2778377217
0.4091591591591587 	300.0153274396128 	0.04427441132153032 	101343.1213833076
0.4116616616616612 	300.0098519956373 	0.02845230242757945 	101336.6477159678
0.4141641641641635 	300.0042111798195 	0.01268343869031599 	101329.9787575953
0.4166666666666662 	299.9985217094022 	0.004329290237898676 	101323.2526601977
0.4191691691691687 	299.992855030022 	0.02069029221466885 	101316.5537922747
0.421671671671671 	299.9873192103051 	0.03667763517507152 	101310.00991532
0.4241741741741737 	299.9820341866713 	0.05196389873028116 	101303.7627889207
0.4266766766766761 	299.9771029525559 	0.06623321260788792 	101297.9340489535
0.4291791791791785 	299.9726172044162 	0.07918449830912055 	101292.6321151726
0.4316816816816812 	299.968669485397 	0.0905781485794859 	101287.9662505214
0.4341841841841836 	299.9653302035301 	0.1002240787177531 	101284.019605914
0.4366866866866862 	299.962655036577 	0.1079597624278954 	101280.8579441954
0.4391891891891885 	299.9606880939584 	0.1136571296077781 	101278.5332712924
0.4416916916916913 	299.959454430076 	0.1172080544313414 	101277.0752013943
0.4441941941941936 	299.9589719481789 	0.1185725697558393 	101276.5049908214
0.4466966966966961 	299.9592547397655 	0.1177616035950042 	101276.8391499763
0.4491991991991987 	299.9602852645498 	0.1148041330806211 	101278.0569640639
0.4517017017017012 	299.9620350361512 	0.1097492396754698 	101280.1247725414
0.4542042042042035 	299.9644701583221 	0.1027011013191886 	101283.0025986842
0.4567067067067062 	299.9675384421251 	0.09381384055224087 	101286.6288348489
0.4592092092092087 	299.9711765902587 	0.08328896486787919 	101290.9286525759
0.4617117117117112 	299.9753136081145 	0.07135847956580274 	101295.8182848847
0.4642142142142137 	299.9798524049917 	0.05823351295429137 	101301.1829598197
0.4667167167167162 	299.9847089494933 	0.04416390186460493 	101306.9234415533
0.4692192192192187 	299.989803637362 	0.0294288321132243 	101312.9457172376
0.4717217217217212 	299.9950407827386 	0.01430062994173854 	101319.1366018735
0.4742242242242236 	300.0003307610195 	0.004100069632195107 	101325.3902748129
0.4767267267267262 	300.0056347519218 	0.01636168118930855 	101331.6607588535
0.4792292292292287 	300.0108904432531 	0.03154054925641449 	101337.8744214484
0.4817317317317312 	300.0160007316384 	0.04631135204827518 	101343.9165071541
0.4842342342342336 	300.0208699062034 	0.06039815901063478 	101349.6736875463
0.4867367367367362 	300.0254140710691 	0.07352279243806968 	101355.0468711745
0.4892392392392387 	300.0295448442687 	0.08548349163206714 	101359.931402211
0.4917417417417412 	300.0331758044575 	0.09597050073662572 	101364.2250508231
0.4942442442442437 	300.0362280738332 	0.1047781851576362 	101367.8345814759
0.4967467467467462 	300.0386272180289 	0.1116882763192757 	101370.6717396807
0.4992492492492487 	300.0403124840321 	0.116533998243674 	101372.6648105611
0.5017517517517511 	300.0412497887075 	0.1192431243769746 	101373.7733252831
0.5042542542542537 	300.0414096225785 	0.1196786142822256 	101373.9623534677
0.5067567567567562 	300.0407773955457 	0.1178527714745067 	101373.2147615055
0.5092592592592589 	300.0393544329631 	0.1137331972860368 	101371.5320874969
0.5117617617617611 	300.0371539565371 	0.1073685381471874 	101368.9299882743
0.5142642642642637 	300.0342128701785 	0.09890816676257012 	101365.4520748122
0.5167667667667663 	300.0305995772381 	0.08844331749135576 	101361.1793512892
0.5192692692692688 	300.0263856281107 	0.07626014369208826 	101356.1965603894
0.5217717717717714 	300.0216649184385 	0.06260779855387796 	101350.6146456086
0.5242742742742736 	300.0165422208001 	0.04777231792616576 	101344.5577337125
0.5267767767767763 	300.0111222836471 	0.03211966920710448 	101338.1495934942
0.5292792792792789 	300.0055145743242 	0.01589861786723138 	101331.5197368647
0.5317817817817813 	299.9998346787363 	0.005188573530574324 	101324.8049005999
0.5342842842842837 	299.9941611507298 	0.01692765021707104 	101318.097819469
0.5367867867867864 	299.9885966968758 	0.03299409144880866 	101311.5200591296
0.5392892892892888 	299.9832563870735 	0.0484082466009043 	101305.2074923086
0.5417917917917912 	299.97824442504 	0.06290237895842893 	101299.2832904457
0.5442942942942938 	299.973655602322 	0.07615140653917341 	101293.8595054308
0.5467967967967964 	299.9695861497043 	0.08791904811647898 	101289.0496789292
0.5492992992992988 	299.966111375005 	0.09798056602179968 	101284.9429047254
0.5518018018018012 	299.9632958697256 	0.1061239311774529 	101281.6153422778
0.5543043043043039 	299.9611831904007 	0.1122526114834766 	101279.1184422554
0.5568068068068063 	299.9597980356148 	0.1162433405877357 	101277.4813677441
0.5593093093093087 	299.9591541484845 	0.1180738201809402 	101276.7203295291
0.5618118118118114 	299.9592644115563 	0.1177528379034447 	101276.8506486196
0.5643143143143137 	299.9601158822321 	0.115270810256448 	101277.8568378426
0.5668168168168163 	299.9616925103205 	0.1107078740135744 	101279.7200239771
0.5693193193193188 	299.9639639114814 	0.1041382150338969 	101282.404372337
0.5718218218218213 	299.9668838081389 	0.09570081299192851 	101285.8551828929
0.5743243243243239 	299.9703887626997 	0.08558871549203993 	101289.9975886913
0.5768268268268262 	299.9744086311914 	0.07399720180355436 	101294.7486969305
0.5793293293293288 	299.9788450432588 	0.061171654865484 	101299.9923196725
0.5818318318318314 	299.9836164064314 	0.04735911842776183 	101305.6320851256
0.5843343343343338 	299.9886377353558 	0.0328294811711559 	101311.5675503136
0.5868368368368363 	299.9938193029797 	0.01784008335207457 	101317.6927128429
0.5893393393393387 	299.9990726710917 	0.006891685354160825 	101323.9030095452
0.5918418418418413 	300.0043513249752 	0.01267790988057179 	101330.1434796545
0.5943443443443439 	300.0096041594875 	0.02784896291019839 	101336.3537160733
0.5968468468468463 	300.0147384582638 	0.04267833746044484 	101342.4240816631
0.5993493493493487 	300.0196616314556 	0.05689549185975613 	101348.2450933203
0.6018518518518514 	300.0242892696339 	0.07023195954828282 	101353.716886444
0.6043543543543537 	300.028525143586 	0.08247942174565329 	101358.7256504778
0.6068568568568564 	300.0322782917802 	0.09333763077453393 	101363.1637742908
0.6093593593593587 	300.0354703629021 	0.1025710010367483 	101366.9385500854
0.6118618618618614 	300.0380275628717 	0.1099619920907257 	101369.962656948
0.6143643643643638 	300.0398885573206 	0.1153254184673725 	101372.1634890698
0.6168668668668662 	300.0410109315975 	0.1185709750899707 	101373.4908688995
0.6193693693693688 	300.0413579050049 	0.1195597621863215 	101373.9012442609
0.6218718718718714 	300.0409158097463 	0.1182655725929429 	101373.3783992445
0.6243743743743737 	300.0396856306293 	0.1146683819113018 	101371.9236319208
0.6268768768768762 	300.0376726119943 	0.1088154658032 	101369.5432762213
0.629379379379379 	300.0349058919549 	0.1008499183974905 	101366.2716148518
0.6318818818818812 	300.0314452758736 	0.09084953944526582 	101362.1794331422
0.6343843843843838 	300.027362304823 	0.07906574581192509 	101357.3514460057
0.6368868868868864 	300.0227527952926 	0.06574136087196329 	101351.9010277917
0.6393893893893888 	300.0177173342649 	0.05116502545887064 	101345.9471722784
0.6418918918918912 	300.0123545213053 	0.03570387128234732 	101339.6065091714
0.6443943943943939 	300.0067809932413 	0.01959047518205312 	101333.0170218738
0.6468968968968963 	300.0011167087048 	0.007843361740893198 	101326.320535782
0.6493993993993988 	299.9954490969924 	0.01323199368817464 	101319.6204305024
0.6519019019019012 	299.98986894601 	0.02936716581269264 	101313.024007788
0.6544044044044038 	299.98448701769 	0.04489085135878969 	101306.6621769765
0.6569069069069065 	299.9794075331042 	0.05955788909253214 	101300.6581292841
0.6594094094094087 	299.9747304791319 	0.07305230482895926 	101295.1299735341
0.6619119119119113 	299.970550998116 	0.08514745034962495 	101290.190114027
0.664414414414414 	299.9669426228787 	0.09558543704840235 	101285.9253717958
0.6669169169169162 	299.9639721937594 	0.1041433250354768 	101282.4146898661
0.6694194194194188 	299.9616976046011 	0.1107330161050775 	101279.7264521461
0.6719219219219214 	299.9601539394046 	0.1152019177839971 	101277.9020274708
0.674424424424424 	299.9593575268709 	0.1175192831333603 	101276.9607445712
0.6769269269269262 	299.9593100500454 	0.1176655320087801 	101276.9046257075
0.679429429429429 	299.9599950367702 	0.1156399951983283 	101277.7140707752
0.6819319319319311 	299.9613975616651 	0.1115690094288521 	101279.3715098417
0.6844344344344341 	299.9634974507767 	0.1054966890778594 	101281.8531424708
0.686936936936936 	299.9662526392907 	0.09754046078235346 	101285.1093011637
0.6894394394394392 	299.9696096642846 	0.08784188025731421 	101289.0768186898
0.6919419419419413 	299.9735016475055 	0.07657713907454176 	101293.676752007
0.694444444444444 	299.9778391344568 	0.0640516143754072 	101298.8034086628
0.6969469469469463 	299.9825320448314 	0.05049327116416834 	101304.3503903854
0.6994494494494489 	299.9874901860726 	0.03617862113828974 	101310.2111244562
0.7019519519519515 	299.9926159385257 	0.02135257277252368 	101316.2702200772
0.7044544544544538 	299.9978281565507 	0.008860753800973484 	101322.43182323
0.7069569569569564 	300.0030743327958 	0.008975075468185954 	101328.6338238056
0.7094594594594589 	300.0083176516968 	0.02411820828172247 	101334.8327455796
0.7119619619619615 	300.0134686116963 	0.03901937296869046 	101340.9227489256
0.7144644644644638 	300.0184368454003 	0.05336361985572174 	101346.7969518408
0.7169669669669665 	300.0231388951123 	0.06692867127060911 	101352.3566909473
0.7194694694694688 	300.027472487484 	0.07944648960217801 	101357.4809413838
0.7219719719719715 	300.0313448019967 	0.09064290707904488 	101362.0599475702
0.7244744744744737 	300.0346777216629 	0.1002870111801102 	101366.0012510526
0.7269769769769764 	300.0373918350799 	0.1081170285281569 	101369.210874803
0.7294794794794791 	300.0394270614318 	0.1139965898144698 	101371.6177599102
0.7319819819819813 	300.0407347990546 	0.1177584155181382 	101373.1643323757
0.7344844844844839 	300.0412668400074 	0.1192899145100703 	101373.793586169
0.7369869869869864 	300.0410098467802 	0.118550666379343 	101373.489691018
0.739489489489489 	300.0399671793209 	0.1154723610033422 	101372.2567279611
0.7419919919919914 	300.0381361654074 	0.1101698195988708 	101370.0915577358
0.7444944944944939 	300.0355461809505 	0.1027070928626063 	101367.0288056096
0.7469969969969963 	300.0322502538966 	0.09318228494311451 	101363.1313548032
0.7494994994994989 	300.0283121458033 	0.08182737222189057 	101358.4746317743
0.7520020020020015 	300.0238268381738 	0.06883430557366603 	101353.171019546
0.7545045045045039 	300.018891882279 	0.05455344448312667 	101347.3359672825
0.7570070070070062 	300.0135958929608 	0.03928888530828165 	101341.0742465715
0.7595095095095092 	300.0080641641728 	0.02330270465421199 	101334.5341126651
0.7620120120120112 	300.0024184946911 	0.009697223590429115 	101327.8595602938
0.7645145145145138 	299.9967493237623 	0.009498889627576579 	101321.1575311341
0.7670170170170165 	299.9911454394755 	0.02567731910134774 	101314.5330011204
0.7695195195195191 	299.9857171974465 	0.04133768255271006 	101308.1163526246
0.7720220220220213 	299.9805649619336 	0.05618770128207287 	101302.026254691
0.7745245245245239 	299.9758017337388 	0.06993582705949722 	101296.3961859368
0.7770270270270263 	299.9715202416243 	0.08236699561224509 	101291.3357131845
0.779529529529529 	299.9677897284516 	0.09313456804617117 	101286.9266018298
0.7820320320320313 	299.964679442483 	0.1020981959855605 	101283.2506001314
0.784534534534534 	299.962256347868 	0.1091147129162315 	101280.3868428167
0.7870370370370364 	299.9605528616856 	0.1140443994710831 	101278.3735329955
0.7895395395395389 	299.9595997124423 	0.1168584170072917 	101277.2470045603
0.7920420420420413 	299.9593922567392 	0.117442951913552 	101277.0018253277
0.794544544544544 	299.9599146818795 	0.1158751463587749 	101277.6191683806
0.7970470470470463 	299.9611551996231 	0.1122464917013754 	101279.0851377138
0.799549549549549 	299.9630981852642 	0.1066391345996734 	101281.3813270502
0.8020520520520515 	299.9656906518777 	0.09916989992751218 	101284.445163772
0.8045545545545539 	299.9688932517513 	0.08990098185336318 	101288.2301619026
0.8070570570570563 	299.9726388070673 	0.07906064584950626 	101292.6569956314
0.8095595595595589 	299.9768563618328 	0.06687232623316883 	101297.6418534256
0.8120620620620614 	299.9814620817644 	0.05359204527308565 	101303.0857215314
0.8145645645645638 	299.9863606424962 	0.03949863906028622 	101308.8759752806
0.8170670670670666 	299.991434445549 	0.02478296164987901 	101314.8736153059
0.8195695695695689 	299.9966098029112 	0.01001017224511437 	101320.9915743481
0.8220720720720714 	300.0018181389492 	0.005351737371162684 	101327.1487755197
0.8245745745745739 	300.0070392189026 	0.02045985041149262 	101333.3213329016
0.8270770770770765 	300.0121987534299 	0.03537606894754236 	101339.4214086207
0.8295795795795788 	300.0172056317213 	0.04983000613523386 	101345.341247917
0.8320820820820815 	300.0219716557737 	0.06355058186400234 	101350.9765625405
0.834584584584584 	300.0263929124644 	0.07631307630549641 	101356.2044203412
0.8370870870870865 	300.0303756680831 	0.08782696183225318 	101360.9139777565
0.8395895895895891 	300.0338401397512 	0.09783912120811147 	101365.0108101829
0.8420920920920915 	300.0367055060989 	0.1061212310979053 	101368.3992801644
0.844594594594594 	300.0389093574325 	0.1124971225898867 	101371.0055539904
0.8470970970970964 	300.0403999066904 	0.1168122648556716 	101372.7683112308
0.8495995995995991 	300.04112717988 	0.1189320511477285 	101373.6284549062
0.8521021021021015 	300.0410711608583 	0.1187641212479959 	101373.5622351905
0.8546046046046039 	300.0402274706548 	0.1162540149867032 	101372.5645530087
0.8571071071071066 	300.0385876881381 	0.1114767144555271 	101370.6255276227
0.8596096096096089 	300.036176245584 	0.1045033720708309 	101367.7739079403
0.8621121121121116 	300.033042275555 	0.09544665418454928 	101364.0679643985
0.8646146146146139 	300.0292485311017 	0.08449858079980112 	101359.581915402
0.8671171171171166 	300.0248871672582 	0.07188488141670428 	101354.4248197372
0.8696196196196189 	300.0200551915458 	0.0579234020024248 	101348.7114739226
0.8721221221221216 	300.0148401296326 	0.04290743893869484 	101342.5453781572
0.874624624624624 	300.0093626516987 	0.02711498905747747 	101336.06933179
0.8771271271271264 	300.003743911113 	0.01082700416785573 	101329.426543314
0.879629629629629 	299.998078265105 	0.00579645066471428 	101322.7286041709
0.8821321321321317 	299.9924559839619 	0.0218883836866873 	101316.0822498744
0.8846346346346339 	299.9869821872495 	0.03772044415373949 	101309.611685302
0.8871371371371364 	299.9817570334393 	0.05276725720478273 	101303.4353456177
0.8896396396396391 	299.9769013733209 	0.06679421777335606 	101297.6959728197
0.8921421421421414 	299.9725185451243 	0.07951120080193205 	101292.5156720818
0.8946446446446441 	299.9686754466434 	0.09057907866000028 	101287.9734552249
0.8971471471471464 	299.9654405392902 	0.09986790017083599 	101284.1501439782
0.8996496496496489 	299.9628828483922 	0.1072363860289025 	101281.127318427
0.9021521521521517 	299.9610281248628 	0.1126283545481164 	101278.935277437
0.9046546546546541 	299.9599114901669 	0.1159375920871263 	101277.6155222248
0.9071571571571564 	299.9595362360516 	0.1170439834713203 	101277.1720093493
0.9096596596596589 	299.959882889935 	0.115991434174197 	101277.5816470405
0.9121621621621616 	299.9609480504907 	0.1128463487516463 	101278.8403873359
0.9146646646646639 	299.9627229128517 	0.1077859373401635 	101280.9378881955
0.9171671671671666 	299.9651420056017 	0.100817390411593 	101283.7968028263
0.9196696696696689 	299.9681719459669 	0.09200027194014082 	101287.3777087775
0.9221721721721714 	299.9717575805197 	0.08158058508327903 	101291.6155067027
0.9246746746746741 	299.9758358341882 	0.06972969970052777 	101296.4356910226
0.9271771771771765 	299.9803423314921 	0.05679202008861783 	101301.762231983
0.9296796796796791 	299.9851856307141 	0.04292053543271803 	101307.4870953527
0.9321821821821816 	299.9902225232925 	0.02829654426441451 	101313.4410352582
0.9346846846846838 	299.9953731750395 	0.01335291472988217 	101319.5297322805
0.9371871871871866 	300.000548921774 	0.00658756953203117 	101325.6483599397
0.9396896896896891 	300.0057257564658 	0.01661358179222544 	101331.7685352793
0.9421921921921914 	300.0108649393866 	0.03148035237852728 	101337.8444697669
0.9446946946946939 	300.0158941805821 	0.04602755601665857 	101343.7906725502
0.9471971971971965 	300.0207086570616 	0.05994550029045022 	101349.483218508
0.9496996996996991 	300.0252223172226 	0.0730196120634144 	101354.8202973762
0.9522022022022016 	300.029346243606 	0.08486813596751619 	101359.6967206327
0.9547047047047038 	300.0329783040874 	0.09535139092343725 	101363.9916901759
0.9572072072072064 	300.0360319412262 	0.1041930352954893 	101367.602769401
0.9597097097097093 	300.0384381073099 	0.11111501825498 	101370.448285583
0.9622122122122114 	300.040115990348 	0.1159809819488316 	101372.4325949677
0.964714714714714 	300.0410175437202 	0.1185429503497506 	101373.4988243669
0.9672172172172167 	300.0411108243665 	0.1188000027847604 	101373.6091687133
0.969719719719719 	300.0403787731464 	0.1167125929831387 	101372.7435015152
0.9722222222222214 	300.0388444689941 	0.1122756143060532 	101370.9292062484
0.9747247247247239 	300.0365571649395 	0.1056575783191039 	101368.2244076314
0.9772272272272267 	300.0335581297675 	0.09696352220206997 	101364.6779906743
0.9797297297297292 	300.0299119604857 	0.08641865238451756 	101360.3664349064
0.9822322322322313 	300.0256841098778 	0.07419926955925575 	101355.3671885624
0.9847347347347344 	300.0209501662126 	0.06052380058742983 	101349.7697136476
0.9872372372372363 	300.0158215336572 	0.04571351218503691 	101343.7057852703
0.9897397397397389 	300.0104100996129 	0.03004375670858909 	101337.307747246
0.9922422422422417 	300.0048156747743 	0.01388595449183552 	101330.6936540823
0.9947447447447441 	299.9991444285646 	0.007384324204060467 	101323.9890412248
0.9972472472472468 	299.9934735894573 	0.0189229322978934 	101317.2852254606
0.999749749749749 	299.9879075245968 	0.03500261772845456 	101310.7055622677
1.002252252252252 	299.982585957806 	0.05038635495128822 	101304.4151915302
1.004754754754754 	299.9776328536176 	0.06468061032683065 	101298.560603424
1.007257257257256 	299.9731597072425 	0.07758667183335625 	101293.2735195654
1.009759759759759 	299.9692642983144 	0.08886763168223014 	101288.6694509422
1.012262262262261 	299.9660075348349 	0.09829474952984391 	101284.8203093758
1.014764764764764 	299.9634199445298 	0.1057678223664802 	101281.762113357
1.017267267267267 	299.9615226071302 	0.1112421661723164 	101279.5197160898
1.019769769769769 	299.9603132986567 	0.1147390438998687 	101278.0904403205
1.022272272272272 	299.9597854208307 	0.1162851738663969 	101277.4665394607
1.024774774774774 	299.9599347992278 	0.1158705493011441 	101277.6430584081
1.027277277277277 	299.9607394364645 	0.1135410161893951 	101278.5939185848
1.029779779779779 	299.962181713359 	0.1093345762957753 	101280.2983533278
1.032282282282282 	299.9642617336364 	0.1033195848798288 	101282.7565229555
1.034784784784784 	299.9669642119741 	0.09551973697348226 	101285.9503957767
1.037287287287286 	299.9702714505825 	0.08592363946726084 	101289.8591042153
1.039789789789789 	299.9741595273462 	0.07465878527988602 	101294.454438098
1.042292292292291 	299.9785704825906 	0.06187263921699796 	101299.6679562498
1.044794794794794 	299.9834389046713 	0.04779687522288194 	101305.4224178172
1.047297297297296 	299.988685399559 	0.0327028695387226 	101311.6240342485
1.049799799799799 	299.9941829383447 	0.01680197458093206 	101318.1226990361
1.052302302302302 	299.9998173577496 	0.008088475983760866 	101324.7834922918
1.054804804804804 	300.0055134898405 	0.01600605410595433 	101331.5175664551
1.057307307307306 	300.0111582584792 	0.03229632550737836 	101338.1912529647
1.059809809809809 	300.0165829111703 	0.04794781231003688 	101344.6050128762
1.062312312312312 	300.0216185020785 	0.0624761540476462 	101350.5590497497
1.064814814814814 	300.0261117924009 	0.07544039135199908 	101355.8721066384
1.067317317317317 	300.029933702577 	0.08646954772981261 	101360.3914686886
1.069819819819819 	300.0329866991148 	0.09528347713672021 	101364.0017280592
1.072322322322321 	300.0352100436742 	0.101707723104484 	101366.6309798261
1.074824824824824 	300.0365822894423 	0.1056806434809217 	101368.2538053532
1.077327327327327 	300.0371209216187 	0.1072522290323061 	101368.8908236337
1.079829829829829 	300.036879088965 	0.1065748840945221 	101368.6048744903
1.082332332332332 	300.0359399868377 	0.1038874861153305 	101367.4944196768
1.084834834834834 	300.0344097733022 	0.09949441053886923 	101365.6849711262
1.087337337337337 	300.0324088900792 	0.09374103788429786 	101363.3189205305
1.089839839839839 	300.0300630154342 	0.08698834960923994 	101360.5449486645
1.092342342342342 	300.0274949980791 	0.07958933732904586 	101357.5083441982
1.094844844844844 	300.0248177778893 	0.07186889854621573 	101354.3426697969
1.097347347347347 	300.0221290645085 	0.0641086487403342 	101351.1634685395
1.099849849849849 	300.0195081335414 	0.05653788786774121 	101348.0644771193
1.102352352352352 	300.0170150965881 	0.04933133197053018 	101345.1167654106
1.104854854854854 	300.0146922665524 	0.04261247663879071 	101342.3703537286
1.107357357357357 	300.0125664585165 	0.0364599489113227 	101339.8569356287
1.109859859859859 	300.010651523893 	0.03091478312836001 	101337.5928760696
1.112362362362362 	300.0089508925469 	0.02598774818534767 	101335.5822187864
1.114864864864865 	300.0074599786745 	0.02166629556865269 	101333.8195324961
1.117367367367367 	300.0061683555563 	0.0179208450194355 	101332.2924813109
1.119869869869869 	300.0050616399805 	0.0147102428295717 	101330.9840532644
1.122372372372372 	300.0041230652731 	0.01198632422387139 	101329.8744201417
1.124874874874874 	300.0033347446322 	0.009697584352911386 	101328.9424315096
1.127377377377377 	300.0026786466631 	0.007792013681273744 	101328.1667666192
1.129879879879879 	300.0021373110704 	0.00621918614536375 	101327.5267808982
1.132382382382382 	300.0016943429765 	0.004931705383885045 	101327.0030905305
1.134884884884884 	300.0013347250682 	0.003886119768486804 	101326.5779406192
1.137387387387387 	300.0010449834997 	0.003043413689232867 	101326.2354010053
1.139889889889889 	300.0008132411549 	0.002369173880808525 	101325.9614301401
1.142392392392392 	300.0006291912312 	0.00183351755353267 	101325.7438424389
1.144894894894894 	300.0004840125588 	0.001410855631695349 	101325.5722090236
1.147397397397397 	300.000370249522 	0.001079550991972241 	101325.4377161947
1.149899899899899 	300.0002816740173 	0.0008215186204823411 	101325.3330007508
1.152402402402402 	300.000213138325 	0.0006218034101333717 	101325.2519765962
1.154904904904904 	300.0001604294721 	0.000468161214191052 	101325.1896630594
1.157407407407407 	300.0001201314945 	0.0003506608567971691 	101325.1420220213
1.159909909909909 	300.0000894994258 	0.0002613180605004049 	101325.1058082986
1.162412412412412 	300.0000663458293 	0.0001937673667107363 	101325.0784356759
1.164914914914914 	300.000048941199 	0.0001429742870262234 	101325.0578594633
1.167417417417417 	300.000035928353 	0.0001049872740986766 	101325.0424753853
1.169919919919919 	300.0000262505414 	7.672742783366314e-05 	101325.03103389
1.172422422422422 	300.0000190900923 	5.581259699537857e-05 	101325.0225685384
1.174924924924925 	300.0000138188094 	4.041220340057112e-05 	101325.016336914
1.177427427427427 	300.0000099577635 	2.91287142520644e-05 	101325.0117724216
1.179929929929929 	300.0000071437073 	2.090197087184694e-05 	101325.0084453847
1.182432432432432 	300.0000051023799 	1.493268655583494e-05 	101325.0060319603
1.184934934934934 	300.0000036283898 	1.062184161487699e-05 	101325.0042895277
1.187437437437437 	300.0000025691317 	7.523131671872942e-06 	101325.0030373725
1.189939939939939 	300.0000018114632 	5.30589676152756e-06 	101325.002141652
1.192442442442442 	300.0000012718085 	3.726528451816557e-06 	101325.0015037855
1.194944944944944 	300.0000008892824 	2.606501052078709e-06 	101325.001051555
1.197447447447447 	300.0000006194498 	1.8156906493633e-06 	101325.0007323346
1.199949949949949 	300.0000004297323 	1.259729361081542e-06 	101325.0005079724
1.202452452452452 	300.0000002967368 	8.705304907293278e-07 	101325.0003509495
1.204954954954955 	300.0000002041454 	5.992162621818265e-07 	101325.0002415145
1.207457457457457 	300.0000001399983 	4.108561022960665e-07 	101325.0001655598
1.20995995995996 	300.0000000955793 	2.80625052303712e-07 	101325.0001130571
1.212462462462462 	300.0000000650236 	1.9094048359094e-07 	101325.0000769113
1.214964964964964 	300.0000000440552 	1.29429221613937e-07 	101325.0000521253
1.217467467467467 	300.0000000297254 	8.740146562363952e-08 	101325.0000351957
1.219969969969969 	300.0000000199412 	5.880179551672424e-08 	101325.0000236769
1.222472472472472 	300.0000000134916 	3.941162315147684e-08 	101325.0000158694
1.224974974974975 	300.0000000091094 	2.631560478488e-08 	101325.0000105974
1.227477477477477 	300.0000000059576 	1.750692946863642e-08 	101325.0000070505
1.229979979979979 	300.0000000038989 	1.159986250634629e-08 	101325.0000046727
1.232482482482482 	300.0000000024581 	7.659701462864958e-09 	101325.0000030841
1.234984984984984 	300.0000000015599 	5.036762230747181e-09 	101325.0000020258
1.237487487487487 	300.0000000010575 	3.305409914669013e-09 	101325.000001322
1.239989989989989 	300.0000000006816 	2.166608496467528e-09 	101325.0000008544
1.242492492492492 	300.0000000005193 	1.426468385140068e-09 	101325.0000005426
1.244994994994994 	300.0000000002468 	9.604591735930203e-10 	101325.0000003322
1.247497497497497 	300.0000000000982 	6.525120983390276e-10 	101325.0000001844
1.249999999999999 	300.0000000001182 	5.251905420420343e-10 	101325.0000000827
