/*--------------------------------*- C++ -*----------------------------------*\
  =========                 |
  \\      /  F ield         | OpenFOAM: The Open Source CFD Toolbox
   \\    /   O peration     | Website:  https://openfoam.org
    \\  /    A nd           | Version:  7
     \\/     M anipulation  |
\*---------------------------------------------------------------------------*/
FoamFile
{
    version     2.0;
    format      ascii;
    class       volScalarField;
    location    "0.00183";
    object      rho;
}
// * * * * * * * * * * * * * * * * * * * * * * * * * * * * * * * * * * * * * //

dimensions      [1 -3 0 0 0 0 0];

internalField   nonuniform List<scalar> 
5000
(
1.0650288
1.0650933
1.0651933
1.0652726
1.0653727
1.0654525
1.0655527
1.0656327
1.065733
1.0658129
1.0659133
1.0659932
1.0660936
1.0661735
1.0662739
1.0663538
1.0664542
1.0665341
1.0666345
1.0667144
1.0668147
1.0668946
1.066995
1.0670748
1.0671752
1.067255
1.0673553
1.0674351
1.0675355
1.0676152
1.0677156
1.0677953
1.0678955
1.0679753
1.0680757
1.0681551
1.0682556
1.0683352
1.0684353
1.0685151
1.0686154
1.0686946
1.0687953
1.0688745
1.0689747
1.0690546
1.0691542
1.0692343
1.0693343
1.0694134
1.0695143
1.069593
1.0696934
1.0697735
1.0698714
1.0699548
1.0700491
1.070136
1.0702271
1.0703165
1.0704057
1.0704964
1.0705849
1.0706758
1.0707642
1.070855
1.0709437
1.0710341
1.071123
1.0712133
1.0713023
1.0713924
1.0714815
1.0715715
1.0716606
1.0717506
1.0718397
1.0719297
1.0720187
1.0721087
1.0721977
1.0722876
1.0723766
1.0724665
1.0725555
1.0726454
1.0727344
1.0728243
1.0729132
1.073003
1.0730919
1.0731818
1.0732706
1.0733605
1.0734493
1.0735391
1.0736279
1.0737177
1.0738065
1.0738962
1.073985
1.0740747
1.0741634
1.0742531
1.0743418
1.0744315
1.0745201
1.0746098
1.0746985
1.074788
1.0748769
1.0749663
1.0750553
1.0751445
1.0752337
1.0753228
1.0754121
1.0755011
1.0755904
1.0756794
1.0757688
1.0758578
1.0759471
1.0760361
1.0761255
1.0762144
1.0763038
1.0763927
1.0764821
1.076571
1.0766603
1.0767492
1.0768385
1.0769274
1.0770167
1.0771056
1.0771948
1.0772837
1.0773729
1.0774618
1.077551
1.0776398
1.077729
1.0778178
1.077907
1.0779958
1.0780849
1.0781737
1.0782628
1.0783516
1.0784407
1.0785294
1.0786185
1.0787072
1.0787963
1.078885
1.078974
1.0790627
1.0791517
1.0792404
1.0793294
1.079418
1.079507
1.0795956
1.0796846
1.0797731
1.0798621
1.0799507
1.0800396
1.0801281
1.0802171
1.0803056
1.0803945
1.080483
1.0805719
1.0806604
1.0807492
1.0808377
1.0809265
1.081015
1.0811038
1.0811922
1.081281
1.0813694
1.0814582
1.0815466
1.0816354
1.0817237
1.0818125
1.0819008
1.0819895
1.0820779
1.0821666
1.0822549
1.0823436
1.0824318
1.0825205
1.0826088
1.0826974
1.0827857
1.0828743
1.0829625
1.0830512
1.0831394
1.083228
1.0833162
1.0834047
1.0834929
1.0835815
1.0836696
1.0837581
1.0838463
1.0839348
1.0840229
1.0841114
1.0841995
1.084288
1.0843761
1.0844645
1.0845526
1.084641
1.0847291
1.0848175
1.0849055
1.0849939
1.0850819
1.0851703
1.0852583
1.0853467
1.0854347
1.085523
1.085611
1.0856993
1.0857872
1.0858755
1.0859634
1.0860518
1.0861396
1.0862279
1.0863158
1.0864041
1.0864919
1.0865801
1.086668
1.0867562
1.086844
1.0869322
1.08702
1.0871081
1.0871959
1.0872841
1.0873718
1.0874599
1.0875477
1.0876358
1.0877235
1.0878116
1.0878993
1.0879874
1.088075
1.0881631
1.0882507
1.0883388
1.0884265
1.0885145
1.0886022
1.0886902
1.0887778
1.0888659
1.0889535
1.0890416
1.0891292
1.0892172
1.0893048
1.0893929
1.0894805
1.0895685
1.0896561
1.0897442
1.0898317
1.0899197
1.0900074
1.0900953
1.090183
1.0902709
1.0903585
1.0904464
1.0905341
1.0906219
1.0907096
1.0907973
1.090885
1.0909727
1.0910604
1.0911481
1.0912358
1.0913234
1.0914111
1.0914987
1.0915863
1.0916739
1.0917615
1.0918491
1.0919366
1.0920242
1.0921117
1.0921992
1.0922867
1.0923742
1.0924616
1.0925491
1.0926365
1.0927239
1.0928113
1.0928986
1.092986
1.0930733
1.0931606
1.0932478
1.0933351
1.0934223
1.0935095
1.0935967
1.0936839
1.093771
1.0938581
1.0939452
1.0940322
1.0941193
1.0942063
1.0942932
1.0943802
1.0944671
1.094554
1.0946408
1.0947276
1.0948144
1.0949012
1.0949879
1.0950746
1.0951612
1.0952479
1.0953344
1.095421
1.0955075
1.095594
1.0956804
1.0957668
1.0958531
1.0959395
1.0960257
1.096112
1.0961982
1.0962843
1.0963704
1.0964565
1.0965425
1.0966284
1.0967144
1.0968003
1.0968861
1.0969719
1.0970576
1.0971433
1.0972289
1.0973145
1.0974
1.0974855
1.097571
1.0976564
1.0977417
1.097827
1.0979122
1.0979974
1.0980825
1.0981675
1.0982525
1.0983375
1.0984224
1.0985072
1.098592
1.0986767
1.0987614
1.098846
1.0989305
1.099015
1.0990994
1.0991838
1.0992681
1.0993524
1.0994366
1.0995207
1.0996047
1.0996887
1.0997727
1.0998565
1.0999404
1.1000241
1.1001078
1.1001914
1.100275
1.1003584
1.1004419
1.1005252
1.1006085
1.1006917
1.1007749
1.100858
1.100941
1.101024
1.1011068
1.1011897
1.1012724
1.1013551
1.1014377
1.1015203
1.1016027
1.1016852
1.1017675
1.1018498
1.101932
1.1020141
1.1020962
1.1021782
1.1022601
1.102342
1.1024238
1.1025055
1.1025872
1.1026688
1.1027503
1.1028318
1.1029132
1.1029945
1.1030758
1.103157
1.1032382
1.1033192
1.1034003
1.1034812
1.1035621
1.103643
1.1037238
1.1038045
1.1038851
1.1039658
1.1040463
1.1041268
1.1042072
1.1042876
1.1043679
1.1044482
1.1045284
1.1046086
1.1046887
1.1047687
1.1048487
1.1049287
1.1050086
1.1050884
1.1051682
1.105248
1.1053277
1.1054073
1.1054869
1.1055664
1.105646
1.1057254
1.1058048
1.1058842
1.1059635
1.1060428
1.106122
1.1062012
1.1062803
1.1063594
1.1064385
1.1065175
1.1065965
1.1066754
1.1067543
1.1068332
1.106912
1.1069908
1.1070695
1.1071482
1.1072269
1.1073055
1.1073841
1.1074627
1.1075412
1.1076197
1.1076982
1.1077766
1.107855
1.1079334
1.1080117
1.10809
1.1081683
1.1082465
1.1083247
1.1084029
1.1084811
1.1085592
1.1086373
1.1087154
1.1087934
1.1088715
1.1089495
1.1090275
1.1091054
1.1091833
1.1092613
1.1093392
1.109417
1.1094949
1.1095727
1.1096505
1.1097283
1.1098061
1.1098839
1.1099616
1.1100393
1.110117
1.1101947
1.1102724
1.1103501
1.1104277
1.1105054
1.110583
1.1106606
1.1107383
1.1108159
1.1108934
1.110971
1.1110486
1.1111261
1.1112037
1.1112812
1.1113588
1.1114363
1.1115138
1.1115914
1.1116689
1.1117464
1.1118239
1.1119014
1.1119789
1.1120564
1.1121339
1.1122113
1.1122888
1.1123663
1.1124438
1.1125213
1.1125987
1.1126762
1.1127537
1.1128312
1.1129086
1.1129861
1.1130636
1.1131411
1.1132186
1.1132961
1.1133736
1.1134511
1.1135286
1.1136061
1.1136836
1.1137611
1.1138387
1.1139162
1.1139938
1.1140714
1.114149
1.1142266
1.1143042
1.1143818
1.1144595
1.1145372
1.1146149
1.1146926
1.1147703
1.1148481
1.1149259
1.1150037
1.1150815
1.1151594
1.1152373
1.1153152
1.1153932
1.1154712
1.1155492
1.1156272
1.1157053
1.1157835
1.1158616
1.1159398
1.1160181
1.1160964
1.1161747
1.1162531
1.1163315
1.11641
1.1164885
1.1165671
1.1166457
1.1167244
1.1168031
1.1168819
1.1169607
1.1170396
1.1171185
1.1171975
1.1172765
1.1173556
1.1174348
1.117514
1.1175933
1.1176726
1.117752
1.1178315
1.117911
1.1179906
1.1180703
1.11815
1.1182298
1.1183096
1.1183896
1.1184695
1.1185496
1.1186297
1.1187099
1.1187902
1.1188705
1.118951
1.1190314
1.119112
1.1191926
1.1192733
1.1193541
1.119435
1.1195159
1.1195969
1.119678
1.1197591
1.1198404
1.1199217
1.1200031
1.1200845
1.1201661
1.1202477
1.1203294
1.1204112
1.120493
1.120575
1.120657
1.1207391
1.1208213
1.1209035
1.1209859
1.1210683
1.1211508
1.1212334
1.121316
1.1213988
1.1214816
1.1215645
1.1216475
1.1217306
1.1218137
1.1218969
1.1219802
1.1220636
1.1221471
1.1222307
1.1223143
1.122398
1.1224818
1.1225657
1.1226497
1.1227337
1.1228178
1.1229021
1.1229863
1.1230707
1.1231551
1.1232396
1.1233242
1.1234089
1.1234937
1.1235785
1.1236634
1.1237484
1.1238334
1.1239186
1.1240038
1.124089
1.1241744
1.1242598
1.1243453
1.1244308
1.1245165
1.1246022
1.1246879
1.1247738
1.1248597
1.1249456
1.1250317
1.1251178
1.1252039
1.1252901
1.1253764
1.1254627
1.1255491
1.1256356
1.1257221
1.1258087
1.1258953
1.125982
1.1260687
1.1261555
1.1262423
1.1263292
1.1264161
1.1265031
1.1265901
1.1266772
1.1267643
1.1268515
1.1269387
1.1270259
1.1271132
1.1272005
1.1272879
1.1273753
1.1274627
1.1275502
1.1276377
1.1277253
1.1278128
1.1279005
1.1279881
1.1280758
1.1281635
1.1282512
1.128339
1.1284268
1.1285146
1.1286025
1.1286904
1.1287783
1.1288662
1.1289542
1.1290422
1.1291302
1.1292182
1.1293063
1.1293943
1.1294824
1.1295705
1.1296587
1.1297468
1.129835
1.1299232
1.1300114
1.1300996
1.1301878
1.1302761
1.1303644
1.1304526
1.1305409
1.1306292
1.1307175
1.1308059
1.1308942
1.1309826
1.1310709
1.1311593
1.1312477
1.1313361
1.1314245
1.1315129
1.1316013
1.1316897
1.1317781
1.1318665
1.131955
1.1320434
1.1321318
1.1322203
1.1323087
1.1323972
1.1324856
1.1325741
1.1326625
1.132751
1.1328394
1.1329279
1.1330163
1.1331048
1.1331932
1.1332817
1.1333702
1.1334586
1.1335471
1.1336355
1.133724
1.1338124
1.1339009
1.1339894
1.1340778
1.1341663
1.1342547
1.1343432
1.1344316
1.1345201
1.1346085
1.134697
1.1347854
1.1348738
1.1349623
1.1350507
1.1351392
1.1352276
1.135316
1.1354045
1.1354929
1.1355813
1.1356697
1.1357581
1.1358466
1.135935
1.1360234
1.1361118
1.1362002
1.1362886
1.136377
1.1364654
1.1365538
1.1366422
1.1367306
1.136819
1.1369074
1.1369958
1.1370842
1.1371725
1.1372609
1.1373493
1.1374376
1.137526
1.1376143
1.1377027
1.137791
1.1378793
1.1379677
1.138056
1.1381443
1.1382327
1.138321
1.1384093
1.1384976
1.1385859
1.1386742
1.1387625
1.1388508
1.138939
1.1390273
1.1391156
1.1392038
1.1392921
1.1393804
1.1394686
1.1395569
1.1396451
1.1397333
1.1398216
1.1399098
1.139998
1.1400862
1.1401745
1.1402627
1.1403509
1.1404391
1.1405273
1.1406155
1.1407038
1.140792
1.1408802
1.1409683
1.1410565
1.1411447
1.1412329
1.141321
1.1414092
1.1414974
1.1415855
1.1416737
1.1417618
1.14185
1.1419381
1.1420263
1.1421144
1.1422025
1.1422906
1.1423787
1.1424669
1.142555
1.1426431
1.1427312
1.1428193
1.1429074
1.1429954
1.1430835
1.1431716
1.1432596
1.1433477
1.1434357
1.1435238
1.1436118
1.1436999
1.1437879
1.1438759
1.1439639
1.1440519
1.14414
1.1442279
1.1443159
1.1444039
1.1444919
1.1445799
1.1446678
1.1447558
1.1448437
1.1449317
1.1450196
1.1451075
1.1451954
1.1452833
1.1453712
1.1454592
1.145547
1.145635
1.1457228
1.1458107
1.1458985
1.1459864
1.1460743
1.1461621
1.14625
1.1463378
1.1464257
1.1465135
1.1466013
1.1466892
1.146777
1.1468648
1.1469526
1.1470404
1.1471282
1.147216
1.1473039
1.1473916
1.1474794
1.1475672
1.147655
1.1477428
1.1478305
1.1479183
1.1480061
1.1480939
1.1481816
1.1482694
1.1483571
1.1484449
1.1485326
1.1486204
1.1487081
1.1487958
1.1488836
1.1489713
1.149059
1.1491467
1.1492345
1.1493222
1.1494099
1.1494976
1.1495853
1.149673
1.1497607
1.1498484
1.1499361
1.1500238
1.1501114
1.1501991
1.1502868
1.1503744
1.1504621
1.1505498
1.1506374
1.1507251
1.1508127
1.1509003
1.150988
1.1510756
1.1511632
1.1512509
1.1513385
1.1514261
1.1515137
1.1516013
1.1516889
1.1517764
1.151864
1.1519516
1.1520392
1.1521268
1.1522144
1.1523019
1.1523895
1.152477
1.1525646
1.1526521
1.1527397
1.1528272
1.1529148
1.1530024
1.1530899
1.1531774
1.1532649
1.1533524
1.1534399
1.1535275
1.153615
1.1537025
1.15379
1.1538775
1.153965
1.1540525
1.15414
1.1542275
1.1543149
1.1544024
1.1544899
1.1545774
1.1546649
1.1547523
1.1548398
1.1549273
1.1550147
1.1551022
1.1551896
1.155277
1.1553645
1.1554519
1.1555394
1.1556268
1.1557143
1.1558017
1.1558891
1.1559765
1.1560639
1.1561513
1.1562387
1.1563261
1.1564135
1.1565009
1.1565883
1.1566757
1.1567631
1.1568505
1.1569378
1.1570252
1.1571126
1.1571999
1.1572873
1.1573746
1.157462
1.1575493
1.1576366
1.157724
1.1578113
1.1578987
1.157986
1.1580733
1.1581606
1.158248
1.1583353
1.1584226
1.1585099
1.1585972
1.1586845
1.1587718
1.1588591
1.1589463
1.1590336
1.1591209
1.1592082
1.1592955
1.1593827
1.15947
1.1595573
1.1596445
1.1597318
1.159819
1.1599063
1.1599935
1.1600808
1.160168
1.1602553
1.1603425
1.1604297
1.160517
1.1606042
1.1606914
1.1607786
1.1608658
1.160953
1.1610402
1.1611274
1.1612146
1.1613018
1.161389
1.1614762
1.1615633
1.1616505
1.1617377
1.1618248
1.161912
1.1619991
1.1620863
1.1621735
1.1622606
1.1623478
1.1624349
1.162522
1.1626091
1.1626962
1.1627833
1.1628704
1.1629575
1.1630446
1.1631317
1.1632188
1.1633059
1.163393
1.16348
1.1635671
1.1636541
1.1637412
1.1638282
1.1639152
1.1640023
1.1640893
1.1641763
1.1642633
1.1643503
1.1644374
1.1645244
1.1646113
1.1646984
1.1647853
1.1648723
1.1649593
1.1650463
1.1651332
1.1652202
1.1653072
1.1653941
1.1654811
1.165568
1.165655
1.1657419
1.1658289
1.1659158
1.1660027
1.1660897
1.1661766
1.1662635
1.1663505
1.1664374
1.1665243
1.1666112
1.1666981
1.166785
1.1668719
1.1669588
1.1670457
1.1671326
1.1672195
1.1673064
1.1673933
1.1674802
1.167567
1.1676539
1.1677408
1.1678277
1.1679145
1.1680014
1.1680883
1.1681751
1.168262
1.1683488
1.1684357
1.1685226
1.1686094
1.1686963
1.1687831
1.1688699
1.1689568
1.1690436
1.1691304
1.1692173
1.1693041
1.1693909
1.1694777
1.1695645
1.1696513
1.1697382
1.169825
1.1699118
1.1699986
1.1700854
1.1701722
1.1702589
1.1703457
1.1704325
1.1705193
1.1706061
1.1706929
1.1707796
1.1708664
1.1709532
1.17104
1.1711267
1.1712135
1.1713002
1.171387
1.1714737
1.1715605
1.1716472
1.171734
1.1718207
1.1719075
1.1719942
1.172081
1.1721677
1.1722544
1.1723411
1.1724278
1.1725146
1.1726013
1.172688
1.1727747
1.1728614
1.1729482
1.1730349
1.1731216
1.1732083
1.173295
1.1733817
1.1734683
1.1735551
1.1736417
1.1737284
1.1738151
1.1739018
1.1739885
1.1740751
1.1741618
1.1742484
1.1743351
1.1744217
1.1745084
1.1745951
1.1746817
1.1747684
1.174855
1.1749416
1.1750282
1.1751149
1.1752015
1.1752881
1.1753748
1.1754613
1.175548
1.1756345
1.1757211
1.1758077
1.1758943
1.1759809
1.1760674
1.176154
1.1762405
1.1763271
1.1764136
1.1765002
1.1765867
1.1766732
1.1767597
1.1768463
1.1769327
1.1770192
1.1771057
1.1771922
1.1772787
1.1773652
1.1774516
1.1775381
1.1776245
1.177711
1.1777974
1.1778839
1.1779703
1.1780567
1.1781431
1.1782295
1.1783159
1.1784023
1.1784887
1.178575
1.1786614
1.1787477
1.1788341
1.1789204
1.1790067
1.1790931
1.1791794
1.1792657
1.179352
1.1794383
1.1795246
1.1796109
1.1796972
1.1797835
1.1798698
1.179956
1.1800422
1.1801285
1.1802147
1.180301
1.1803872
1.1804734
1.1805597
1.1806459
1.1807321
1.1808183
1.1809045
1.1809907
1.1810769
1.181163
1.1812492
1.1813354
1.1814216
1.1815077
1.1815939
1.18168
1.1817662
1.1818523
1.1819385
1.1820246
1.1821108
1.1821969
1.182283
1.1823691
1.1824553
1.1825414
1.1826275
1.1827136
1.1827997
1.1828858
1.1829719
1.183058
1.1831441
1.1832302
1.1833163
1.1834023
1.1834884
1.1835745
1.1836606
1.1837467
1.1838327
1.1839188
1.1840049
1.1840909
1.184177
1.184263
1.1843491
1.1844351
1.1845212
1.1846072
1.1846932
1.1847793
1.1848653
1.1849513
1.1850373
1.1851233
1.1852094
1.1852954
1.1853814
1.1854674
1.1855534
1.1856394
1.1857254
1.1858113
1.1858973
1.1859833
1.1860693
1.1861552
1.1862412
1.1863272
1.1864131
1.1864991
1.186585
1.1866709
1.1867569
1.1868428
1.1869287
1.1870146
1.1871005
1.1871864
1.1872723
1.1873582
1.1874441
1.18753
1.1876158
1.1877017
1.1877876
1.1878734
1.1879592
1.1880451
1.1881309
1.1882167
1.1883026
1.1883884
1.1884742
1.18856
1.1886458
1.1887315
1.1888173
1.1889031
1.1889888
1.1890746
1.1891603
1.189246
1.1893318
1.1894175
1.1895032
1.1895889
1.1896746
1.1897603
1.1898459
1.1899316
1.1900173
1.1901029
1.1901886
1.1902742
1.1903598
1.1904454
1.1905311
1.1906167
1.1907022
1.1907878
1.1908734
1.190959
1.1910445
1.1911301
1.1912156
1.1913012
1.1913867
1.1914722
1.1915577
1.1916432
1.1917287
1.1918142
1.1918997
1.1919851
1.1920706
1.1921561
1.1922415
1.1923269
1.1924124
1.1924978
1.1925832
1.1926686
1.192754
1.1928394
1.1929247
1.1930101
1.1930955
1.1931808
1.1932662
1.1933515
1.1934368
1.1935222
1.1936075
1.1936928
1.1937781
1.1938634
1.1939487
1.194034
1.1941192
1.1942045
1.1942898
1.194375
1.1944602
1.1945455
1.1946307
1.1947159
1.1948012
1.1948864
1.1949716
1.1950568
1.195142
1.1952272
1.1953124
1.1953976
1.1954827
1.1955679
1.1956531
1.1957382
1.1958234
1.1959085
1.1959937
1.1960788
1.1961639
1.1962491
1.1963342
1.1964193
1.1965044
1.1965895
1.1966747
1.1967598
1.1968449
1.19693
1.1970151
1.1971001
1.1971852
1.1972703
1.1973554
1.1974405
1.1975255
1.1976106
1.1976957
1.1977807
1.1978658
1.1979509
1.1980359
1.198121
1.198206
1.1982911
1.1983761
1.1984611
1.1985462
1.1986312
1.1987162
1.1988013
1.1988863
1.1989713
1.1990563
1.1991414
1.1992264
1.1993114
1.1993964
1.1994814
1.1995664
1.1996514
1.1997364
1.1998214
1.1999064
1.1999913
1.2000763
1.2001613
1.2002463
1.2003312
1.2004162
1.2005012
1.2005861
1.2006711
1.200756
1.200841
1.2009259
1.2010109
1.2010958
1.2011807
1.2012656
1.2013506
1.2014355
1.2015204
1.2016053
1.2016902
1.2017751
1.20186
1.2019448
1.2020297
1.2021146
1.2021994
1.2022843
1.2023692
1.202454
1.2025389
1.2026237
1.2027085
1.2027933
1.2028782
1.202963
1.2030478
1.2031326
1.2032174
1.2033021
1.2033869
1.2034717
1.2035564
1.2036412
1.2037259
1.2038107
1.2038954
1.2039801
1.2040648
1.2041495
1.2042342
1.2043189
1.2044036
1.2044883
1.204573
1.2046576
1.2047423
1.2048269
1.2049115
1.2049962
1.2050808
1.2051654
1.20525
1.2053346
1.2054192
1.2055038
1.2055883
1.2056729
1.2057574
1.205842
1.2059265
1.206011
1.2060956
1.2061801
1.2062646
1.2063491
1.2064335
1.206518
1.2066025
1.206687
1.2067714
1.2068559
1.2069403
1.2070248
1.2071092
1.2071936
1.207278
1.2073624
1.2074468
1.2075312
1.2076155
1.2076999
1.2077842
1.2078686
1.2079529
1.2080373
1.2081216
1.2082059
1.2082902
1.2083745
1.2084589
1.2085431
1.2086274
1.2087117
1.208796
1.2088803
1.2089645
1.2090488
1.209133
1.2092173
1.2093015
1.2093857
1.2094699
1.2095542
1.2096384
1.2097226
1.2098068
1.209891
1.2099752
1.2100593
1.2101435
1.2102277
1.2103118
1.210396
1.2104801
1.2105643
1.2106484
1.2107326
1.2108167
1.2109008
1.210985
1.2110691
1.2111532
1.2112373
1.2113214
1.2114056
1.2114896
1.2115737
1.2116578
1.2117419
1.211826
1.21191
1.2119941
1.2120781
1.2121622
1.2122463
1.2123303
1.2124144
1.2124984
1.2125824
1.2126664
1.2127505
1.2128345
1.2129185
1.2130025
1.2130865
1.2131705
1.2132545
1.2133385
1.2134224
1.2135064
1.2135904
1.2136744
1.2137583
1.2138423
1.2139262
1.2140101
1.2140941
1.214178
1.2142619
1.2143458
1.2144297
1.2145136
1.2145975
1.2146813
1.2147652
1.214849
1.2149329
1.2150167
1.2151005
1.2151844
1.2152681
1.2153519
1.2154357
1.2155195
1.2156032
1.215687
1.2157707
1.2158544
1.2159381
1.2160218
1.2161054
1.2161891
1.2162727
1.2163563
1.2164399
1.2165235
1.2166071
1.2166906
1.2167741
1.2168576
1.2169411
1.2170246
1.217108
1.2171914
1.2172748
1.2173582
1.2174415
1.2175248
1.2176081
1.2176913
1.2177746
1.2178578
1.2179409
1.218024
1.2181071
1.2181902
1.2182732
1.2183563
1.2184392
1.2185221
1.218605
1.2186879
1.2187707
1.2188534
1.2189362
1.2190188
1.2191015
1.219184
1.2192666
1.2193491
1.2194315
1.2195139
1.2195962
1.2196785
1.2197607
1.2198429
1.219925
1.220007
1.220089
1.2201709
1.2202527
1.2203345
1.2204162
1.2204979
1.2205794
1.2206609
1.2207423
1.2208237
1.2209049
1.2209861
1.2210672
1.2211482
1.2212291
1.2213099
1.2213907
1.2214713
1.2215519
1.2216323
1.2217127
1.2217929
1.221873
1.2219531
1.222033
1.2221128
1.2221925
1.2222721
1.2223515
1.2224309
1.2225101
1.2225892
1.2226681
1.222747
1.2228256
1.2229042
1.2229826
1.2230609
1.223139
1.223217
1.2232948
1.2233725
1.22345
1.2235273
1.2236045
1.2236815
1.2237584
1.2238351
1.2239116
1.2239879
1.2240641
1.22414
1.2242158
1.2242914
1.2243668
1.2244419
1.2245169
1.2245917
1.2246663
1.2247407
1.2248148
1.2248888
1.2249625
1.225036
1.2251093
1.2251824
1.2252552
1.2253278
1.2254001
1.2254722
1.2255441
1.2256157
1.225687
1.2257582
1.225829
1.2258996
1.2259699
1.2260399
1.2261097
1.2261792
1.2262484
1.2263174
1.226386
1.2264544
1.2265225
1.2265903
1.2266578
1.226725
1.2267919
1.2268584
1.2269247
1.2269907
1.2270563
1.2271216
1.2271866
1.2272513
1.2273156
1.2273797
1.2274433
1.2275067
1.2275697
1.2276324
1.2276947
1.2277567
1.2278183
1.2278796
1.2279405
1.2280011
1.2280613
1.2281212
1.2281807
1.2282398
1.2282986
1.228357
1.228415
1.2284726
1.2285299
1.2285868
1.2286433
1.2286995
1.2287552
1.2288106
1.2288656
1.2289202
1.2289744
1.2290283
1.2290817
1.2291348
1.2291874
1.2292397
1.2292915
1.229343
1.2293941
1.2294448
1.2294951
1.2295449
1.2295944
1.2296435
1.2296922
1.2297405
1.2297883
1.2298358
1.2298829
1.2299296
1.2299759
1.2300217
1.2300672
1.2301123
1.230157
1.2302012
1.2302451
1.2302886
1.2303317
1.2303744
1.2304166
1.2304585
1.2305
1.2305411
1.2305818
1.2306221
1.230662
1.2307016
1.2307407
1.2307795
1.2308178
1.2308558
1.2308934
1.2309306
1.2309675
1.2310039
1.23104
1.2310757
1.231111
1.231146
1.2311806
1.2312148
1.2312486
1.2312821
1.2313153
1.231348
1.2313804
1.2314125
1.2314442
1.2314755
1.2315065
1.2315372
1.2315675
1.2315975
1.2316271
1.2316564
1.2316853
1.231714
1.2317423
1.2317703
1.2317979
1.2318252
1.2318522
1.2318789
1.2319053
1.2319314
1.2319572
1.2319827
1.2320078
1.2320327
1.2320573
1.2320816
1.2321055
1.2321292
1.2321527
1.2321758
1.2321987
1.2322212
1.2322436
1.2322656
1.2322874
1.2323089
1.2323302
1.2323512
1.232372
1.2323925
1.2324127
1.2324327
1.2324525
1.232472
1.2324913
1.2325104
1.2325292
1.2325478
1.2325661
1.2325843
1.2326022
1.23262
1.2326375
1.2326548
1.2326719
1.2326888
1.2327055
1.232722
1.2327382
1.2327543
1.2327702
1.232786
1.2328016
1.232817
1.2328322
1.2328472
1.2328621
1.2328767
1.2328912
1.2329055
1.2329197
1.2329337
1.2329476
1.2329613
1.2329748
1.2329882
1.2330014
1.2330145
1.2330275
1.2330403
1.233053
1.2330655
1.2330779
1.2330902
1.2331024
1.2331144
1.2331263
1.2331381
1.2331497
1.2331613
1.2331727
1.233184
1.2331951
1.2332062
1.2332172
1.233228
1.2332388
1.2332494
1.23326
1.2332704
1.2332808
1.233291
1.2333012
1.2333112
1.2333212
1.2333311
1.2333409
1.2333506
1.2333602
1.2333698
1.2333792
1.2333886
1.2333979
1.2334071
1.2334163
1.2334253
1.2334343
1.2334433
1.2334521
1.2334609
1.2334697
1.2334783
1.2334869
1.2334954
1.2335039
1.2335123
1.2335207
1.233529
1.2335373
1.2335455
1.2335536
1.2335617
1.2335698
1.2335778
1.2335857
1.2335936
1.2336015
1.2336093
1.2336171
1.2336248
1.2336325
1.2336401
1.2336477
1.2336552
1.2336627
1.2336701
1.2336775
1.2336848
1.2336921
1.2336993
1.2337065
1.2337137
1.2337208
1.2337278
1.2337348
1.2337418
1.2337487
1.2337556
1.2337624
1.2337692
1.233776
1.2337827
1.2337894
1.233796
1.2338026
1.2338092
1.2338158
1.2338223
1.2338288
1.2338352
1.2338417
1.2338481
1.2338545
1.2338608
1.2338671
1.2338734
1.2338797
1.233886
1.2338922
1.2338984
1.2339046
1.2339107
1.2339168
1.2339229
1.233929
1.2339351
1.2339411
1.2339471
1.2339531
1.233959
1.2339649
1.2339708
1.2339767
1.2339825
1.2339884
1.2339941
1.2339999
1.2340056
1.2340114
1.2340171
1.2340227
1.2340284
1.234034
1.2340396
1.2340452
1.2340507
1.2340562
1.2340617
1.2340672
1.2340727
1.2340781
1.2340835
1.2340888
1.2340942
1.2340995
1.2341047
1.23411
1.2341152
1.2341205
1.2341257
1.2341308
1.234136
1.2341411
1.2341462
1.2341513
1.2341563
1.2341614
1.2341664
1.2341714
1.2341763
1.2341812
1.2341862
1.234191
1.2341959
1.2342007
1.2342055
1.2342103
1.2342151
1.2342198
1.2342245
1.2342292
1.2342339
1.2342385
1.2342431
1.2342477
1.2342523
1.2342569
1.2342614
1.2342659
1.2342704
1.2342749
1.2342793
1.2342837
1.2342881
1.2342924
1.2342968
1.2343011
1.2343054
1.2343096
1.2343139
1.2343181
1.2343223
1.2343265
1.2343306
1.2343347
1.2343388
1.2343429
1.2343469
1.234351
1.234355
1.2343589
1.2343629
1.2343668
1.2343707
1.2343746
1.2343785
1.2343823
1.2343861
1.2343899
1.2343937
1.2343974
1.2344011
1.2344048
1.2344085
1.2344121
1.2344157
1.2344193
1.2344229
1.2344264
1.2344299
1.2344334
1.2344369
1.2344404
1.2344438
1.2344472
1.2344505
1.2344539
1.2344572
1.2344605
1.2344638
1.234467
1.2344703
1.2344735
1.2344766
1.2344798
1.2344829
1.234486
1.2344891
1.2344922
1.2344952
1.2344982
1.2345011
1.2345041
1.234507
1.2345099
1.2345128
1.2345156
1.2345185
1.2345213
1.234524
1.2345268
1.2345295
1.2345322
1.2345349
1.2345376
1.2345402
1.2345428
1.2345454
1.2345479
1.2345505
1.234553
1.2345554
1.2345579
1.2345603
1.2345627
1.2345651
1.2345675
1.2345698
1.2345721
1.2345744
1.2345766
1.2345789
1.2345811
1.2345832
1.2345854
1.2345875
1.2345896
1.2345917
1.2345938
1.2345958
1.2345978
1.2345998
1.2346017
1.2346037
1.2346056
1.2346074
1.2346093
1.2346111
1.2346129
1.2346147
1.2346165
1.2346182
1.2346199
1.2346216
1.2346232
1.2346248
1.2346264
1.234628
1.2346296
1.2346311
1.2346326
1.2346341
1.2346355
1.234637
1.2346384
1.2346398
1.2346411
1.2346424
1.2346437
1.234645
1.2346463
1.2346475
1.2346487
1.2346499
1.234651
1.2346522
1.2346533
1.2346544
1.2346554
1.2346564
1.2346575
1.2346584
1.2346594
1.2346603
1.2346612
1.2346621
1.234663
1.2346638
1.2346646
1.2346654
1.2346662
1.2346669
1.2346676
1.2346683
1.234669
1.2346696
1.2346702
1.2346708
1.2346714
1.2346719
1.2346724
1.2346729
1.2346734
1.2346738
1.2346742
1.2346746
1.234675
1.2346753
1.2346757
1.234676
1.2346762
1.2346765
1.2346767
1.2346769
1.2346771
1.2346772
1.2346774
1.2346775
1.2346775
1.2346776
1.2346776
1.2346776
1.2346776
1.2346776
1.2346775
1.2346774
1.2346773
1.2346772
1.2346771
1.2346769
1.2346767
1.2346765
1.2346762
1.2346759
1.2346756
1.2346753
1.234675
1.2346746
1.2346742
1.2346738
1.2346733
1.2346729
1.2346724
1.2346718
1.2346713
1.2346707
1.2346701
1.2346695
1.2346689
1.2346682
1.2346675
1.2346668
1.2346661
1.2346653
1.2346645
1.2346637
1.2346629
1.234662
1.2346612
1.2346603
1.2346594
1.2346584
1.2346575
1.2346565
1.2346555
1.2346545
1.2346534
1.2346523
1.2346512
1.2346501
1.2346489
1.2346478
1.2346466
1.2346453
1.2346441
1.2346428
1.2346415
1.2346402
1.2346389
1.2346375
1.2346361
1.2346347
1.2346332
1.2346318
1.2346303
1.2346288
1.2346272
1.2346257
1.2346241
1.2346225
1.2346208
1.2346192
1.2346175
1.2346158
1.2346141
1.2346124
1.2346106
1.2346088
1.234607
1.2346051
1.2346033
1.2346014
1.2345995
1.2345975
1.2345956
1.2345936
1.2345916
1.2345895
1.2345875
1.2345854
1.2345833
1.2345812
1.234579
1.2345768
1.2345747
1.2345724
1.2345702
1.2345679
1.2345656
1.2345633
1.2345609
1.2345586
1.2345562
1.2345537
1.2345513
1.2345488
1.2345463
1.2345438
1.2345413
1.2345387
1.2345361
1.2345335
1.2345309
1.2345282
1.2345255
1.2345228
1.2345201
1.2345173
1.2345146
1.2345118
1.234509
1.2345061
1.2345033
1.2345004
1.2344974
1.2344945
1.2344915
1.2344885
1.2344855
1.2344824
1.2344793
1.2344762
1.2344731
1.23447
1.2344668
1.2344636
1.2344604
1.2344572
1.2344539
1.2344506
1.2344473
1.234444
1.2344406
1.2344372
1.2344338
1.2344304
1.2344269
1.2344234
1.2344199
1.2344163
1.2344127
1.2344091
1.2344055
1.2344018
1.2343981
1.2343944
1.2343907
1.234387
1.2343832
1.2343794
1.2343756
1.2343717
1.2343678
1.2343639
1.23436
1.234356
1.2343521
1.2343481
1.2343441
1.23434
1.2343359
1.2343318
1.2343277
1.2343235
1.2343193
1.2343151
1.2343108
1.2343065
1.2343022
1.2342979
1.2342935
1.2342892
1.2342847
1.2342803
1.2342758
1.2342713
1.2342668
1.2342623
1.2342577
1.2342531
1.2342485
1.2342439
1.2342392
1.2342345
1.2342298
1.234225
1.2342203
1.2342155
1.2342107
1.2342058
1.2342011
1.2341961
1.2341913
1.2341865
1.2341815
1.2341767
1.2341717
1.2341668
1.2341619
1.2341569
1.2341521
1.2341472
1.2341422
1.2341375
1.2341326
1.2341276
1.2341228
1.2341179
1.234113
1.2341081
1.2341033
1.2340983
1.2340936
1.2340889
1.2340841
1.2340792
1.2340745
1.2340697
1.2340647
1.2340598
1.234055
1.2340501
1.2340451
1.2340402
1.2340354
1.2340305
1.2340254
1.2340201
1.2340148
1.2340096
1.234004
1.233998
1.233992
1.2339861
1.2339803
1.2339742
1.2339678
1.2339613
1.233955
1.233949
1.2339429
1.2339362
1.2339291
1.2339221
1.2339156
1.2339093
1.233903
1.2338962
1.2338889
1.2338816
1.233875
1.2338691
1.2338637
1.2338582
1.2338518
1.2338446
1.233837
1.23383
1.233824
1.2338189
1.2338142
1.2338093
1.2338039
1.2337978
1.2337909
1.2337833
1.2337751
1.2337664
1.2337564
1.2337435
1.2337228
1.2336811
1.233581
1.2333173
1.2325914
1.2305555
1.2267662
1.2225558
1.218108
1.2135466
1.2089853
1.2045256
1.2002538
1.1962387
1.1925309
1.1891637
1.1861539
1.1835035
1.1812021
1.1792298
1.1775604
1.1761639
1.1750094
1.1740659
1.1733039
1.1726959
1.1722165
1.1718426
1.1715538
1.1713324
1.1711636
1.1710355
1.1709389
1.1708663
1.1708123
1.1707724
1.1707432
1.1707218
1.1707061
1.1706941
1.1706843
1.1706755
1.1706677
1.170663
1.1706607
1.1706578
1.1706544
1.1706506
1.1706465
1.1706422
1.1706377
1.170633
1.1706282
1.1706233
1.1706182
1.170613
1.1706077
1.1706023
1.1705969
1.1705914
1.1705858
1.1705802
1.1705745
1.1705688
1.1705632
1.1705575
1.1705519
1.1705463
1.1705407
1.1705352
1.1705298
1.1705244
1.170519
1.1705137
1.1705084
1.1705031
1.1704978
1.1704925
1.1704872
1.1704818
1.1704764
1.170471
1.1704655
1.1704599
1.1704543
1.1704485
1.1704427
1.1704369
1.1704309
1.1704248
1.1704187
1.1704124
1.1704061
1.1703997
1.1703932
1.1703867
1.17038
1.1703733
1.1703666
1.1703598
1.1703529
1.1703459
1.170339
1.1703319
1.1703249
1.1703177
1.1703106
1.1703034
1.1702961
1.1702888
1.1702815
1.1702741
1.1702667
1.1702593
1.1702518
1.1702443
1.1702368
1.1702292
1.1702216
1.170214
1.1702063
1.1701986
1.1701909
1.1701831
1.1701753
1.1701675
1.1701596
1.1701518
1.1701439
1.1701359
1.170128
1.17012
1.170112
1.1701039
1.1700958
1.1700877
1.1700796
1.1700714
1.1700632
1.170055
1.1700467
1.1700384
1.1700301
1.1700218
1.1700134
1.170005
1.1699966
1.1699882
1.1699797
1.1699712
1.1699627
1.1699542
1.1699456
1.169937
1.1699284
1.1699197
1.1699111
1.1699024
1.1698936
1.1698849
1.1698761
1.1698673
1.1698584
1.1698496
1.1698407
1.1698318
1.1698228
1.1698139
1.1698049
1.1697958
1.1697868
1.1697777
1.1697686
1.1697595
1.1697504
1.1697412
1.169732
1.1697228
1.1697135
1.1697042
1.1696949
1.1696856
1.1696763
1.1696669
1.1696575
1.1696481
1.1696386
1.1696291
1.1696196
1.1696101
1.1696006
1.169591
1.1695814
1.1695717
1.1695621
1.1695524
1.1695427
1.169533
1.1695232
1.1695134
1.1695036
1.1694938
1.1694839
1.1694741
1.1694641
1.1694542
1.1694443
1.1694343
1.1694243
1.1694143
1.1694042
1.1693941
1.169384
1.1693739
1.1693637
1.1693535
1.1693433
1.1693331
1.1693229
1.1693126
1.1693023
1.1692919
1.1692816
1.1692712
1.1692608
1.1692504
1.1692399
1.1692294
1.1692189
1.1692084
1.1691978
1.1691873
1.1691767
1.169166
1.1691554
1.1691447
1.169134
1.1691233
1.1691125
1.1691018
1.169091
1.1690801
1.1690693
1.1690584
1.1690475
1.1690366
1.1690257
1.1690147
1.1690037
1.1689927
1.1689816
1.1689706
1.1689595
1.1689483
1.1689372
1.168926
1.1689148
1.1689036
1.1688923
1.1688811
1.1688698
1.1688585
1.1688471
1.1688358
1.1688244
1.168813
1.1688015
1.1687901
1.1687786
1.168767
1.1687555
1.1687439
1.1687324
1.1687207
1.1687091
1.1686974
1.1686858
1.168674
1.1686623
1.1686505
1.1686388
1.1686269
1.1686151
1.1686032
1.1685914
1.1685794
1.1685675
1.1685555
1.1685435
1.1685315
1.1685195
1.1685074
1.1684953
1.1684832
1.1684711
1.1684589
1.1684467
1.1684345
1.1684223
1.16841
1.1683977
1.1683854
1.1683731
1.1683607
1.1683483
1.1683359
1.1683234
1.168311
1.1682985
1.1682859
1.1682734
1.1682608
1.1682482
1.1682356
1.1682229
1.1682102
1.1681975
1.1681848
1.1681721
1.1681593
1.1681464
1.1681336
1.1681207
1.1681078
1.1680949
1.1680819
1.168069
1.168056
1.1680429
1.1680299
1.1680168
1.1680036
1.1679905
1.1679773
1.1679641
1.1679509
1.1679376
1.1679243
1.167911
1.1678976
1.1678842
1.1678708
1.1678574
1.1678439
1.1678304
1.1678169
1.1678033
1.1677897
1.1677761
1.1677624
1.1677488
1.167735
1.1677213
1.1677075
1.1676937
1.1676798
1.1676659
1.167652
1.167638
1.1676241
1.16761
1.167596
1.1675819
1.1675677
1.1675536
1.1675394
1.1675251
1.1675109
1.1674965
1.1674822
1.1674678
1.1674534
1.1674389
1.1674244
1.1674099
1.1673953
1.1673806
1.167366
1.1673513
1.1673365
1.1673217
1.1673069
1.167292
1.1672771
1.1672621
1.1672471
1.167232
1.1672169
1.1672017
1.1671865
1.1671712
1.1671559
1.1671406
1.1671252
1.1671097
1.1670942
1.1670787
1.167063
1.1670474
1.1670316
1.1670159
1.167
1.1669841
1.1669682
1.1669522
1.1669361
1.16692
1.1669038
1.1668875
1.1668712
1.1668548
1.1668384
1.1668219
1.1668053
1.1667887
1.166772
1.1667552
1.1667383
1.1667214
1.1667044
1.1666873
1.1666702
1.166653
1.1666357
1.1666183
1.1666008
1.1665833
1.1665657
1.1665479
1.1665302
1.1665123
1.1664943
1.1664763
1.1664581
1.1664399
1.1664216
1.1664032
1.1663847
1.1663661
1.1663474
1.1663286
1.1663097
1.1662907
1.1662716
1.1662524
1.1662331
1.1662137
1.1661941
1.1661745
1.1661548
1.1661349
1.1661149
1.1660948
1.1660746
1.1660543
1.1660339
1.1660133
1.1659926
1.1659718
1.1659508
1.1659298
1.1659086
1.1658872
1.1658658
1.1658442
1.1658224
1.1658005
1.1657785
1.1657564
1.165734
1.1657116
1.165689
1.1656662
1.1656433
1.1656203
1.1655971
1.1655737
1.1655502
1.1655265
1.1655027
1.1654787
1.1654545
1.1654301
1.1654056
1.1653809
1.1653561
1.165331
1.1653058
1.1652804
1.1652549
1.1652291
1.1652032
1.1651771
1.1651507
1.1651242
1.1650975
1.1650707
1.1650436
1.1650163
1.1649888
1.1649611
1.1649332
1.1649051
1.1648768
1.1648483
1.1648196
1.1647906
1.1647615
1.1647321
1.1647025
1.1646727
1.1646427
1.1646124
1.1645819
1.1645512
1.1645202
1.1644891
1.1644576
1.164426
1.1643941
1.164362
1.1643296
1.164297
1.1642641
1.164231
1.1641976
1.164164
1.1641301
1.164096
1.1640616
1.164027
1.1639921
1.163957
1.1639216
1.1638859
1.1638499
1.1638137
1.1637772
1.1637405
1.1637034
1.1636661
1.1636286
1.1635907
1.1635526
1.1635141
1.1634754
1.1634364
1.1633972
1.1633576
1.1633178
1.1632776
1.1632372
1.1631965
1.1631555
1.1631142
1.1630726
1.1630308
1.1629886
1.1629461
1.1629033
1.1628602
1.1628169
1.1627732
1.1627292
1.1626849
1.1626403
1.1625954
1.1625502
1.1625047
1.1624589
1.1624128
1.1623664
1.1623196
1.1622726
1.1622253
1.1621776
1.1621296
1.1620814
1.1620328
1.1619839
1.1619347
1.1618852
1.1618353
1.1617852
1.1617347
1.161684
1.1616329
1.1615815
1.1615298
1.1614778
1.1614255
1.1613729
1.16132
1.1612668
1.1612132
1.1611594
1.1611052
1.1610508
1.160996
1.160941
1.1608856
1.1608299
1.1607739
1.1607177
1.1606611
1.1606042
1.1605471
1.1604896
1.1604319
1.1603738
1.1603155
1.1602568
1.1601979
1.1601387
1.1600792
1.1600194
1.1599593
1.1598989
1.1598383
1.1597774
1.1597162
1.1596547
1.159593
1.1595309
1.1594686
1.1594061
1.1593432
1.1592801
1.1592168
1.1591531
1.1590893
1.1590251
1.1589607
1.158896
1.1588311
1.158766
1.1587005
1.1586349
1.158569
1.1585028
1.1584364
1.1583698
1.158303
1.1582359
1.1581685
1.158101
1.1580332
1.1579652
1.1578969
1.1578285
1.1577598
1.1576909
1.1576218
1.1575525
1.157483
1.1574133
1.1573433
1.1572732
1.1572029
1.1571323
1.1570616
1.1569907
1.1569196
1.1568483
1.1567768
1.1567051
1.1566333
1.1565612
1.156489
1.1564167
1.1563441
1.1562714
1.1561985
1.1561255
1.1560523
1.1559789
1.1559053
1.1558317
1.1557578
1.1556838
1.1556097
1.1555354
1.155461
1.1553864
1.1553117
1.1552368
1.1551618
1.1550867
1.1550114
1.1549361
1.1548605
1.1547849
1.1547091
1.1546333
1.1545573
1.1544812
1.1544049
1.1543286
1.1542521
1.1541756
1.1540989
1.1540221
1.1539452
1.1538682
1.1537911
1.1537139
1.1536367
1.1535593
1.1534818
1.1534042
1.1533266
1.1532488
1.153171
1.1530931
1.1530151
1.152937
1.1528588
1.1527806
1.1527022
1.1526238
1.1525453
1.1524668
1.1523882
1.1523095
1.1522307
1.1521519
1.1520729
1.151994
1.1519149
1.1518358
1.1517567
1.1516774
1.1515982
1.1515188
1.1514394
1.1513599
1.1512804
1.1512009
1.1511212
1.1510415
1.1509618
1.150882
1.1508022
1.1507223
1.1506424
1.1505624
1.1504823
1.1504023
1.1503221
1.150242
1.1501617
1.1500815
1.1500012
1.1499208
1.1498405
1.14976
1.1496796
1.1495991
1.1495185
1.149438
1.1493573
1.1492767
1.149196
1.1491153
1.1490345
1.1489537
1.1488729
1.148792
1.1487111
1.1486302
1.1485492
1.1484682
1.1483872
1.1483061
1.148225
1.1481439
1.1480628
1.1479816
1.1479004
1.1478192
1.1477379
1.1476566
1.1475753
1.147494
1.1474126
1.1473312
1.1472498
1.1471684
1.1470869
1.1470054
1.1469239
1.1468424
1.1467608
1.1466793
1.1465977
1.146516
1.1464344
1.1463527
1.1462711
1.1461893
1.1461076
1.1460259
1.1459441
1.1458623
1.1457805
1.1456987
1.1456169
1.145535
1.1454531
1.1453712
1.1452893
1.1452074
1.1451254
1.1450435
1.1449615
1.1448795
1.1447975
1.1447155
1.1446334
1.1445514
1.1444693
1.1443872
1.1443051
1.144223
1.1441409
1.1440587
1.1439766
1.1438944
1.1438122
1.1437301
1.1436479
1.1435656
1.1434834
1.1434012
1.1433189
1.1432367
1.1431544
1.1430721
1.1429899
1.1429076
1.1428252
1.1427429
1.1426606
1.1425783
1.1424959
1.1424136
1.1423312
1.1422488
1.1421664
1.142084
1.1420016
1.1419192
1.1418368
1.1417544
1.141672
1.1415895
1.1415071
1.1414246
1.1413422
1.1412597
1.1411772
1.1410947
1.1410123
1.1409298
1.1408473
1.1407648
1.1406822
1.1405997
1.1405172
1.1404347
1.1403521
1.1402696
1.140187
1.1401045
1.1400219
1.1399393
1.1398568
1.1397742
1.1396916
1.139609
1.1395264
1.1394438
1.1393611
1.1392785
1.1391959
1.1391133
1.1390306
1.138948
1.1388653
1.1387826
1.1387
1.1386173
1.1385346
1.1384519
1.1383692
1.1382865
1.1382037
1.138121
1.1380383
1.1379555
1.1378728
1.13779
1.1377073
1.1376245
1.1375417
1.1374589
1.1373761
1.1372933
1.1372105
1.1371277
1.1370448
1.136962
1.1368791
1.1367963
1.1367134
1.1366305
1.1365476
1.1364647
1.1363818
1.1362989
1.136216
1.1361331
1.1360501
1.1359672
1.1358842
1.1358013
1.1357183
1.1356353
1.1355523
1.1354692
1.1353862
1.1353032
1.1352201
1.1351371
1.135054
1.134971
1.1348879
1.1348048
1.1347217
1.1346386
1.1345555
1.1344724
1.1343892
1.1343061
1.1342229
1.1341398
1.1340566
1.1339734
1.1338902
1.133807
1.1337238
1.1336406
1.1335573
1.1334741
1.1333908
1.1333076
1.1332243
1.133141
1.1330577
1.1329744
1.1328911
1.1328078
1.1327244
1.1326411
1.1325577
1.1324744
1.132391
1.1323077
1.1322243
1.1321409
1.1320575
1.1319741
1.1318906
1.1318072
1.1317238
1.1316403
1.1315569
1.1314734
1.1313899
1.1313064
1.131223
1.1311395
1.131056
1.1309725
1.1308889
1.1308054
1.1307219
1.1306384
1.1305548
1.1304712
1.1303877
1.1303041
1.1302205
1.130137
1.1300534
1.1299698
1.1298862
1.1298026
1.129719
1.1296353
1.1295517
1.1294681
1.1293844
1.1293008
1.1292172
1.1291335
1.1290499
1.1289662
1.1288826
1.1287989
1.1287152
1.1286315
1.1285478
1.1284642
1.1283805
1.1282968
1.1282131
1.1281294
1.1280457
1.1279619
1.1278782
1.1277945
1.1277108
1.1276271
1.1275434
1.1274597
1.1273759
1.1272922
1.1272084
1.1271247
1.127041
1.1269573
1.1268735
1.1267898
1.126706
1.1266222
1.1265384
1.1264547
1.1263709
1.1262872
1.1262034
1.1261197
1.1260359
1.1259521
1.1258683
1.1257845
1.1257007
1.1256169
1.1255331
1.1254493
1.1253655
1.1252817
1.1251979
1.1251141
1.1250302
1.1249464
1.1248626
1.1247788
1.1246949
1.1246111
1.1245272
1.1244434
1.1243595
1.1242757
1.1241918
1.1241079
1.124024
1.1239401
1.1238562
1.1237723
1.1236884
1.1236045
1.1235206
1.1234367
1.1233528
1.1232688
1.1231849
1.1231009
1.123017
1.122933
1.122849
1.1227651
1.1226811
1.1225971
1.1225131
1.1224291
1.122345
1.122261
1.122177
1.122093
1.1220089
1.1219249
1.1218408
1.1217567
1.1216726
1.1215886
1.1215045
1.1214204
1.1213363
1.1212522
1.121168
1.1210839
1.1209998
1.1209156
1.1208315
1.1207473
1.1206632
1.120579
1.1204948
1.1204107
1.1203265
1.1202423
1.1201581
1.1200739
1.1199897
1.1199055
1.1198212
1.119737
1.1196528
1.1195685
1.1194843
1.1194
1.1193158
1.1192315
1.1191473
1.119063
1.1189788
1.1188945
1.1188103
1.118726
1.1186417
1.1185574
1.1184731
1.1183888
1.1183045
1.1182203
1.118136
1.1180517
1.1179674
1.1178831
1.1177988
1.1177145
1.1176302
1.1175459
1.1174616
1.1173773
1.117293
1.1172087
1.1171244
1.1170401
1.1169558
1.1168715
1.1167872
1.1167029
1.1166185
1.1165342
1.1164499
1.1163656
1.1162813
1.116197
1.1161127
1.1160284
1.115944
1.1158597
1.1157754
1.1156911
1.1156068
1.1155224
1.1154381
1.1153538
1.1152695
1.1151852
1.1151008
1.1150165
1.1149322
1.1148478
1.1147635
1.1146792
1.1145948
1.1145105
1.1144262
1.1143418
1.1142575
1.1141731
1.1140887
1.1140044
1.11392
1.1138357
1.1137513
1.1136669
1.1135825
1.1134981
1.1134137
1.1133293
1.1132449
1.1131605
1.1130761
1.1129917
1.1129072
1.1128228
1.1127384
1.1126539
1.1125695
1.112485
1.1124005
1.1123161
1.1122316
1.1121471
1.1120626
1.1119781
1.1118936
1.111809
1.1117245
1.11164
1.1115554
1.1114708
1.1113862
1.1113016
1.1112171
1.1111324
1.1110478
1.1109632
1.1108786
1.1107939
1.1107093
1.1106246
1.1105399
1.1104552
1.1103705
1.1102858
1.1102011
1.1101163
1.1100316
1.1099468
1.1098621
1.1097773
1.1096925
1.1096077
1.1095229
1.1094381
1.1093533
1.1092685
1.1091836
1.1090988
1.1090139
1.1089291
1.1088442
1.1087593
1.1086744
1.1085896
1.1085047
1.1084198
1.1083349
1.10825
1.1081651
1.1080801
1.1079952
1.1079103
1.1078253
1.1077404
1.1076555
1.1075705
1.1074856
1.1074006
1.1073157
1.1072307
1.1071458
1.1070608
1.1069759
1.1068909
1.1068059
1.106721
1.106636
1.106551
1.1064661
1.1063811
1.1062961
1.1062111
1.1061262
1.1060412
1.1059562
1.1058712
1.1057863
1.1057013
1.1056163
1.1055313
1.1054463
1.1053613
1.1052764
1.1051914
1.1051064
1.1050214
1.1049364
1.1048514
1.1047664
1.1046814
1.1045964
1.1045114
1.1044265
1.1043415
1.1042565
1.1041715
1.1040865
1.1040015
1.1039165
1.1038315
1.1037464
1.1036614
1.1035764
1.1034914
1.1034064
1.1033214
1.1032363
1.1031513
1.1030663
1.1029812
1.1028962
1.1028111
1.1027261
1.102641
1.102556
1.102471
1.1023859
1.1023009
1.1022158
1.1021308
1.1020457
1.1019606
1.1018755
1.1017904
1.1017053
1.1016202
1.1015352
1.1014501
1.101365
1.1012799
1.1011948
1.1011097
1.1010246
1.1009394
1.1008543
1.1007692
1.1006841
1.1005989
1.1005138
1.1004287
1.1003436
1.1002584
1.1001733
1.1000882
1.100003
1.0999178
1.0998327
1.0997475
1.0996624
1.0995772
1.0994921
1.0994069
1.0993218
1.0992366
1.0991514
1.0990663
1.0989811
1.0988959
1.0988107
1.0987255
1.0986403
1.0985551
1.0984699
1.0983847
1.0982995
1.0982143
1.0981291
1.0980439
1.0979587
1.0978735
1.0977882
1.097703
1.0976177
1.0975325
1.0974472
1.097362
1.0972767
1.0971915
1.0971062
1.0970209
1.0969356
1.0968503
1.096765
1.0966797
1.0965944
1.0965091
1.0964237
1.0963384
1.0962531
1.0961677
1.0960824
1.095997
1.0959116
1.0958262
1.0957408
1.0956554
1.09557
1.0954845
1.0953991
1.0953137
1.0952283
1.0951428
1.0950574
1.0949719
1.0948864
1.0948009
1.0947154
1.0946299
1.0945444
1.0944589
1.0943734
1.0942879
1.0942024
1.0941169
1.0940313
1.0939458
1.0938602
1.0937746
1.0936891
1.0936035
1.0935179
1.0934323
1.0933467
1.0932611
1.0931756
1.09309
1.0930044
1.0929188
1.0928331
1.0927475
1.0926619
1.0925762
1.0924906
1.0924049
1.0923193
1.0922336
1.0921479
1.0920623
1.0919766
1.0918909
1.0918052
1.0917195
1.0916338
1.0915481
1.0914624
1.0913767
1.0912909
1.0912052
1.0911194
1.0910337
1.0909479
1.0908622
1.0907764
1.0906906
1.0906049
1.0905191
1.0904333
1.0903475
1.0902616
1.0901758
1.09009
1.0900042
1.0899183
1.0898325
1.0897467
1.0896608
1.0895749
1.0894891
1.0894032
1.0893173
1.0892314
1.0891456
1.0890597
1.0889738
1.0888879
1.088802
1.0887161
1.0886302
1.0885443
1.0884583
1.0883724
1.0882865
1.0882006
1.0881146
1.0880287
1.0879428
1.0878568
1.0877709
1.087685
1.087599
1.0875131
1.0874271
1.0873411
1.0872552
1.0871692
1.0870833
1.0869973
1.0869113
1.0868254
1.0867394
1.0866534
1.0865674
1.0864815
1.0863955
1.0863095
1.0862235
1.0861375
1.0860515
1.0859655
1.0858795
1.0857935
1.0857074
1.0856214
1.0855354
1.0854494
1.0853633
1.0852773
1.0851912
1.0851052
1.0850191
1.084933
1.084847
1.0847609
1.0846748
1.0845887
1.0845026
1.0844165
1.0843304
1.0842443
1.0841581
1.084072
1.0839858
1.0838997
1.0838135
1.0837274
1.0836412
1.083555
1.0834688
1.0833826
1.0832964
1.0832102
1.0831239
1.0830377
1.0829514
1.0828651
1.0827789
1.0826926
1.0826063
1.08252
1.0824336
1.0823473
1.0822609
1.0821745
1.0820882
1.0820017
1.0819153
1.0818289
1.0817424
1.0816559
1.0815694
1.0814829
1.0813963
1.0813097
1.0812231
1.0811365
1.0810498
1.0809631
1.0808763
1.0807896
1.0807028
1.0806159
1.080529
1.0804421
1.0803551
1.0802681
1.080181
1.0800939
1.0800067
1.0799195
1.0798322
1.0797448
1.0796574
1.0795699
1.0794823
1.0793947
1.0793069
1.0792191
1.0791312
1.0790432
1.0789551
1.0788669
1.0787786
1.0786902
1.0786017
1.078513
1.0784242
1.0783353
1.0782462
1.078157
1.0780676
1.0779781
1.0778884
1.0777985
1.0777084
1.0776181
1.0775276
1.0774369
1.0773459
1.0772547
1.0771633
1.0770716
1.0769796
1.0768873
1.0767948
1.0767019
1.0766087
1.0765152
1.0764214
1.0763271
1.0762325
1.0761375
1.0760421
1.0759463
1.07585
1.0757533
1.0756561
1.0755584
1.0754603
1.0753616
1.0752624
1.0751626
1.0750623
1.0749614
1.0748599
1.0747578
1.0746551
1.0745517
1.0744477
1.074343
1.0742376
1.0741315
1.0740248
1.0739172
1.073809
1.0737
1.0735902
1.0734797
1.0733684
1.0732563
1.0731434
1.0730297
1.0729153
1.0728
1.0726839
1.072567
1.0724492
1.0723307
1.0722114
1.0720913
1.0719704
1.0718487
1.0717262
1.071603
1.071479
1.0713543
1.0712289
1.0711028
1.0709761
1.0708487
1.0707207
1.0705921
1.0704629
1.0703332
1.0702029
1.0700722
1.0699411
1.0698096
1.0696777
1.0695455
1.069413
1.0692802
1.0691472
1.0690141
1.0688809
1.0687476
1.0686142
1.0684809
1.0683477
1.0682145
1.0680816
1.0679488
1.0678162
1.067684
1.067552
1.0674205
1.0672893
1.0671586
1.0670284
1.0668987
1.0667695
1.066641
1.066513
1.0663857
1.066259
1.066133
1.0660078
1.0658832
1.0657594
1.0656364
1.0655142
1.0653927
1.0652721
1.0651522
1.0650332
1.0649149
1.0647975
1.0646808
1.064565
1.06445
1.0643357
1.0642223
1.0641096
1.0639976
1.0638864
1.0637759
1.0636661
1.0635571
1.0634486
1.0633409
1.0632338
1.0631272
1.0630213
1.062916
1.0628112
1.062707
1.0626032
1.0625
1.0623972
1.0622949
1.062193
1.0620915
1.0619905
1.0618898
1.0617895
1.0616895
1.0615899
1.0614906
1.0613916
1.0612929
1.0611945
1.0610963
1.0609984
1.0609008
1.0608034
1.0607062
1.0606093
1.0605126
1.060416
1.0603197
1.0602236
1.0601276
1.0600318
1.0599362
1.0598408
1.0597455
1.0596503
1.0595553
1.0594605
1.0593657
1.0592711
1.0591766
1.0590823
1.058988
1.0588939
1.0587998
1.0587059
1.058612
1.0585183
1.0584246
1.058331
1.0582375
1.058144
1.0580506
1.0579573
1.057864
1.0577708
1.0576777
1.0575846
1.0574915
1.0573985
1.0573055
1.0572126
1.0571197
1.0570269
1.0569341
1.0568413
1.0567485
1.0566558
1.0565631
1.0564704
1.0563778
1.0562851
1.0561925
1.0560999
1.0560073
1.0559147
1.0558222
1.0557296
1.0556371
1.0555446
1.0554521
1.0553596
1.0552671
1.0551745
1.0550821
1.0549896
1.0548971
1.0548046
1.0547121
1.0546196
1.0545271
1.0544346
1.0543421
1.0542496
1.0541571
1.0540646
1.0539721
1.0538796
1.053787
1.0536945
1.053602
1.0535094
1.0534168
1.0533243
1.0532317
1.0531391
1.0530465
1.0529539
1.0528613
1.0527687
1.0526761
1.0525835
1.0524908
1.0523981
1.0523055
1.0522128
1.0521201
1.0520274
1.0519347
1.051842
1.0517493
1.0516565
1.0515638
1.051471
1.0513783
1.0512855
1.0511927
1.0510999
1.051007
1.0509142
1.0508214
1.0507285
1.0506357
1.0505428
1.0504499
1.050357
1.0502641
1.0501712
1.0500783
1.0499853
1.0498924
1.0497994
1.0497064
1.0496134
1.0495204
1.0494274
1.0493344
1.0492413
1.0491483
1.0490552
1.0489621
1.048869
1.0487759
1.0486828
1.0485896
1.0484965
1.0484033
1.0483102
1.0482169
1.0481239
1.0480305
1.0479375
1.0478439
1.0477511
1.0476573
1.0475647
1.0474706
1.0473782
1.0472838
1.0471918
1.0470968
1.0470054
1.0469098
1.046819
1.0467226
1.0466327
1.0465353
1.0464463
1.0463479
1.04626
1.0461604
1.0460737
1.0459729
1.0458873
1.0457853
1.0457009
1.0455978
1.0455143
1.0454104
1.0453276
1.045223
1.0451408
1.0450357
1.0449539
1.0448485
1.0447669
1.0446613
1.0445798
1.0444742
1.0443927
1.0442871
1.0442055
1.0441
1.0440184
1.0439129
1.0438312
1.0437258
1.0436441
1.0435386
1.0434569
1.0433515
1.0432697
1.0431643
1.0430825
1.0429771
1.0428953
1.0427899
1.0427081
1.0426026
1.0425208
1.0424153
1.0423335
1.042228
1.0421461
1.0420406
1.0419587
1.0418532
1.0417712
1.0416657
1.0415837
1.0414782
1.0413962
1.0412907
1.0412085
1.041103
1.0410209
1.0409153
1.0408331
1.0407276
1.0406453
1.0405398
1.0404575
1.040352
1.0402696
1.0401641
1.0400816
1.0399761
1.0398936
1.0397881
1.0397056
1.0396
1.0395174
1.0394119
1.0393293
1.0392237
1.039141
1.0390355
1.0389528
1.0388472
1.0387644
1.0386589
1.038576
1.0384705
1.0383876
1.038282
1.0381991
1.0380935
1.0380106
1.037905
1.037822
1.0377164
1.0376333
1.0375278
1.0374446
1.0373391
1.0372559
1.0371503
1.0370671
1.0369615
1.0368782
1.0367727
1.0366893
1.0365838
1.0365004
1.0363949
1.0363114
1.0362059
1.0361223
1.0360168
1.0359332
1.0358278
1.0357441
1.0356386
1.0355549
1.0354494
1.0353656
1.0352602
1.0351763
1.0350709
1.034987
1.0348816
1.0347976
1.0346922
1.0346082
1.0345027
1.0344187
1.0343132
1.0342291
1.0341237
1.0340395
1.0339341
1.0338499
1.0337444
1.0336602
1.0335548
1.0334704
1.033365
1.0332807
1.0331753
1.0330909
1.0329855
1.0329011
1.0327956
1.0327113
1.0326058
1.0325214
1.0324159
1.0323316
1.032226
1.0321418
1.0320361
1.0319521
1.0318462
1.0317624
1.0316562
1.0315727
1.0314662
1.031383
1.0312762
1.0311933
1.0310862
1.0310036
1.0308962
1.0308138
1.0307062
1.0306239
1.0305162
1.0304339
1.0303262
1.0302439
1.0301361
1.0300538
1.029946
1.0298637
1.0297558
1.0296734
1.0295656
1.0294832
1.0293753
1.0292928
1.0291849
1.0291025
1.0289945
1.028912
1.0288041
1.0287215
1.0286135
1.028531
1.0284229
1.0283404
1.0282323
1.0281497
1.0280416
1.027959
1.0278509
1.0277682
1.0276601
1.0275773
1.0274693
1.0273863
1.0272785
1.0271952
1.0270877
1.027004
1.0268969
1.0268128
1.026706
1.0266215
1.0265151
1.0264301
1.026324
1.0262388
1.0261329
1.0260474
1.0259416
1.025856
1.0257503
1.0256646
1.0255588
1.0254731
1.0253673
1.0252816
1.0251758
1.02509
1.0249842
1.0248983
1.0247925
1.0247066
1.0246008
1.0245149
1.024409
1.024323
1.0242172
1.0241312
1.0240253
1.0239393
1.0238333
1.0237472
1.0236413
1.0235552
1.0234492
1.023363
1.0232571
1.0231709
1.0230649
1.0229786
1.0228726
1.0227864
1.0226804
1.022594
1.022488
1.0224017
1.0222956
1.0222092
1.0221031
1.0220167
1.0219106
1.0218241
1.021718
1.0216314
1.0215253
1.0214388
1.0213326
1.0212461
1.0211399
1.0210533
1.0209471
1.0208604
1.0207542
1.0206675
1.0205613
1.0204745
1.0203683
1.0202815
1.0201753
1.0200885
1.0199822
1.0198954
1.0197891
1.0197023
1.019596
1.0195092
1.019403
1.0193161
1.0192099
1.0191231
1.0190169
1.01893
1.0188239
1.018737
1.0186309
1.0185441
1.018438
1.0183511
1.018245
1.0181581
1.018052
1.0179651
1.017859
1.017772
1.0176659
1.0175788
1.0174726
1.0173855
1.0172793
1.0171922
1.0170859
1.0169988
1.0168925
1.0168053
1.0166991
1.0166118
1.0165055
1.0164182
1.0163119
1.0162246
1.0161182
1.0160308
1.0159245
1.015837
1.0157306
1.0156431
1.0155367
1.0154492
1.0153428
1.0152553
1.0151488
1.0150612
1.0149548
1.0148672
1.0147607
1.014673
1.0145665
1.0144788
1.0143722
1.0142845
1.0141779
1.0140902
1.0139836
1.0138958
1.0137892
1.0137013
1.0135947
1.0135068
1.0134002
1.0133123
1.0132056
1.0131176
1.013011
1.012923
1.0128163
1.0127283
1.0126216
1.0125335
1.0124268
1.0123387
1.0122319
1.0121438
1.012037
1.0119488
1.0118421
1.0117538
1.011647
1.0115587
1.0114519
1.0113636
1.0112568
1.0111685
1.0110616
1.0109733
1.0108666
1.0107783
1.0106715
1.0105833
1.0104766
1.0103885
1.0102819
1.010194
1.0100876
1.0099999
1.0098938
1.0098069
1.0097009
1.0096328
)
;

boundaryField
{
    leftSide
    {
        type            calculated;
        value           uniform 1.0649681;
    }
    rightSide
    {
        type            calculated;
        value           uniform 1.009569;
    }
    emptywalls
    {
        type            empty;
    }
}


// ************************************************************************* //
