/*--------------------------------*- C++ -*----------------------------------*\
  =========                 |
  \\      /  F ield         | OpenFOAM: The Open Source CFD Toolbox
   \\    /   O peration     | Website:  https://openfoam.org
    \\  /    A nd           | Version:  7
     \\/     M anipulation  |
\*---------------------------------------------------------------------------*/
FoamFile
{
    version     2.0;
    format      ascii;
    class       volScalarField;
    location    "0.00262";
    object      Uy;
}
// * * * * * * * * * * * * * * * * * * * * * * * * * * * * * * * * * * * * * //

dimensions      [0 1 -1 0 0 0 0];

internalField   nonuniform List<scalar> 
5000
(
3.7182661e-17
3.7768917e-17
0
0
-1.9996904e-17
2.2738194e-32
2.0004639e-17
0
0
-2.0009522e-17
-4.0020795e-17
2.0011254e-17
2.0011306e-17
-2.0011296e-17
0
-2.0009663e-17
2.8839616e-49
2.0006565e-17
0
2.0002281e-17
-1.9999605e-17
-1.9997071e-17
3.9988051e-17
-1.9991202e-17
-1.9987896e-17
-1.647211e-31
1.9981361e-17
1.9978154e-17
-3.9949023e-17
3.4624517e-31
-3.490177e-31
1.9964006e-17
3.9920361e-17
-3.9913391e-17
3.4592689e-31
-1.7349988e-30
-6.9159605e-31
3.9883675e-17
-3.9875821e-17
-3.9868692e-17
3.9860815e-17
-1.3705783e-30
-3.9845777e-17
1.991931e-17
5.9746082e-17
-1.991178e-17
-1.9907828e-17
-1.3633677e-30
-3.9800593e-17
0
1.9892772e-17
2.8264251e-33
-1.9885258e-17
3.9763379e-17
-6.9490042e-31
-3.9748371e-17
1.9870248e-17
-6.8604368e-31
-1.986274e-17
0
1.9855226e-17
6.7706155e-31
5.6410596e-33
1.9844148e-17
-1.9840215e-17
6.9346385e-31
1.9832736e-17
-1.982919e-17
-1.9825277e-17
1.9821738e-17
1.9817829e-17
-1.9814293e-17
-1.9810385e-17
3.9613697e-17
1.980294e-17
-1.9799403e-17
0
1.979196e-17
-2.8120518e-33
-1.9784526e-17
1.9780627e-17
-5.6209914e-33
5.6198855e-33
1.9769701e-17
1.9765819e-17
6.8805646e-31
-1.975844e-17
0
-1.975108e-17
-2.0486008e-30
-6.9021597e-31
1.9740297e-17
1.9736487e-17
-3.9466153e-17
-1.3654042e-30
1.9725958e-17
0
0
-1.9715143e-17
-1.3669861e-30
3.9415529e-17
-1.9704036e-17
-3.9399422e-17
0
1.9690617e-17
1.9685823e-17
-1.9680394e-17
-1.9675148e-17
0
0
1.9658632e-17
1.9653842e-17
0
-1.9645421e-17
6.8665815e-31
1.9639625e-17
-1.9637597e-17
5.5810477e-33
-6.8643889e-31
7.4175787e-50
3.9270997e-17
-8.3712959e-33
-1.9636016e-17
0
-1.9636012e-17
1.9635713e-17
1.9634651e-17
-3.9267145e-17
-1.9631729e-17
3.9259815e-17
1.9627385e-17
-1.9624966e-17
-1.9621934e-17
-1.9619092e-17
0
1.9612609e-17
1.9609032e-17
-1.9605772e-17
-6.7969228e-31
1.9598754e-17
-1.9595021e-17
-1.9591659e-17
0
1.9584537e-17
1.958078e-17
-1.9577403e-17
1.9573643e-17
-1.1124406e-32
-1.9566499e-17
1.9563116e-17
-1.9559353e-17
1.3617447e-30
1.9552213e-17
-1.9548838e-17
1.9545084e-17
1.9541715e-17
-1.9537965e-17
0
0
-1.9527495e-17
-1.9523755e-17
1.9520401e-17
1.9516667e-17
-1.9513319e-17
-1.35297e-30
1.9506248e-17
-1.9502523e-17
-1.9499183e-17
0
1.9492116e-17
1.948839e-17
0
-1.948132e-17
-1.9477979e-17
0
1.9470917e-17
4.0500901e-30
-1.9463863e-17
1.9460144e-17
1.9456812e-17
-1.9453095e-17
-1.3432931e-30
1.3375094e-30
8.288928e-33
1.9439e-17
-1.9435675e-17
-2.6951737e-30
1.3363128e-30
-1.3360583e-30
1.9421638e-17
0
0
-1.941095e-17
-1.9407647e-17
0
0
1.9396954e-17
9.3235994e-50
-1.9389947e-17
0
1.938294e-17
-1.9379633e-17
-5.3692986e-30
3.8745272e-17
-1.9368945e-17
-4.0207069e-30
-2.7514997e-33
-1.935866e-17
1.9354971e-17
-2.7500379e-33
-2.6780259e-30
1.3387844e-30
-1.9340982e-17
0
1.9333977e-17
1.337815e-30
5.363968e-30
1.9323659e-17
0
-1.9316645e-17
-1.9312939e-17
0
0
0
1.9298869e-17
1.3353834e-30
-1.92918e-17
0
0
1.9281329e-17
1.9277553e-17
-1.9274158e-17
-1.9270352e-17
0
1.926308e-17
1.9259611e-17
-1.9255725e-17
-1.9252212e-17
0
1.9244729e-17
-5.3427775e-30
-1.334079e-30
1.9233207e-17
-1.922963e-17
-1.9225674e-17
0
1.9218263e-17
-2.6705194e-30
1.9211087e-17
2.6640855e-30
-3.840853e-17
1.920122e-17
-2.6627094e-30
-6.6639901e-30
-1.3282223e-30
-1.9189542e-17
1.9186753e-17
1.9184483e-17
0
-1.9179853e-17
-1.9177458e-17
0
1.9173205e-17
1.9171303e-17
-3.8337974e-17
-1.9167035e-17
1.9164627e-17
1.9162542e-17
5.3148956e-30
-1.9157684e-17
1.9154886e-17
-1.328197e-30
-1.914932e-17
1.914655e-17
-1.330285e-30
1.3327952e-30
-5.4389734e-33
-1.3214456e-30
1.9129664e-17
0
0
-1.9118557e-17
-1.9114408e-17
0
0
0
0
1.909381e-17
1.3156823e-30
-3.8170167e-17
8.1344785e-33
1.907615e-17
1.9071413e-17
-2.6472646e-30
-2.6411777e-30
-2.708256e-33
-1.9052761e-17
-1.9048091e-17
-1.9043118e-17
3.807662e-17
5.7099784e-17
-1.9028315e-17
-3.8046371e-17
0
1.9012882e-17
1.9007662e-17
-1.9002334e-17
5.3992638e-33
-8.096572e-33
5.3961479e-33
1.898042e-17
1.8974752e-17
-1.8969017e-17
-3.7926381e-17
1.8957299e-17
2.1237016e-49
1.8945257e-17
5.2482458e-30
-3.7865754e-17
0
0
3.7827255e-17
-1.0500216e-29
-3.7800651e-17
0
1.888662e-17
1.8879617e-17
-1.8872487e-17
2.6809151e-33
-2.6182324e-30
2.6788095e-33
1.8842849e-17
-1.8835145e-17
-1.8827297e-17
0
1.881123e-17
-2.6106105e-30
-1.8794628e-17
3.7572261e-17
-5.2087931e-30
-1.8768687e-17
-5.209206e-30
-3.7501316e-17
3.7482817e-17
1.8732021e-17
-1.8722459e-17
-2.6592417e-33
-1.8702864e-17
0
0
1.86722e-17
-2.5883283e-30
-3.7301719e-17
2.6488904e-33
5.5886304e-17
-1.8617433e-17
-1.86059e-17
3.7188337e-17
-1.8582231e-17
1.8570091e-17
3.7115475e-17
-1.8545177e-17
-1.8532394e-17
-1.8519397e-17
1.8506169e-17
1.1590668e-48
-1.8479031e-17
1.8465115e-17
-1.8450953e-17
1.8436552e-17
5.1049224e-30
5.2315831e-33
1.8391835e-17
-3.6752843e-17
1.8360738e-17
5.0939845e-30
-5.0842705e-30
-1.8312082e-17
-3.6590608e-17
5.483475e-17
5.0654985e-30
-1.0121213e-29
5.0504498e-30
-3.6414176e-17
3.6377075e-17
-5.0401954e-30
-3.6301013e-17
0
0
1.809107e-17
-2.5063561e-30
-1.804983e-17
-1.8028723e-17
1.8007302e-17
5.3956667e-17
-1.79635e-17
-1.7941124e-17
-5.0927281e-33
-1.789545e-17
0
3.5697126e-17
3.5649355e-17
-1.7800492e-17
-3.5552051e-17
-1.7751266e-17
3.5452463e-17
3.5401817e-17
-3.5350624e-17
-3.5298856e-17
0
3.5193625e-17
-1.7570073e-17
-3.5086052e-17
1.7515679e-17
1.7488009e-17
-2.481218e-33
2.4202162e-30
1.7403014e-17
-1.7373978e-17
-1.7344581e-17
1.7314798e-17
-2.3973431e-30
-2.45195e-33
-2.3888076e-30
-1.7191698e-17
1.7159884e-17
-7.1340035e-30
-2.3734632e-30
-4.7353006e-30
-1.7028234e-17
1.6994201e-17
-2.3546888e-30
-4.6924611e-30
-2.4001291e-33
-3.3707142e-17
-1.6817295e-17
1.6780568e-17
3.3486815e-17
-2.3194347e-30
-3.3335551e-17
-1.6629312e-17
3.3180867e-17
1.655113e-17
-1.6511421e-17
-1.6471298e-17
-4.5601652e-30
1.6389854e-17
0
0
1.6264756e-17
0
-1.6179449e-17
1.6136234e-17
2.2869043e-33
-4.4541279e-30
0
-1.5959761e-17
1.5914761e-17
1.586941e-17
-3.164745e-17
-1.5777698e-17
1.5731346e-17
0
0
-1.559033e-17
4.3181054e-30
1.5494739e-17
0
0
-1.5349067e-17
6.3748975e-30
1.5250485e-17
0
0
0
0
0
0
0
0
2.958714e-17
8.1826921e-30
-1.4689339e-17
1.4636892e-17
-1.4584223e-17
1.4531352e-17
-4.0244424e-30
-1.4424998e-17
-3.9906875e-30
-1.4317883e-17
0
0
1.4155894e-17
3.9157281e-30
-1.4047108e-17
0
0
0
0
0
0
0
2.7213499e-17
-1.1281014e-29
-2.6991224e-17
1.3439924e-17
1.902004e-33
1.3328342e-17
-7.3596808e-30
-2.6433072e-17
-1.3160566e-17
-2.6604054e-48
3.9145578e-17
0
-2.5872789e-17
0
0
2.5536283e-17
-3.5262755e-30
-3.7968041e-17
1.2599982e-17
1.2543981e-17
-1.2488016e-17
1.2432093e-17
-1.2376218e-17
-3.4176275e-30
1.2264637e-17
-1.2208943e-17
0
-1.2097781e-17
1.2042326e-17
2.397393e-17
-1.1931705e-17
-1.1876554e-17
-1.1821517e-17
-1.1766603e-17
2.3423637e-17
1.1657171e-17
-1.1602667e-17
0
1.1494122e-17
-1.1440096e-17
-1.1386245e-17
3.3997734e-17
3.2057139e-33
-2.2451658e-17
1.1172763e-17
1.5438895e-30
1.1067289e-17
-3.1306215e-33
-2.1925477e-17
1.0910825e-17
0
-3.0010975e-30
-1.5286053e-33
-1.0705723e-17
1.0655115e-17
-2.9447376e-30
-1.4639202e-30
-1.4928466e-33
-1.04555e-17
1.0406315e-17
2.3240546e-48
-2.8625539e-30
-1.4581058e-33
-2.0424975e-17
-1.4098309e-30
1.0117316e-17
0
0
-9.9767123e-18
-4.131983e-30
9.8843912e-18
-9.8386487e-18
1.3596859e-30
8.5954676e-48
-1.3471751e-30
9.6584275e-18
9.6140555e-18
1.3273333e-30
-9.5261313e-18
0
0
9.3963001e-18
-9.3535734e-18
7.7512483e-30
9.2689511e-18
-9.227058e-18
0
9.1441167e-18
9.1030725e-18
-9.0623156e-18
-9.0218487e-18
0
8.941795e-18
8.9022134e-18
-1.7725863e-17
-8.8239522e-18
8.7852769e-18
8.7469078e-18
1.2078991e-30
8.6710955e-18
2.3973945e-30
-1.7193062e-17
0
0
0
8.4511988e-18
8.4156639e-18
0
-8.3455559e-18
-1.1515352e-30
8.2767314e-18
0
0
-8.1759042e-18
-1.1294088e-30
1.1237285e-30
-8.0779702e-18
8.0459668e-18
-3.3346934e-30
-7.9829159e-18
0
-7.9211323e-18
-1.095547e-30
7.8606087e-18
-7.8308178e-18
7.8013397e-18
7.7721736e-18
-7.7433178e-18
0
7.6865308e-18
7.6585956e-18
-7.6309632e-18
-7.6036317e-18
0
-7.5498654e-18
7.5234277e-18
7.4972854e-18
-7.4714372e-18
-1.4891764e-17
4.1211157e-30
2.218693e-17
1.170058e-48
-7.346555e-18
-1.4644873e-17
4.0492025e-30
1.4550078e-17
-7.2517545e-18
7.2287433e-18
-7.206003e-18
-7.1835313e-18
1.4322652e-17
0
0
-1.4192572e-17
-8.0153896e-48
1.410844e-17
0
0
-1.3986058e-17
-7.5327113e-48
1.3906964e-17
0
0
-1.3791958e-17
-6.8772846e-18
1.3717646e-17
6.8405911e-18
0
-1.3609615e-17
3.7693689e-30
1.3539828e-17
-6.7527946e-18
0
6.7191987e-18
-6.7027171e-18
9.5020074e-34
6.6703751e-18
-6.6545106e-18
6.6388479e-18
6.6233851e-18
-6.6081205e-18
-6.5930524e-18
1.8266293e-30
6.5634978e-18
-6.5490081e-18
-1.8145584e-30
6.5205964e-18
-6.5066721e-18
6.4929341e-18
6.4793815e-18
-6.4660132e-18
-6.4528283e-18
1.7882115e-30
6.4270053e-18
-6.4143658e-18
9.0976571e-34
6.3896281e-18
-6.3775284e-18
6.3656067e-18
6.3538622e-18
-6.3422939e-18
-1.2661802e-17
3.5114963e-30
1.2617275e-17
-6.2977656e-18
8.9344562e-34
1.2553066e-17
1.7809523e-33
-6.2559693e-18
0
6.2360553e-18
0
-6.2167708e-18
0
0
0
-6.1799859e-18
-4.1461782e-49
6.1624221e-18
0
6.1453675e-18
-1.7041286e-30
-6.1287885e-18
0
0
0
-6.0969072e-18
1.690843e-30
6.081531e-18
0
6.0664831e-18
1.6816228e-30
-6.0517335e-18
0
6.03726e-18
-6.0301197e-18
3.346668e-30
6.0160147e-18
-6.0090441e-18
0
-5.9952584e-18
-1.6628706e-30
5.9816681e-18
0
5.9682529e-18
-5.9616083e-18
-3.3071743e-30
5.948453e-18
-3.2990748e-30
-8.4348199e-34
1.6472208e-30
-8.4165912e-34
-5.9162866e-18
0
5.9036857e-18
-1.6367684e-30
-1.6350527e-30
2.8804983e-49
-1.6324795e-30
0
-1.1733627e-17
-1.6274276e-30
5.8548517e-18
-5.8489551e-18
1.6216781e-30
5.8372225e-18
5.8313641e-18
1.6176335e-30
-1.6160295e-30
5.8140562e-18
-5.8084272e-18
-5.80283e-18
0
-5.791612e-18
1.606653e-30
5.7803987e-18
0
0
0
-1.1517641e-17
6.3904934e-30
1.149612e-17
0
0
0
0
0
0
0
-1.1412591e-17
3.1677363e-30
1.1391527e-17
5.6906624e-18
-5.6857431e-18
-5.6809128e-18
1.5769319e-30
3.146267e-30
5.6659898e-18
-5.6608275e-18
5.6556938e-18
5.6506983e-18
-5.6458778e-18
-5.6411749e-18
3.1286827e-30
5.6317551e-18
5.626898e-18
-1.5594926e-30
-5.6168225e-18
-5.6117909e-18
5.6069448e-18
5.6023159e-18
-5.597788e-18
5.593212e-18
0
-5.5837406e-18
-5.5788794e-18
1.5462025e-30
5.5691285e-18
-5.564329e-18
5.5596171e-18
5.5549915e-18
-5.5504271e-18
5.5458851e-18
1.5387174e-30
-5.5367459e-18
-5.5321171e-18
-7.8549328e-34
1.1045219e-17
3.0635199e-30
-5.5127279e-18
-5.5078796e-18
0
5.4990044e-18
0
0
0
5.4816035e-18
5.476652e-18
-5.4715372e-18
-5.4664066e-18
0
5.4567545e-18
-1.5148055e-30
-5.4483898e-18
0
0
5.4361356e-18
-3.0149812e-30
-5.4269821e-18
0
0
5.4119461e-18
-3.0011821e-30
-5.4018594e-18
0
5.3934184e-18
-1.4966772e-30
1.4949824e-30
-1.4947702e-30
-5.3791904e-18
0
-5.3702382e-18
2.9773981e-30
5.3603173e-18
0
5.3506575e-18
-5.3461275e-18
-5.3417792e-18
1.0675182e-17
1.4825424e-30
-1.0659477e-17
1.4789464e-30
5.3225276e-18
0
0
5.3119559e-18
-1.4732623e-30
-5.3046553e-18
0
5.2971918e-18
-5.2933547e-18
-5.2894101e-18
5.2853439e-18
0
-5.276939e-18
5.2727122e-18
2.9244493e-30
-2.9222058e-30
5.2605863e-18
-4.3775655e-30
5.2528265e-18
-5.248812e-18
1.4555814e-30
-2.9102343e-30
-1.0471656e-17
1.4511782e-30
5.2271891e-18
0
0
0
-1.0422943e-17
-5.2073859e-18
1.0406255e-17
5.1987687e-18
0
0
5.1860412e-18
1.8653294e-49
-5.177997e-18
0
-1.0339161e-17
-5.1651124e-18
1.0321132e-17
5.1560914e-18
0
-1.0295735e-17
-1.4620422e-33
1.5420853e-17
-1.4247713e-30
-1.0263888e-17
5.1274389e-18
2.911971e-33
-5.1181027e-18
1.4206312e-30
2.8343752e-30
5.1044236e-18
0
5.0953878e-18
-2.8264318e-30
-1.0171634e-17
5.0809224e-18
-8.45142e-30
-5.0714291e-18
1.0133869e-17
-7.1943782e-34
-5.0583621e-18
0
0
0
-5.0406946e-18
5.0358152e-18
1.0061648e-17
-5.0258294e-18
-1.3942227e-30
-1.3915248e-30
-5.0122081e-18
0
5.0046334e-18
-7.1062045e-34
-9.9919715e-18
4.9909922e-18
2.7660355e-30
-4.9804049e-18
-4.9753275e-18
2.7619453e-30
9.9332797e-18
0
4.9593544e-18
4.9554053e-18
0
-4.946005e-18
-4.9407071e-18
4.9352796e-18
0
-4.9249909e-18
0
0
4.911839e-18
-4.0867e-30
-4.9027842e-18
0
0
4.8878241e-18
4.8830446e-18
-4.8786873e-18
-4.8748243e-18
4.8712337e-18
4.8674651e-18
-9.726403e-18
-4.8583384e-18
1.3482518e-30
4.8472125e-18
-2.6860575e-30
-2.6831748e-30
4.8318639e-18
-4.828071e-18
4.8246471e-18
-4.8210015e-18
-4.107012e-33
4.8118638e-18
-9.6130018e-18
-4.8009895e-18
-4.79569e-18
9.5817319e-18
9.5731965e-18
-4.7826899e-18
4.7787276e-18
-4.7744209e-18
2.6489259e-30
9.529599e-18
-4.7597367e-18
1.3196122e-30
-1.3196057e-30
-4.7451149e-18
0
0
4.7318068e-18
4.7274438e-18
0
-4.7183794e-18
-4.7135693e-18
0
-4.7034773e-18
1.3046868e-30
4.6939457e-18
-4.6898939e-18
1.2999529e-30
4.6827226e-18
0
4.6744069e-18
2.5925543e-30
-4.6641148e-18
4.6587398e-18
-1.2902385e-30
-4.6490403e-18
-4.6449924e-18
-1.2881232e-30
4.6374045e-18
0
-4.6287797e-18
4.6242016e-18
-1.3129957e-33
2.5632033e-30
4.611297e-18
-4.6072601e-18
0
-9.1975331e-18
1.0200901e-29
4.5900267e-18
2.5454824e-30
9.1635581e-18
-9.155551e-18
-9.14736e-18
9.1389397e-18
9.1305216e-18
4.5612473e-18
0
-4.5542689e-18
-9.1016859e-18
6.4616844e-34
-4.5426899e-18
4.5379825e-18
4.5330786e-18
-4.5282349e-18
9.0473709e-18
-9.0391392e-18
-7.5213081e-30
9.0251766e-18
-9.0187149e-18
2.5011797e-30
-4.5023997e-18
4.4984129e-18
4.4940272e-18
-4.4893e-18
-1.2439488e-30
-8.9589708e-18
8.9496478e-18
8.9410524e-18
-8.9332223e-18
-1.2386403e-30
-4.4593708e-18
2.4745355e-30
4.4519832e-18
1.2345221e-30
7.6030766e-49
4.4399941e-18
8.8712684e-18
-4.4311118e-18
-1.9334932e-48
-4.422127e-18
-7.3594269e-30
4.4140985e-18
-8.8208149e-18
2.4460147e-30
8.8050544e-18
2.3048225e-49
-4.3927181e-18
0
0
-4.3758407e-18
4.3709649e-18
8.7337518e-18
0
0
0
-4.3533573e-18
-4.3490397e-18
0
4.338979e-18
-4.3337436e-18
-7.2096937e-30
8.6488426e-18
0
0
0
-4.3098338e-18
-4.3054993e-18
4.3005567e-18
-4.2950741e-18
-2.3820708e-30
8.5667086e-18
0
0
-8.5370886e-18
1.2121526e-33
4.2614378e-18
-4.2578515e-18
4.2539873e-18
-4.2498739e-18
2.3578528e-30
8.4825389e-18
0
0
-4.2268473e-18
-4.2215963e-18
0
0
4.2069733e-18
4.2029194e-18
0
-4.1952351e-18
-4.1912103e-18
4.1870398e-18
-4.1828318e-18
-4.1786685e-18
4.1744728e-18
4.1700834e-18
-2.3132904e-30
-4.1603787e-18
4.1551756e-18
1.1517768e-30
-4.1449648e-18
0
-4.1356281e-18
2.2936905e-30
4.126692e-18
-4.1222199e-18
2.2862425e-30
4.1132364e-18
0
-4.1040462e-18
1.1383082e-30
5.8188992e-34
-4.0901759e-18
4.0859211e-18
4.0818789e-18
0
-8.1469511e-18
4.5193585e-30
4.0640575e-18
5.7685897e-34
8.1094696e-18
-8.1010403e-18
-8.093102e-18
8.0851232e-18
4.0383763e-18
0
-8.0591268e-18
6.7015283e-30
8.0411651e-18
0
-8.0228695e-18
-2.2251982e-30
4.0021594e-18
1.1101069e-30
7.9875909e-18
-7.9802333e-18
-9.9570042e-30
7.9651213e-18
-7.9565513e-18
2.2051378e-30
7.9379708e-18
3.9643041e-18
-7.9194574e-18
-3.9552391e-18
7.9015709e-18
-7.8927714e-18
-9.8463439e-30
7.8766078e-18
-7.8697946e-18
1.0917845e-30
-3.9286991e-18
4.3553648e-30
1.1763675e-17
-2.1741226e-30
-7.82437e-18
3.907589e-18
7.8062547e-18
-3.8987705e-18
2.1622513e-30
-3.8900339e-18
-4.3159776e-30
3.8818022e-18
-7.7568646e-18
3.2273937e-30
-4.2998566e-30
2.1467393e-30
3.8655454e-18
0
3.8562948e-18
3.8514939e-18
0
0
0
0
0
-3.8283975e-18
-3.8246424e-18
0
3.8183672e-18
-3.8155116e-18
-6.3501372e-30
7.6155215e-18
0
0
0
-3.7874735e-18
-3.7839302e-18
3.7811828e-18
3.778633e-18
-7.5514281e-18
-6.2848294e-30
7.5365134e-18
0
-7.5196014e-18
-6.2560729e-30
3.7513943e-18
-3.7470572e-18
3.7425666e-18
-3.7380591e-18
-2.0725304e-30
7.4598655e-18
0
0
-3.7200999e-18
-3.7162756e-18
0
-3.7075183e-18
-1.0524773e-33
-3.6989128e-18
3.6950924e-18
1.1074213e-17
0
7.3663932e-18
7.3572395e-18
0
-1.1009131e-17
-7.3317193e-18
7.3248051e-18
-3.6589511e-18
-3.6551466e-18
1.0952914e-17
3.6466036e-18
5.1759703e-34
3.6381442e-18
-3.6342934e-18
-3.6305416e-18
-3.626618e-18
-2.0420094e-49
-3.6180776e-18
-3.6137379e-18
3.6096049e-18
0
7.2044373e-18
7.1972288e-18
0
-3.5905769e-18
-7.1723115e-18
-1.9875689e-30
-3.5771914e-18
-7.1459402e-18
7.1379757e-18
7.1302869e-18
3.5613029e-18
3.5573962e-18
0
-3.5494071e-18
-1.0636137e-17
3.5413587e-18
2.0469912e-47
-1.0600132e-17
7.0588362e-18
3.5254752e-18
3.5215432e-18
7.0352351e-18
-7.0273872e-18
-3.5097648e-18
3.5058222e-18
3.501857e-18
3.4978606e-18
-1.0481468e-17
-3.4897323e-18
1.0456762e-17
3.4814093e-18
-3.4772504e-18
-6.9463589e-18
3.4692482e-18
-3.4654628e-18
5.7636419e-30
-5.7594475e-30
-1.0362953e-17
3.4505166e-18
3.4466614e-18
6.8855046e-18
3.4387858e-18
-6.8695216e-18
-9.7506036e-34
-3.4265969e-18
3.4225245e-18
1.0255521e-17
-1.0243682e-17
-3.4106756e-18
1.0220468e-17
0
-1.0197267e-17
-3.3951822e-18
1.0173797e-17
-3.3873673e-18
-6.7670147e-18
-1.8759829e-30
3.7472675e-30
3.3720798e-18
0
6.7287444e-18
6.7209461e-18
-3.3565645e-18
-3.352663e-18
-6.697552e-18
3.3449008e-18
3.3410296e-18
-6.674314e-18
0
6.6588406e-18
6.6511483e-18
-3.3217504e-18
-6.6358885e-18
1.8396018e-30
3.3103374e-18
-6.6130399e-18
3.3026998e-18
-1.0986824e-29
-6.590249e-18
3.2913985e-18
0
6.5680751e-18
0
-7.2760468e-30
-3.2728673e-18
-6.5381512e-18
9.7958499e-18
-9.269797e-34
-6.5156093e-18
0
6.5010096e-18
3.2468787e-18
-6.4864789e-18
3.5968886e-30
3.2359182e-18
-6.4645372e-18
3.2286485e-18
-5.369543e-30
-6.442991e-18
3.2179389e-18
-3.2143674e-18
6.4215344e-18
9.6214034e-18
0
-9.5993232e-18
-6.3920858e-18
9.5768215e-18
6.3769455e-18
-3.1846581e-18
-6.3617135e-18
3.1770958e-18
3.1733881e-18
-6.3394538e-18
3.1660866e-18
6.3248685e-18
-3.158744e-18
4.4835313e-34
-6.3024456e-18
-6.2948278e-18
9.4307835e-18
-3.1397726e-18
-5.2229544e-30
9.3962936e-18
0
-9.3728185e-18
-6.2405542e-18
3.1162378e-18
3.1121769e-18
3.1081127e-18
0
3.0999674e-18
-1.7184331e-30
-6.1833803e-18
1.7133501e-30
3.0832434e-18
0
3.0746338e-18
-6.140477e-18
-9.1973482e-18
6.1225809e-18
9.1703604e-18
3.0522705e-18
-3.0477079e-18
-6.0861115e-18
3.0383006e-18
-3.0334783e-18
-3.028649e-18
6.0477e-18
-6.0381166e-18
-3.0142074e-18
9.0277227e-18
6.0083285e-18
-2.9990418e-18
-8.9818221e-18
6.6361864e-30
-6.6247961e-30
-2.9784448e-18
-3.3004214e-30
-2.9672858e-18
2.9615831e-18
2.9559364e-18
2.9503508e-18
-2.9447343e-18
-2.9389694e-18
8.7990108e-18
-2.9268914e-18
-5.8415127e-18
8.7441092e-18
8.2671485e-34
-2.902794e-18
5.7934574e-18
2.8904698e-18
0
-2.8774929e-18
-2.8709534e-18
-5.7289101e-18
2.8579745e-18
-9.4966264e-30
-8.5344628e-18
2.8380604e-18
2.8311711e-18
2.8241781e-18
-2.8171177e-18
-2.8100223e-18
8.4086987e-18
-2.7957186e-18
-5.5768568e-18
-4.6318064e-30
-2.773519e-18
5.5321219e-18
8.2761107e-18
1.5268384e-30
-1.5230904e-30
-3.8882844e-34
-2.7279435e-18
-5.438988e-18
-2.7110579e-18
8.1085622e-18
-2.9917756e-30
-5.3743374e-18
0
0
2.6633051e-18
-1.4736436e-30
1.4684518e-30
2.6373108e-18
-5.2565991e-18
-2.619211e-18
-2.8969049e-30
2.6011365e-18
7.7766345e-18
2.5832889e-18
0
0
0
-7.6394555e-18
-5.074384e-18
7.5839527e-18
-2.7969782e-30
-5.0190863e-18
0
0
4.9602509e-18
-5.4837922e-30
-2.7297439e-30
4.8986166e-18
-2.4392624e-18
-4.8587201e-18
-4.8390117e-18
2.4095792e-18
7.1984667e-18
2.3892105e-18
0
0
0
-7.0421148e-18
-4.6738182e-18
6.9791382e-18
-5.1416327e-30
-2.3049494e-18
3.2600056e-34
-2.2829713e-18
4.5436284e-18
-2.5096135e-30
-2.2494081e-18
4.4765781e-18
0
-1.2305316e-30
-4.4106509e-18
-4.3885202e-18
6.5492206e-18
4.3435667e-18
-2.1604389e-18
-1.1925991e-30
2.1377237e-18
-6.3789832e-18
-4.2296953e-18
2.1032539e-18
2.0915545e-18
-2.0797906e-18
-2.0680162e-18
2.0562749e-18
2.044586e-18
-1.1284371e-30
1.1216954e-30
2.0096658e-18
0
1.9862204e-18
-3.9488566e-18
-5.8878622e-18
3.9016438e-18
3.8780826e-18
1.9272696e-18
-2.1262073e-30
-3.8073315e-18
1.8918007e-18
-1.8798927e-18
-1.8679555e-18
3.7120171e-18
-3.6881489e-18
-1.8321767e-18
1.8203327e-18
3.6170876e-18
1.7967912e-18
-3.5700945e-18
9.8380989e-31
-1.7615434e-18
-1.749809e-18
5.214298e-18
-1.7263958e-18
-1.7146715e-18
5.1087719e-18
-2.4033231e-34
-5.038538e-18
-1.6679138e-18
4.9690754e-18
-1.6447947e-18
-6.0232996e-47
-2.6999434e-30
-3.2203348e-18
3.1976135e-18
3.1750261e-18
-1.576208e-18
1.7372231e-30
3.1069556e-18
-1.5421727e-18
-4.5930503e-18
-1.5200224e-18
1.5091035e-18
0
1.4870018e-18
2.9516355e-18
-2.0815295e-34
-4.3617692e-18
-1.4433407e-18
2.8657236e-18
-2.0212342e-34
-2.8232411e-18
2.8016606e-18
-2.3152313e-30
-2.7591221e-18
4.1076544e-18
2.7179817e-18
0
0
-1.328384e-18
-3.9546938e-18
-1.3081484e-18
3.8943245e-18
-1.4299338e-30
-2.5559547e-18
2.5359993e-18
2.5165794e-18
-1.248905e-18
-2.4793525e-18
1.2303641e-18
1.2208716e-18
-3.6336336e-18
-1.201476e-18
-1.9850024e-30
6.5597928e-31
1.1731787e-18
-1.164128e-18
2.310288e-18
3.4385022e-18
0
-3.384759e-18
-2.2387967e-18
3.3319266e-18
-3.131973e-34
-1.0933721e-18
2.1698537e-18
-1.0766683e-18
-1.0685245e-18
-1.1771823e-30
1.0521709e-18
2.0877702e-18
-1.0355366e-18
-2.0543619e-18
-2.0378543e-18
1.1225366e-30
1.0031188e-18
-9.9549353e-19
1.9758145e-18
2.9409801e-18
0
-2.8957226e-18
-1.9155477e-18
2.851313e-18
-1.0474777e-30
-9.3630534e-19
9.2930037e-19
9.2224089e-19
-5.0771586e-31
-1.8160877e-18
5.0011233e-31
1.7880495e-18
-9.8486114e-31
-9.7756951e-31
-1.7484476e-18
-2.6032803e-18
1.7225542e-18
-9.4920991e-31
-2.8252709e-30
8.4204401e-19
8.3582805e-19
1.6595751e-18
-2.4716693e-18
-8.1802263e-19
1.6242652e-18
-1.6124896e-18
-4.549729e-34
2.3838476e-18
7.8892854e-19
-7.8337525e-19
-2.3339255e-18
2.5735704e-30
1.5347568e-18
7.6206979e-19
-1.5135645e-18
-2.2546492e-18
2.2391952e-18
7.4136264e-19
8.1737285e-31
7.3168334e-19
-1.4539638e-18
4.0091558e-31
-7.1754496e-19
7.1285695e-19
-2.3591959e-30
-2.1112401e-18
2.0980822e-18
2.0852868e-18
0
0
0
-6.7857415e-19
-2.0235431e-18
-6.7055444e-19
-7.4013958e-31
-6.6296498e-19
1.9780411e-18
6.5582729e-19
-6.5233617e-19
-6.4881084e-19
-6.452987e-19
1.283769e-18
-6.3859676e-19
6.3542962e-19
-2.1061368e-30
-1.258928e-18
1.8798315e-18
1.2474913e-18
0
-1.2360424e-18
-6.8311326e-31
6.1278199e-19
-1.8310887e-18
-6.0807925e-19
6.0590342e-19
0
0
5.9937572e-19
1.1946556e-18
-1.3220613e-30
-1.1874213e-18
-5.9213224e-19
5.9068389e-19
-5.893014e-19
5.8789306e-19
7.4980421e-48
-9.7448151e-31
1.7518e-18
0
0
-1.16301e-18
-1.1619063e-18
-5.8039745e-19
6.435596e-31
1.7375915e-18
-6.4272996e-31
-1.1573057e-18
0
1.1578014e-18
5.7923224e-19
-1.1591819e-18
5.7988191e-19
5.8014685e-19
-1.7417e-18
5.8125591e-19
-1.9389598e-30
-1.1666247e-18
1.7537156e-18
1.1717693e-18
0
0
0
-1.7733114e-18
-1.1859132e-18
1.7850601e-18
1.1944552e-18
0
-1.203445e-18
6.70329e-31
6.0594113e-19
-1.2166697e-18
6.1108086e-19
-6.1408682e-19
-6.1724561e-19
1.861436e-18
-1.2473353e-18
-1.2534213e-18
6.2968815e-19
-6.3286298e-19
1.2728754e-18
1.9211005e-18
0
-1.9459622e-18
-1.3055437e-18
6.5668475e-19
6.6046164e-19
-7.3757689e-31
6.6874961e-19
-2.2435801e-30
-6.7854009e-19
-3.7953688e-31
9.4394086e-49
6.9330789e-19
0
7.0251248e-19
-1.4151084e-18
-2.1392501e-18
2.1566214e-18
2.174055e-18
0
-1.4719299e-18
-1.4825921e-18
1.4932513e-18
-7.5224974e-19
-7.5831281e-19
2.2940681e-18
-1.5423631e-18
-1.5553383e-18
7.8396247e-19
1.5798774e-18
7.9576975e-19
-2.4054341e-18
-8.0840258e-19
-1.3579951e-30
1.645287e-18
4.715459e-34
-2.5086384e-18
1.685288e-18
2.5471892e-18
8.5579945e-19
-2.588881e-18
-1.7406216e-18
2.6329101e-18
-1.9650556e-30
-1.7842174e-18
-8.9912208e-19
5.0291432e-31
1.8260239e-18
-1.0217237e-30
9.2806874e-19
9.3587997e-19
-2.8305772e-18
-9.5094614e-19
-1.063685e-30
1.9304657e-18
-3.2387564e-30
-2.9402462e-18
1.9760154e-18
-1.1062063e-30
-1.1151808e-30
-2.2460743e-30
-1.0190585e-18
3.0796812e-18
-1.0340296e-18
-1.7340938e-30
-3.4943235e-30
-3.1712021e-18
1.0650078e-18
2.1457299e-18
-1.1995782e-30
1.0880715e-18
1.0955065e-18
-2.2061652e-18
-2.2219418e-18
1.2420925e-30
3.3804989e-18
-1.2590498e-30
-1.1417936e-18
2.2981104e-18
-1.1564135e-18
-1.1640879e-18
6.5019769e-31
-6.5483527e-31
1.187238e-18
-2.3891389e-18
1.2017602e-18
-4.0268594e-30
-4.0501456e-30
3.6702351e-18
-2.4615746e-18
3.5190622e-34
2.4909809e-18
-1.2526777e-18
-3.7790314e-18
-1.2665232e-18
3.8198781e-18
-1.4211882e-30
-1.2872837e-18
2.5888428e-18
-2.6026118e-18
-6.5348875e-30
1.3142398e-18
-1.3204959e-18
1.3268753e-18
-2.6671092e-18
1.3403329e-18
4.0405106e-18
0
0
-2.7294133e-18
-3.895174e-34
2.7528507e-18
-1.3824767e-18
-4.165333e-18
-1.394256e-18
4.199798e-18
3.9944979e-34
1.5661814e-30
2.831991e-18
-4.2634463e-18
-7.126204e-30
1.4317704e-18
-1.4370801e-18
-1.4421067e-18
1.6070226e-30
1.4513268e-18
-2.9114827e-18
2.9205711e-18
-4.879346e-30
-2.9396965e-18
4.4228735e-18
2.956695e-18
-1.4821439e-18
-4.4575366e-18
-1.4896191e-18
1.4935743e-18
0
-1.5014339e-18
1.5050359e-18
4.5254098e-18
8.391367e-31
-3.0298292e-18
1.5179885e-18
1.5210313e-18
-3.0482987e-18
1.527328e-18
-1.5303802e-18
-3.0663003e-18
4.6069282e-18
-5.1221468e-30
3.4203414e-30
3.0854724e-18
-3.0906358e-18
-1.5477782e-18
-1.5499201e-18
-1.7240409e-30
1.5535015e-18
-3.1103434e-18
3.1137181e-18
4.6757438e-18
0
-1.561985e-18
8.6790955e-31
4.4479563e-34
-4.6984103e-18
-1.567131e-18
4.7042809e-18
-1.5691427e-18
6.2834651e-48
4.7142303e-18
-1.5723245e-18
-4.7191871e-18
-1.5736438e-18
3.1481452e-18
-1.574402e-18
1.5747141e-18
-5.2458549e-30
-3.1513204e-18
4.7285754e-18
1.7510432e-30
-7.0016569e-30
3.1528191e-18
-3.1524723e-18
-1.749684e-30
1.5759223e-18
-3.1514188e-18
-1.5753892e-18
0
0
3.1487785e-18
-3.4947694e-30
-8.9437682e-34
-1.7458367e-30
-1.5717196e-18
-1.5708293e-18
1.569988e-18
1.5691858e-18
-3.136741e-18
3.1350191e-18
-1.739172e-30
-3.1312722e-18
3.1291354e-18
5.2068403e-30
-1.7342212e-30
1.5608397e-18
-3.1190461e-18
1.558226e-18
-3.4568171e-30
-3.1109728e-18
0
3.1044253e-18
1.5505013e-18
-3.0977071e-18
-1.5472825e-18
1.5456974e-18
-2.5715462e-30
-1.5421913e-18
0
0
3.0730304e-18
3.0691996e-18
0
-3.0616254e-18
-1.5287956e-18
1.52667e-18
-1.5245252e-18
1.5224421e-18
0
-3.0367486e-18
0
0
1.5113989e-18
-1.6751831e-30
-1.5066134e-18
0
1.502237e-18
8.3257887e-31
-1.497414e-18
0
2.9840517e-18
2.9787538e-18
-1.4868482e-18
-1.6477177e-30
1.4819796e-18
-2.9588351e-18
-2.9533739e-18
2.947705e-18
4.1808866e-34
3.2603707e-30
4.1652908e-34
-2.9256762e-18
1.4601644e-18
-1.6180215e-30
1.4546847e-18
-1.4517858e-18
-4.3465967e-18
4.3378865e-18
1.4430366e-18
-1.4400634e-18
-1.5952015e-30
-1.4342214e-18
2.8625812e-18
2.8563088e-18
-2.8497839e-18
-4.7344342e-30
-1.41858e-18
-1.4154982e-18
2.824605e-18
-1.4090321e-18
1.5604244e-30
-7.7891149e-31
1.3992776e-18
2.7920058e-18
-2.7854559e-18
-2.7788875e-18
0
1.3828453e-18
1.5315619e-30
-2.7526764e-18
-1.5242342e-30
4.1087521e-18
2.7323052e-18
0
-2.7186296e-18
-3.0101388e-30
-1.3524636e-18
-1.348955e-18
4.0361719e-18
-7.4460773e-31
-2.676369e-18
1.3345686e-18
2.6619196e-18
-1.3273481e-18
-2.6473907e-18
-1.3199919e-18
0
2.6251783e-18
-1.308911e-18
-3.9156152e-18
1.3014881e-18
1.2977909e-18
2.5881905e-18
1.2903846e-18
-2.5733692e-18
-1.2830038e-18
-1.2793304e-18
1.4161915e-30
1.272043e-18
1.2684022e-18
2.5294112e-18
1.2609596e-18
0
0
0
-2.4910651e-18
-2.4833342e-18
2.4755728e-18
1.3697908e-30
1.3654479e-30
-1.3607979e-30
-2.7141009e-30
2.4367516e-18
0
-2.4211376e-18
-1.2066287e-18
1.2026629e-18
-1.1986721e-18
-1.1946097e-18
0
0
2.3647125e-18
-3.9249109e-30
-2.6086694e-30
2.3432952e-18
-2.3371426e-18
-2.3308788e-18
0
2.3156483e-18
-1.2800097e-30
-2.2974839e-18
2.2889397e-18
1.266423e-30
-2.2731309e-18
0
2.257444e-18
1.1248029e-18
-2.2417578e-18
1.1170116e-18
2.4733151e-30
-2.2202108e-18
2.2118414e-18
2.2037071e-18
0
0
0
-2.1722298e-18
-2.1651106e-18
2.1585537e-18
0
-2.1445225e-18
0
-1.0633393e-18
2.1172527e-18
1.0541261e-18
-1.0499485e-18
2.0921175e-18
1.0423529e-18
-2.0774516e-18
-1.0351051e-18
-1.1452194e-30
1.0277698e-18
-2.2737088e-30
5.799826e-34
2.0331416e-18
0
-1.0090934e-18
-2.010756e-18
-1.001686e-18
0
0
0
-9.8709316e-19
1.9668716e-18
9.7975229e-19
-9.7604007e-19
-9.723043e-19
9.6855661e-19
9.648121e-19
-1.9221715e-18
0
1.9074617e-18
1.9002239e-18
0
0
-1.8789315e-18
-1.0390697e-30
-9.3249485e-19
-9.2903559e-19
9.2559155e-19
-9.2216215e-19
9.1874697e-19
1.83069e-18
9.1195415e-19
0
-1.8103841e-18
-1.0008928e-30
8.9842953e-19
-8.9504042e-19
-8.916449e-19
-1.7764887e-18
1.7696839e-18
8.8144188e-19
-2.4955656e-34
8.7466844e-19
-1.742608e-18
8.6795887e-19
-8.646348e-19
-7.5997014e-48
8.580509e-19
-1.7095783e-18
1.7030905e-18
1.6966338e-18
0
-8.4189728e-19
-1.6774022e-18
4.6377191e-31
8.3232348e-19
8.2913699e-19
-1.6518975e-18
-1.6455134e-18
8.1955905e-19
1.6327098e-18
1.6262877e-18
-8.0992648e-19
-1.6134077e-18
8.0347763e-19
-8.002498e-19
1.3269976e-30
7.937979e-19
-1.5811559e-18
1.5747284e-18
8.7031122e-31
-4.335135e-30
1.5555334e-18
-1.549163e-18
-3.425493e-30
7.6822633e-19
-1.530107e-18
7.6188149e-19
-2.1563786e-34
3.3550205e-30
7.5235011e-19
-1.498323e-18
1.6562682e-30
-4.1218198e-31
7.3954321e-19
-2.0927407e-34
-1.466164e-18
1.4596735e-18
4.1301444e-34
-3.2119848e-30
1.4401063e-18
-1.4335614e-18
-1.5841981e-30
1.4204539e-18
-7.0694707e-19
-7.0366578e-19
-7.0038345e-19
6.9710025e-19
-7.7024115e-31
-1.3810599e-18
0
0
1.3612979e-18
1.9251239e-34
-1.3480564e-18
6.7070445e-19
-7.4069294e-31
6.640254e-19
1.4668847e-30
-1.3145981e-18
0
-6.5052379e-19
1.2942393e-18
6.4370603e-19
-1.4218072e-30
6.3685466e-19
-1.2668374e-18
6.2997723e-19
-6.953668e-31
-1.2461635e-18
0
0
6.1271873e-19
-3.3818542e-31
6.0579761e-19
-6.0233206e-19
-1.7965875e-18
1.7861652e-18
5.9190917e-19
-1.1768481e-18
5.849324e-19
9.6813715e-31
5.7792793e-19
-3.2651707e-34
-1.9015023e-30
5.6736786e-19
-1.1276687e-18
-5.6029468e-19
0
-5.5319973e-19
5.4964616e-19
5.4608957e-19
5.4253048e-19
-1.1966755e-30
5.942299e-31
-5.9027348e-31
-1.0565503e-18
5.247079e-19
8.6774175e-31
-1.0351382e-18
7.3043311e-35
5.1042124e-19
1.0136852e-18
1.0065208e-18
-9.9934913e-19
-5.5101169e-31
-4.9249142e-19
-4.8889384e-19
9.7058466e-19
-9.6337458e-19
-4.7807944e-19
1.4234089e-18
9.4171739e-19
-4.6724742e-19
-9.27273e-19
-4.6002665e-19
4.5641869e-19
9.0562699e-19
-8.9842367e-19
-1.3368427e-18
4.4202096e-19
4.3843196e-19
8.6969423e-19
4.3126635e-19
-8.5537928e-19
-4.2411695e-19
-4.2054811e-19
8.3396549e-19
4.1342039e-19
-8.1972126e-19
8.1260652e-19
5.4740128e-48
1.1345843e-34
7.9129515e-19
-7.8420451e-19
-1.2944153e-30
-4.2699616e-31
-1.2707506e-30
5.4313238e-48
-1.123315e-18
-4.1183263e-31
3.6741285e-19
7.2782158e-19
7.2083211e-19
-7.1385756e-19
-7.8476463e-31
-3.4997755e-19
-1.1542466e-30
3.430585e-19
-6.7922145e-19
0
3.3273685e-19
-3.6549079e-31
3.2589034e-19
6.4495434e-19
-6.3814109e-19
-6.3134042e-19
0
6.1777469e-19
-6.784868e-31
-6.0425576e-19
5.975145e-19
3.2793091e-31
-2.9203447e-19
-1.602815e-31
-8.1097207e-35
2.8199453e-19
-2.7865937e-19
-2.7532995e-19
2.7200613e-19
-2.9839864e-31
2.6537401e-19
-8.7287019e-31
2.8726302e-31
5.1091859e-19
-5.043249e-19
-4.9773875e-19
0
4.8458672e-19
-5.3067428e-31
-4.7145755e-19
4.649009e-19
4.5834974e-19
-2.2590211e-19
-4.4526432e-19
-1.2182654e-31
-3.0709692e-35
-1.1808087e-31
-5.956589e-35
-2.0632239e-19
4.0613762e-19
3.9963596e-19
-3.9313941e-19
-2.1472859e-31
3.801595e-19
-3.7367534e-19
-3.6719474e-19
0
3.5424353e-19
-4.9421375e-35
1.8940017e-31
1.8585797e-31
-3.6458147e-31
3.2189585e-19
-3.1542629e-19
-7.7888226e-48
3.0248439e-19
-4.440173e-19
-2.8953684e-19
1.4152991e-19
0
2.7009656e-19
-4.3904421e-31
1.4275619e-31
2.5062082e-19
0
0
-3.4664979e-19
-1.1229037e-19
1.0902727e-19
-1.0576031e-19
1.0248924e-19
-9.9213976e-20
-2.1297653e-31
9.2650946e-20
8.9363354e-20
8.6071807e-20
-8.2776266e-20
0
0
-1.4572963e-19
6.9551986e-20
1.9870033e-19
0
-5.9573589e-20
-1.1245761e-19
-7.5135838e-36
-4.9503611e-20
-1.0242461e-31
2.4294727e-35
-3.9352403e-20
1.0790359e-19
7.234985e-32
-1.6221162e-31
5.1718777e-20
-4.4998277e-20
-1.912459e-20
1.5722172e-20
1.2287911e-20
-1.7654674e-20
-8.9146201e-33
5.6589449e-21
2.9259275e-21
-1.6216841e-32
-8.371877e-21
2.3607327e-20
-1.526138e-20
1.8799321e-20
3.7329112e-32
-2.6064726e-20
5.9297401e-20
-6.6292517e-20
2.0798258e-35
3.1115656e-31
2.4748219e-35
3.1346421e-31
-1.0114045e-19
5.4110171e-20
1.2816046e-31
-6.1357378e-20
1.2999918e-19
1.3718651e-19
-1.4426629e-19
2.5202918e-31
7.9229951e-20
9.1974507e-32
-8.6482901e-20
5.121348e-35
1.8735916e-19
-1.9453696e-19
-3.3604548e-31
3.4828548e-31
-1.2015386e-31
2.4842501e-31
-2.3105336e-19
0
0
1.2631483e-19
2.5996899e-19
-1.3366374e-19
3.0493722e-31
3.129528e-31
4.814344e-31
2.963158e-19
-1.5178161e-19
1.7255304e-31
1.590909e-19
-1.6273588e-19
1.847088e-31
1.6997427e-19
0
0
0
-3.6900023e-19
-3.762567e-19
3.8349714e-19
1.9536805e-19
-1.9899145e-19
4.052353e-19
-4.1248537e-19
-8.3945478e-19
4.269617e-19
4.3419229e-19
-6.6213316e-19
2.2414419e-30
4.5587406e-19
5.1420053e-31
-2.3515096e-19
-4.7750666e-19
4.8470626e-19
2.4595039e-19
-4.9908924e-19
-2.5313557e-19
0
0
2.6388507e-19
-2.674601e-19
-5.4206229e-19
8.2379429e-19
5.5632194e-19
-5.6343924e-19
2.8527382e-19
-2.8882366e-19
1.9476091e-30
2.9590946e-19
-5.9889138e-19
6.0595467e-19
-6.8062046e-31
-6.200546e-19
6.2709101e-19
3.170593e-19
-6.4113695e-19
3.2407343e-19
6.5514792e-19
-6.6214044e-19
-6.6912432e-19
0
6.8306676e-19
-3.4501282e-19
-6.9697571e-19
3.5195883e-19
-3.5542576e-19
7.1777597e-19
-1.2067783e-30
1.2184862e-30
7.3849486e-19
8.276424e-31
-3.7612416e-19
-7.5910372e-19
7.6594274e-19
3.8638193e-19
-7.795652e-19
-7.8634356e-19
7.9309237e-19
3.9990791e-19
-8.0651362e-19
0
-4.0991685e-19
8.2647426e-19
8.331179e-19
-8.3978798e-19
-4.232567e-19
8.5332636e-19
8.6025624e-19
0
0
-4.4102423e-19
-8.8967353e-19
-4.4871491e-19
9.0525235e-19
9.1305263e-19
-9.2071985e-19
1.030093e-30
9.3512298e-19
-9.4162548e-19
1.0520669e-30
4.7645075e-19
-1.4367116e-18
-9.6254913e-19
1.4511779e-18
-1.6197973e-30
-9.7919029e-19
1.4797841e-18
-4.9739897e-19
1.6714831e-30
-1.6871314e-30
-5.1097964e-19
5.1509844e-19
-5.1867232e-19
1.0432301e-18
1.0479945e-18
-1.0521686e-18
1.1726136e-30
3.537049e-30
-1.0688605e-18
0
0
5.4802545e-19
1.2266795e-30
-1.1124402e-18
1.1184384e-18
5.6156671e-19
-1.6909797e-18
1.1321887e-18
-2.1441188e-48
3.8196976e-30
1.1559841e-18
1.2939472e-30
5.8697184e-19
0
-1.1867746e-18
-1.1914005e-18
1.1962021e-18
2.6698881e-30
-1.2103172e-18
1.2192995e-18
2.7277802e-30
1.3732831e-30
-6.218141e-19
4.1604058e-30
-1.4320112e-48
-6.2987583e-19
1.9007247e-18
-1.2757349e-18
-1.2845819e-18
1.2927574e-18
-7.2160896e-31
-6.5270384e-19
0
0
1.3250915e-18
-1.48025e-30
1.4896444e-30
-5.337771e-48
1.5048305e-30
1.3612816e-18
-1.3676155e-18
-2.062111e-18
6.9115676e-19
6.9489367e-19
-6.9834813e-19
0
-7.0441829e-19
1.4149839e-18
-2.3668154e-30
4.7568553e-30
1.4347478e-18
1.5994564e-30
7.2326525e-19
0
-1.4587532e-18
-1.4652786e-18
0
0
0
1.491331e-18
7.4912211e-19
-1.5053398e-18
-1.5125428e-18
1.5198363e-18
-2.5428347e-30
-7.6746044e-19
2.3141195e-18
-1.5506998e-18
-1.5587146e-18
7.8336333e-19
0
0
0
1.5976696e-18
3.5640413e-30
-1.6122097e-18
1.6193628e-18
1.6265202e-18
-2.4506016e-18
-1.6410389e-18
8.242203e-19
-8.2795866e-19
8.3171245e-19
8.3545585e-19
-8.3916683e-19
0
1.6928973e-18
-1.8875496e-30
-8.5356517e-19
1.7141824e-18
8.6061222e-19
-8.6413408e-19
9.6335203e-31
8.7116595e-19
-1.7493119e-18
-1.7562308e-18
0
0
0
1.7833493e-18
1.987277e-30
-1.7968713e-18
0
1.8105235e-18
-9.0868152e-19
3.0381778e-30
9.1546e-19
-2.7564075e-18
1.0239526e-30
9.2541776e-19
1.8574448e-18
2.6490471e-34
-1.870833e-18
1.8776476e-18
4.1847566e-30
4.2000796e-30
-5.2604242e-48
4.230124e-30
1.9117484e-18
0
-1.9247892e-18
-9.6563614e-19
1.376917e-34
-9.7227844e-19
1.951458e-18
-5.4810399e-48
-1.9656522e-18
0
9.8983822e-19
1.9863588e-18
9.9638909e-19
-9.9950307e-19
-1.4247733e-34
1.0057577e-18
0
0
-2.0325984e-18
-2.040251e-18
2.0479017e-18
-2.2819636e-30
-2.062163e-18
0
0
2.0798792e-18
-1.0428202e-18
6.967735e-30
1.0495267e-18
4.6781239e-30
2.1154916e-18
0
0
-1.0699495e-18
1.191377e-30
-1.0755589e-18
-2.1555808e-18
0
0
0
2.1816286e-18
2.1917267e-18
0
-2.2124557e-18
-3.3311636e-18
-1.1132924e-18
3.3449593e-18
2.2318894e-18
-2.2338684e-18
-1.1188004e-18
1.1221873e-18
2.2546421e-18
-2.2678885e-18
-2.2825972e-18
3.4446644e-18
2.3069007e-18
0
0
-1.1543995e-18
2.5590873e-30
1.1522368e-18
-2.3100044e-18
-2.3228463e-18
0
0
0
2.4025635e-18
5.3453691e-30
-2.4008467e-18
-1.1932342e-18
2.3705073e-18
-7.8612785e-30
7.8681673e-30
2.3797567e-18
2.6773296e-30
-1.2255858e-18
-2.489744e-18
0
0
0
2.4652417e-18
2.42416e-18
0
-2.3867405e-18
2.6795501e-30
-1.2356791e-18
8.4869204e-30
2.6200927e-18
-2.6628423e-18
-1.3318783e-18
-1.3125744e-18
1.278496e-18
1.2328845e-18
-1.185296e-18
-1.1594181e-18
1.1854051e-18
3.8160479e-18
1.3712114e-18
0
-1.3756838e-18
-1.8904036e-34
-1.2318037e-18
-2.4144821e-18
2.7449643e-18
1.451534e-18
-1.3739215e-18
1.3027642e-18
-1.2813888e-18
-3.8226768e-18
3.6964391e-48
3.9359015e-18
-1.3435237e-18
4.5580032e-30
-3.9412261e-48
-1.3884011e-18
1.3835619e-18
-1.3730589e-18
2.7233835e-18
-3.0058597e-30
-1.3520371e-18
2.7135973e-18
-1.3665625e-18
-2.7573389e-18
2.7805828e-18
6.2142895e-30
-4.2134054e-18
2.8122428e-18
1.2334158e-48
9.3504858e-30
1.4027191e-18
-2.8071548e-18
2.8132883e-18
-3.1342636e-30
-1.4177815e-18
-4.6609403e-48
-1.4297563e-18
2.8684105e-18
2.8747257e-18
0
-2.8825032e-18
-2.8861141e-18
-1.4453697e-18
2.8968544e-18
4.3566896e-18
-1.45652e-18
-4.3824624e-18
6.5042012e-30
1.4681745e-18
1.6336672e-30
3.2737515e-30
1.477757e-18
-1.4810613e-18
9.880739e-30
4.4588374e-18
-1.4898223e-18
3.3164585e-30
1.4969234e-18
0
-3.0077104e-18
-3.0143361e-18
0
0
0
-1.5197096e-18
-5.0724524e-30
1.6941544e-30
3.0586197e-18
-1.90367e-48
1.5345792e-29
1.5392027e-18
-4.627427e-18
3.0914292e-18
1.5489198e-18
-4.656299e-18
1.7270251e-30
1.5584367e-18
0
0
3.1360877e-18
-3.4887235e-30
3.4968262e-30
3.1555485e-18
-3.1620269e-18
7.0363496e-30
1.5874611e-18
3.5324566e-30
-3.5393619e-30
-3.1942024e-18
3.553667e-30
3.5608557e-30
1.6068127e-18
-1.61007e-18
1.0747185e-29
4.849794e-18
-1.6198633e-18
3.6038382e-30
1.6263939e-18
0
-3.2658693e-18
-3.2724279e-18
1.639501e-18
-1.8239868e-30
-1.6460989e-18
3.2988171e-18
1.1009589e-29
-3.3120892e-18
3.318739e-18
-1.6626985e-18
1.1098237e-29
1.6693694e-18
7.4278597e-30
3.3521224e-18
-3.3588331e-18
-3.3655574e-18
0
0
0
3.3925817e-18
7.5481026e-30
-3.4061532e-18
3.4129525e-18
3.4197619e-18
0
-3.4334122e-18
3.819204e-30
1.7235523e-18
-1.7269829e-18
-1.730418e-18
-3.4677155e-18
3.8578322e-30
1.7407507e-18
-1.7442038e-18
3.8805871e-30
-3.8887706e-30
3.5091756e-18
3.5161141e-18
3.9118836e-30
1.7650075e-18
0
0
-3.550927e-18
-3.5579132e-18
0
3.571909e-18
3.9736531e-30
-3.585939e-18
0
-1.8000041e-18
3.6070587e-18
-6.0183342e-30
-1.8105966e-18
5.4424169e-18
-3.6353744e-18
1.2131129e-29
5.4744053e-18
-1.828368e-18
-3.66388e-18
1.8355175e-18
8.1677676e-30
-3.6853747e-18
1.8462789e-18
-1.849874e-18
1.8534721e-18
5.5712166e-18
-3.7213473e-18
-1.8642756e-18
-1.8678776e-18
1.8714789e-18
-2.0717383e-48
-1.8786789e-18
1.8822771e-18
-3.7717475e-18
-3.7789371e-18
5.6791828e-18
7.5866017e-18
-1.9002366e-18
6.3411273e-30
1.9073984e-18
0
0
-1.9181159e-18
4.2675385e-30
1.9252463e-18
-3.8576148e-18
-3.8647312e-18
0
0
1.943023e-18
-4.3228069e-30
-3.9002286e-18
1.9536558e-18
5.8715835e-18
-3.9214602e-18
1.3084896e-29
-6.5525241e-30
-1.9713169e-18
5.9245166e-18
-1.9783573e-18
-3.9637447e-18
0
0
0
3.9917935e-18
3.9987856e-18
0
-4.0127415e-18
-6.0295575e-18
4.0266588e-18
-6.7157223e-30
-4.0405384e-18
2.0237325e-18
-2.0271915e-18
2.2546147e-30
6.1022922e-18
-5.7910504e-34
-4.0819772e-18
0
4.0957334e-18
4.1026024e-18
0
-2.0581615e-18
4.57823e-30
-4.1300226e-18
-4.1368657e-18
2.0718526e-18
0
0
2.0821036e-18
-2.0855185e-18
-2.0889326e-18
4.1846925e-18
4.1915199e-18
-4.1983483e-18
2.1007742e-29
6.3180165e-18
-2.1094234e-18
2.345877e-30
-2.1162644e-18
-4.2393756e-18
0
0
0
4.2668e-18
4.2736652e-18
-6.4208017e-18
-4.2874088e-18
4.7679239e-30
4.3011767e-18
-1.9820125e-48
-4.3149749e-18
2.1609427e-18
0
-2.1678627e-18
6.6368896e-49
2.174794e-18
2.178264e-18
-2.6618401e-48
-2.185214e-18
4.377388e-18
4.3843537e-18
0
-2.1991484e-18
4.8914597e-30
-2.2061234e-18
-4.4192231e-18
4.4262013e-18
2.2165913e-18
-2.2200842e-18
-4.447159e-18
-2.2270773e-18
6.6917313e-18
-4.9603326e-30
-6.7127393e-18
4.4821622e-18
6.7337456e-18
0
-2.2515812e-18
-4.5101601e-18
-2.2585786e-18
4.5241541e-18
-1.0061176e-29
-2.2690739e-18
4.5451445e-18
-2.2760705e-18
-4.5591367e-18
4.5661313e-18
1.0154377e-29
-6.8701749e-18
-2.2935537e-18
6.8911469e-18
-2.0071186e-48
-4.6080821e-18
2.3075389e-18
4.6220765e-18
-1.0278618e-29
-2.3180411e-18
6.5982253e-34
-2.3250481e-18
4.6571065e-18
4.6641208e-18
0
-4.678169e-18
1.0403249e-29
6.6680958e-34
5.2176217e-30
4.7063864e-18
-4.7134692e-18
-7.0808459e-18
6.8057386e-49
2.3673965e-18
0
0
-2.3781279e-18
4.7634467e-18
-7.9428761e-30
1.5912546e-29
4.7851401e-18
5.320648e-30
2.399855e-18
0
-4.814378e-18
-4.8217541e-18
0
0
0
4.8515986e-18
1.6185266e-29
1.0804269e-29
-2.4371865e-18
1.6260797e-29
-2.2154597e-48
-4.8974763e-18
7.3578833e-18
-2.4565398e-18
-4.9209526e-18
2.7362521e-30
7.6628944e-49
2.4724472e-18
0
-2.4805653e-18
2.484666e-18
2.4887952e-18
2.4929538e-18
4.9942861e-18
-5.0027292e-18
5.5639498e-30
2.5099103e-18
-7.5427108e-18
-2.518601e-18
2.5230039e-18
2.527447e-18
2.8108294e-30
-5.0729215e-18
2.8212959e-30
2.5456557e-18
5.1006499e-18
2.555044e-18
2.842147e-30
2.5646388e-18
0
-5.1489162e-18
-5.1589175e-18
0
0
0
5.2002599e-18
2.3142781e-29
-7.832719e-18
-2.9046202e-30
7.8660421e-18
-2.6277026e-18
1.7542919e-29
2.6393705e-18
-7.9360758e-18
2.9431417e-30
2.6576657e-18
5.327989e-18
2.670447e-18
-5.3540574e-18
2.6837454e-18
5.9739567e-30
-1.5334126e-33
7.68741e-34
1.2044085e-29
5.4391506e-18
-5.4544803e-18
6.0727296e-30
2.743131e-18
-5.5027465e-18
-2.7598241e-18
5.5369834e-18
2.7773846e-18
-5.5730238e-18
-2.7958832e-18
0
5.6307994e-18
5.6511338e-18
-2.8360219e-18
6.3219214e-30
2.8578406e-18
0
0
-5.7860366e-18
-5.8108957e-18
5.8365033e-18
8.331664e-34
-5.8900759e-18
0
5.94698e-18
-2.3233045e-47
-9.0111724e-18
-3.0195478e-18
3.0358645e-18
-6.7779022e-30
6.1400909e-18
9.2638352e-18
0
-3.1254512e-18
6.9830623e-30
-3.1653506e-18
-6.372484e-18
0
3.2299983e-18
6.5058008e-18
3.2765106e-18
-9.9025457e-18
1.3220562e-46
3.351787e-18
7.5030564e-30
-3.4058756e-18
2.2874577e-29
6.9265458e-18
-6.9865213e-18
-3.5241328e-18
3.5559079e-18
7.1772083e-18
-7.2444793e-18
-3.6568324e-18
1.1077201e-17
3.7289614e-18
0
0
-3.8447724e-18
8.6285859e-30
3.9272451e-18
-7.940209e-18
-8.028127e-18
0
0
0
0
8.5014912e-18
-1.2225665e-33
-1.3060393e-17
8.8131456e-18
1.3382557e-17
0
-4.5729307e-18
1.02836e-29
-4.6896977e-18
-9.4996639e-18
0
0
0
1.0003746e-17
1.0135409e-17
0
-1.0405305e-17
-1.5815199e-17
-5.3418574e-18
1.6239008e-17
1.0970287e-17
-1.1116504e-17
-5.6322982e-18
1.1414501e-17
5.7830738e-18
-1.7579198e-17
-5.9371888e-18
6.0154023e-18
1.2188662e-17
1.2347863e-17
0
-6.3349564e-18
2.8493101e-29
6.4980776e-18
-1.316058e-17
-1.3325725e-17
0
0
0
1.3991109e-17
3.1435133e-29
-1.4324922e-17
-7.2458215e-18
1.4658055e-17
-4.7731759e-47
9.9842926e-29
-4.72951e-47
-7.6588644e-18
7.7402091e-18
-7.8209578e-18
0
1.5960722e-17
8.0588604e-18
1.1562598e-33
8.213067e-18
0
0
-1.6872458e-17
-2.5524404e-17
1.7157342e-17
-2.880591e-29
-2.6146006e-17
8.7813129e-18
8.8456229e-18
1.7816386e-17
-3.98327e-29
-1.8055665e-17
0
0
0
0
0
0
0
-9.4235219e-18
-9.4626901e-18
2.8498195e-17
1.9067205e-17
-9.5652607e-18
9.5943356e-18
-1.9241583e-17
-9.6445975e-18
9.6657246e-18
-1.9368296e-17
-9.6998454e-18
0
0
9.7304084e-18
1.0808642e-29
2.1619148e-29
1.9469729e-17
1.0805152e-29
-9.7235192e-18
1.9427592e-17
2.1542811e-29
-9.686351e-18
1.9337362e-17
-9.6484207e-18
-2.8876815e-17
-9.6002725e-18
0
0
9.509611e-18
-1.0519664e-29
-9.4374455e-18
9.3980105e-18
9.3564201e-18
0
9.2670291e-18
1.8438726e-17
-9.1698091e-18
-1.8236882e-17
0
1.8021129e-17
1.9883616e-29
-2.6689064e-17
-8.8370757e-18
8.776457e-18
1.2384166e-33
8.6515355e-18
8.5874011e-18
-5.0784745e-47
-9.3900834e-30
-1.6778655e-17
-8.3216977e-18
0
2.4553635e-17
8.1151906e-18
-2.4136291e-17
1.7709959e-29
1.5810039e-17
8.699746e-30
-7.763958e-18
0
0
7.5524949e-18
1.496467e-17
-7.4124542e-18
-2.202876e-17
-7.2737963e-18
0
0
7.0694985e-18
-1.5547933e-29
-6.9364274e-18
6.8709855e-18
6.806335e-18
6.7425176e-18
6.679574e-18
6.6175409e-18
-6.5564523e-18
-1.299268e-17
0
1.2758318e-17
1.2644281e-17
-1.25324e-17
-1.8634069e-17
6.8376488e-30
-6.7783655e-30
6.7203591e-30
6.0032246e-18
5.9540516e-18
5.9060347e-18
-1.1718351e-17
-5.8134743e-18
-5.7689294e-18
-5.7255379e-18
1.1366587e-17
5.6421901e-18
0
-5.5633729e-18
1.8404466e-29
6.0951904e-30
6.0533955e-30
5.4189909e-18
5.3855812e-18
1.0706432e-17
-5.321879e-18
-1.0583107e-17
0
-5.233867e-18
-5.2064698e-18
0
5.1544763e-18
-1.1389808e-29
-7.2561901e-34
-7.2236627e-34
-5.0611543e-18
5.0399314e-18
1.5058536e-17
-1.1102667e-29
-9.9620145e-18
0
0
9.8576177e-18
9.8256397e-18
0
-9.7657009e-18
-4.8688348e-18
4.8554417e-18
-4.8426536e-18
-9.6609077e-18
4.818826e-18
4.8077538e-18
-4.7972217e-18
-9.5744298e-18
-4.7777184e-18
4.7687179e-18
4.7601999e-18
4.7521503e-18
0
0
-4.7306798e-18
-4.773563e-48
4.7184689e-18
-4.7129567e-18
4.7078238e-18
4.7030589e-18
-4.6986505e-18
0
-4.6908605e-18
-4.6874585e-18
0
4.6815907e-18
5.1951835e-30
-4.6769076e-18
0
0
4.6719408e-18
9.3415962e-18
1.5554216e-29
-4.6692317e-18
0
0
4.6685636e-18
-4.66876e-18
4.6691545e-18
1.4009221e-17
-9.3410208e-18
-1.4014375e-17
-4.6725778e-18
0
9.350614e-18
4.6769046e-18
-4.6786503e-18
-9.3610773e-18
-4.6825639e-18
9.3694419e-18
4.6870051e-18
0
0
0
-4.6973145e-18
-6.6793336e-34
-1.5666181e-29
-4.7061574e-18
9.4185919e-18
4.7125241e-18
-4.7158379e-18
0
4.7227086e-18
4.7262553e-18
-4.7298668e-18
-4.733542e-18
-4.7372832e-18
-4.7410889e-18
1.4234867e-17
-2.0068914e-47
-9.5057235e-18
9.5137911e-18
1.0572173e-29
-9.5302172e-18
1.7768579e-48
4.7734987e-18
4.7777544e-18
-4.7820478e-18
4.7863772e-18
1.4372224e-17
-9.590277e-18
-1.4398701e-17
-4.8040251e-18
0
9.6260479e-18
4.8175609e-18
-4.8221206e-18
-4.8267018e-18
1.0725589e-29
4.8359244e-18
0
0
0
0
0
0
0
-4.8735293e-18
4.8782997e-18
4.8830822e-18
-9.7757508e-18
2.2660717e-49
4.897489e-18
9.8046133e-18
2.1792035e-29
-1.4735874e-17
2.2781639e-49
6.9940497e-34
9.8529249e-18
-2.4640169e-47
-1.4808433e-17
4.9409887e-18
4.9458357e-18
-4.9506856e-18
4.9555385e-18
4.9603948e-18
-4.9652544e-18
9.9402344e-18
-4.9749826e-18
1.658234e-29
1.4954154e-17
-9.9791717e-18
-1.4983355e-17
-4.9993143e-18
0
0
5.0138648e-18
5.0186974e-18
-5.0235189e-18
-5.5829233e-30
5.0331252e-18
0
0
0
0
0
0
0
1.0142034e-17
-5.0756887e-18
-1.524103e-17
5.08498e-18
-7.2327533e-34
5.0941958e-18
-1.1323727e-29
4.532961e-29
5.1078739e-18
-1.022479e-17
-5.1168961e-18
0
0
5.1302595e-18
5.1346556e-18
-5.1390155e-18
5.7113461e-30
-3.1925505e-48
5.7186074e-30
1.0312109e-17
-1.1459472e-29
5.7339816e-30
1.0337058e-17
-5.1726849e-18
-1.5530585e-17
-5.1810698e-18
0
0
5.1939089e-18
1.5594714e-17
-5.2025657e-18
-1.0413738e-17
1.5633373e-17
-1.1579569e-29
-1.0438802e-17
0
0
0
0
1.0476685e-17
1.1640184e-29
-1.5736669e-17
1.0498496e-17
5.2530595e-18
-1.5771063e-17
5.2611345e-18
5.2653857e-18
5.8509729e-30
-1.8973071e-48
-1.0557426e-17
-5.2832369e-18
0
1.5876323e-17
5.2963552e-18
-1.0600883e-17
-5.3043683e-18
1.178649e-29
-2.7541139e-48
2.784584e-48
1.0638786e-17
5.9104946e-30
5.9143857e-30
1.0663937e-17
5.9251991e-30
-1.0682781e-17
-1.0692497e-17
-5.3510887e-18
0
5.3604236e-18
7.6238904e-34
-5.3690617e-18
5.3731176e-18
5.3770732e-18
0
0
0
-5.3938175e-18
1.1987381e-29
5.4037149e-18
1.0817926e-17
-5.4142703e-18
3.6092812e-29
5.4246246e-18
-1.0858994e-17
-5.4341013e-18
5.4384272e-18
5.4425281e-18
1.2092986e-29
1.0901282e-17
-5.4549569e-18
-1.0919189e-17
0
-5.4699251e-18
-5.4754708e-18
5.4810765e-18
5.4865898e-18
0
-5.4969478e-18
1.2216308e-29
5.5063026e-18
0
5.5150636e-18
-5.5194866e-18
-5.5240997e-18
5.528961e-18
0
-5.5394013e-18
-5.5448601e-18
0
5.5557468e-18
-6.17432e-30
-5.5659993e-18
0
0
5.5802197e-18
5.5849319e-18
-5.5897421e-18
5.5946817e-18
1.6799244e-17
-5.6049036e-18
2.4913796e-29
1.1230473e-17
0
-1.1250535e-17
-1.1260301e-17
-5.6349917e-18
-5.6398441e-18
0
5.6497745e-18
5.6548955e-18
0
0
-5.6704566e-18
-5.6755011e-18
5.6804243e-18
5.6852592e-18
0
0
0
0
-5.7099084e-18
-5.7149466e-18
1.143982e-17
5.7247574e-18
-5.7294851e-18
0
-5.7387871e-18
-5.7435472e-18
-1.1497005e-17
-5.7536859e-18
-6.3942396e-30
-5.7644689e-18
1.7309308e-17
-2.7041148e-48
-1.1558899e-17
1.1567493e-17
-1.2852339e-29
1.2860522e-29
1.159229e-17
6.4397131e-30
-5.8056476e-18
5.810738e-18
5.8158565e-18
0
-1.1651064e-17
-1.7489807e-17
-5.8341324e-18
0
1.1685202e-17
5.8471208e-18
-5.8518743e-18
0
-5.8616873e-18
-1.6673409e-33
5.8708951e-18
0
0
0
0
0
-5.894948e-18
-5.8994133e-18
1.1807777e-17
5.9082538e-18
-5.9124358e-18
0
5.9203532e-18
1.1848611e-17
-5.9283927e-18
-1.1865313e-17
-5.9370741e-18
1.1883105e-17
1.9802766e-29
-1.7850585e-17
5.9542029e-18
5.9580137e-18
-5.9617448e-18
5.9655672e-18
1.7908747e-17
-2.0069103e-49
-5.9781511e-18
5.9825611e-18
5.9869207e-18
-1.7973439e-17
-1.1990401e-17
6.6599359e-30
-6.0030257e-18
0
6.0112984e-18
6.0157162e-18
0
-6.0246896e-18
-1.205811e-17
6.0332812e-18
-2.6814876e-29
1.3415748e-29
1.2091689e-17
0
0
0
6.0652854e-18
-6.0700103e-18
2.6976025e-29
6.0786871e-18
-1.2165734e-17
6.087274e-18
1.2184241e-17
-1.2194782e-17
-6.1028517e-18
-8.6802443e-34
2.1625865e-49
1.8352643e-17
-6.1215213e-18
-1.8376059e-17
1.8388538e-17
6.1342628e-18
-1.8418724e-17
1.3644273e-29
1.2301808e-17
8.7486873e-34
-6.161433e-18
-6.1662394e-18
-1.7538836e-33
1.2351363e-17
1.23612e-17
-6.1856746e-18
-1.8572425e-17
-6.195879e-18
0
0
6.2102992e-18
6.2150555e-18
-6.2199606e-18
2.764482e-29
-6.2303227e-18
2.7691894e-29
1.8722918e-17
1.2492396e-17
-6.9408139e-30
-1.2512802e-17
-6.2614474e-18
1.2532944e-17
4.1778905e-29
-1.8829012e-17
1.2562263e-17
6.2858612e-18
-1.8871801e-17
6.9906874e-30
-6.9944815e-30
6.3057247e-18
6.3111647e-18
-1.2633367e-17
-6.3221336e-18
0
0
6.3371264e-18
3.6048703e-33
7.0454538e-30
1.2702266e-17
-1.411328e-29
-6.361168e-18
6.3664338e-18
-7.0727466e-30
7.0796002e-30
-6.3824301e-18
-6.3875931e-18
-9.0844695e-34
-6.3975634e-18
0
0
6.4122315e-18
-7.1240092e-30
-6.4220804e-18
6.427036e-18
1.4282889e-29
6.4370739e-18
1.2884326e-17
6.4472662e-18
-6.4523332e-18
-1.2914621e-17
0
-6.4668818e-18
1.2943018e-17
6.4761085e-18
-6.4807575e-18
1.4401659e-29
1.4409745e-29
1.2990787e-17
-6.5004263e-18
-1.3010858e-17
0
-6.5151626e-18
1.4478001e-29
6.5245909e-18
0
0
0
0
-6.5486771e-18
-9.313129e-34
6.5583165e-18
1.3126016e-17
-1.866623e-33
-6.5720827e-18
1.3152959e-17
-6.5808072e-18
-1.9755282e-17
6.5893707e-18
-2.9279877e-29
-1.3195978e-17
6.6023458e-18
7.3354035e-30
2.201797e-29
1.4689274e-29
-6.6198019e-18
0
1.3256845e-17
1.9898125e-17
-6.6369754e-18
-1.992364e-17
-7.3783555e-30
6.649539e-18
0
0
1.3322991e-17
-1.4797215e-29
-1.3338352e-17
1.334598e-17
-1.4824567e-29
-6.6806822e-18
-6.6845931e-18
-6.6885554e-18
6.6925636e-18
0
-6.7006609e-18
1.3409428e-17
6.7087492e-18
-1.3425514e-17
-6.7167366e-18
-9.5506809e-34
1.3449287e-17
1.4940499e-29
-6.7325901e-18
6.7366242e-18
1.3481436e-17
-6.7448784e-18
-1.3498212e-17
1.3506789e-17
-6.757731e-18
-2.0286299e-17
6.7664817e-18
6.7708599e-18
0
0
-6.783886e-18
1.5073818e-29
6.7925567e-18
6.796953e-18
9.6654035e-34
-6.8059831e-18
6.8106382e-18
7.5651401e-30
-6.8201927e-18
0
-6.8299175e-18
7.586669e-30
6.8396049e-18
-6.8443947e-18
-6.8491484e-18
1.3707759e-17
2.0575834e-17
-6.8633694e-18
-1.3736359e-17
6.8730588e-18
-6.8780132e-18
-1.3766068e-17
6.8881002e-18
1.3786367e-17
-6.8982547e-18
-6.9032915e-18
1.3816567e-17
6.9132347e-18
6.9181609e-18
-7.6856768e-30
-2.0784096e-17
-6.9330194e-18
6.9380561e-18
0
0
-6.9533964e-18
6.9585346e-18
6.9636589e-18
-6.9687606e-18
0
1.3957792e-17
-3.1016927e-29
-1.3977985e-17
6.9940515e-18
6.9991267e-18
-7.0042186e-18
7.7824078e-30
-3.7670743e-48
7.7947215e-30
-9.3181534e-49
7.0296131e-18
1.5618993e-29
-1.4079214e-17
0
-7.0495948e-18
7.0546295e-18
-1.5676698e-29
4.7455482e-49
7.0699696e-18
-2.12254e-17
-7.0802966e-18
1.4170891e-17
7.0905727e-18
7.0956762e-18
-7.1007599e-18
-7.1058291e-18
1.4221777e-17
7.9017972e-30
7.1209816e-18
-3.1647866e-29
4.7503158e-29
1.5844121e-29
-1.4281984e-17
0
7.1509211e-18
-7.1558849e-18
7.160852e-18
7.1658203e-18
-1.4341568e-17
0
1.4361338e-17
-1.5954174e-29
-1.4380948e-17
-7.1953537e-18
8.960946e-49
1.4410193e-17
7.2099612e-18
-1.4429623e-17
-7.2196325e-18
-8.0191618e-30
1.4458235e-17
7.2337607e-18
-1.4476681e-17
0
-7.2473735e-18
7.2518659e-18
7.2563576e-18
-1.4521688e-17
-2.0649242e-33
1.0330888e-33
-7.2740469e-18
7.2782835e-18
7.2824315e-18
0
-7.290592e-18
-8.1003001e-30
1.4597772e-17
7.3031601e-18
-7.3075029e-18
7.3118612e-18
-6.188143e-48
-2.196101e-17
8.1332082e-30
7.3281574e-18
7.331846e-18
1.4670983e-17
-7.3391978e-18
-1.4686116e-17
0
0
-7.3558257e-18
1.6343099e-29
-8.1748194e-30
-1.6362041e-29
7.3727562e-18
7.3764981e-18
8.1930562e-30
-1.4767625e-17
3.0052369e-48
-1.0504725e-33
-8.2156411e-30
1.4803139e-17
8.2224234e-30
-7.4115352e-18
-7.4163139e-18
7.4208304e-18
7.4250825e-18
-1.4858277e-17
1.6503842e-29
-1.6514195e-29
-8.2626875e-30
7.4468713e-18
0
0
0
0
7.4738859e-18
7.4788618e-18
-7.4836441e-18
7.4883272e-18
-6.9829828e-48
-2.2493723e-17
7.5030323e-18
7.5084403e-18
8.341763e-30
-7.5198064e-18
-7.5255046e-18
1.5062144e-17
8.3666268e-30
-1.5083407e-17
-7.546807e-18
7.5518381e-18
7.5568769e-18
0
0
7.5728526e-18
7.5785816e-18
-1.5168895e-17
-7.5903476e-18
8.4329028e-30
1.0160254e-48
7.6072507e-18
1.5224934e-17
3.3830785e-29
-2.2867597e-17
7.627597e-18
7.6328353e-18
-1.5276653e-17
1.6968941e-29
8.4949047e-30
1.0879993e-33
-1.082029e-48
-8.514641e-30
7.6732882e-18
0
7.6834646e-18
7.6884235e-18
-7.6934849e-18
-7.698766e-18
1.5408683e-17
-1.7116857e-29
-7.716369e-18
7.7226408e-18
-7.7288696e-18
1.717159e-29
-7.7405576e-18
-7.7458679e-18
1.5501751e-17
1.7222238e-29
7.760534e-18
-2.207088e-33
-7.7707374e-18
-7.77632e-18
-7.7822493e-18
7.7884435e-18
7.7947521e-18
7.8009956e-18
-1.5614036e-17
-7.812733e-18
2.3454419e-17
1.7372358e-29
-1.5656745e-17
1.5666879e-17
1.7401886e-29
-1.5687951e-17
1.5699087e-17
2.2326151e-33
-2.3583753e-17
7.8672728e-18
7.8732837e-18
-7.8791859e-18
-7.8849064e-18
-7.8904177e-18
7.8957436e-18
1.5801898e-17
1.1235268e-33
-1.5822647e-17
7.9166188e-18
2.3766056e-17
-7.9275121e-18
-1.5866142e-17
0
-7.9442453e-18
-8.8254701e-30
7.9552472e-18
-7.9606025e-18
-2.2640289e-33
1.594196e-17
-7.9760432e-18
-7.9810644e-18
7.9860754e-18
0
-7.9961001e-18
-8.0011022e-18
8.0060861e-18
1.6022057e-17
8.0159292e-18
-1.6041532e-17
-8.0255504e-18
8.0302643e-18
0
8.0395534e-18
-8.0441541e-18
-8.0487085e-18
8.0532595e-18
0
-8.062229e-18
-8.0666226e-18
1.6142009e-17
8.0753005e-18
-8.0796209e-18
0
-8.0882341e-18
1.1500214e-33
8.0969912e-18
8.1014091e-18
-8.1059418e-18
3.6017332e-29
2.4344494e-17
-9.0135771e-30
-1.6247804e-17
-8.1283299e-18
-8.1326569e-18
8.1371041e-18
8.1417333e-18
-8.1463461e-18
-8.1511204e-18
8.1559711e-18
2.4482956e-17
-8.1659491e-18
-1.634207e-17
0
1.6362399e-17
-7.1533729e-48
-2.4574055e-17
8.1964669e-18
8.2017213e-18
-8.2069855e-18
8.2124325e-18
1.1678338e-33
-1.6447025e-17
1.0061341e-48
2.4704368e-17
3.6597104e-29
-1.6492188e-17
0
8.2573656e-18
8.2629658e-18
0
-8.2743211e-18
-8.2801023e-18
-8.2858565e-18
-8.2917351e-18
8.2975724e-18
8.3035079e-18
0
-8.3153013e-18
8.3211398e-18
2.4981126e-17
-9.2507395e-30
-8.3387578e-18
-8.3445941e-18
8.3505334e-18
-1.8556171e-29
-1.6724825e-17
-8.3683389e-18
-8.3743464e-18
1.6760527e-17
2.5158714e-17
-1.863541e-29
-2.5194074e-17
-8.4038407e-18
1.1950934e-33
2.8031104e-29
8.421404e-18
8.4272252e-18
1.8726557e-29
-8.4390268e-18
8.4450127e-18
-1.8766067e-29
-1.6913953e-17
-2.4053116e-33
2.5406937e-17
5.6453161e-29
-1.6961887e-17
0
8.4928456e-18
-8.4987459e-18
-1.700947e-17
8.5106581e-18
8.5166833e-18
-8.5226434e-18
1.7057387e-17
8.5346532e-18
-2.5622015e-17
-1.8977199e-29
1.7105024e-17
1.2162126e-33
9.5051575e-30
8.5700399e-18
-8.5759727e-18
8.5818774e-18
-8.5879307e-18
-1.7187917e-17
8.6001086e-18
0
-8.6123133e-18
8.6183088e-18
8.6243238e-18
-1.7260385e-17
2.7304367e-49
8.6419141e-18
-8.6478253e-18
9.6093701e-30
-8.6596876e-18
2.4629239e-33
2.601512e-17
-9.6310766e-30
9.6389962e-30
-8.6895831e-18
-8.6954793e-18
2.6103664e-17
-1.9334648e-29
5.803911e-29
8.7183657e-18
-1.7447999e-17
9.6925622e-30
1.7470733e-17
-1.7482172e-17
-1.7493388e-17
8.7523475e-18
-8.7578576e-18
-8.7633882e-18
8.7687584e-18
8.7741422e-18
0
-8.784609e-18
1.9518306e-29
1.7589646e-17
-8.721741e-49
-8.8048223e-18
1.7619409e-17
1.9576162e-29
-1.7638826e-17
0
0
-8.8336419e-18
8.8382196e-18
8.8428338e-18
-1.7694614e-17
9.826865e-30
-1.9667222e-29
9.8366328e-30
8.8649144e-18
8.8692738e-18
-2.9555427e-29
-8.8778861e-18
1.7764362e-17
8.8866199e-18
-2.6673135e-17
1.9756111e-29
2.6700825e-17
-8.905091e-18
1.9785248e-29
8.9149112e-18
-1.7839774e-17
1.981877e-29
-8.9300848e-18
-1.7870585e-17
1.7880904e-17
8.9457537e-18
-1.7902054e-17
-8.9564662e-18
8.9618987e-18
8.9675132e-18
0
0
0
-8.9906184e-18
-1.2784808e-33
9.0025346e-18
1.8017009e-17
-2.001771e-29
-1.804125e-17
1.8053533e-17
4.0118959e-29
-2.7116983e-17
9.0450643e-18
9.05122e-18
-1.811454e-17
1.0061752e-29
-2.0136889e-29
1.007782e-29
3.8717144e-33
-9.0877452e-18
9.0938405e-18
9.1000707e-18
-9.1062478e-18
9.1125563e-18
-2.0109592e-47
2.0255409e-29
2.0279675e-29
-9.1377416e-18
9.1439721e-18
1.8300562e-17
4.0668137e-29
-9.1627582e-18
1.8337862e-17
-9.1751894e-18
-9.1813406e-18
1.8375153e-17
-9.1937041e-18
-1.8399841e-17
0
-9.2122654e-18
-9.2184162e-18
9.2246973e-18
1.8461842e-17
-9.2372817e-18
-9.2435776e-18
1.849998e-17
1.3154003e-33
-9.262707e-18
9.268982e-18
-9.2753223e-18
-9.2815332e-18
9.2878192e-18
1.858799e-17
2.6432959e-33
-2.7919373e-17
1.0341225e-29
9.3189779e-18
0
0
1.8675761e-17
-4.149886e-29
-9.3504447e-18
1.8713349e-17
-9.3630079e-18
-1.8738502e-17
0
0
0
0
1.8801947e-17
-2.6737088e-33
-1.8827343e-17
1.8839904e-17
2.6791208e-33
-9.4325692e-18
1.8877824e-17
-9.4451502e-18
-1.8902988e-17
-1.8915488e-17
-9.4641035e-18
9.4703637e-18
9.4767175e-18
1.8965893e-17
-9.4892395e-18
-9.4953799e-18
1.9003131e-17
9.5075909e-18
-9.513669e-18
2.1140475e-29
1.9051233e-17
-9.5315046e-18
-1.907495e-17
-9.5433115e-18
-9.549203e-18
0
1.9121304e-17
9.5661751e-18
-9.5716932e-18
-9.577003e-18
1.9164649e-17
9.5874624e-18
-1.9185271e-17
9.5976378e-18
1.0663157e-29
-9.6075261e-18
0
0
0
0
1.9261376e-17
-2.1392704e-29
-1.9278924e-17
0
-9.6482395e-18
1.0718624e-29
4.1170971e-33
9.6616514e-18
1.9332597e-17
-2.9012681e-17
-1.9351303e-17
1.9360722e-17
9.6852411e-18
9.690085e-18
-9.6951162e-18
-9.7001318e-18
1.9410717e-17
2.1563229e-29
9.7160614e-18
-2.1584803e-29
6.4798117e-29
4.3220591e-29
-1.9478014e-17
-9.7449703e-18
9.7511235e-18
2.9271701e-17
9.763504e-18
-1.9539415e-17
-1.9552112e-17
0
-9.7887487e-18
1.0874044e-29
9.8015897e-18
9.8080133e-18
-1.0894284e-29
1.0904282e-29
-1.965541e-17
-9.834244e-18
2.9522719e-17
-9.8474644e-18
9.8541334e-18
9.8606879e-18
-1.9734694e-17
0
-9.8805381e-18
9.8870742e-18
-2.1972699e-29
4.396884e-29
-4.4001262e-29
-9.9135007e-18
2.9760572e-17
-9.3569764e-48
-1.9866982e-17
0
-9.9468209e-18
-3.3150888e-29
1.9920321e-17
-1.1713939e-48
-9.9734922e-18
9.9800963e-18
-9.9868118e-18
-9.9934133e-18
1.0000132e-17
0
1.0013478e-17
-1.0020108e-17
-1.002686e-17
-1.4258462e-33
1.1144783e-29
1.0046892e-17
-1.005364e-17
1.1168434e-29
-3.3529251e-29
-1.1184772e-29
1.0080511e-17
1.0087232e-17
2.2414822e-29
-2.0201703e-17
-1.4363954e-33
3.0343497e-17
-2.2475413e-29
-2.0256275e-17
0
0
-1.0148651e-17
1.0155408e-17
1.0162277e-17
-2.0338037e-17
2.2596416e-29
-1.1307126e-29
-1.018945e-17
1.0196194e-17
1.020308e-17
0
0
0
1.0230743e-17
1.0237702e-17
-1.0244815e-17
1.0251828e-17
4.5558963e-29
-3.0797923e-17
-1.1406139e-29
1.0280033e-17
1.028707e-17
2.0587901e-17
-1.0300918e-17
-1.0307738e-17
-1.1450841e-29
-2.0642906e-17
2.065673e-17
1.0335157e-17
-3.1026208e-17
4.7827872e-48
1.0355717e-17
1.0362409e-17
1.0369145e-17
-2.0751299e-17
-1.0382148e-17
-1.1531198e-29
-1.1541026e-29
1.0400473e-17
2.081269e-17
6.935894e-29
-3.1252562e-17
1.0422847e-17
-4.7266442e-49
-2.0866557e-17
1.0438405e-17
-2.3191793e-29
2.1972734e-49
2.9709406e-33
-1.0457947e-17
1.0462697e-17
1.0467604e-17
0
1.0477515e-17
1.0482581e-17
-1.0487921e-17
1.04933e-17
-8.3433155e-48
-3.1514159e-17
1.0510777e-17
1.0516906e-17
1.168403e-29
2.1059804e-17
-1.053677e-17
-1.0543715e-17
3.5142593e-29
-2.1116644e-17
-1.0565963e-17
1.0573637e-17
1.0581575e-17
0
0
1.0605691e-17
1.0613927e-17
-2.1244123e-17
-1.0630345e-17
1.1811888e-29
-3.0260194e-33
1.0655112e-17
2.1327106e-17
4.7395928e-29
-3.204154e-17
1.0689039e-17
1.0697763e-17
-2.1412834e-17
2.3792633e-29
1.1906779e-29
3.5745388e-29
1.1924878e-29
-1.0750592e-17
1.0759403e-17
1.0768366e-17
1.0777218e-17
-1.0786233e-17
2.3968518e-29
1.0804248e-17
-1.0813265e-17
0
0
-1.0840983e-17
1.5419184e-33
1.0859802e-17
2.1738511e-17
2.4154488e-29
-1.0888487e-17
2.17965e-17
-1.0907922e-17
-2.1835553e-17
0
0
-1.0947392e-17
-1.2166031e-29
2.1935031e-17
1.0977758e-17
-2.1975875e-17
-1.0998331e-17
1.100866e-17
0
1.1029684e-17
2.208075e-17
-1.1051005e-17
-2.212369e-17
2.2145241e-17
-2.461531e-29
-3.328367e-17
1.110572e-17
1.1116826e-17
-1.1128157e-17
-1.1139429e-17
-1.1150928e-17
1.1162372e-17
1.1174047e-17
1.1185668e-17
1.1197522e-17
0
1.1221362e-17
-1.123335e-17
-2.2491162e-17
0
2.2540399e-17
2.5050781e-29
-2.2590467e-17
0
-1.1320692e-17
1.1333507e-17
3.4039731e-17
-1.2610892e-29
-2.2745802e-17
5.0563091e-29
2.2799375e-17
-2.2826375e-17
-2.2853925e-17
2.2881425e-17
1.1454738e-17
-1.1468735e-17
2.5495756e-29
-1.0480261e-47
-2.3023473e-17
1.2795834e-29
3.4622797e-17
6.568614e-33
-2.3141189e-17
0
0
-1.1615863e-17
1.1631253e-17
1.1646561e-17
-1.1662077e-17
-1.1677464e-17
-1.1693009e-17
1.1708372e-17
1.1723841e-17
0
-1.1754385e-17
1.1769425e-17
3.5353516e-17
-1.3099023e-29
-2.3628298e-17
-1.1828726e-17
-1.1843383e-17
2.6414998e-48
1.1872434e-17
-1.1886923e-17
-1.1901679e-17
2.3832872e-17
3.5794751e-17
-1.1946849e-17
-3.5887861e-17
3.9894234e-29
-2.663468e-29
1.3335215e-29
1.2029572e-17
1.2047391e-17
1.2065852e-17
-1.2084605e-17
1.4700357e-47
-3.445727e-33
-2.4287478e-17
2.7009713e-29
3.6554841e-17
-5.4208698e-29
-2.4454728e-17
0
1.2270801e-17
2.4585549e-17
1.2315132e-17
-2.4675042e-17
-2.4720569e-17
-1.2383073e-17
2.4812472e-17
1.2429423e-17
-2.4905978e-17
1.2476578e-17
-1.2500548e-17
-1.2524539e-17
3.7646736e-17
-2.0524891e-47
-2.5196143e-17
2.5245708e-17
-1.2648019e-17
-2.5346406e-17
1.2698781e-17
0
-1.2750402e-17
1.2776455e-17
1.2802924e-17
-2.5658872e-17
2.8546874e-29
1.2883341e-17
-1.2910731e-17
5.1395245e-48
-1.2965986e-17
-2.885028e-29
2.6044215e-17
0
1.3079083e-17
-1.3107795e-17
-1.3136924e-17
1.3166075e-17
-1.3195651e-17
-4.4048012e-29
2.6510592e-17
2.9499446e-29
2.9569094e-29
2.6692859e-17
-1.3377414e-17
-4.0225273e-17
1.4924119e-29
-1.4951405e-29
-1.3503245e-17
1.353517e-17
1.3567536e-17
0
-1.3632748e-17
4.5518488e-29
2.7397785e-17
1.5248745e-29
-1.3765986e-17
2.7599558e-17
9.2159034e-29
-2.7736584e-17
0
0
-1.3972928e-17
1.4008116e-17
1.404376e-17
-2.8158819e-17
3.1340746e-29
-3.1422956e-29
-1.5753105e-29
2.8449635e-17
-2.8523745e-17
-1.4298926e-17
2.8672878e-17
2.8747854e-17
6.4001573e-29
-4.3349383e-17
1.448812e-17
3.2257229e-29
-1.4565205e-17
4.3811727e-17
1.4643062e-17
-2.9364477e-17
1.6347704e-29
2.952288e-17
-2.960313e-17
-1.4841736e-17
1.4882266e-17
-2.9845764e-17
-1.4964134e-17
1.5005067e-17
-1.6705631e-29
-6.7000585e-29
3.0257566e-17
3.3685701e-29
1.6889005e-29
1.6931073e-29
-1.5290516e-17
-1.5328804e-17
1.7061295e-29
3.0806071e-17
3.0878445e-17
-1.5474762e-17
-4.6531591e-17
1.5546372e-17
1.5583201e-17
-3.1241611e-17
3.4772119e-29
2.2311455e-33
3.4954998e-29
6.729749e-33
-3.5152061e-29
1.5875367e-17
0
3.1936307e-17
1.6015188e-17
-4.8186134e-17
-1.6109161e-17
-2.2958941e-33
-1.7989926e-29
3.2498801e-17
2.3158234e-33
-1.6342593e-17
1.6389294e-17
3.2871445e-17
-1.6482453e-17
-1.6528926e-17
-1.8399194e-29
1.6622213e-17
-7.4030048e-29
-3.3431095e-17
0
0
0
0
-1.6949435e-17
-1.8873196e-29
1.7043335e-17
3.4180505e-17
-3.9936838e-47
-1.7184576e-17
-1.7231945e-17
-3.8369614e-29
5.1979158e-17
1.7373407e-17
-3.4841279e-17
-5.2402509e-17
1.7514556e-17
1.7561223e-17
-1.7608095e-17
-1.7654578e-17
-1.7701299e-17
0
3.5588442e-17
5.3521269e-17
-1.7886843e-17
-3.5865731e-17
0
0
0
0
3.6323278e-17
-8.0853828e-29
-3.6503574e-17
3.6592855e-17
4.0733447e-29
-1.8385475e-17
-1.8429891e-17
-1.847381e-17
1.851782e-17
1.8561301e-17
-1.8604806e-17
-3.729546e-17
1.8690626e-17
1.8732879e-17
-1.8775059e-17
-4.1783794e-29
3.7715815e-17
4.1965875e-29
-1.8939008e-17
1.8978725e-17
-1.9018257e-17
-1.9057018e-17
1.9095574e-17
0
-1.9170871e-17
-1.9207566e-17
3.848786e-17
1.9279364e-17
-1.9314313e-17
-1.9348234e-17
-1.9381492e-17
1.9413558e-17
1.9444816e-17
1.9474803e-17
1.9503932e-17
-1.9531896e-17
-1.955916e-17
0
0
0
3.9323409e-17
5.5951134e-33
-3.9266335e-17
0
-1.8052723e-17
-1.7881334e-17
)
;

boundaryField
{
    leftSide
    {
        type            calculated;
        value           uniform 3.7178736e-17;
    }
    rightSide
    {
        type            calculated;
        value           uniform -1.7896827e-17;
    }
    emptywalls
    {
        type            empty;
    }
}


// ************************************************************************* //
