/*--------------------------------*- C++ -*----------------------------------*\
  =========                 |
  \\      /  F ield         | OpenFOAM: The Open Source CFD Toolbox
   \\    /   O peration     | Website:  https://openfoam.org
    \\  /    A nd           | Version:  7
     \\/     M anipulation  |
\*---------------------------------------------------------------------------*/
FoamFile
{
    version     2.0;
    format      ascii;
    class       volScalarField;
    location    "0.00098";
    object      T;
}
// * * * * * * * * * * * * * * * * * * * * * * * * * * * * * * * * * * * * * //

dimensions      [0 0 0 1 0 0 0];

internalField   nonuniform List<scalar> 
5000
(
278.85937
278.87419
278.88057
278.89297
278.89952
278.9119
278.91848
278.93087
278.93746
278.94987
278.95645
278.96888
278.97545
278.9879
278.99446
279.00691
279.01347
279.02591
279.03247
279.04491
279.05146
279.0639
279.07045
279.08288
279.08943
279.10186
279.1084
279.12083
279.12735
279.1398
279.1463
279.15876
279.16524
279.1777
279.18418
279.19664
279.20311
279.21556
279.22203
279.23447
279.24094
279.25338
279.25983
279.27227
279.2787
279.29115
279.29756
279.31002
279.31641
279.32887
279.33526
279.3477
279.35409
279.36652
279.37292
279.38534
279.39174
279.40417
279.41056
279.423
279.42939
279.44185
279.44823
279.4607
279.46708
279.47956
279.48594
279.49843
279.50481
279.51731
279.52369
279.53619
279.54257
279.55507
279.56146
279.57395
279.58035
279.59285
279.59923
279.61173
279.61811
279.63061
279.63699
279.64948
279.65586
279.66835
279.67471
279.68724
279.69354
279.70611
279.7124
279.7249
279.73134
279.74359
279.75037
279.76219
279.76946
279.78074
279.78856
279.79929
279.80762
279.81788
279.82661
279.83652
279.84554
279.85522
279.86441
279.87394
279.88323
279.89269
279.90203
279.91145
279.92081
279.9302
279.93958
279.94896
279.95833
279.96771
279.97708
279.98645
279.99582
280.00518
280.01455
280.02391
280.03327
280.04263
280.05199
280.06134
280.07069
280.08005
280.0894
280.09874
280.10809
280.11743
280.12677
280.13611
280.14545
280.15479
280.16412
280.17346
280.18279
280.19212
280.20144
280.21077
280.22009
280.22941
280.23873
280.24805
280.25737
280.26668
280.27599
280.2853
280.29461
280.30392
280.31322
280.32253
280.33183
280.34113
280.35042
280.35972
280.36901
280.3783
280.38759
280.39688
280.40617
280.41545
280.42473
280.43401
280.44329
280.45257
280.46184
280.47111
280.48038
280.48965
280.49891
280.50817
280.51743
280.52669
280.53595
280.5452
280.55445
280.5637
280.57295
280.58219
280.59143
280.60067
280.60991
280.61914
280.62838
280.63761
280.64684
280.65606
280.66529
280.67451
280.68373
280.69295
280.70217
280.71138
280.7206
280.72981
280.73903
280.74824
280.75745
280.76666
280.77587
280.78508
280.79429
280.80349
280.8127
280.82191
280.83112
280.84033
280.84954
280.85875
280.86795
280.87716
280.88637
280.89558
280.90479
280.914
280.92321
280.93242
280.94163
280.95085
280.96006
280.96927
280.97848
280.98769
280.9969
281.00611
281.01532
281.02453
281.03374
281.04295
281.05215
281.06136
281.07057
281.07977
281.08898
281.09818
281.10738
281.11658
281.12578
281.13498
281.14418
281.15338
281.16257
281.17176
281.18096
281.19015
281.19933
281.20852
281.21771
281.22689
281.23607
281.24526
281.25443
281.26361
281.27279
281.28196
281.29113
281.30031
281.30947
281.31864
281.32781
281.33697
281.34613
281.35529
281.36445
281.37361
281.38276
281.39192
281.40107
281.41022
281.41937
281.42851
281.43766
281.4468
281.45594
281.46508
281.47422
281.48335
281.49248
281.50161
281.51074
281.51987
281.529
281.53812
281.54724
281.55637
281.56548
281.5746
281.58372
281.59283
281.60194
281.61105
281.62016
281.62926
281.63836
281.64747
281.65656
281.66566
281.67476
281.68385
281.69294
281.70203
281.71112
281.72021
281.72929
281.73837
281.74745
281.75653
281.7656
281.77468
281.78375
281.79282
281.80189
281.81095
281.82002
281.82908
281.83814
281.8472
281.85625
281.86531
281.87436
281.88341
281.89246
281.90151
281.91055
281.9196
281.92864
281.93768
281.94672
281.95576
281.96479
281.97383
281.98286
281.99189
282.00093
282.00996
282.01898
282.02801
282.03704
282.04607
282.05509
282.06412
282.07314
282.08216
282.09119
282.10021
282.10923
282.11825
282.12727
282.13629
282.14531
282.15433
282.16334
282.17236
282.18138
282.1904
282.19941
282.20843
282.21744
282.22646
282.23548
282.24449
282.2535
282.26252
282.27153
282.28055
282.28956
282.29857
282.30758
282.31659
282.32561
282.33462
282.34363
282.35263
282.36164
282.37065
282.37966
282.38866
282.39767
282.40667
282.41568
282.42468
282.43368
282.44268
282.45168
282.46068
282.46968
282.47867
282.48767
282.49666
282.50566
282.51465
282.52364
282.53263
282.54161
282.5506
282.55959
282.56857
282.57755
282.58653
282.59551
282.60449
282.61347
282.62244
282.63141
282.64039
282.64936
282.65833
282.66729
282.67626
282.68522
282.69419
282.70315
282.71211
282.72106
282.73002
282.73898
282.74793
282.75688
282.76583
282.77478
282.78372
282.79267
282.80161
282.81055
282.81949
282.82843
282.83737
282.8463
282.85524
282.86417
282.8731
282.88202
282.89095
282.89987
282.9088
282.91772
282.92664
282.93555
282.94447
282.95338
282.96229
282.9712
282.98011
282.98901
282.99791
283.00681
283.01571
283.02461
283.0335
283.0424
283.05129
283.06017
283.06906
283.07794
283.08682
283.0957
283.10458
283.11345
283.12232
283.13119
283.14006
283.14892
283.15778
283.16664
283.1755
283.18436
283.19321
283.20206
283.21091
283.21975
283.22859
283.23743
283.24627
283.25511
283.26394
283.27277
283.2816
283.29043
283.29926
283.30808
283.3169
283.32572
283.33454
283.34335
283.35217
283.36098
283.36979
283.3786
283.38741
283.39621
283.40502
283.41382
283.42262
283.43142
283.44022
283.44902
283.45782
283.46661
283.47541
283.4842
283.493
283.50179
283.51058
283.51937
283.52816
283.53696
283.54575
283.55453
283.56332
283.57211
283.5809
283.58969
283.59848
283.60726
283.61605
283.62484
283.63362
283.64241
283.6512
283.65998
283.66877
283.67755
283.68633
283.69512
283.7039
283.71269
283.72147
283.73025
283.73903
283.74781
283.7566
283.76538
283.77416
283.78293
283.79171
283.80049
283.80927
283.81804
283.82682
283.83559
283.84436
283.85313
283.8619
283.87067
283.87944
283.88821
283.89697
283.90573
283.91449
283.92325
283.93201
283.94077
283.94952
283.95828
283.96703
283.97577
283.98452
283.99326
284.002
284.01074
284.01948
284.02821
284.03694
284.04567
284.05439
284.06311
284.07183
284.08054
284.08926
284.09796
284.10667
284.11537
284.12406
284.13275
284.14144
284.15012
284.1588
284.16748
284.17614
284.18481
284.19347
284.20212
284.21077
284.21941
284.22804
284.23667
284.24529
284.25391
284.26252
284.27112
284.27972
284.2883
284.29688
284.30545
284.31402
284.32257
284.33111
284.33965
284.34818
284.35669
284.3652
284.37369
284.38217
284.39065
284.39911
284.40755
284.41599
284.42441
284.43282
284.44121
284.44959
284.45796
284.4663
284.47464
284.48295
284.49125
284.49953
284.50779
284.51604
284.52426
284.53246
284.54064
284.5488
284.55694
284.56506
284.57315
284.58121
284.58925
284.59727
284.60525
284.61321
284.62114
284.62904
284.63691
284.64475
284.65255
284.66033
284.66806
284.67576
284.68343
284.69106
284.69864
284.70619
284.7137
284.72116
284.72858
284.73596
284.74329
284.75057
284.75781
284.76499
284.77212
284.7792
284.78623
284.7932
284.80011
284.80697
284.81376
284.8205
284.82717
284.83378
284.84032
284.84679
284.8532
284.85953
284.86579
284.87198
284.87809
284.88412
284.89007
284.89595
284.90174
284.90744
284.91306
284.91859
284.92403
284.92938
284.93463
284.93979
284.94485
284.94981
284.95467
284.95943
284.96408
284.96862
284.97306
284.97738
284.98159
284.98569
284.98966
284.99352
284.99726
285.00088
285.00437
285.00773
285.01097
285.01407
285.01704
285.01988
285.02258
285.02514
285.02756
285.02984
285.03197
285.03396
285.0358
285.03749
285.03903
285.04041
285.04164
285.04271
285.04363
285.04438
285.04497
285.0454
285.04565
285.04574
285.04566
285.04541
285.04499
285.04439
285.04362
285.04267
285.04154
285.04024
285.03875
285.03708
285.03522
285.03318
285.03096
285.02854
285.02594
285.02315
285.02016
285.01699
285.01362
285.01006
285.0063
285.00234
284.99819
284.99384
284.9893
284.98455
284.9796
284.97446
284.96911
284.96356
284.95781
284.95185
284.9457
284.93934
284.93277
284.92601
284.91903
284.91186
284.90447
284.89689
284.8891
284.8811
284.8729
284.86449
284.85588
284.84707
284.83805
284.82882
284.8194
284.80976
284.79993
284.7899
284.77965
284.76922
284.75857
284.74773
284.73669
284.72544
284.714
284.70236
284.69052
284.67849
284.66626
284.65384
284.64122
284.62841
284.61541
284.60221
284.58883
284.57526
284.5615
284.54755
284.53342
284.51911
284.50461
284.48992
284.47507
284.46002
284.44481
284.42941
284.41385
284.39811
284.38219
284.36611
284.34985
284.33344
284.31684
284.3001
284.28318
284.26611
284.24888
284.23148
284.21394
284.19623
284.17839
284.16038
284.14223
284.12393
284.10548
284.0869
284.06816
284.04929
284.03028
284.01114
283.99186
283.97245
283.95292
283.93324
283.91345
283.89353
283.8735
283.85333
283.83305
283.81266
283.79215
283.77154
283.7508
283.72997
283.70902
283.68798
283.66683
283.64559
283.62425
283.6028
283.58128
283.55966
283.53795
283.51616
283.49428
283.47232
283.45028
283.42817
283.40597
283.38371
283.36138
283.33898
283.31652
283.29398
283.2714
283.24874
283.22605
283.20328
283.18048
283.15762
283.13471
283.11176
283.08877
283.06574
283.04267
283.01957
282.99643
282.97327
282.95008
282.92685
282.90362
282.88035
282.85708
282.83379
282.81048
282.78717
282.76384
282.74052
282.71718
282.69385
282.67052
282.6472
282.62389
282.60058
282.57729
282.55401
282.53075
282.50751
282.4843
282.46111
282.43794
282.41482
282.39171
282.36866
282.34563
282.32265
282.29972
282.27682
282.25399
282.23119
282.20847
282.18579
282.16317
282.14062
282.11813
282.09572
282.07337
282.0511
282.0289
282.00678
281.98475
281.9628
281.94094
281.91916
281.89749
281.8759
281.85441
281.83303
281.81175
281.79058
281.76951
281.74856
281.72772
281.707
281.68641
281.66593
281.64558
281.62536
281.60527
281.58531
281.5655
281.54582
281.52628
281.50689
281.48764
281.46855
281.4496
281.43082
281.41219
281.39372
281.37542
281.35727
281.33931
281.32151
281.30388
281.28644
281.26916
281.25208
281.23516
281.21845
281.20191
281.18557
281.16942
281.15346
281.13771
281.12215
281.10679
281.09164
281.07669
281.06195
281.04742
281.0331
281.01899
281.0051
280.99143
280.97797
280.96474
280.95173
280.93894
280.92638
280.91405
280.90194
280.89006
280.87841
280.867
280.85582
280.84488
280.83416
280.82369
280.81345
280.80346
280.79369
280.78418
280.77489
280.76586
280.75705
280.7485
280.74018
280.73212
280.72428
280.7167
280.70935
280.70225
280.69539
280.68877
280.6824
280.67626
280.67036
280.66471
280.65929
280.65411
280.64918
280.64447
280.64001
280.63577
280.63178
280.628
280.62447
280.62116
280.61809
280.61523
280.61261
280.6102
280.60802
280.60606
280.60431
280.60278
280.60147
280.60036
280.59947
280.59878
280.59829
280.59801
280.59793
280.59805
280.59835
280.59886
280.59955
280.60043
280.60149
280.60274
280.60416
280.60576
280.60753
280.60948
280.61159
280.61387
280.6163
280.6189
280.62165
280.62456
280.62761
280.63082
280.63416
280.63765
280.64128
280.64504
280.64893
280.65295
280.6571
280.66137
280.66576
280.67027
280.67489
280.67963
280.68447
280.68942
280.69447
280.69962
280.70487
280.71021
280.71565
280.72118
280.72679
280.73249
280.73827
280.74412
280.75006
280.75606
280.76214
280.76829
280.77451
280.78079
280.78713
280.79354
280.8
280.80652
280.8131
280.81972
280.8264
280.83313
280.8399
280.84672
280.85358
280.86048
280.86742
280.87441
280.88142
280.88847
280.89556
280.90268
280.90983
280.91701
280.92422
280.93145
280.93871
280.946
280.95331
280.96064
280.968
280.97537
280.98276
280.99017
280.9976
281.00504
281.01251
281.01998
281.02748
281.03497
281.04249
281.05002
281.05756
281.06511
281.07268
281.08024
281.08783
281.09541
281.10301
281.11061
281.11822
281.12584
281.13346
281.14109
281.14873
281.15637
281.16402
281.17166
281.17931
281.18697
281.19463
281.20229
281.20996
281.21763
281.2253
281.23297
281.24064
281.24833
281.256
281.26368
281.27136
281.27904
281.28673
281.29441
281.3021
281.30978
281.31746
281.32515
281.33284
281.34052
281.34821
281.35589
281.36358
281.37127
281.37895
281.38664
281.39432
281.402
281.40969
281.41737
281.42505
281.43273
281.44041
281.4481
281.45577
281.46345
281.47113
281.4788
281.48648
281.49415
281.50182
281.5095
281.51717
281.52484
281.53251
281.54017
281.54785
281.55551
281.56317
281.57084
281.5785
281.58616
281.59382
281.60148
281.60914
281.6168
281.62445
281.63211
281.63976
281.64741
281.65506
281.66271
281.67036
281.67801
281.68565
281.6933
281.70094
281.70859
281.71623
281.72386
281.73151
281.73914
281.74678
281.75442
281.76205
281.76968
281.77732
281.78494
281.79258
281.8002
281.80783
281.81546
281.82308
281.8307
281.83832
281.84594
281.85356
281.86118
281.8688
281.87642
281.88403
281.89164
281.89926
281.90686
281.91448
281.92208
281.92969
281.9373
281.9449
281.9525
281.96011
281.96771
281.97531
281.98291
281.9905
281.9981
282.0057
282.01329
282.02088
282.02848
282.03606
282.04366
282.05124
282.05883
282.06642
282.074
282.08159
282.08916
282.09675
282.10432
282.11191
282.11948
282.12706
282.13463
282.1422
282.14978
282.15735
282.16492
282.17249
282.18006
282.18762
282.19519
282.20276
282.21031
282.21788
282.22543
282.233
282.24055
282.24811
282.25567
282.26322
282.27078
282.27833
282.28589
282.29343
282.30099
282.30853
282.31608
282.32362
282.33117
282.33871
282.34626
282.35379
282.36134
282.36887
282.37641
282.38395
282.39148
282.39902
282.40655
282.41408
282.42162
282.42914
282.43668
282.4442
282.45173
282.45925
282.46678
282.47429
282.48183
282.48934
282.49686
282.50438
282.51189
282.51942
282.52692
282.53445
282.54195
282.54947
282.55698
282.56448
282.572
282.5795
282.58701
282.59452
282.60201
282.60952
282.61702
282.62452
282.63202
282.63952
282.64701
282.65451
282.662
282.6695
282.67699
282.68448
282.69197
282.69946
282.70695
282.71444
282.72192
282.7294
282.73689
282.74437
282.75185
282.75933
282.76681
282.77429
282.78176
282.78924
282.79671
282.80418
282.81166
282.81913
282.8266
282.83406
282.84153
282.849
282.85646
282.86393
282.87139
282.87885
282.88631
282.89377
282.90123
282.90868
282.91614
282.9236
282.93105
282.9385
282.94595
282.9534
282.96085
282.9683
282.97574
282.98319
282.99063
282.99808
283.00552
283.01296
283.0204
283.02784
283.03527
283.04271
283.05014
283.05758
283.06501
283.07244
283.07987
283.0873
283.09473
283.10215
283.10958
283.11701
283.12443
283.13185
283.13927
283.14669
283.15411
283.16153
283.16895
283.17636
283.18377
283.19119
283.1986
283.20601
283.21342
283.22083
283.22824
283.23564
283.24305
283.25045
283.25786
283.26526
283.27266
283.28006
283.28746
283.29485
283.30225
283.30964
283.31704
283.32443
283.33182
283.33921
283.3466
283.35399
283.36138
283.36876
283.37615
283.38353
283.39091
283.3983
283.40568
283.41306
283.42043
283.42781
283.43519
283.44256
283.44993
283.45731
283.46468
283.47205
283.47942
283.48678
283.49415
283.50151
283.50888
283.51624
283.5236
283.53096
283.53832
283.54568
283.55304
283.56039
283.56775
283.5751
283.58245
283.5898
283.59715
283.6045
283.61185
283.6192
283.62654
283.63389
283.64123
283.64857
283.65591
283.66325
283.67059
283.67792
283.68526
283.69259
283.69992
283.70726
283.71459
283.72191
283.72924
283.73657
283.74389
283.75122
283.75854
283.76586
283.77318
283.7805
283.78782
283.79513
283.80245
283.80976
283.81707
283.82438
283.83169
283.839
283.8463
283.85361
283.86091
283.86821
283.87552
283.88281
283.89011
283.89741
283.9047
283.912
283.91929
283.92658
283.93387
283.94116
283.94844
283.95573
283.96301
283.97029
283.97757
283.98485
283.99212
283.9994
284.00667
284.01394
284.02121
284.02848
284.03575
284.04301
284.05027
284.05753
284.06479
284.07205
284.0793
284.08656
284.09381
284.10106
284.10831
284.11555
284.12279
284.13004
284.13727
284.14451
284.15175
284.15898
284.16621
284.17343
284.18066
284.18788
284.1951
284.20232
284.20954
284.21675
284.22396
284.23116
284.23837
284.24557
284.25277
284.25996
284.26715
284.27434
284.28153
284.28871
284.29589
284.30306
284.31023
284.3174
284.32457
284.33173
284.33888
284.34604
284.35318
284.36033
284.36747
284.3746
284.38173
284.38886
284.39598
284.40309
284.4102
284.41731
284.42441
284.4315
284.43859
284.44567
284.45275
284.45982
284.46688
284.47394
284.48099
284.48804
284.49507
284.5021
284.50912
284.51614
284.52315
284.53014
284.53713
284.54411
284.55109
284.55805
284.56501
284.57195
284.57889
284.58581
284.59273
284.59963
284.60653
284.61342
284.62029
284.62715
284.634
284.64083
284.64766
284.65447
284.66127
284.66806
284.67483
284.68159
284.68833
284.69506
284.70177
284.70848
284.71516
284.72183
284.72848
284.73512
284.74173
284.74834
284.75492
284.76149
284.76804
284.77457
284.78108
284.78757
284.79404
284.80049
284.80692
284.81333
284.81972
284.82609
284.83243
284.83876
284.84505
284.85133
284.85758
284.8638
284.87
284.87618
284.88233
284.88846
284.89457
284.90064
284.90669
284.91271
284.9187
284.92467
284.9306
284.93651
284.94239
284.94824
284.95405
284.95984
284.96559
284.97131
284.97701
284.98267
284.9883
284.99389
284.99945
285.00498
285.01047
285.01593
285.02135
285.02674
285.0321
285.03741
285.04269
285.04794
285.05314
285.05831
285.06345
285.06854
285.0736
285.07862
285.0836
285.08854
285.09344
285.0983
285.10312
285.10789
285.11263
285.11733
285.12199
285.1266
285.13118
285.13571
285.14021
285.14466
285.14907
285.15343
285.15775
285.16203
285.16627
285.17046
285.17461
285.17871
285.18277
285.1868
285.19077
285.1947
285.19859
285.20243
285.20623
285.20999
285.2137
285.21737
285.22099
285.22457
285.2281
285.23159
285.23504
285.23844
285.2418
285.24511
285.24838
285.25161
285.25479
285.25793
285.26103
285.26408
285.26708
285.27005
285.27297
285.27585
285.27869
285.28148
285.28424
285.28695
285.28962
285.29224
285.29482
285.29737
285.29987
285.30233
285.30475
285.30713
285.30948
285.31178
285.31404
285.31627
285.31845
285.32059
285.3227
285.32477
285.3268
285.32879
285.33075
285.33267
285.33456
285.33641
285.33822
285.34
285.34174
285.34345
285.34513
285.34677
285.34838
285.34995
285.3515
285.35301
285.35449
285.35593
285.35735
285.35873
285.36009
285.36142
285.36272
285.36399
285.36523
285.36644
285.36763
285.36879
285.36992
285.37102
285.3721
285.37315
285.37418
285.37519
285.37617
285.37712
285.37805
285.37896
285.37985
285.38071
285.38155
285.38237
285.38317
285.38395
285.38471
285.38545
285.38617
285.38687
285.38755
285.38822
285.38886
285.38949
285.3901
285.3907
285.39127
285.39183
285.39238
285.39291
285.39342
285.39392
285.39441
285.39488
285.39534
285.39578
285.39621
285.39663
285.39703
285.39743
285.39781
285.39818
285.39854
285.39889
285.39922
285.39955
285.39986
285.40017
285.40047
285.40075
285.40103
285.4013
285.40156
285.40181
285.40205
285.40229
285.40252
285.40274
285.40295
285.40316
285.40336
285.40355
285.40374
285.40392
285.40409
285.40426
285.40442
285.40457
285.40472
285.40486
285.405
285.40514
285.40527
285.4054
285.40552
285.40564
285.40575
285.40586
285.40596
285.40606
285.40616
285.40626
285.40635
285.40643
285.40652
285.4066
285.40667
285.40675
285.40682
285.40689
285.40695
285.40702
285.40708
285.40714
285.4072
285.40726
285.40731
285.40736
285.40741
285.40746
285.40751
285.40755
285.40759
285.40763
285.40767
285.40771
285.40775
285.40778
285.40782
285.40785
285.40788
285.40792
285.40795
285.40797
285.408
285.40803
285.40805
285.40807
285.4081
285.40812
285.40814
285.40816
285.40818
285.4082
285.40822
285.40824
285.40826
285.40827
285.40829
285.40831
285.40832
285.40834
285.40835
285.40837
285.40838
285.4084
285.40841
285.40843
285.40844
285.40845
285.40846
285.40847
285.40849
285.4085
285.40851
285.40852
285.40853
285.40854
285.40855
285.40856
285.40857
285.40858
285.40859
285.4086
285.40861
285.40861
285.40862
285.40863
285.40864
285.40864
285.40865
285.40866
285.40867
285.40868
285.40869
285.40869
285.4087
285.40871
285.40871
285.40872
285.40873
285.40873
285.40874
285.40875
285.40876
285.40877
285.40877
285.40878
285.40879
285.40879
285.4088
285.40881
285.40881
285.40882
285.40883
285.40883
285.40884
285.40885
285.40885
285.40886
285.40887
285.40888
285.40888
285.40889
285.40889
285.4089
285.40891
285.40891
285.40892
285.40892
285.40893
285.40894
285.40894
285.40895
285.40896
285.40896
285.40897
285.40897
285.40898
285.40898
285.40899
285.409
285.40901
285.40901
285.40902
285.40903
285.40903
285.40904
285.40905
285.40905
285.40906
285.40906
285.40907
285.40907
285.40908
285.40909
285.40909
285.4091
285.4091
285.40911
285.40912
285.40912
285.40913
285.40913
285.40914
285.40914
285.40915
285.40916
285.40916
285.40917
285.40918
285.40919
285.40919
285.4092
285.40921
285.40921
285.40922
285.40922
285.40923
285.40923
285.40924
285.40924
285.40925
285.40926
285.40926
285.40927
285.40927
285.40928
285.40929
285.40929
285.4093
285.40931
285.40932
285.40932
285.40933
285.40933
285.40934
285.40934
285.40935
285.40935
285.40936
285.40937
285.40937
285.40938
285.40938
285.40939
285.40939
285.4094
285.40941
285.40941
285.40942
285.40942
285.40943
285.40944
285.40944
285.40945
285.40946
285.40946
285.40947
285.40948
285.40948
285.40949
285.4095
285.4095
285.40951
285.40951
285.40952
285.40953
285.40953
285.40954
285.40955
285.40955
285.40956
285.40956
285.40957
285.40957
285.40958
285.40959
285.4096
285.4096
285.40961
285.40962
285.40962
285.40963
285.40964
285.40965
285.40965
285.40966
285.40966
285.40967
285.40968
285.40968
285.40969
285.4097
285.4097
285.40971
285.40972
285.40973
285.40973
285.40974
285.40975
285.40975
285.40976
285.40977
285.40977
285.40978
285.40979
285.4098
285.4098
285.40981
285.40982
285.40983
285.40983
285.40984
285.40984
285.40985
285.40986
285.40987
285.40988
285.40989
285.4099
285.4099
285.40991
285.40992
285.40993
285.40994
285.40995
285.40995
285.40996
285.40997
285.40997
285.40998
285.40999
285.40999
285.41
285.41001
285.41002
285.41003
285.41004
285.41005
285.41006
285.41007
285.41008
285.41009
285.4101
285.41011
285.41012
285.41013
285.41013
285.41014
285.41015
285.41015
285.41016
285.41017
285.41018
285.41019
285.4102
285.41021
285.41022
285.41023
285.41024
285.41025
285.41026
285.41027
285.41028
285.41029
285.4103
285.41031
285.41032
285.41033
285.41034
285.41035
285.41036
285.41037
285.41038
285.41039
285.4104
285.41041
285.41042
285.41043
285.41044
285.41046
285.41047
285.41048
285.41049
285.4105
285.41051
285.41052
285.41054
285.41055
285.41056
285.41057
285.41058
285.41059
285.4106
285.41061
285.41062
285.41063
285.41065
285.41066
285.41067
285.41068
285.4107
285.41071
285.41072
285.41073
285.41074
285.41075
285.41076
285.41078
285.41079
285.4108
285.41081
285.41083
285.41084
285.41085
285.41086
285.41087
285.41089
285.4109
285.41091
285.41092
285.41094
285.41095
285.41096
285.41097
285.41098
285.411
285.41101
285.41103
285.41104
285.41106
285.41107
285.41109
285.4111
285.41112
285.41113
285.41114
285.41115
285.41116
285.41118
285.41119
285.4112
285.41122
285.41123
285.41124
285.41126
285.41127
285.41129
285.4113
285.41132
285.41134
285.41135
285.41136
285.41138
285.41139
285.4114
285.41142
285.41144
285.41145
285.41147
285.41149
285.4115
285.41152
285.41153
285.41154
285.41156
285.41157
285.41159
285.4116
285.41162
285.41163
285.41165
285.41167
285.41168
285.4117
285.41171
285.41173
285.41174
285.41176
285.41178
285.41179
285.41181
285.41183
285.41185
285.41186
285.41188
285.4119
285.41191
285.41193
285.41194
285.41196
285.41197
285.41199
285.41201
285.41203
285.41205
285.41206
285.41208
285.4121
285.41212
285.41213
285.41215
285.41217
285.41219
285.4122
285.41222
285.41224
285.41226
285.41227
285.41229
285.41231
285.41233
285.41235
285.41237
285.41239
285.41241
285.41243
285.41245
285.41247
285.41249
285.41251
285.41253
285.41255
285.41257
285.41259
285.41261
285.41263
285.41265
285.41267
285.41269
285.41271
285.41273
285.41275
285.41277
285.41279
285.41282
285.41284
285.41286
285.41288
285.41291
285.41293
285.41295
285.41298
285.413
285.41302
285.41304
285.41306
285.41308
285.4131
285.41313
285.41315
285.41317
285.41319
285.41322
285.41324
285.41326
285.41329
285.41332
285.41334
285.41337
285.41339
285.41342
285.41345
285.41347
285.4135
285.41353
285.41356
285.41359
285.41362
285.41365
285.41367
285.4137
285.41373
285.41376
285.41378
285.41381
285.41384
285.41386
285.41389
285.41391
285.41394
285.41397
285.414
285.41402
285.41406
285.41409
285.41412
285.41415
285.41418
285.41421
285.41424
285.41427
285.4143
285.41433
285.41436
285.41439
285.41443
285.41446
285.4145
285.41453
285.41457
285.4146
285.41464
285.41467
285.41471
285.41474
285.41477
285.41481
285.41484
285.41488
285.41491
285.41495
285.41498
285.41502
285.41506
285.4151
285.41514
285.41518
285.41521
285.41525
285.41529
285.41533
285.41537
285.41541
285.41545
285.41549
285.41553
285.41557
285.41561
285.41565
285.4157
285.41575
285.41579
285.41584
285.41588
285.41593
285.41598
285.41602
285.41607
285.41612
285.41616
285.41621
285.41626
285.41631
285.41636
285.41641
285.41646
285.41651
285.41656
285.4166
285.41665
285.41671
285.41676
285.41681
285.41686
285.41692
285.41698
285.41703
285.41709
285.41715
285.41722
285.41728
285.41734
285.41739
285.41745
285.41751
285.41757
285.41763
285.41769
285.41776
285.41783
285.4179
285.41797
285.41804
285.4181
285.41817
285.41824
285.41831
285.41839
285.41846
285.41854
285.41861
285.41869
285.41877
285.41885
285.41893
285.41901
285.41909
285.41917
285.41926
285.41934
285.41942
285.41951
285.4196
285.41968
285.41977
285.41986
285.41995
285.42005
285.42014
285.42024
285.42034
285.42044
285.42055
285.42066
285.42077
285.42088
285.42099
285.4211
285.42121
285.42132
285.42143
285.42155
285.42166
285.42178
285.42189
285.42201
285.42212
285.42224
285.42235
285.42247
285.42259
285.42271
285.42283
285.42295
285.42307
285.42318
285.42329
285.42339
285.42348
285.42357
285.42366
285.42374
285.42381
285.42388
285.42394
285.42399
285.42403
285.42407
285.42409
285.42411
285.42412
285.42412
285.42412
285.42412
285.42411
285.42409
285.42404
285.42399
285.42394
285.4239
285.42386
285.42382
285.4238
285.42379
285.42378
285.42378
285.42378
285.42379
285.42381
285.42388
285.42403
285.42422
285.42443
285.42466
285.4249
285.42515
285.4254
285.42566
285.42592
285.42619
285.42646
285.42674
285.42703
285.42733
285.42763
285.42793
285.42821
285.42846
285.42869
285.42887
285.42903
285.42917
285.42929
285.4294
285.42949
285.42957
285.42963
285.42968
285.42971
285.42973
285.42976
285.42979
285.42988
285.43008
285.43061
285.43197
285.43552
285.44483
285.46934
285.53421
285.70635
286.16542
287.13689
288.32199
289.63076
291.00262
292.37794
293.70354
294.93679
296.04771
297.01913
297.84549
298.53055
299.0849
299.52331
299.86257
300.1197
300.31071
300.44986
300.54931
300.61901
300.6669
300.69909
300.7202
300.73362
300.74181
300.74651
300.74892
300.74992
300.75014
300.75005
300.7495
300.74809
300.74664
300.74536
300.74424
300.74325
300.74238
300.74161
300.74093
300.74032
300.73976
300.73925
300.73877
300.73832
300.73789
300.73748
300.73708
300.73671
300.73635
300.736
300.73566
300.73534
300.73502
300.7347
300.73438
300.73405
300.73371
300.73335
300.73297
300.73257
300.73214
300.73168
300.7312
300.73071
300.73019
300.72966
300.72912
300.72858
300.72804
300.72751
300.72699
300.72649
300.72601
300.72554
300.7251
300.72467
300.72427
300.72389
300.72352
300.72318
300.72286
300.72256
300.72227
300.722
300.72175
300.72151
300.72128
300.72106
300.72086
300.72066
300.72047
300.72028
300.7201
300.71993
300.71976
300.71959
300.71943
300.71927
300.71912
300.71897
300.71883
300.71869
300.71855
300.71842
300.71829
300.71816
300.71803
300.71791
300.71779
300.71767
300.71755
300.71744
300.71732
300.71721
300.7171
300.71699
300.71688
300.71678
300.71667
300.71657
300.71647
300.71637
300.71628
300.71618
300.71609
300.716
300.71591
300.71582
300.71574
300.71565
300.71557
300.71549
300.7154
300.71532
300.71524
300.71515
300.71507
300.71499
300.71491
300.71483
300.71476
300.71468
300.71461
300.71453
300.71446
300.71439
300.71432
300.71426
300.71419
300.71412
300.71406
300.71399
300.71393
300.71386
300.7138
300.71373
300.71367
300.71361
300.71355
300.71349
300.71343
300.71337
300.71331
300.71326
300.7132
300.71314
300.71309
300.71303
300.71298
300.71292
300.71287
300.71281
300.71276
300.71271
300.71266
300.71261
300.71256
300.71251
300.71246
300.71241
300.71236
300.71231
300.71227
300.71222
300.71217
300.71213
300.71208
300.71204
300.71199
300.71194
300.7119
300.71185
300.71181
300.71176
300.71172
300.71168
300.71164
300.7116
300.71156
300.71152
300.71148
300.71144
300.7114
300.71136
300.71132
300.71128
300.71124
300.7112
300.71117
300.71113
300.7111
300.71106
300.71102
300.71098
300.71095
300.71091
300.71087
300.71084
300.7108
300.71077
300.71073
300.7107
300.71066
300.71063
300.71059
300.71056
300.71053
300.71049
300.71046
300.71043
300.7104
300.71037
300.71034
300.71031
300.71028
300.71025
300.71022
300.71019
300.71016
300.71012
300.71009
300.71006
300.71003
300.71
300.70997
300.70994
300.70991
300.70989
300.70986
300.70983
300.70981
300.70978
300.70975
300.70972
300.70969
300.70966
300.70964
300.70961
300.70958
300.70956
300.70953
300.70951
300.70948
300.70946
300.70943
300.70941
300.70938
300.70936
300.70933
300.70931
300.70928
300.70926
300.70923
300.70921
300.70918
300.70916
300.70914
300.70911
300.70909
300.70907
300.70905
300.70903
300.709
300.70898
300.70896
300.70894
300.70891
300.70889
300.70887
300.70884
300.70882
300.70879
300.70877
300.70875
300.70873
300.70871
300.70869
300.70867
300.70865
300.70863
300.70861
300.70859
300.70857
300.70855
300.70853
300.70851
300.70849
300.70847
300.70845
300.70843
300.70841
300.7084
300.70838
300.70836
300.70833
300.70831
300.70829
300.70827
300.70825
300.70823
300.70822
300.7082
300.70818
300.70816
300.70814
300.70813
300.70811
300.70809
300.70807
300.70806
300.70804
300.70802
300.708
300.70799
300.70797
300.70795
300.70794
300.70792
300.7079
300.70788
300.70787
300.70785
300.70783
300.70782
300.7078
300.70778
300.70776
300.70775
300.70773
300.70771
300.7077
300.70768
300.70767
300.70765
300.70764
300.70763
300.70761
300.7076
300.70759
300.70757
300.70755
300.70754
300.70752
300.7075
300.70748
300.70747
300.70745
300.70744
300.70742
300.70741
300.7074
300.70738
300.70737
300.70735
300.70734
300.70732
300.70731
300.70729
300.70728
300.70726
300.70725
300.70724
300.70722
300.70721
300.70719
300.70718
300.70716
300.70715
300.70713
300.70712
300.70711
300.7071
300.70708
300.70707
300.70706
300.70705
300.70703
300.70702
300.707
300.70699
300.70697
300.70696
300.70694
300.70693
300.70692
300.7069
300.70689
300.70688
300.70687
300.70686
300.70685
300.70684
300.70682
300.70681
300.7068
300.70679
300.70677
300.70676
300.70675
300.70674
300.70672
300.70671
300.7067
300.70668
300.70667
300.70666
300.70665
300.70663
300.70662
300.70661
300.7066
300.70658
300.70657
300.70656
300.70655
300.70654
300.70652
300.70651
300.7065
300.70649
300.70647
300.70646
300.70645
300.70644
300.70643
300.70642
300.7064
300.7064
300.70639
300.70637
300.70636
300.70635
300.70634
300.70632
300.70631
300.7063
300.70628
300.70627
300.70626
300.70625
300.70624
300.70623
300.70622
300.70621
300.70619
300.70618
300.70617
300.70616
300.70615
300.70613
300.70612
300.70611
300.7061
300.70609
300.70608
300.70606
300.70605
300.70604
300.70603
300.70602
300.70601
300.706
300.70599
300.70598
300.70597
300.70595
300.70594
300.70593
300.70592
300.7059
300.70589
300.70588
300.70586
300.70585
300.70584
300.70583
300.70582
300.70581
300.7058
300.70579
300.70578
300.70577
300.70576
300.70575
300.70574
300.70573
300.70572
300.70571
300.7057
300.70569
300.70568
300.70567
300.70566
300.70564
300.70563
300.70562
300.70562
300.70561
300.7056
300.70559
300.70559
300.70558
300.70557
300.70556
300.70555
300.70554
300.70553
300.70551
300.7055
300.70549
300.70548
300.70547
300.70546
300.70545
300.70545
300.70544
300.70543
300.70542
300.70541
300.7054
300.70539
300.70538
300.70536
300.70535
300.70534
300.70533
300.70532
300.70531
300.7053
300.70528
300.70527
300.70525
300.70524
300.70523
300.70521
300.7052
300.70518
300.70517
300.70515
300.70513
300.70511
300.70509
300.70507
300.70505
300.70503
300.70501
300.70498
300.70496
300.70493
300.70491
300.70488
300.70485
300.70482
300.70479
300.70475
300.70472
300.70468
300.70464
300.7046
300.70456
300.70452
300.70448
300.70443
300.70438
300.70433
300.70428
300.70422
300.70416
300.7041
300.70404
300.70397
300.7039
300.70383
300.70375
300.70368
300.70359
300.70351
300.70342
300.70333
300.70323
300.70313
300.70303
300.70292
300.7028
300.70269
300.70256
300.70243
300.7023
300.70216
300.70202
300.70187
300.70171
300.70155
300.70138
300.70121
300.70103
300.70084
300.70065
300.70044
300.70024
300.70002
300.69979
300.69955
300.69931
300.69906
300.6988
300.69853
300.69825
300.69796
300.69766
300.69735
300.69703
300.6967
300.69635
300.69599
300.69562
300.69524
300.69485
300.69444
300.69402
300.69358
300.69313
300.69266
300.69218
300.69169
300.69118
300.69065
300.69011
300.68955
300.68897
300.68838
300.68776
300.68713
300.68647
300.6858
300.68511
300.68439
300.68366
300.68291
300.68213
300.68133
300.68051
300.67966
300.67879
300.67789
300.67698
300.67603
300.67506
300.67407
300.67305
300.672
300.67092
300.66981
300.66867
300.66751
300.66631
300.66509
300.66383
300.66254
300.66122
300.65987
300.65849
300.65707
300.65562
300.65413
300.65261
300.65106
300.64947
300.64784
300.64618
300.64447
300.64273
300.64096
300.63914
300.63728
300.63538
300.63344
300.63147
300.62945
300.62739
300.62529
300.62315
300.62097
300.61874
300.61647
300.61415
300.61179
300.60938
300.60693
300.60444
300.60189
300.59931
300.59667
300.59399
300.59126
300.58849
300.58567
300.5828
300.57988
300.57691
300.5739
300.57083
300.56772
300.56456
300.56135
300.55808
300.55477
300.55141
300.548
300.54454
300.54102
300.53746
300.53385
300.53019
300.52647
300.52271
300.51889
300.51502
300.51111
300.50714
300.50312
300.49906
300.49494
300.49077
300.48655
300.48228
300.47796
300.47359
300.46917
300.46469
300.46017
300.4556
300.45098
300.44631
300.4416
300.43683
300.43202
300.42715
300.42224
300.41728
300.41228
300.40722
300.40212
300.39697
300.39178
300.38654
300.38125
300.37592
300.37054
300.36512
300.35966
300.35415
300.3486
300.34301
300.33737
300.33169
300.32597
300.32021
300.3144
300.30856
300.30267
300.29675
300.29079
300.28479
300.27875
300.27267
300.26656
300.2604
300.25422
300.24799
300.24173
300.23544
300.22911
300.22275
300.21635
300.20992
300.20346
300.19696
300.19043
300.18388
300.17729
300.17067
300.16403
300.15735
300.15065
300.14391
300.13715
300.13036
300.12355
300.11671
300.10984
300.10295
300.09604
300.0891
300.08213
300.07515
300.06814
300.06111
300.05405
300.04698
300.03988
300.03277
300.02563
300.01848
300.0113
300.00411
299.99689
299.98966
299.98241
299.97514
299.96786
299.96056
299.95324
299.94591
299.93857
299.93121
299.92383
299.91644
299.90904
299.90163
299.8942
299.88676
299.8793
299.87184
299.86436
299.85687
299.84936
299.84185
299.83432
299.82679
299.81924
299.81169
299.80413
299.79656
299.78898
299.78139
299.77379
299.76618
299.75857
299.75094
299.74331
299.73567
299.72802
299.72037
299.71271
299.70505
299.69738
299.6897
299.68202
299.67433
299.66663
299.65893
299.65123
299.64351
299.6358
299.62807
299.62035
299.61262
299.60488
299.59714
299.5894
299.58165
299.5739
299.56614
299.55838
299.55062
299.54285
299.53508
299.5273
299.51952
299.51174
299.50395
299.49617
299.48838
299.48058
299.47279
299.46499
299.45719
299.44939
299.44158
299.43377
299.42596
299.41814
299.41032
299.40251
299.39468
299.38686
299.37903
299.37121
299.36338
299.35554
299.34771
299.33987
299.33203
299.3242
299.31635
299.30851
299.30066
299.29281
299.28496
299.27711
299.26925
299.26139
299.25354
299.24568
299.23782
299.22996
299.2221
299.21424
299.20637
299.1985
299.19063
299.18276
299.17489
299.16701
299.15913
299.15126
299.14338
299.13549
299.12761
299.11972
299.11184
299.10395
299.09606
299.08817
299.08028
299.07239
299.0645
299.0566
299.04871
299.04081
299.03291
299.025
299.0171
299.0092
299.00129
298.99338
298.98547
298.97756
298.96965
298.96174
298.95383
298.94591
298.93799
298.93007
298.92215
298.91423
298.9063
298.89838
298.89045
298.88253
298.8746
298.86667
298.85874
298.85081
298.84288
298.83494
298.827
298.81906
298.81112
298.80318
298.79524
298.78729
298.77934
298.7714
298.76345
298.75549
298.74754
298.73959
298.73163
298.72368
298.71572
298.70777
298.69981
298.69185
298.68388
298.67592
298.66795
298.65998
298.652
298.64403
298.63606
298.62808
298.62011
298.61213
298.60415
298.59617
298.58819
298.5802
298.57222
298.56423
298.55624
298.54825
298.54025
298.53226
298.52427
298.51627
298.50827
298.50027
298.49226
298.48426
298.47625
298.46824
298.46023
298.45222
298.44421
298.4362
298.42818
298.42016
298.41213
298.40411
298.39608
298.38806
298.38004
298.372
298.36397
298.35593
298.34789
298.33986
298.33182
298.32378
298.31574
298.30769
298.29964
298.29158
298.28353
298.27548
298.26742
298.25936
298.2513
298.24324
298.23517
298.2271
298.21903
298.21096
298.20289
298.19481
298.18673
298.17865
298.17057
298.16249
298.1544
298.14631
298.13822
298.13013
298.12203
298.11393
298.10584
298.09774
298.08964
298.08153
298.07342
298.06532
298.05721
298.04909
298.04098
298.03287
298.02475
298.01664
298.00852
298.0004
297.99228
297.98415
297.97603
297.96791
297.95978
297.95166
297.94353
297.9354
297.92728
297.91915
297.91102
297.90289
297.89476
297.88664
297.87851
297.87038
297.86225
297.85413
297.846
297.83787
297.82975
297.82162
297.8135
297.80537
297.79725
297.78913
297.78101
297.77289
297.76477
297.75666
297.74854
297.74042
297.73231
297.7242
297.71609
297.70797
297.69987
297.69176
297.68365
297.67554
297.66744
297.65933
297.65122
297.64312
297.63501
297.62691
297.6188
297.6107
297.60259
297.59448
297.58638
297.57827
297.57016
297.56206
297.55395
297.54584
297.53772
297.52961
297.52149
297.51337
297.50526
297.49713
297.48901
297.48089
297.47276
297.46463
297.4565
297.44836
297.44022
297.43208
297.42394
297.4158
297.40765
297.3995
297.39134
297.38319
297.37503
297.36687
297.3587
297.35054
297.34237
297.3342
297.32602
297.31784
297.30966
297.30148
297.29329
297.28511
297.27692
297.26873
297.26053
297.25233
297.24413
297.23593
297.22773
297.21952
297.21131
297.2031
297.19489
297.18668
297.17846
297.17024
297.16202
297.1538
297.14558
297.13735
297.12912
297.12089
297.11266
297.10442
297.09619
297.08795
297.07971
297.07147
297.06323
297.05498
297.04674
297.03849
297.03024
297.02199
297.01374
297.00548
296.99723
296.98897
296.98071
296.97244
296.96418
296.95592
296.94765
296.93938
296.93111
296.92284
296.91456
296.90629
296.89801
296.88973
296.88145
296.87316
296.86488
296.85659
296.8483
296.84001
296.83172
296.82343
296.81513
296.80683
296.79853
296.79023
296.78193
296.77362
296.76532
296.75701
296.7487
296.74038
296.73207
296.72376
296.71544
296.70712
296.6988
296.69048
296.68216
296.67383
296.6655
296.65717
296.64885
296.64051
296.63218
296.62384
296.61551
296.60717
296.59884
296.5905
296.58216
296.57381
296.56547
296.55713
296.54879
296.54044
296.53209
296.52374
296.5154
296.50705
296.4987
296.49035
296.482
296.47365
296.4653
296.45694
296.44859
296.44024
296.43189
296.42353
296.41518
296.40682
296.39847
296.39012
296.38176
296.37341
296.36505
296.3567
296.34834
296.33998
296.33163
296.32327
296.31492
296.30656
296.2982
296.28985
296.28149
296.27313
296.26477
296.25642
296.24806
296.2397
296.23134
296.22298
296.21462
296.20626
296.1979
296.18954
296.18118
296.17281
296.16445
296.15608
296.14771
296.13934
296.13098
296.12261
296.11424
296.10587
296.09749
296.08912
296.08075
296.07237
296.064
296.05562
296.04724
296.03886
296.03048
296.02209
296.01371
296.00532
295.99694
295.98855
295.98016
295.97177
295.96338
295.95498
295.94659
295.93819
295.92979
295.92139
295.91299
295.90459
295.89618
295.88778
295.87937
295.87096
295.86255
295.85414
295.84572
295.83731
295.82889
295.82047
295.81205
295.80363
295.79521
295.78679
295.77836
295.76994
295.76151
295.75308
295.74465
295.73622
295.72778
295.71935
295.71091
295.70247
295.69403
295.68559
295.67715
295.66871
295.66026
295.65181
295.64337
295.63491
295.62647
295.61801
295.60956
295.6011
295.59265
295.58419
295.57573
295.56727
295.5588
295.55034
295.54187
295.53341
295.52494
295.51647
295.508
295.49953
295.49105
295.48258
295.4741
295.46562
295.45714
295.44866
295.44018
295.4317
295.42322
295.41473
295.40624
295.39775
295.38926
295.38077
295.37228
295.36378
295.35529
295.3468
295.3383
295.3298
295.32131
295.31281
295.30431
295.29581
295.2873
295.2788
295.27029
295.26179
295.25329
295.24478
295.23627
295.22777
295.21926
295.21075
295.20224
295.19373
295.18522
295.17671
295.1682
295.15969
295.15118
295.14267
295.13416
295.12565
295.11714
295.10863
295.10011
295.0916
295.08309
295.07457
295.06606
295.05755
295.04903
295.04052
295.03201
295.02349
295.01498
295.00647
294.99795
294.98943
294.98091
294.9724
294.96388
294.95536
294.94685
294.93832
294.9298
294.92128
294.91276
294.90423
294.89571
294.88718
294.87865
294.87012
294.86159
294.85306
294.84452
294.83599
294.82745
294.81891
294.81036
294.80182
294.79326
294.78472
294.77616
294.76761
294.75904
294.75048
294.74191
294.73334
294.72476
294.71619
294.70761
294.69902
294.69043
294.68183
294.67323
294.66462
294.65601
294.64739
294.63877
294.63014
294.6215
294.61286
294.60421
294.59555
294.58688
294.57821
294.56953
294.56084
294.55214
294.54343
294.53471
294.52598
294.51724
294.50848
294.49972
294.49094
294.48215
294.47334
294.46453
294.45569
294.44684
294.43797
294.42908
294.42018
294.41125
294.4023
294.39333
294.38434
294.37532
294.36628
294.35721
294.34812
294.33899
294.32984
294.32065
294.31144
294.30218
294.29289
294.28356
294.27419
294.26477
294.25531
294.24581
294.23625
294.22665
294.21699
294.20728
294.19751
294.18767
294.17778
294.16781
294.15778
294.14767
294.13748
294.12721
294.11686
294.10642
294.09589
294.08526
294.07454
294.0637
294.05276
294.0417
294.03053
294.01923
294.0078
293.99624
293.98453
293.97268
293.96067
293.94851
293.93617
293.92367
293.91098
293.89811
293.88504
293.87176
293.85828
293.84458
293.83064
293.81646
293.80204
293.78736
293.77241
293.75719
293.74168
293.72587
293.70975
293.6933
293.67652
293.65939
293.6419
293.62404
293.60578
293.58712
293.56804
293.54853
293.52858
293.50816
293.48726
293.46587
293.44398
293.42155
293.39859
293.37506
293.35095
293.32624
293.30093
293.27497
293.24836
293.22108
293.19311
293.16442
293.135
293.10482
293.07387
293.04213
293.00957
292.97617
292.94191
292.90677
292.87073
292.83377
292.79586
292.75699
292.71713
292.67627
292.63439
292.59145
292.54746
292.50238
292.4562
292.40891
292.36048
292.3109
292.26015
292.20823
292.15512
292.10081
292.04529
291.98855
291.93058
291.87139
291.81095
291.74929
291.68639
291.62225
291.55689
291.49031
291.42251
291.35351
291.28333
291.21197
291.13946
291.06582
290.99108
290.91525
290.83838
290.76048
290.6816
290.60177
290.52104
290.43945
290.35703
290.27385
290.18994
290.10536
290.02017
289.93442
289.84817
289.76148
289.67441
289.58702
289.49938
289.41155
289.3236
289.23559
289.14759
289.05967
288.9719
288.88433
288.79704
288.7101
288.62355
288.53748
288.45194
288.36698
288.28267
288.19906
288.11622
288.03417
287.95299
287.87271
287.79338
287.71504
287.63774
287.56149
287.48635
287.41234
287.33948
287.26781
287.19734
287.12809
287.06009
286.99334
286.92786
286.86364
286.80071
286.73906
286.6787
286.61962
286.56182
286.5053
286.45004
286.39605
286.34331
286.2918
286.24152
286.19245
286.14457
286.09787
286.05233
286.00792
285.96464
285.92246
285.88135
285.8413
285.80228
285.76428
285.72726
285.69121
285.6561
285.62191
285.58862
285.5562
285.52462
285.49387
285.46392
285.43476
285.40635
285.37867
285.35171
285.32543
285.29982
285.27487
285.25054
285.22681
285.20367
285.1811
285.15908
285.13759
285.11661
285.09612
285.07611
285.05656
285.03745
285.01877
285.0005
284.98263
284.96513
284.94801
284.93124
284.91481
284.8987
284.88291
284.86742
284.85222
284.83731
284.82266
284.80826
284.79412
284.78022
284.76654
284.75308
284.73984
284.72679
284.71394
284.70127
284.68878
284.67647
284.66431
284.65231
284.64047
284.62876
284.61719
284.60576
284.59445
284.58325
284.57218
284.56121
284.55035
284.53959
284.52893
284.51836
284.50787
284.49747
284.48715
284.4769
284.46673
284.45663
284.44659
284.43662
284.42671
284.41685
284.40705
284.3973
284.3876
284.37795
284.36834
284.35878
284.34926
284.33977
284.33033
284.32092
284.31154
284.30219
284.29287
284.28359
284.27433
284.26509
284.25588
284.2467
284.23753
284.22839
284.21926
284.21016
284.20107
284.192
284.18295
284.17391
284.16488
284.15587
284.14687
284.13789
284.12891
284.11995
284.11099
284.10205
284.09311
284.08419
284.07527
284.06636
284.05745
284.04855
284.03966
284.03078
284.0219
284.01302
284.00416
283.99529
283.98643
283.97757
283.96872
283.95987
283.95103
283.94219
283.93335
283.92451
283.91568
283.90685
283.89802
283.88919
283.88037
283.87154
283.86272
283.8539
283.84508
283.83627
283.82745
283.81864
283.80983
283.80102
283.79221
283.7834
283.77459
283.76579
283.75698
283.74818
283.73937
283.73057
283.72177
283.71297
283.70417
283.69536
283.68657
283.67777
283.66897
283.66017
283.65137
283.64258
283.63378
283.62498
283.61619
283.60739
283.5986
283.5898
283.58101
283.57221
283.56342
283.55462
283.54582
283.53703
283.52823
283.51944
283.51064
283.50185
283.49305
283.48425
283.47545
283.46666
283.45786
283.44906
283.44026
283.43145
283.42265
283.41385
283.40504
283.39624
283.38743
283.37862
283.36981
283.361
283.35218
283.34337
283.33455
283.32573
283.31691
283.30809
283.29927
283.29044
283.28161
283.27278
283.26395
283.25512
283.24628
283.23744
283.2286
283.21976
283.21091
283.20206
283.19321
283.18436
283.17551
283.16665
283.15779
283.14893
283.14006
283.13119
283.12233
283.11345
283.10458
283.0957
283.08682
283.07794
283.06906
283.06017
283.05129
283.0424
283.03351
283.02461
283.01571
283.00682
282.99791
282.98901
282.98011
282.9712
282.96229
282.95338
282.94447
282.93555
282.92664
282.91772
282.9088
282.89987
282.89095
282.88202
282.8731
282.86417
282.85524
282.8463
282.83737
282.82843
282.81949
282.81055
282.80161
282.79267
282.78372
282.77478
282.76583
282.75688
282.74793
282.73898
282.73002
282.72106
282.71211
282.70315
282.69419
282.68522
282.67626
282.66729
282.65833
282.64936
282.64039
282.63141
282.62244
282.61347
282.60449
282.59551
282.58653
282.57755
282.56857
282.55959
282.5506
282.54161
282.53263
282.52364
282.51465
282.50566
282.49666
282.48767
282.47867
282.46968
282.46068
282.45168
282.44268
282.43368
282.42468
282.41568
282.40667
282.39767
282.38866
282.37966
282.37065
282.36164
282.35263
282.34363
282.33462
282.32561
282.31659
282.30758
282.29857
282.28956
282.28055
282.27153
282.26252
282.2535
282.24449
282.23548
282.22646
282.21744
282.20843
282.19941
282.1904
282.18138
282.17236
282.16334
282.15433
282.14531
282.13629
282.12727
282.11825
282.10923
282.10021
282.09119
282.08216
282.07314
282.06412
282.05509
282.04607
282.03704
282.02801
282.01898
282.00996
282.00093
281.99189
281.98286
281.97383
281.96479
281.95576
281.94672
281.93768
281.92864
281.9196
281.91055
281.90151
281.89246
281.88341
281.87436
281.86531
281.85625
281.8472
281.83814
281.82908
281.82002
281.81095
281.80189
281.79282
281.78375
281.77468
281.7656
281.75653
281.74745
281.73837
281.72929
281.72021
281.71112
281.70203
281.69294
281.68385
281.67476
281.66566
281.65656
281.64747
281.63836
281.62926
281.62016
281.61105
281.60194
281.59283
281.58372
281.5746
281.56548
281.55637
281.54724
281.53812
281.529
281.51987
281.51074
281.50161
281.49248
281.48335
281.47422
281.46508
281.45594
281.4468
281.43766
281.42851
281.41937
281.41022
281.40107
281.39192
281.38276
281.37361
281.36445
281.35529
281.34613
281.33697
281.32781
281.31864
281.30947
281.30031
281.29113
281.28196
281.27279
281.26361
281.25443
281.24526
281.23607
281.22689
281.21771
281.20852
281.19933
281.19015
281.18096
281.17176
281.16257
281.15338
281.14418
281.13498
281.12578
281.11658
281.10738
281.09818
281.08898
281.07977
281.07057
281.06136
281.05215
281.04295
281.03374
281.02453
281.01532
281.00611
280.9969
280.98769
280.97848
280.96927
280.96006
280.95085
280.94163
280.93242
280.92321
280.914
280.90479
280.89558
280.88637
280.87716
280.86795
280.85875
280.84954
280.84033
280.83112
280.82191
280.8127
280.80349
280.79429
280.78508
280.77587
280.76666
280.75745
280.74824
280.73903
280.72981
280.7206
280.71138
280.70217
280.69295
280.68373
280.67451
280.66529
280.65606
280.64684
280.63761
280.62838
280.61914
280.60991
280.60067
280.59143
280.58219
280.57295
280.5637
280.55445
280.5452
280.53595
280.52669
280.51743
280.50817
280.49891
280.48965
280.48038
280.47111
280.46184
280.45257
280.44329
280.43401
280.42473
280.41545
280.40617
280.39688
280.38759
280.3783
280.36901
280.35972
280.35042
280.34113
280.33183
280.32253
280.31322
280.30392
280.29461
280.2853
280.27599
280.26668
280.25737
280.24805
280.23873
280.22941
280.22009
280.21077
280.20144
280.19212
280.18279
280.17346
280.16412
280.15479
280.14545
280.13611
280.12677
280.11743
280.10809
280.09874
280.0894
280.08005
280.07069
280.06134
280.05199
280.04263
280.03327
280.02391
280.01455
280.00518
279.99582
279.98645
279.97708
279.96771
279.95833
279.94896
279.93958
279.9302
279.92081
279.91145
279.90203
279.89269
279.88323
279.87394
279.86441
279.85522
279.84554
279.83652
279.82661
279.81788
279.80762
279.79929
279.78856
279.78074
279.76946
279.76219
279.75037
279.74359
279.73134
279.7249
279.7124
279.70611
279.69354
279.68724
279.67471
279.66835
279.65586
279.64948
279.63699
279.63061
279.61811
279.61173
279.59923
279.59285
279.58035
279.57395
279.56146
279.55507
279.54257
279.53619
279.52369
279.51731
279.50481
279.49843
279.48594
279.47956
279.46708
279.4607
279.44823
279.44185
279.42939
279.423
279.41056
279.40417
279.39174
279.38534
279.37292
279.36652
279.35409
279.3477
279.33526
279.32887
279.31641
279.31002
279.29756
279.29115
279.2787
279.27227
279.25983
279.25338
279.24094
279.23447
279.22203
279.21556
279.20311
279.19664
279.18418
279.1777
279.16524
279.15876
279.1463
279.1398
279.12735
279.12083
279.1084
279.10186
279.08943
279.08288
279.07045
279.0639
279.05146
279.04491
279.03247
279.02591
279.01347
279.00691
278.99446
278.9879
278.97545
278.96888
278.95645
278.94987
278.93746
278.93087
278.91848
278.9119
278.89952
278.89297
278.88057
278.87419
278.85937
)
;

boundaryField
{
    leftSide
    {
        type            zeroGradient;
    }
    rightSide
    {
        type            zeroGradient;
    }
    emptywalls
    {
        type            empty;
    }
}


// ************************************************************************* //
