/*--------------------------------*- C++ -*----------------------------------*\
  =========                 |
  \\      /  F ield         | OpenFOAM: The Open Source CFD Toolbox
   \\    /   O peration     | Website:  https://openfoam.org
    \\  /    A nd           | Version:  7
     \\/     M anipulation  |
\*---------------------------------------------------------------------------*/
FoamFile
{
    version     2.0;
    format      ascii;
    class       volScalarField;
    location    "0.00133";
    object      Uy;
}
// * * * * * * * * * * * * * * * * * * * * * * * * * * * * * * * * * * * * * //

dimensions      [0 1 -1 0 0 0 0];

internalField   nonuniform List<scalar> 
5000
(
-7.1092723e-18
-7.9797303e-18
0
0
4.3536353e-18
-5.1067317e-33
-4.6346683e-18
0
0
5.0904153e-18
1.0503641e-17
-5.4181332e-18
-5.5894527e-18
5.7658804e-18
0
6.134472e-18
-1.5028212e-46
-6.5247413e-18
0
-6.9375374e-18
7.152652e-18
7.3737228e-18
-1.5201718e-17
7.8341717e-18
8.073771e-18
6.8573993e-32
-8.5722762e-18
-8.8314061e-18
1.8194542e-17
-1.6244968e-31
1.6866975e-31
-9.9364054e-18
-2.0460682e-17
2.1063155e-17
-1.8793967e-31
9.7027753e-31
3.9807094e-31
-2.3623598e-17
2.4302475e-17
2.4997308e-17
-2.570832e-17
9.0913192e-31
2.7179766e-17
-1.397032e-17
-4.3077859e-17
1.4756889e-17
1.5163236e-17
1.0670652e-30
3.2005162e-17
0
-1.6878153e-17
-2.4627096e-33
1.7790762e-17
-3.6522403e-17
6.5516776e-31
3.8461657e-17
-1.9730202e-17
6.9891467e-31
2.0758518e-17
0
-2.1826834e-17
-7.6316381e-31
-6.5187489e-33
-2.3505738e-17
2.4086061e-17
-8.6267058e-31
-2.5278167e-17
2.5890084e-17
2.6512661e-17
-2.7145956e-17
-2.7790026e-17
2.8444924e-17
2.91107e-17
-5.9574798e-17
-3.0475064e-17
3.1173736e-17
0
-3.2604235e-17
4.7373481e-33
3.4079139e-17
-3.4833303e-17
1.0117739e-32
-1.0338436e-32
-3.7162829e-17
-3.7961714e-17
-1.3499018e-30
3.9593061e-17
0
4.1269134e-17
4.3699026e-30
1.5028685e-30
-4.3866851e-17
-4.4754959e-17
9.1308236e-17
3.2225684e-30
-4.7485434e-17
0
0
5.0314215e-17
3.5561281e-30
-1.0450794e-16
5.323983e-17
1.084725e-16
0
-5.6260452e-17
-5.7288072e-17
5.832592e-17
5.9373904e-17
0
0
-6.2577666e-17
-6.3665171e-17
0
6.5868881e-17
-2.3417033e-30
-6.8110052e-17
6.9244369e-17
-2.0005377e-32
2.5009385e-30
-5.5891494e-47
-1.4774005e-16
3.1994812e-32
7.6233881e-17
0
7.8630149e-17
-7.9840042e-17
-8.1057556e-17
1.6456505e-16
8.351478e-17
-1.695083e-16
-8.6000455e-17
8.7253522e-17
8.851317e-17
8.9779216e-17
0
-9.232976e-17
-9.3613881e-17
9.4903649e-17
3.3356463e-30
-9.7499346e-17
9.8804884e-17
1.0011529e-16
0
-1.0274987e-16
-1.0407366e-16
1.054015e-16
-1.0673319e-16
6.1429846e-32
1.094073e-16
-1.1074931e-16
1.1209434e-16
-7.8993408e-30
-1.1479263e-16
1.1614548e-16
-1.1750051e-16
-1.1885752e-16
1.2021629e-16
0
0
1.2430112e-16
1.2566486e-16
-1.2702932e-16
-1.2839429e-16
1.2975957e-16
9.0933794e-30
-1.3249019e-16
1.3385513e-16
1.3521955e-16
0
-1.3794601e-16
-1.3930764e-16
0
1.4202671e-16
1.4338376e-16
0
-1.4609188e-16
-3.067497e-29
1.4879074e-16
-1.5013622e-16
-1.5147882e-16
1.5281835e-16
1.0646651e-29
-1.0694511e-29
-6.6854965e-32
-1.5814207e-16
1.594635e-16
2.2299963e-29
-1.1148894e-29
1.1238889e-29
-1.6470596e-16
0
0
1.6858762e-16
1.6987108e-16
0
0
-1.7368792e-16
5.9298472e-47
1.7620302e-16
0
-1.7869314e-16
1.7992849e-16
5.0200763e-29
-3.6475805e-16
1.8359395e-16
3.8368658e-29
2.6432536e-32
1.8719575e-16
-1.8838159e-16
2.6938075e-32
2.6399705e-29
-1.3280321e-29
1.9304791e-16
0
-1.9533319e-16
-1.359662e-29
-5.4837439e-29
-1.9869873e-16
0
2.008996e-16
2.0198689e-16
0
0
0
-2.0624612e-16
-1.4345752e-29
2.0832051e-16
0
0
-2.1136109e-16
-2.1235536e-16
2.1333987e-16
2.1431455e-16
0
-2.162341e-16
-2.1717883e-16
2.1811344e-16
2.1903786e-16
0
-2.2085589e-16
6.1575384e-29
1.5439327e-29
-2.2350492e-16
2.2436689e-16
2.2521825e-16
0
-2.268889e-16
3.1647361e-29
-2.2851644e-16
-3.180537e-29
4.6020097e-16
-2.3087607e-16
3.2128078e-29
8.0680543e-29
1.6134646e-29
2.3386775e-16
-2.3458778e-16
-2.3529658e-16
0
2.3668032e-16
2.3735517e-16
0
-2.3867066e-16
-2.3931122e-16
4.7988056e-16
2.405578e-16
-2.4116375e-16
-2.417581e-16
-6.7224344e-29
2.4291185e-16
-2.4347119e-16
1.6922452e-29
2.4455464e-16
-2.4507868e-16
1.7066377e-29
-1.713612e-29
7.0082182e-32
1.7062885e-29
-2.4752096e-16
0
0
2.4884293e-16
2.4925952e-16
0
0
0
0
-2.5116073e-16
-1.7334351e-29
5.036718e-16
-1.0750018e-31
-2.52462e-16
-2.5275659e-16
3.5131923e-29
3.5097396e-29
3.6033917e-32
2.5381119e-16
2.5404377e-16
2.5426387e-16
-5.0894294e-16
-7.639996e-16
2.5484903e-16
5.1003789e-16
0
-2.553209e-16
-2.5545288e-16
2.5557217e-16
-7.2668265e-32
1.0904239e-31
-7.2717954e-32
-2.5592177e-16
-2.5597714e-16
2.5601965e-16
5.1209852e-16
-2.5606595e-16
-2.9230967e-48
-2.5606005e-16
-7.0950803e-29
5.1200065e-16
0
0
-5.1162407e-16
1.4201835e-28
5.1124131e-16
0
-2.5537631e-16
-2.552342e-16
2.5507875e-16
-3.6224882e-32
3.5366412e-29
-3.6171189e-32
-2.5432303e-16
2.5410046e-16
2.5386437e-16
0
-2.5335153e-16
3.5136905e-29
2.5278425e-16
-5.0496024e-16
6.9948784e-29
2.5183075e-16
6.9832503e-29
5.022527e-16
-5.0150689e-16
-2.503667e-16
2.4996609e-16
3.5463411e-32
2.4912314e-16
0
0
-2.4775403e-16
3.4295791e-29
4.9354242e-16
-3.4995467e-32
-7.3719633e-16
2.451914e-16
2.4463655e-16
-4.8813509e-16
2.4348437e-16
-2.4288701e-16
-4.8455088e-16
2.4164965e-16
2.4100962e-16
2.4035535e-16
-2.3968682e-16
-7.1240525e-47
2.3830696e-16
-2.375956e-16
2.3686996e-16
-2.3613004e-16
-6.5225385e-29
-6.6679407e-32
-2.3382451e-16
4.6605486e-16
-2.3221608e-16
-6.4252524e-29
6.395378e-29
2.2969645e-16
4.576562e-16
-6.8383662e-16
-6.29824e-29
1.2545943e-28
-6.2409102e-29
4.4854733e-16
-4.4664085e-16
6.1679847e-29
4.4274371e-16
0
0
-2.1834438e-16
3.0140105e-29
2.1625688e-16
2.1519254e-16
-2.1411454e-16
-6.3906891e-16
2.1191788e-16
2.1079935e-16
5.9591077e-32
2.0852229e-16
0
-4.1238489e-16
-4.1001591e-16
2.0381055e-16
4.0520067e-16
2.0137742e-16
-4.002838e-16
-3.9778783e-16
3.9526713e-16
3.9272199e-16
0
-3.8755937e-16
1.9247123e-16
3.823022e-16
-1.8981945e-16
-1.8847643e-16
2.6591664e-32
-2.5790502e-29
-1.843808e-16
1.8299398e-16
1.8159665e-16
-1.80189e-16
2.4795201e-29
2.5202031e-32
2.4397815e-29
1.7445917e-16
-1.7300295e-16
7.1448885e-29
2.3611624e-29
4.6787554e-29
1.6708957e-16
-1.6559028e-16
2.2781306e-29
4.5072672e-29
2.2886027e-32
3.1903358e-16
1.5798064e-16
-1.5643791e-16
-3.097778e-16
2.1288883e-29
3.0354626e-16
1.5020696e-16
-2.9727134e-16
-1.4705955e-16
1.4547891e-16
1.4389407e-16
3.949514e-29
-1.4071305e-16
0
0
-1.3591801e-16
0
1.3270952e-16
-1.3110276e-16
-1.8402313e-32
3.5493194e-29
0
1.2466693e-16
-1.2305754e-16
-1.2144869e-16
2.3968146e-16
1.1823403e-16
-1.1662894e-16
0
0
1.11827e-16
-3.0624901e-29
-1.0864045e-16
0
0
1.0388999e-16
-4.2631129e-29
-1.0074683e-16
0
0
0
0
0
0
0
0
-1.738411e-16
-4.7416445e-29
8.3935173e-17
-8.2456366e-17
8.0987241e-17
-7.9528108e-17
2.1703253e-29
7.6641049e-17
2.0885353e-29
7.3797579e-17
0
0
-6.9619094e-17
-1.8951799e-29
6.6894399e-17
0
0
0
0
0
0
0
-1.1305059e-16
4.6029266e-29
1.0814784e-16
-5.2870378e-17
-7.3444277e-33
-5.0508374e-17
2.7365054e-29
9.641479e-17
4.7080104e-17
5.3239694e-47
-1.3461739e-16
0
8.5456053e-17
0
0
-7.9262328e-17
1.0716092e-29
1.1294119e-16
-3.6679255e-17
-3.5727632e-17
3.4792202e-17
-3.3872961e-17
3.2969896e-17
8.8996895e-30
-3.1212212e-17
3.0357524e-17
0
2.8696231e-17
-2.7889508e-17
-5.4197289e-17
2.6323564e-17
2.5564179e-17
2.4820398e-17
2.4092122e-17
-4.6758488e-17
-2.2681651e-17
2.1999223e-17
0
-2.0679357e-17
2.0041647e-17
1.9418564e-17
-5.6429876e-17
-5.1772071e-33
3.5271123e-17
-1.7069448e-17
-2.2932446e-30
-1.5978552e-17
4.3921263e-33
2.9883192e-17
-1.4442896e-17
0
3.7442712e-30
1.8507734e-33
1.2575563e-17
-1.2139632e-17
3.2532076e-30
1.5677678e-30
1.5493858e-33
1.0513559e-17
-1.013544e-17
-1.7421549e-47
2.6134826e-30
1.2883502e-33
1.7460803e-17
1.1657516e-30
-8.089448e-18
0
0
7.2003189e-18
2.8803671e-30
-6.6533649e-18
6.3930163e-18
-8.5263749e-31
-4.6131104e-47
7.8612092e-31
-5.4344453e-18
-5.2145179e-18
-6.9377914e-31
4.7969613e-18
0
0
-4.2235269e-18
4.0457474e-18
-3.2252854e-30
-3.70915e-18
3.5499813e-18
0
-3.2490403e-18
-3.1069315e-18
2.9701792e-18
2.8386219e-18
0
-2.5904628e-18
-2.4735543e-18
4.7224553e-18
2.2533357e-18
-2.1497367e-18
-2.0502915e-18
-2.7113534e-31
-1.8633166e-18
-4.9302748e-31
3.3827117e-18
0
0
0
-1.3885015e-18
-1.3206597e-18
0
1.1936462e-18
1.5715917e-31
-1.0775009e-18
0
0
9.2194194e-19
1.2131807e-31
-1.1494572e-31
7.8657622e-19
-7.4554185e-19
2.9393621e-31
6.6912702e-19
0
5.9974672e-19
7.8793651e-32
-5.3682903e-19
5.0762349e-19
-4.7983465e-19
-4.5339949e-19
4.2825732e-19
0
-3.8161449e-19
-3.600023e-19
3.3945497e-19
3.1992088e-19
0
2.8368721e-19
-2.6688915e-19
-2.5090586e-19
2.3569417e-19
4.4241664e-19
-1.1518555e-31
-5.8274848e-19
-5.9018603e-49
1.6971466e-19
3.1653274e-19
-8.1733699e-32
-2.7371125e-19
1.2683886e-19
-1.1725133e-19
1.0807389e-19
9.9294167e-20
-1.8180013e-19
0
0
1.3599458e-19
2.5726793e-48
-1.0928712e-19
0
0
8.0102187e-20
-1.4092004e-48
-8.2810777e-20
0
0
9.9802249e-20
5.1818671e-20
-9.9506416e-20
-5.6224848e-20
0
1.2926133e-19
-3.3148098e-32
-1.2797901e-19
7.2654689e-20
0
-6.8738195e-20
6.8895711e-20
-1.0571742e-35
-7.5898092e-20
7.2115842e-20
-7.0606205e-20
-7.3420897e-20
7.4505581e-20
7.2026523e-20
-1.9314445e-32
-6.9923338e-20
7.0666171e-20
1.9321711e-32
-6.739455e-20
6.6474172e-20
-6.6504834e-20
-6.5485515e-20
6.3171368e-20
6.102677e-20
-1.6524386e-32
-5.7730223e-20
5.5499532e-20
-7.545843e-36
-5.0690619e-20
4.8149015e-20
-4.5427857e-20
-4.2455581e-20
3.9160148e-20
7.1071516e-20
-1.7545299e-32
-5.448489e-20
2.4755036e-20
-3.4587207e-36
-4.1392087e-20
-5.1783952e-36
2.4728144e-20
0
-2.2711114e-20
0
3.026451e-20
0
0
0
4.4150511e-20
4.4560334e-49
-3.9267522e-20
0
-4.8634944e-20
1.3879978e-32
4.4060113e-20
0
0
0
4.6574789e-20
-1.2719107e-32
-4.9831827e-20
0
-4.8442902e-20
-1.2465028e-32
4.5250491e-20
0
-4.4944912e-20
4.1929542e-20
-2.2682252e-32
-4.1640124e-20
4.1529422e-20
0
3.7345478e-20
1.0177978e-32
-3.6061853e-20
0
-3.3365013e-20
3.2296363e-20
1.7493065e-32
-3.0612038e-20
1.6268321e-32
3.9490062e-36
-7.5540449e-33
3.9958644e-36
2.879562e-20
0
-2.5425253e-20
7.4062799e-33
8.1524418e-33
-1.5421384e-49
7.2710977e-33
0
5.6259071e-20
8.6472901e-33
-3.0023021e-20
2.6327364e-20
-6.882803e-33
-2.6702399e-20
-2.9033554e-20
-7.8524285e-33
7.0065996e-33
-2.481056e-20
2.70379e-20
2.7379467e-20
0
2.3921025e-20
-7.4336303e-33
-2.8630965e-20
0
0
0
5.9655021e-20
-3.2115201e-32
-4.7886487e-20
0
0
0
0
0
0
0
5.4685425e-20
-1.3162249e-32
-4.2013015e-20
-2.3087542e-20
2.6637073e-20
2.7089123e-20
-6.7143099e-33
-1.3244397e-32
-2.7261276e-20
2.8982847e-20
-2.6472304e-20
-2.4168607e-20
2.6156581e-20
2.8879066e-20
-1.5438144e-32
-2.4091019e-20
-2.2669116e-20
6.6250444e-33
2.4500216e-20
2.3085876e-20
-2.1219186e-20
-2.0654577e-20
2.0665467e-20
-2.0207575e-20
0
1.9021338e-20
1.8751749e-20
-5.089274e-33
-1.7983847e-20
1.7770193e-20
-1.7640729e-20
-1.7423599e-20
1.7231368e-20
-1.7535426e-20
-5.1184214e-33
1.9773467e-20
2.1043216e-20
3.0736862e-36
-4.3387773e-20
-1.3406329e-32
2.8335176e-20
3.0679508e-20
0
-3.0487026e-20
0
0
0
-3.4954435e-20
-3.4606333e-20
3.4956813e-20
3.1895531e-20
0
-2.1915593e-20
4.6710061e-33
1.6248675e-20
0
0
-1.3587772e-20
5.4133989e-33
8.6300062e-21
0
0
-1.8678219e-20
9.0161548e-33
1.3739606e-20
0
-1.8701002e-20
5.6744246e-33
-5.7367416e-33
5.2855771e-33
1.5698401e-20
0
1.3044644e-20
-7.1205076e-33
-9.5667569e-21
0
-3.8774821e-21
1.9753308e-21
-9.7677644e-22
5.0646772e-21
7.3736025e-34
-5.7183903e-21
9.2333116e-34
3.4284534e-21
0
0
2.959506e-21
-7.692448e-34
-2.508682e-21
0
1.8458654e-21
-1.5122823e-21
-1.2249859e-21
9.3385947e-22
0
-1.933762e-22
-2.8732585e-22
-4.4580557e-34
6.4918748e-34
-1.4478978e-21
1.5301242e-33
-2.3071789e-21
2.79743e-21
-9.2407356e-34
2.1635351e-33
9.4549235e-21
-1.5597624e-33
-6.6784849e-21
0
0
0
1.6334933e-20
7.413308e-21
-1.2743178e-20
-6.042038e-21
0
0
-3.0189093e-21
-3.9221118e-50
2.1367458e-21
0
1.4079863e-21
-9.0461492e-22
2.1569383e-21
1.0403946e-21
0
-5.6099026e-21
-9.1036843e-37
9.1877409e-21
-7.7720999e-34
-5.270563e-21
2.46954e-21
1.3700723e-36
-2.4783602e-21
6.639481e-34
1.1146051e-33
1.5350966e-21
0
2.8790551e-22
-1.3640333e-34
-9.3051394e-22
7.9542255e-22
-1.9552852e-33
-1.116056e-21
1.1833504e-21
-6.7924692e-38
-6.3691152e-22
0
0
0
-2.4638355e-21
2.5501252e-21
3.7601777e-21
-1.7824472e-21
-5.9376957e-34
-5.9029907e-34
-2.4404797e-21
0
3.7660476e-21
-4.3311283e-37
-4.9621393e-21
2.6759528e-21
1.6598543e-33
-3.6369338e-21
-4.2612103e-21
2.4440551e-33
8.3089187e-21
0
2.9276756e-21
2.3167772e-21
0
-2.6638795e-21
-3.079609e-21
3.1292219e-21
0
-2.5910625e-21
0
0
2.3974709e-21
-1.7900644e-33
-2.1961054e-21
0
0
2.1295331e-21
2.163373e-21
-2.3515984e-21
-2.4511629e-21
2.4981206e-21
2.7879163e-21
-6.4552463e-21
-3.5021533e-21
1.0128215e-33
3.9035479e-21
-2.429765e-33
-2.7814236e-33
5.6196033e-21
-6.0146184e-21
6.133341e-21
-6.1506084e-21
-5.2283479e-36
6.6410974e-21
-1.5178466e-20
-8.1266452e-21
-8.2558144e-21
1.6884702e-20
1.7824352e-20
-9.3592261e-21
9.5583424e-21
-8.5985209e-21
4.3404272e-33
1.6233843e-20
-9.0207969e-21
2.7478319e-33
-2.6932036e-33
-9.1977367e-21
0
0
9.5678949e-21
9.3316698e-21
0
-7.9885026e-21
-8.4293909e-21
0
-7.8583944e-21
2.0407518e-33
7.1146836e-21
-6.920034e-21
1.800624e-33
6.050729e-21
0
5.3770811e-21
2.6305002e-33
-4.3462949e-21
4.317795e-21
-1.1975873e-33
-3.9889154e-21
-3.4675976e-21
-8.5646965e-34
3.0074358e-21
0
-3.0271875e-21
2.9937474e-21
-8.7928961e-37
1.7807826e-33
3.1671564e-21
-3.1000619e-21
0
-6.9366157e-21
8.4090712e-33
4.0339278e-21
2.3486758e-33
8.904198e-21
-9.4916072e-21
-1.0205953e-20
1.0801308e-20
1.1247892e-20
5.9188148e-21
0
-6.7022737e-21
-1.4075826e-20
1.0242352e-36
-7.4638678e-21
7.8344266e-21
8.2380271e-21
-8.5284567e-21
1.6947858e-20
-1.7051623e-20
-1.4897902e-32
1.8632537e-20
-1.9002452e-20
4.9104525e-33
-8.310122e-21
8.7624587e-21
9.3734163e-21
-9.6868227e-21
-2.7378016e-33
-1.9792974e-20
1.8130259e-20
1.7439678e-20
-1.8388701e-20
-2.630273e-33
-9.4731238e-21
5.0223269e-33
8.6939775e-21
2.4209149e-33
5.1272034e-50
8.4621405e-21
1.6385255e-20
-7.9257465e-21
-1.1595241e-49
-7.0710966e-21
-1.1455311e-32
6.7665513e-21
-1.3099338e-20
3.4402773e-33
1.147858e-20
6.5264697e-51
-5.3302233e-21
0
0
-4.3487395e-21
4.0850922e-21
8.0249007e-21
0
0
0
-2.9391431e-21
-2.8078363e-21
0
2.6851145e-21
-2.4820461e-21
-3.8079129e-33
4.4468391e-21
0
0
0
-1.8748011e-21
-1.9259505e-21
2.0386056e-21
-2.0809629e-21
-1.1350361e-33
4.0824866e-21
0
0
-4.7604065e-21
6.8484226e-37
2.5186879e-21
-2.7251191e-21
2.9416621e-21
-3.0672083e-21
1.709192e-33
6.1535662e-21
0
0
-3.8373621e-21
-4.0578016e-21
0
0
4.3873599e-21
4.4984398e-21
0
-4.8491877e-21
-5.0535045e-21
5.1840457e-21
-5.2709081e-21
-5.3357349e-21
5.4351997e-21
5.5909924e-21
-3.1908697e-33
-5.8430437e-21
5.8625719e-21
1.6377715e-33
-5.9882094e-21
0
-6.1182354e-21
3.3386093e-33
5.992933e-21
-6.1300997e-21
3.4790891e-33
6.2963411e-21
0
-5.9759696e-21
1.6901029e-33
8.8269854e-37
-6.2624039e-21
6.1945713e-21
5.8005663e-21
0
-1.1587465e-20
6.6648672e-33
6.0837257e-21
8.5445553e-37
1.1732357e-20
-1.1189821e-20
-1.0901354e-20
1.1071042e-20
5.6357953e-21
0
-1.0628467e-20
8.549723e-33
1.0418212e-20
0
-1.0756633e-20
-2.95e-33
5.1925417e-21
1.4126051e-33
1.0059378e-20
-1.0069634e-20
-1.2515415e-32
9.9204284e-21
-9.9022967e-21
2.764181e-33
9.9580535e-21
4.9386418e-21
-9.7716043e-21
-4.8458986e-21
9.7576429e-21
-9.8073847e-21
-1.2099236e-32
9.609379e-21
-9.7169136e-21
1.3680418e-33
-4.9433627e-21
5.4349694e-33
1.4388437e-20
-2.625807e-33
-9.5375622e-21
4.8603428e-21
9.8461294e-21
-4.941151e-21
2.7375098e-33
-4.9064198e-21
-5.4084301e-33
4.8246612e-21
-9.5996314e-21
3.969608e-33
-5.2098528e-33
2.5600658e-33
4.5635657e-21
0
4.4396491e-21
4.3145435e-21
0
0
0
0
0
-3.6154833e-21
-3.5558954e-21
0
3.3471459e-21
-3.1688185e-21
-4.959311e-33
5.6563123e-21
0
0
0
-2.2511363e-21
-2.0917926e-21
1.9743496e-21
1.8536341e-21
-3.380576e-21
-2.5066115e-33
2.6861081e-21
0
-2.2872884e-21
-1.7021557e-33
8.5169935e-22
-6.910896e-22
5.9254314e-22
-5.3514065e-22
-2.6014764e-34
7.2598381e-22
0
0
-1.1005765e-22
-9.1230159e-23
0
4.5661053e-23
3.0698855e-38
1.0768772e-22
-7.3959037e-23
-1.6273186e-22
0
-2.4129746e-22
-2.5197314e-22
0
-4.3978369e-23
-1.5721417e-22
1.9954351e-22
-9.8354935e-23
-1.363536e-22
7.0117194e-22
3.5259826e-22
6.448585e-38
5.174067e-22
-5.5892872e-22
-6.2490304e-22
-7.3845927e-22
6.594209e-51
-9.9695975e-22
-1.0775832e-21
1.1404811e-21
0
2.7297652e-21
3.0417967e-21
0
-1.7906987e-21
-3.7724896e-21
-1.0989967e-33
-2.0797618e-21
-4.3496821e-21
4.5524072e-21
4.7921756e-21
2.5438325e-21
2.7139784e-21
0
-2.9575581e-21
-9.120461e-21
3.1325204e-21
-7.9881403e-49
-1.0216773e-20
7.1309742e-21
3.703303e-21
3.8195431e-21
7.8574855e-21
-8.0570098e-21
-4.1231602e-21
4.2165598e-21
4.3366999e-21
4.4803456e-21
-1.3817351e-20
-4.709108e-21
1.4327834e-20
4.8559671e-21
-4.971161e-21
-1.0224479e-20
5.2253235e-21
-5.2496357e-21
8.7629785e-33
-8.9310552e-33
-1.6643323e-20
5.6700376e-21
5.7024566e-21
1.128783e-20
5.6434179e-21
-1.1527278e-20
-1.6816674e-36
-6.0214645e-21
5.7958229e-21
1.6944492e-20
-1.7498443e-20
-6.0216617e-21
1.8468238e-20
0
-1.8113458e-20
-5.8766078e-21
1.7774755e-20
-6.1012873e-21
-1.2411465e-20
-3.270752e-33
6.283734e-33
5.7670638e-21
0
1.2109679e-20
1.1573569e-20
-5.5147323e-21
-5.5134213e-21
-1.1197021e-20
5.664527e-21
5.6301774e-21
-1.0433404e-20
0
1.0041395e-20
1.0230421e-20
-5.1462954e-21
-1.0152583e-20
2.7150926e-33
4.6887114e-21
-9.1263453e-21
4.5011619e-21
-1.4796446e-32
-8.6554323e-21
4.1282209e-21
0
7.6560062e-21
0
-8.1491006e-33
-3.5388958e-21
-6.7513122e-21
9.6622472e-21
-8.7917681e-37
-5.9177118e-21
0
5.3329314e-21
2.576285e-21
-4.9515563e-21
2.5747123e-33
2.140123e-21
-3.9835551e-21
1.9069412e-21
-3.1045377e-33
-3.5961902e-21
1.6791918e-21
-1.517013e-21
2.7317556e-21
3.833122e-21
0
-3.69668e-21
-2.3740362e-21
3.2916817e-21
1.9535102e-21
-8.8007902e-22
-1.702921e-21
8.7056881e-22
8.9180852e-22
-1.755111e-21
8.1817376e-22
1.4831113e-21
-7.0322145e-22
1.039446e-37
-1.5938365e-21
-1.716519e-21
2.646907e-21
-8.6036048e-22
-1.3815685e-33
2.5261457e-21
0
-3.053738e-21
-2.2218244e-21
1.1649529e-21
1.1773469e-21
1.1938319e-21
0
1.3418729e-21
-8.080958e-34
-3.0998165e-21
8.9045988e-34
1.6471659e-21
0
1.7942765e-21
-3.8053116e-21
-5.9919515e-21
4.0963372e-21
6.2545763e-21
2.135726e-21
-2.2117508e-21
-4.6354271e-21
2.4062004e-21
-2.4496389e-21
-2.4724e-21
4.9883668e-21
-5.0748245e-21
-2.6123436e-21
8.0648293e-21
5.4444536e-21
-2.7316626e-21
-8.2175437e-21
6.1217794e-33
-6.2018533e-33
-2.823061e-21
-3.1324205e-33
-2.7968724e-21
2.7750131e-21
2.773446e-21
2.7906732e-21
-2.7914342e-21
-2.7686414e-21
8.1924796e-21
-2.7001436e-21
-5.361126e-21
7.9407973e-21
7.3815552e-37
-2.5337772e-21
4.9750794e-21
2.4712744e-21
0
-2.3976371e-21
-2.3166791e-21
-4.4986039e-21
2.2153196e-21
-7.3363736e-33
-6.5273608e-21
2.110514e-21
2.0283116e-21
1.9658576e-21
-1.9376318e-21
-1.932776e-21
5.7433623e-21
-1.859416e-21
-3.5850457e-21
-2.9044343e-33
-1.7233702e-21
3.4543687e-21
5.1550605e-21
9.2842341e-34
-8.9901748e-34
-2.2518626e-37
-1.582273e-21
-3.2209828e-21
-1.6358421e-21
4.8995517e-21
-1.7782619e-33
-3.1482938e-21
0
0
1.6343402e-21
-9.3221634e-34
9.4337155e-34
1.692371e-21
-3.3708983e-21
-1.7013053e-21
-1.9404808e-33
1.8216919e-21
5.6315502e-21
1.9002817e-21
0
0
0
-6.1102585e-21
-4.254785e-21
6.5735192e-21
-2.4558066e-33
-4.4429399e-21
0
0
4.7304747e-21
-5.4621923e-33
-2.8077738e-33
5.132424e-21
-2.5956867e-21
-5.2565515e-21
-5.3366364e-21
2.7314912e-21
8.4286302e-21
2.8684689e-21
0
0
0
-8.7541237e-21
-6.0050497e-21
9.2775308e-21
-6.9934294e-33
-3.1646236e-21
4.4956007e-37
-3.140173e-21
6.2880114e-21
-3.5778821e-33
-3.2899343e-21
6.6405554e-21
0
-1.8278465e-33
-6.524731e-21
-6.5821516e-21
1.0074335e-20
6.8218977e-21
-3.4172696e-21
-1.886015e-33
3.3784524e-21
-1.0076781e-20
-6.7037771e-21
3.3530582e-21
3.3525644e-21
-3.3548304e-21
-3.3555373e-21
3.3396826e-21
3.3112821e-21
-1.8081393e-33
1.7807639e-33
3.2061727e-21
0
3.1989137e-21
-6.2587775e-21
-9.1341239e-21
6.0072226e-21
6.0597818e-21
3.0358968e-21
-3.3351451e-33
-5.889292e-21
2.8284895e-21
-2.7470933e-21
-2.7566233e-21
5.5902477e-21
-5.6054303e-21
-2.7621511e-21
2.6820422e-21
5.1685722e-21
2.4971489e-21
-4.9376339e-21
1.381855e-33
-2.5044842e-21
-2.4854611e-21
7.2858792e-21
-2.3618615e-21
-2.3003767e-21
6.7574708e-21
-3.1678898e-37
-6.6424293e-21
-2.1892582e-21
6.4531306e-21
-2.107852e-21
-1.3151313e-49
-3.4024718e-33
-4.0154803e-21
3.9243182e-21
3.8172467e-21
-1.8744657e-21
2.0751697e-33
3.7461219e-21
-1.8600247e-21
-5.4530484e-21
-1.7684942e-21
1.7333357e-21
0
1.7270404e-21
3.4522153e-21
-2.4205487e-37
-5.0072651e-21
-1.6385143e-21
3.2473363e-21
-2.3082103e-37
-3.2602645e-21
3.2599559e-21
-2.6978757e-33
-3.2086007e-21
4.7679188e-21
3.1519764e-21
0
0
-1.5728435e-21
-4.7462815e-21
-1.5796006e-21
4.6896624e-21
-1.7150437e-33
-3.087079e-21
3.1240518e-21
3.163367e-21
-1.5841672e-21
-3.1301489e-21
1.5416403e-21
1.5413088e-21
-4.7067492e-21
-1.609715e-21
-2.7070023e-33
8.8938099e-34
1.563504e-21
-1.5295843e-21
3.0651178e-21
4.7228719e-21
0
-4.9598639e-21
-3.2988235e-21
4.8498646e-21
-4.5083117e-37
-1.5690705e-21
3.1487339e-21
-1.6056249e-21
-1.6402355e-21
-1.8322883e-33
1.6305698e-21
3.2051935e-21
-1.581411e-21
-3.1583796e-21
-3.1968544e-21
1.7982373e-33
1.6217323e-21
-1.5987492e-21
3.1411654e-21
4.6639878e-21
0
-4.7303347e-21
-3.1657968e-21
4.6915264e-21
-1.7035248e-33
-1.5076005e-21
1.4997085e-21
1.5117933e-21
-8.4547368e-34
-3.0419445e-21
8.3348652e-34
2.9586108e-21
-1.6274867e-33
-1.6190763e-33
-2.9063603e-21
-4.323886e-21
2.8482784e-21
-1.5717308e-33
-4.726996e-33
1.4245543e-21
1.4154988e-21
2.7728281e-21
-4.0654304e-21
-1.3414791e-21
2.7002512e-21
-2.7456024e-21
-7.8687069e-37
4.126803e-21
1.3589482e-21
-1.3470767e-21
-4.0391482e-21
4.5129338e-33
2.7223031e-21
1.3521706e-21
-2.6771111e-21
-4.0042933e-21
4.0398764e-21
1.3733967e-21
1.540781e-33
1.3797662e-21
-2.7209795e-21
7.4696141e-34
-1.3559522e-21
1.3915738e-21
-4.7710297e-33
-4.3608936e-21
4.3494673e-21
4.316717e-21
0
0
0
-1.5093844e-21
-4.5915676e-21
-1.5319265e-21
-1.6987905e-33
-1.5355391e-21
4.6572957e-21
1.5859461e-21
-1.6128476e-21
-1.6200412e-21
-1.6190274e-21
3.2380428e-21
-1.6314386e-21
1.6622595e-21
-5.6259813e-33
-3.3988608e-21
5.0947261e-21
3.3829562e-21
0
-3.4506177e-21
-1.9579194e-33
1.7862313e-21
-5.3271245e-21
-1.754036e-21
1.7384592e-21
0
0
1.7901215e-21
3.6091187e-21
-4.0026687e-33
-3.5981783e-21
-1.8058774e-21
1.808515e-21
-1.7961166e-21
1.7685887e-21
3.1950943e-50
-2.8425463e-33
5.1671037e-21
0
0
-3.5350581e-21
-3.4817558e-21
-1.7109835e-21
1.869667e-33
4.98318e-21
-1.8305273e-33
-3.2966353e-21
0
3.2743231e-21
1.5988105e-21
-3.1107929e-21
1.5156255e-21
1.4911339e-21
-4.4721469e-21
1.4944724e-21
-4.9338859e-33
-2.8847067e-21
4.1847567e-21
2.7091194e-21
0
0
0
-3.7777802e-21
-2.4583124e-21
3.6006923e-21
2.3408232e-21
0
-2.1944069e-21
1.1734345e-33
1.0273661e-21
-2.0200346e-21
9.9381609e-22
-9.6417526e-22
-9.1566977e-22
2.5970431e-21
-1.6592752e-21
-1.6192552e-21
7.9906275e-22
-7.8249344e-22
1.5089609e-21
2.1649143e-21
0
-1.9927898e-21
-1.2723627e-21
6.0455786e-22
5.7538371e-22
-6.1906904e-34
5.496226e-22
-1.8056352e-33
-5.2240366e-22
-2.6997447e-34
-5.2002288e-51
4.3269939e-22
0
4.3660116e-22
-8.6428949e-22
-1.2333619e-21
1.141369e-21
1.0763428e-21
0
-7.3263629e-22
-7.5060586e-22
7.4148025e-22
-3.4962081e-22
-3.291622e-22
9.7542722e-22
-6.7587161e-22
-7.1546603e-22
3.6997154e-22
7.248134e-22
3.3617454e-22
-9.4729447e-22
-3.212918e-22
-5.8184188e-34
7.6625777e-22
2.3100534e-37
-1.2387012e-21
8.03708e-22
1.1508733e-21
3.7553842e-22
-1.1560452e-21
-8.2223445e-22
1.3311879e-21
-1.0475649e-33
-9.8054956e-22
-4.9500864e-22
2.700961e-34
9.5791955e-22
-5.3843393e-34
5.0790862e-22
5.418187e-22
-1.7254063e-21
-5.9563357e-22
-6.6144181e-34
1.1632805e-21
-1.9144593e-33
-1.7771872e-21
1.2618071e-21
-7.4906858e-34
-7.864107e-34
-1.5953931e-33
-7.0349745e-22
2.0585973e-21
-6.8625005e-22
-1.183619e-33
-2.5065519e-33
-2.374123e-21
8.1693945e-22
1.6561233e-21
-9.238385e-34
8.3790808e-22
8.4806588e-22
-1.7240553e-21
-1.7594822e-21
1.0008577e-33
2.7693844e-21
-1.0415775e-33
-9.4625735e-22
1.9070522e-21
-9.6538135e-22
-9.8343033e-22
5.5922004e-34
-5.696515e-34
1.0322292e-21
-2.0667583e-21
1.0364284e-21
-3.4968607e-33
-3.58231e-33
3.3124831e-21
-2.2426615e-21
3.186191e-37
2.2351216e-21
-1.1198377e-21
-3.3947577e-21
-1.1564273e-21
3.5318369e-21
-1.3149712e-33
-1.184471e-21
2.3667019e-21
-2.3800517e-21
-6.0392792e-33
1.2270211e-21
-1.2335256e-21
1.2258049e-21
-2.4267624e-21
1.2094064e-21
3.6657838e-21
0
0
-2.527154e-21
-3.5245035e-37
2.4244669e-21
-1.1985354e-21
-3.6388152e-21
-1.2461439e-21
3.8162453e-21
3.6463103e-37
1.4107882e-33
2.4744858e-21
-3.6119898e-21
-5.879209e-33
1.1714545e-21
-1.1947758e-21
-1.2194743e-21
1.3674669e-33
1.2304991e-21
-2.4466658e-21
2.4171681e-21
-3.9562342e-33
-2.3320523e-21
3.4336221e-21
2.2756548e-21
-1.1507819e-21
-3.5057639e-21
-1.1751577e-21
1.1630738e-21
0
-1.1173471e-21
1.1053227e-21
3.3227114e-21
6.2309439e-34
-2.2745091e-21
1.1380782e-21
1.123166e-21
-2.210686e-21
1.0930251e-21
-1.0931051e-21
-2.2143599e-21
3.3783116e-21
-3.7843249e-33
2.5147903e-33
2.2507622e-21
-2.2473954e-21
-1.1305962e-21
-1.1467355e-21
-1.290552e-33
1.1681095e-21
-2.3424354e-21
2.3526893e-21
3.5691218e-21
0
-1.2342932e-21
6.9127307e-34
3.5535735e-37
-3.7676771e-21
-1.2716016e-21
3.8988984e-21
-1.3324452e-21
7.007588e-50
4.1195463e-21
-1.3853628e-21
-4.2088303e-21
-1.4255186e-21
2.9040567e-21
-1.4785905e-21
1.5028993e-21
-5.0830809e-33
-3.1014409e-21
4.7233052e-21
1.7712206e-33
-7.1693761e-33
3.2684288e-21
-3.3127553e-21
-1.8727092e-33
1.7162857e-21
-3.4670663e-21
-1.7458412e-21
0
0
3.6068405e-21
-4.0766398e-33
-1.0561297e-36
-2.0744342e-33
-1.8687903e-21
-1.8716293e-21
1.8923214e-21
1.9312968e-21
-3.9256854e-21
3.9505964e-21
-2.1948308e-33
-3.9536779e-21
3.9539457e-21
6.6055332e-33
-2.2212586e-33
2.0198357e-21
-4.0682521e-21
2.0397701e-21
-4.5248537e-33
-4.0660652e-21
0
4.0287544e-21
2.0085593e-21
-4.0280962e-21
-2.0224811e-21
2.0188918e-21
-3.3350194e-33
-1.9818834e-21
0
0
3.9374899e-21
3.9099843e-21
0
-3.7864536e-21
-1.8727947e-21
1.8760405e-21
-1.8748726e-21
1.8587746e-21
0
-3.5855892e-21
0
0
1.7429456e-21
-1.927077e-33
-1.7070107e-21
0
1.6280461e-21
8.8449339e-34
-1.580942e-21
0
3.1194903e-21
3.0585919e-21
-1.4910119e-21
-1.6145847e-33
1.4261897e-21
-2.8121838e-21
-2.7712789e-21
2.7101956e-21
3.7375038e-37
2.8419765e-33
3.5760613e-37
-2.4954101e-21
1.2280589e-21
-1.3234957e-33
1.1482332e-21
-1.10316e-21
-3.2148619e-21
3.1765542e-21
1.0530686e-21
-1.0380997e-21
-1.118546e-33
-9.663867e-22
1.8517148e-21
1.7901213e-21
-1.7546667e-21
-2.8924424e-33
-8.5617692e-22
-8.305641e-22
1.5812057e-21
-7.5050051e-22
8.0105943e-34
-3.9311236e-34
7.0425831e-22
1.3920864e-21
-1.3449266e-21
-1.2657637e-21
0
5.6896132e-22
6.2135835e-34
-1.1179767e-21
-6.1367768e-34
1.5965385e-21
9.9539632e-22
0
-8.8619922e-22
-9.6594416e-34
-4.3403078e-22
-4.2880917e-22
1.235242e-21
-2.1253477e-34
-7.1011002e-22
3.3789377e-22
6.6449275e-22
-3.3222716e-22
-6.5683005e-22
-3.1374035e-22
0
5.2802543e-22
-2.5053097e-22
-7.4378497e-22
2.4961229e-22
2.4625121e-22
4.6493036e-22
2.109094e-22
-3.8663196e-22
-1.8737614e-22
-1.8973214e-22
2.1392925e-34
1.8933454e-22
1.772729e-22
3.2235207e-22
1.4953313e-22
0
0
0
-2.6253186e-22
-2.5320914e-22
2.563128e-22
1.4784118e-34
1.499721e-34
-1.3978684e-34
-2.3444399e-34
1.7975618e-22
0
-2.2116486e-22
-1.3000088e-22
1.4043309e-22
-1.3324213e-22
-1.0666271e-22
0
0
1.8472631e-22
-3.9851977e-34
-3.1037127e-34
2.9505025e-22
-2.8437624e-22
-2.5351983e-22
0
2.1174211e-22
-1.2820622e-34
-2.6741901e-22
3.0315166e-22
1.8209262e-34
-3.4071259e-22
0
3.4065703e-22
1.670762e-22
-3.349666e-22
1.7605114e-22
4.2603992e-34
-4.1973897e-22
4.4887446e-22
4.610294e-22
0
0
0
-5.0105319e-22
-5.4206162e-22
5.752022e-22
0
-5.8729015e-22
0
-3.0764399e-22
6.5511181e-22
3.4922278e-22
-3.6448952e-22
7.3973953e-22
3.7081833e-22
-7.5452726e-22
-3.9323626e-22
-4.604759e-34
4.3505402e-22
-9.9430488e-34
2.5729398e-37
9.1697989e-22
0
-4.9209303e-22
-1.0298568e-21
-5.3116403e-22
0
0
0
-5.6294893e-22
1.1756486e-21
6.1306943e-22
-6.2953937e-22
-6.3337864e-22
6.3459916e-22
6.4267569e-22
-1.3174773e-21
0
1.405758e-21
1.4375221e-21
0
0
-1.4885361e-21
-8.4102332e-34
-7.715254e-22
-7.8411099e-22
7.9492732e-22
-8.0546774e-22
8.1686523e-22
1.6584071e-21
8.4221847e-22
0
-1.7188201e-21
-9.5947988e-34
8.707897e-22
-8.7859027e-22
-8.8825141e-22
-1.8007585e-21
1.8222752e-21
9.1752411e-22
-2.6158311e-37
9.2293661e-22
-1.8548717e-21
9.3425227e-22
-9.4151134e-22
1.4018379e-51
9.4753324e-22
-1.8969846e-21
1.9021515e-21
1.9103874e-21
0
-9.5639943e-22
-1.901915e-21
5.2635593e-34
9.5199749e-22
9.6161966e-22
-1.9308419e-21
-1.9080918e-21
9.3860708e-22
1.8532311e-21
1.8484578e-21
-9.3561042e-22
-1.8963239e-21
9.4833269e-22
-9.3189084e-22
1.5192534e-33
8.9792181e-22
-1.7846111e-21
1.79705e-21
1.0049432e-33
-5.0131676e-33
1.7782804e-21
-1.7453606e-21
-3.8198458e-33
8.5414741e-22
-1.7106814e-21
8.5277335e-22
-2.3912416e-37
3.6617255e-33
8.0769685e-22
-1.5966149e-21
1.7724447e-33
-4.4481664e-34
7.9655038e-22
-2.2077556e-37
-1.5083792e-21
1.4756964e-21
4.1653474e-37
-3.2853455e-33
1.4955928e-21
-1.4794516e-21
-1.5757387e-33
1.3513585e-21
-6.5267037e-22
-6.5141267e-22
-6.6744489e-22
6.8165949e-22
-7.5957351e-34
-1.3452338e-21
0
0
1.2187942e-21
1.7071668e-37
-1.1986039e-21
6.0268108e-22
-6.7284367e-34
6.0801447e-22
1.3490563e-33
-1.1996834e-21
0
-5.6229714e-22
1.0964964e-21
5.4748886e-22
-1.2391345e-33
5.7072314e-22
-1.1553378e-21
5.725016e-22
-6.1596636e-34
-1.0741367e-21
0
0
5.4392707e-22
-3.0890646e-34
5.6353918e-22
-5.6040201e-22
-1.6442883e-21
1.6095645e-21
5.3268552e-22
-1.0763969e-21
5.5069327e-22
9.3830358e-34
5.6901255e-22
-3.2084864e-37
-1.8490294e-33
5.5006474e-22
-1.1083411e-21
-5.6581701e-22
0
-5.8850715e-22
5.8776389e-22
5.8078698e-22
5.7651453e-22
-1.2872943e-33
6.5435623e-34
-6.6882245e-34
-1.2242312e-21
6.1513765e-22
1.0240033e-33
-1.2332059e-21
8.8303723e-38
6.2651947e-22
1.2591992e-21
1.259783e-21
-1.2610129e-21
-7.0551925e-34
-6.4465295e-22
-6.5691888e-22
1.3297738e-21
-1.3285464e-21
-6.5853304e-22
1.9654857e-21
1.31524e-21
-6.6460185e-22
-1.3444565e-21
-6.7618129e-22
6.772541e-22
1.3562117e-21
-1.3634726e-21
-2.0666692e-21
6.9158619e-22
6.8517172e-22
1.3492101e-21
6.6665549e-22
-1.3355835e-21
-6.780627e-22
-6.9092068e-22
1.3930825e-21
6.9112764e-22
-1.3603695e-21
1.3434897e-21
-2.6542379e-51
1.9021107e-37
1.3431624e-21
-1.3433092e-21
-2.2283798e-33
-7.3756732e-34
-2.2058396e-33
7.3536751e-51
-1.9530746e-21
-7.1089697e-34
6.2931911e-22
1.2473091e-21
1.2493743e-21
-1.2581606e-21
-1.3907597e-33
-6.1259971e-22
-1.9821641e-33
5.8070342e-22
-1.1503811e-21
0
5.8233711e-22
-6.413268e-34
5.6061941e-22
1.0820904e-21
-1.0546294e-21
-1.0436557e-21
0
1.0483733e-21
-1.1444884e-33
-9.9221834e-22
9.5269473e-22
5.1496394e-34
-4.6013422e-22
-2.5643432e-34
-1.3052211e-37
4.4651234e-22
-4.2512356e-22
-4.0493525e-22
3.9437108e-22
-4.3657495e-34
3.9493153e-22
-1.3006889e-33
4.1700293e-34
7.0639333e-22
-6.670034e-22
-6.4921512e-22
0
6.5276655e-22
-7.1506469e-34
-6.1609835e-22
5.7331686e-22
5.3529987e-22
-2.5813554e-22
-5.1330919e-22
-1.428003e-34
-3.5862193e-38
-1.3302459e-34
-6.3340217e-38
-2.0920248e-22
4.0574893e-22
4.0189469e-22
-3.9562426e-22
-2.1016312e-34
3.5199275e-22
-3.2998594e-22
-3.2213356e-22
0
3.2368814e-22
-4.3553258e-38
1.4827573e-34
1.2689826e-34
-2.3884594e-34
2.2810565e-22
-2.4942007e-22
-1.3265888e-52
2.5147803e-22
-3.3306532e-22
-1.8492574e-22
8.0480392e-23
0
1.6598564e-22
-2.9244325e-34
9.9711474e-35
1.7839861e-22
0
0
-2.3575622e-22
-7.0730155e-23
6.5700173e-23
-6.7612825e-23
7.4812082e-23
-8.224572e-23
-1.8844469e-34
7.9612253e-23
6.928762e-23
6.3912095e-23
-6.9134785e-23
0
0
-1.9081734e-22
8.9217695e-23
2.3240868e-22
0
-8.0242404e-23
-1.9066006e-22
-1.5493764e-38
-1.1521798e-22
-2.4629746e-34
5.6823157e-38
-9.4475714e-23
3.0498522e-22
2.6046652e-34
-7.3920638e-34
2.8561022e-22
-2.8457648e-22
-1.3303744e-22
1.2571563e-22
1.2911563e-22
-2.85187e-22
-2.6579112e-34
5.1945531e-22
-3.5822716e-22
5.8911193e-34
1.724738e-22
-3.4693193e-22
1.8133457e-22
-1.9279949e-22
-3.38799e-34
2.0946649e-22
-4.2141774e-22
4.2552915e-22
-1.2483832e-37
-1.7902794e-33
-1.3751365e-37
-1.6553747e-33
4.9419148e-22
-2.4270008e-22
-5.4159143e-34
2.5406975e-22
-5.3921537e-22
-5.6899257e-22
5.8436231e-22
-9.6462606e-34
-2.8190323e-22
-3.1008418e-34
2.8672394e-22
-1.7114152e-37
-6.3294063e-22
6.545592e-22
1.0995278e-33
-1.0858913e-33
3.5693178e-34
-7.1491961e-34
6.5544445e-22
0
0
-3.570591e-22
-7.2735753e-22
3.6455241e-22
-7.9684757e-34
-7.8237336e-34
-1.1686641e-33
-7.1269636e-22
3.6709092e-22
-4.1993578e-34
-3.8506768e-22
3.8397926e-22
-4.1754289e-34
-3.6840392e-22
0
0
0
7.5008161e-22
7.5410643e-22
-7.5302419e-22
-3.7330708e-22
3.6700212e-22
-7.17498e-22
7.0356961e-22
1.3943254e-21
-6.9904182e-22
-7.0468526e-22
1.0563117e-21
-3.4530664e-33
-6.6795344e-22
-7.1862667e-34
3.1930633e-22
6.4069687e-22
-6.4564405e-22
-3.2068737e-22
6.2382712e-22
3.0025065e-22
0
0
-2.8826287e-22
2.8764513e-22
5.6205204e-22
-8.0125843e-22
-5.0442933e-22
4.841257e-22
-2.3733127e-22
2.3509078e-22
-1.533667e-33
-2.1937119e-22
4.059395e-22
-3.7262612e-22
3.8501966e-34
3.2800286e-22
-3.110866e-22
-1.44511e-22
2.5937516e-22
-1.1315681e-22
-1.9727109e-22
1.7548514e-22
1.5809746e-22
0
-1.2006279e-22
4.8492109e-23
7.538939e-23
-2.8993465e-23
2.2041552e-23
-3.1892528e-23
3.4773016e-35
-2.0663135e-35
-7.1825263e-24
-3.6313813e-36
-1.1618325e-24
-1.2478226e-23
2.7095318e-23
2.0471617e-23
-5.055408e-23
-5.8390482e-23
6.9239986e-23
4.328955e-23
-1.112016e-22
0
-8.5901686e-23
2.031575e-22
2.3600384e-22
-2.7210274e-22
-1.5588246e-22
3.5338268e-22
3.9512497e-22
0
0
-2.5422978e-22
-5.3946123e-22
-2.8291553e-22
5.8684398e-22
6.0170499e-22
-6.0950298e-22
6.762452e-34
6.0035261e-22
-5.8228821e-22
6.1626043e-34
2.5923661e-22
-7.0893069e-22
-4.1801493e-22
5.3466813e-22
-4.8456021e-34
-2.2493064e-22
2.5276597e-22
-6.2274245e-23
1.1833089e-34
-1.583326e-34
-7.0379823e-23
6.1509663e-23
-7.800681e-23
2.4638537e-22
3.420815e-22
-4.3412918e-22
5.8310205e-34
2.0093421e-33
-6.5089176e-22
0
0
3.192762e-22
1.0395264e-33
-8.2365026e-22
4.6263692e-22
3.0188363e-22
-1.0486676e-21
8.600438e-22
-9.9734035e-50
5.1112421e-33
1.9749241e-21
2.6895034e-33
1.3961077e-21
0
-2.8188525e-21
-2.2030788e-21
1.1397179e-21
-9.1019377e-34
2.4756018e-21
-4.9533525e-21
-1.6723039e-32
-1.0893272e-32
5.6427375e-21
-3.7532678e-32
-9.4136081e-49
2.3867384e-21
2.681952e-21
-9.4781472e-21
-1.9390676e-20
3.0338122e-20
-2.1832364e-32
-2.2178087e-20
0
0
1.0011844e-20
1.961935e-32
-6.1277532e-32
3.3509635e-47
-1.5490717e-31
-1.5893831e-19
1.7315777e-19
2.0320464e-19
-1.2430011e-19
4.7921402e-19
-3.9315369e-19
0
6.8476479e-20
-3.2087832e-20
1.3768618e-31
-2.8251918e-31
-6.2723659e-20
-5.2688657e-32
-1.5487958e-20
0
4.3898029e-22
-8.8437885e-21
0
0
0
1.3481609e-20
5.164651e-21
-6.0112972e-21
-2.6789557e-21
4.4672958e-22
2.6751045e-33
1.4503579e-21
-5.6900384e-21
4.1211597e-21
3.9445203e-21
-1.7345494e-21
0
0
0
-8.3205309e-22
-1.1249701e-33
3.2472868e-22
2.2790752e-22
2.0015308e-22
3.1675929e-21
6.1891135e-22
8.4591059e-22
-2.9948578e-23
-2.1783027e-22
-8.5347611e-23
2.7587888e-23
0
-1.6907495e-22
2.8863755e-34
1.7461886e-22
-4.3233716e-22
-2.8160694e-22
3.9407833e-22
-5.7316977e-34
-5.7912836e-22
1.1411528e-21
1.1120596e-21
0
0
0
-1.7665124e-21
-1.7623396e-33
1.1190738e-21
0
-1.2552862e-21
7.0649767e-22
-1.8655179e-33
-3.8364543e-22
1.0297106e-21
-4.1868485e-34
-3.9611233e-22
-7.2355132e-22
-8.985109e-38
6.231337e-22
-6.7563287e-22
-1.5628468e-33
-1.528256e-33
2.7086171e-50
-1.6481253e-33
-7.8702201e-22
0
7.8610012e-22
4.0581083e-22
-6.0389526e-38
4.2806016e-22
-8.3169133e-22
8.359369e-51
8.3573018e-22
0
-4.0265568e-22
-7.701509e-22
-3.7709178e-22
3.7058355e-22
5.0540008e-38
-3.3565366e-22
0
0
5.8094777e-22
5.4601585e-22
-5.121804e-22
5.3509994e-34
4.5315879e-22
0
0
-3.7246163e-22
1.7481273e-22
-1.0943172e-33
-1.5464333e-22
-6.4821022e-34
-2.7642585e-22
0
0
1.1943395e-22
-1.2696817e-34
1.0967621e-22
2.1060172e-22
0
0
0
-1.7693325e-22
-1.6790662e-22
0
1.4779905e-22
2.0485663e-22
6.2289966e-23
-1.6747886e-22
-9.7783993e-23
8.3124085e-23
3.3936747e-23
-2.5912813e-23
-3.4069615e-23
1.5534505e-23
-1.2975665e-24
2.5131658e-23
3.2431653e-23
0
0
-3.9480732e-23
1.0452112e-34
5.4542343e-23
-1.2374425e-22
-1.3813338e-22
0
0
0
1.925825e-22
4.5620204e-34
-2.1807905e-22
-1.1524487e-22
2.4272646e-22
-8.487205e-34
8.8878757e-34
2.7886581e-22
3.2298601e-34
-1.5148201e-22
-3.1515317e-22
0
0
0
3.6573581e-22
3.7897868e-22
0
-4.0630006e-22
4.6681571e-34
-2.1738122e-22
1.4967387e-33
4.643156e-22
-4.7945711e-22
-2.4739908e-22
-2.5514881e-22
2.629677e-22
2.7085587e-22
-2.7881707e-22
-2.8685207e-22
2.9494983e-22
9.0929287e-22
3.1128292e-22
0
-3.2769534e-22
-4.77341e-38
-3.4408684e-22
-7.0448748e-22
7.2071384e-22
3.6841664e-22
-3.7641246e-22
3.8433203e-22
-3.9216341e-22
-1.1996929e-21
1.4582268e-51
1.2451019e-21
-4.2241429e-22
1.4309511e-33
-4.0522179e-51
-4.4367869e-22
4.5043632e-22
-4.5700956e-22
9.2678124e-22
-1.0425753e-33
-4.7551831e-22
9.624867e-22
-4.8672193e-22
-9.8388921e-22
9.938062e-22
2.2275892e-33
-1.517856e-21
1.0200546e-21
-2.0766867e-51
3.4453578e-33
5.2027917e-22
-1.0460079e-21
1.0507314e-21
-1.1708752e-33
-5.2894331e-22
-7.669813e-52
-5.3093192e-22
1.0626268e-21
1.0625522e-21
0
-1.0598379e-21
-1.0571759e-21
-5.2681275e-22
1.0491831e-21
1.5657835e-21
-5.1882196e-22
-1.5458169e-21
2.2705324e-33
5.0684293e-22
5.5726253e-34
1.1028136e-33
4.9093049e-22
-4.8478085e-22
3.1854089e-33
1.4138089e-21
-4.6392674e-22
1.0131145e-33
4.4812797e-22
0
-8.6188922e-22
-8.4374327e-22
0
0
0
-3.8279337e-22
-1.2404993e-33
4.0171273e-34
7.0220959e-22
6.343906e-51
3.2887174e-33
3.1799991e-22
-9.2025693e-22
5.9087e-22
2.8406914e-22
-8.1802553e-22
2.9012934e-34
2.4989193e-22
0
0
4.3211001e-22
-4.5509259e-34
4.3088673e-34
3.6647514e-22
-3.4529783e-22
7.2042596e-34
1.5186578e-22
3.1458453e-34
-2.9231915e-34
-2.437246e-22
2.4948804e-34
2.2900064e-34
9.4198545e-23
-8.5584163e-23
5.1491011e-34
2.0804546e-22
-6.175193e-23
1.2104661e-34
4.7655009e-23
0
-7.0097718e-23
-5.8581946e-23
2.3869735e-23
-2.0826947e-35
-1.3983351e-23
1.9206893e-23
3.759379e-35
-4.2337451e-24
-1.9174008e-24
3.6149143e-24
-3.8679176e-35
-7.4951328e-24
-3.881967e-35
-1.9078856e-23
1.9713746e-23
1.9419052e-23
0
0
0
-9.1862525e-24
-9.9515731e-36
-1.0938828e-24
7.5567303e-24
1.4857114e-23
0
-3.1678115e-23
4.5767514e-35
2.5739356e-23
-3.1201347e-23
-3.698591e-23
-8.6152291e-23
1.0981807e-34
5.6102643e-23
-6.3001316e-23
1.5572166e-34
-1.720435e-34
1.7000867e-22
1.854209e-22
2.2334191e-34
1.0856993e-22
0
0
-2.6649876e-22
-2.8332751e-22
0
3.174391e-22
3.7161191e-34
-3.5207537e-22
0
-1.9357657e-22
4.0483534e-22
-7.0372714e-34
-2.2022093e-22
6.8752025e-22
-4.7630568e-22
1.6462718e-33
7.6851406e-22
-2.6519812e-22
-5.4845617e-22
2.8325466e-22
1.2980223e-33
-6.0253196e-22
3.1023562e-22
-3.1917111e-22
3.2806396e-22
1.0107176e-21
-6.9137854e-22
-3.5440756e-22
-3.6305534e-22
3.7162858e-22
-4.8712017e-51
-3.8854688e-22
3.9689336e-22
-8.1033969e-22
-8.2674299e-22
1.2641568e-21
1.7176736e-21
-4.3750974e-22
1.483134e-33
4.5278678e-22
0
0
-4.7133436e-22
1.0579959e-33
4.8146351e-22
-9.7238403e-22
-9.8126534e-22
0
0
5.0253302e-22
-1.1236031e-33
-1.0182347e-21
5.1199374e-22
1.5437872e-21
-1.0338436e-21
3.4571114e-33
-1.7340156e-33
-5.2224056e-22
1.5703954e-21
-5.2441943e-22
-1.0502134e-21
0
0
0
1.0505557e-21
1.0494145e-21
0
-1.045769e-21
-1.5649523e-21
1.0404308e-21
-1.726843e-33
-1.0335641e-21
5.1480521e-22
-5.1266914e-22
5.6667638e-34
1.5238988e-21
-1.4364975e-37
-1.0054218e-21
0
9.9356825e-22
9.8738074e-22
0
-4.8737599e-22
1.0752466e-33
-9.6198005e-22
-9.5563364e-22
4.7467479e-22
0
0
4.6580156e-22
-4.6315761e-22
-4.6071542e-22
9.1621053e-22
9.1009302e-22
-9.035257e-22
4.4818658e-33
1.3365672e-21
-4.4251671e-22
4.879954e-34
-4.3653935e-22
-8.6716671e-22
0
0
0
8.4386187e-22
8.381643e-22
-1.248833e-21
-8.2704844e-22
9.1227576e-34
8.1637166e-22
1.4733041e-51
-8.0617136e-22
4.0062668e-22
0
-3.9589073e-22
-4.3279261e-52
3.9139524e-22
3.8923445e-22
1.6006783e-51
-3.8507768e-22
7.6615134e-22
7.6223908e-22
0
-3.7730188e-22
8.3364053e-34
-3.7346644e-22
-7.4309499e-22
7.3927028e-22
3.6773112e-22
-3.6583991e-22
-7.2792218e-22
-3.6209395e-22
1.0807174e-21
-7.9575112e-34
-1.0697057e-21
7.0950541e-22
1.0588488e-21
0
-3.4937855e-22
-6.9521803e-22
-3.4584728e-22
6.8818039e-22
-1.5202673e-33
-3.4057317e-22
6.7760397e-22
-3.3701517e-22
-6.7041259e-22
6.6676592e-22
1.472472e-33
-9.8965523e-22
-3.2856222e-22
9.8266482e-22
2.3683476e-52
-6.5353872e-22
3.2621462e-22
6.4775172e-22
-1.423835e-33
-3.1761628e-22
8.9403553e-38
-3.1137212e-22
6.1653254e-22
6.1030728e-22
0
-5.9804906e-22
1.3148316e-33
8.3340829e-38
6.4515945e-34
5.7602939e-22
-5.7140759e-22
-8.5091495e-22
-3.2188848e-52
2.8035471e-22
0
0
-2.7771584e-22
5.5538084e-22
-9.256168e-34
1.8527279e-33
5.560742e-22
6.155408e-34
2.7623879e-22
0
-5.5110829e-22
-5.5116049e-22
0
0
0
5.601641e-22
1.880819e-33
1.2656845e-33
-2.8830134e-22
1.9453969e-33
-2.600938e-51
-6.020906e-22
9.1897147e-22
-3.1212158e-22
-6.3687915e-22
3.6115074e-34
1.4621085e-51
3.4048612e-22
0
-3.5771147e-22
3.6705994e-22
3.7688543e-22
3.8717546e-22
7.9583406e-22
-8.1819095e-22
9.3419204e-34
4.327025e-22
-1.3352928e-21
-4.5786298e-22
4.7098124e-22
4.8443322e-22
5.530771e-34
-1.0245204e-21
5.8467534e-34
5.4118302e-22
1.1120052e-21
5.7103267e-22
6.5091223e-34
6.0163801e-22
0
-1.2656318e-21
-1.2971226e-21
0
0
0
1.4240515e-21
6.46545e-33
-2.2312015e-21
-8.4318061e-34
2.3257621e-21
-7.9094197e-22
5.3727767e-33
8.220085e-22
-2.5119556e-21
9.4625343e-34
8.6745734e-22
1.7645009e-21
8.9683214e-22
-1.8223644e-21
9.2528095e-22
2.0851122e-33
-5.4152201e-37
2.7452409e-37
4.3468082e-33
1.9827891e-21
-2.0072437e-21
2.2546754e-33
1.0269559e-21
-2.0760683e-21
-1.0487014e-21
2.1178912e-21
1.0687541e-21
-2.1562308e-21
-1.0870186e-21
0
2.2068216e-21
2.2217737e-21
-1.1178707e-21
2.4968706e-33
1.1303072e-21
0
0
-2.2901286e-21
-2.2978013e-21
2.3044484e-21
3.2828358e-37
-2.3146548e-21
0
2.3204653e-21
-6.5153457e-52
-3.483145e-21
-1.1606431e-21
1.1597168e-21
-2.5717187e-33
2.3126089e-21
3.4614681e-21
0
-1.1473596e-21
2.538676e-33
-1.1389436e-21
-2.2680373e-21
0
1.1228135e-21
2.2330867e-21
1.1098531e-21
-3.3082862e-21
-3.9907639e-50
1.0874127e-21
2.396716e-33
-1.0705944e-21
7.0717581e-33
2.1049091e-21
-2.0858759e-21
-1.0331525e-21
1.0231173e-21
2.0256989e-21
-2.0047364e-21
-9.9169701e-22
2.9425823e-21
9.6988277e-22
0
0
-9.3628426e-22
2.0540352e-33
9.135472e-22
-1.8042606e-21
-1.7814125e-21
0
0
0
0
1.668223e-21
-2.3390648e-37
-2.4358569e-21
1.6020847e-21
2.3708392e-21
0
-7.6926234e-22
1.6856208e-33
-7.4902463e-22
-1.4784679e-21
0
0
0
1.4051478e-21
1.388192e-21
0
-1.356081e-21
-2.011451e-21
-6.6325266e-22
1.9690613e-21
1.2995868e-21
-1.2871558e-21
-6.3771217e-22
1.2643976e-21
6.2703966e-22
-1.8667114e-21
-6.1779264e-22
6.1370682e-22
1.2199577e-21
1.2132124e-21
0
-6.0091536e-22
2.6581786e-33
5.9659773e-22
-1.1898809e-21
-1.1872191e-21
0
0
0
1.1828074e-21
2.6269985e-33
-1.1840778e-21
-5.9275336e-22
1.187435e-21
-7.6253035e-52
7.9444803e-33
-1.0109553e-51
-5.9984277e-22
6.0187769e-22
-6.0408855e-22
0
1.2179667e-21
6.1164203e-22
8.7314906e-38
6.1731671e-22
0
0
-1.2530721e-21
-1.8892481e-21
1.2660269e-21
-2.1195869e-33
-1.91894e-21
6.4298448e-22
6.4630259e-22
1.2991708e-21
-2.8993785e-33
-1.3121403e-21
0
0
0
0
0
0
0
-6.8067051e-22
-6.8357819e-22
2.059349e-21
1.378574e-21
-6.9209284e-22
6.9486918e-22
-1.3952386e-21
-7.0034767e-22
7.0305894e-22
-1.4115161e-21
-7.0844943e-22
0
0
7.165428e-22
7.9859948e-34
1.6032058e-33
1.4496093e-21
8.0798677e-34
-7.3050258e-22
1.4668611e-21
1.6352895e-33
-7.3948332e-22
1.485244e-21
-7.4584452e-22
-2.2474752e-21
-7.5257027e-22
0
0
7.6344888e-22
-8.5193749e-34
-7.7129163e-22
7.754034e-22
7.7964676e-22
0
7.8854072e-22
1.5863914e-21
-7.9799125e-22
-1.6058578e-21
0
1.6264549e-21
1.8177361e-33
-2.4722125e-21
-8.2968547e-22
8.3542444e-22
1.1955392e-37
8.4726361e-22
8.5334859e-22
4.8017354e-51
-9.6142748e-34
-1.7443471e-21
-8.7861451e-22
0
2.6751021e-21
8.983293e-22
-2.7150094e-21
2.0245387e-33
1.8368962e-21
1.0273722e-33
-9.3194086e-22
0
0
9.5188679e-22
1.9168268e-21
-9.6486369e-22
-2.9136849e-21
-9.7749989e-22
0
0
9.9567241e-22
-2.2236188e-33
-1.0071852e-21
1.0127445e-21
1.0181664e-21
1.0234473e-21
1.0285847e-21
1.0335761e-21
-1.0384197e-21
-2.0862293e-21
0
2.1041126e-21
2.1126105e-21
-2.1208177e-21
-3.193108e-21
1.1861591e-33
-1.1901054e-33
1.1939127e-33
1.078903e-21
1.0822547e-21
1.08552e-21
-2.1774295e-21
-1.0918554e-21
-1.0949593e-21
-1.098043e-21
2.2022418e-21
1.1042041e-21
0
-1.1104286e-21
3.709062e-33
1.2400998e-33
1.2431383e-33
1.1231525e-21
1.1265422e-21
2.2602094e-21
-1.1337333e-21
-2.2742716e-21
0
-1.1424088e-21
-1.1450559e-21
0
1.1506651e-21
-2.5613487e-33
-1.6437519e-37
-1.6482825e-37
-1.1631858e-21
1.1666333e-21
3.5106337e-21
-2.6067949e-33
-2.3555302e-21
0
0
2.3801757e-21
2.3888942e-21
0
-2.4070191e-21
-1.2081982e-21
1.2129793e-21
-1.2178425e-21
-2.4455536e-21
1.2277705e-21
1.2328114e-21
-1.237887e-21
-2.4859706e-21
-1.2480925e-21
1.2531956e-21
1.2582815e-21
1.263337e-21
0
0
-1.2781851e-21
3.6814641e-51
1.287686e-21
-1.2922784e-21
1.2967488e-21
1.3010854e-21
-1.3052771e-21
0
-1.3131871e-21
-1.3168866e-21
0
1.3237361e-21
1.4732205e-33
-1.3298152e-21
0
0
1.3374243e-21
2.6791076e-21
4.468126e-33
-1.3432097e-21
0
0
1.3472442e-21
-1.3482262e-21
1.3490387e-21
4.0490682e-21
-2.7003736e-21
-4.0516157e-21
-1.3507532e-21
0
2.7016544e-21
1.350753e-21
-1.3506171e-21
-2.7023048e-21
-1.3522381e-21
2.7067928e-21
1.3554346e-21
0
0
0
-1.3703696e-21
-1.9474176e-37
-4.556777e-33
-1.3653519e-21
2.7270185e-21
1.3615013e-21
-1.3592952e-21
0
1.3553081e-21
1.3533268e-21
-1.351412e-21
-1.349569e-21
-1.3477694e-21
-1.3460268e-21
4.0330441e-21
8.5758606e-51
-2.6823115e-21
2.6792836e-21
2.971539e-33
-2.6735063e-21
-6.1662608e-52
1.3340032e-21
1.3326566e-21
-1.3313143e-21
1.3299651e-21
3.9857836e-21
-2.6543789e-21
-3.9772078e-21
-1.3242232e-21
0
2.6421159e-21
1.3194071e-21
-1.3176613e-21
-1.3158943e-21
2.9172371e-33
1.312073e-21
0
0
0
0
0
0
0
-1.2801986e-21
1.2749238e-21
1.2693746e-21
-2.5271277e-21
-2.9655063e-52
1.2511389e-21
2.4890768e-21
5.496436e-33
-3.6917788e-21
-3.5801663e-52
1.727639e-37
2.4159182e-21
4.1979238e-50
-3.575598e-21
1.1835628e-21
1.1751127e-21
-1.1665376e-21
1.1578619e-21
1.1491147e-21
-1.1403308e-21
2.2630978e-21
-1.1228113e-21
3.7100236e-33
3.3168882e-21
-2.1944898e-21
-3.2670334e-21
-1.0809531e-21
0
0
1.0544992e-21
1.0451059e-21
-1.0360944e-21
-1.1405063e-33
1.0185071e-21
0
0
0
0
0
0
0
1.9232836e-21
-9.5648159e-22
-2.8555184e-21
9.4773942e-22
-1.3417931e-37
9.4125062e-22
-2.0851812e-33
8.3243074e-33
9.3608193e-22
-1.8712826e-21
-9.3586483e-22
0
0
9.4060063e-22
9.4350167e-22
-9.4697043e-22
1.0559828e-33
-3.7648224e-51
1.0664524e-33
1.9333353e-21
-2.1613561e-33
1.0887138e-33
1.9772335e-21
-9.9752595e-22
-3.0226128e-21
-1.0189622e-21
0
0
1.0586352e-21
3.2125932e-21
-1.0819557e-21
-2.1854043e-21
3.3109235e-21
-2.475158e-33
-2.2520673e-21
0
0
0
0
2.3655978e-21
2.6520865e-33
-3.6176936e-21
2.4350715e-21
1.2292218e-21
-3.7228467e-21
1.252711e-21
1.2645009e-21
1.4170802e-33
-5.1000227e-51
-2.5998892e-21
-1.3117338e-21
0
4.0055247e-21
1.3468039e-21
-2.7167428e-21
-1.3699869e-21
3.0680076e-33
-9.2050326e-51
9.4759367e-51
2.8364095e-21
1.5891938e-33
1.6047557e-33
2.9220139e-21
1.6402889e-33
-2.9879051e-21
-3.019103e-21
-1.5223413e-21
0
1.541871e-21
2.2058779e-37
-1.5621065e-21
1.5716484e-21
1.5813011e-21
0
0
0
-1.6188399e-21
3.6150546e-33
1.6372819e-21
3.2929196e-21
-1.6556061e-21
1.1086714e-32
1.6738269e-21
-3.3658046e-21
-1.6919553e-21
1.7009861e-21
1.7099941e-21
3.8166514e-33
3.4558621e-21
-1.7368496e-21
-3.4914457e-21
0
-1.7632807e-21
-1.771934e-21
1.7804796e-21
1.7888992e-21
0
-1.8053083e-21
4.0263373e-33
1.8211497e-21
0
1.8356576e-21
-1.8422344e-21
-1.8481452e-21
1.8530039e-21
0
-1.8602413e-21
-1.8630572e-21
0
1.8668225e-21
-2.0737708e-33
-1.8681046e-21
0
0
1.8654749e-21
1.8633977e-21
-1.8607311e-21
1.8574852e-21
5.561019e-21
-1.8493118e-21
8.1908913e-33
3.6780836e-21
0
-3.6539071e-21
-3.640716e-21
-1.8134847e-21
-1.8064604e-21
0
1.7928387e-21
1.7859497e-21
0
0
-1.7640566e-21
-1.7565074e-21
1.7459271e-21
1.7297744e-21
0
0
0
0
-1.6474831e-21
-1.6312674e-21
3.2297094e-21
1.5984438e-21
-1.5821402e-21
0
-1.5495441e-21
-1.5331338e-21
-3.0345698e-21
-1.5021431e-21
-1.6510897e-33
-1.4722722e-21
4.374384e-21
7.7655468e-51
-2.8631833e-21
2.8384473e-21
-3.1255625e-33
3.1010028e-33
2.7727027e-21
1.5286068e-33
-1.3683509e-21
1.3606269e-21
1.3537802e-21
0
-2.6852486e-21
-4.0142392e-21
-1.3341668e-21
0
2.6579961e-21
1.3278691e-21
-1.3276895e-21
0
-1.3300647e-21
-3.7875417e-37
1.3359981e-21
0
0
0
0
0
-1.3657796e-21
-1.3723423e-21
2.7584264e-21
1.3862496e-21
-1.3932771e-21
0
1.4067701e-21
2.8262541e-21
-1.4192183e-21
-2.8500809e-21
-1.4305836e-21
2.8716786e-21
4.7985171e-33
-4.3363536e-21
1.4497833e-21
1.4537799e-21
-1.4574263e-21
1.4607058e-21
4.3907917e-21
-1.0909149e-52
-1.4681106e-21
1.46966e-21
1.4706764e-21
-4.4133395e-21
-2.9418645e-21
1.6320501e-33
-1.4686662e-21
0
1.4640334e-21
1.4609702e-21
0
-1.4537228e-21
-2.8994306e-21
1.4454407e-21
-6.3992423e-33
3.1869721e-33
2.8537112e-21
0
0
0
1.3828097e-21
-1.3710755e-21
6.0366197e-33
1.3475391e-21
-2.6715642e-21
1.3242089e-21
2.6258286e-21
-2.6039596e-21
-1.2915067e-21
-1.8212534e-37
-4.3116387e-52
3.7914489e-21
-1.2561465e-21
-3.7482581e-21
3.7312016e-21
1.2391925e-21
-3.7077044e-21
2.739797e-33
2.4670674e-21
1.7546384e-37
-1.2376677e-21
-1.2425131e-21
-3.5506874e-37
2.5156675e-21
2.5358996e-21
-1.2802804e-21
-3.885851e-21
-1.3116203e-21
0
0
1.3588485e-21
1.376436e-21
-1.3957017e-21
6.290284e-33
-1.4388258e-21
6.4968716e-33
4.4665231e-21
3.032822e-21
-1.7161507e-33
-3.1532673e-21
-1.6092939e-21
3.2873082e-21
1.1189963e-32
-5.1525895e-21
3.5140117e-21
1.7978672e-21
-5.5191647e-21
2.090892e-33
-2.1407502e-33
1.9757981e-21
2.0247603e-21
-4.1468565e-21
-2.1183645e-21
0
0
2.2464009e-21
1.301945e-36
2.5911569e-33
4.7557071e-21
-5.3773907e-33
-2.4653095e-21
2.5083922e-21
-2.8314861e-33
2.8778518e-33
-2.6319768e-21
-2.6695448e-21
-3.8450771e-37
-2.7409973e-21
0
0
2.8400647e-21
-3.1870333e-33
-2.900442e-21
2.9289444e-21
6.56471e-33
2.9824853e-21
6.0151093e-21
3.0315618e-21
-3.0545217e-21
-6.1526751e-21
0
-3.1154176e-21
6.2635272e-21
3.1456339e-21
-3.1574589e-21
7.0344324e-33
7.0535153e-33
6.3702516e-21
-3.1921614e-21
-6.39649e-21
0
-3.2082692e-21
7.1345036e-33
3.2166935e-21
0
0
0
0
-3.2492865e-21
-4.6239535e-37
3.2509026e-21
6.4795465e-21
-9.1759896e-37
-3.2213477e-21
6.429486e-21
-3.2066815e-21
-9.5945359e-21
3.1898771e-21
-1.4127358e-32
-6.3451156e-21
3.1634991e-21
3.5022087e-33
1.0474166e-32
6.9621974e-33
-3.125967e-21
0
6.213969e-21
9.2929613e-21
-3.0885214e-21
-9.2389626e-21
-3.4098387e-33
3.0629486e-21
0
0
6.0819203e-21
-6.7364685e-33
-6.0563654e-21
6.0443712e-21
-6.6972937e-33
-3.0107947e-21
-3.0054823e-21
-3.0005594e-21
2.9961475e-21
0
-2.9893338e-21
5.9743483e-21
2.9859927e-21
-5.9717137e-21
-2.986526e-21
-4.2461873e-37
5.9808987e-21
6.649517e-33
-3.0007731e-21
3.006981e-21
6.0233601e-21
-3.013299e-21
-6.0261166e-21
6.0281439e-21
-3.0167794e-21
-9.0608913e-21
3.0243003e-21
3.0290877e-21
0
0
-3.0480239e-21
6.7873049e-33
3.0661982e-21
3.0766583e-21
4.386625e-37
-3.0931785e-21
3.0934053e-21
3.4310719e-33
-3.089806e-21
0
-3.0872934e-21
3.4222641e-33
3.0820926e-21
-3.0818205e-21
-3.0787905e-21
6.1556614e-21
9.2331613e-21
-3.0781537e-21
-6.1587105e-21
3.0818643e-21
-3.0877322e-21
-6.1945347e-21
3.1054674e-21
6.2057836e-21
-3.0874287e-21
-3.0698229e-21
6.1136455e-21
3.0454351e-21
3.033068e-21
-3.3530544e-33
-9.0255164e-21
-2.9978987e-21
2.9887337e-21
0
0
-2.9759533e-21
2.9756476e-21
2.9773438e-21
-2.9762802e-21
0
5.881125e-21
-1.2994847e-32
-5.8386249e-21
2.9138133e-21
2.9085721e-21
-2.9041953e-21
3.220169e-33
4.7987256e-51
3.2015984e-33
2.9407316e-51
2.8497056e-21
6.3016876e-33
-5.6535116e-21
0
-2.8042568e-21
2.7947219e-21
-6.1866807e-33
-7.4632075e-52
2.7715553e-21
-8.2983466e-21
-2.7620507e-21
5.5191239e-21
2.7589538e-21
2.7604875e-21
-2.7635544e-21
-2.7701462e-21
5.5659073e-21
3.1085151e-33
2.8164754e-21
-1.2573565e-32
1.8886113e-32
6.2845657e-33
-5.6585303e-21
0
2.8389041e-21
-2.8435053e-21
2.8492713e-21
2.8573688e-21
-5.7351933e-21
0
5.7892171e-21
-6.4661146e-33
-5.8634578e-21
-2.9556717e-21
5.7901794e-51
6.0360494e-21
3.056259e-21
-6.1846367e-21
-3.1164139e-21
-3.4805194e-33
6.3249786e-21
3.1948923e-21
-6.4553908e-21
0
-3.2983694e-21
3.3382968e-21
3.3798745e-21
-6.8455658e-21
-9.8569237e-37
4.9987378e-37
-3.5716628e-21
3.6287848e-21
3.6869997e-21
0
-3.7948303e-21
-4.2681443e-33
7.7899142e-21
3.9485146e-21
-4.0023265e-21
4.0563335e-21
-8.3374156e-50
-1.2495434e-20
4.6857627e-33
4.2749222e-21
4.3305955e-21
8.7743879e-21
-4.4445928e-21
-8.9985582e-21
0
0
-4.6350153e-21
1.038127e-32
-5.2310168e-33
-1.0538418e-32
4.7741024e-21
4.8004757e-21
5.3570382e-33
-9.6913724e-21
1.1427212e-50
-6.9277522e-37
-5.423744e-33
9.7597027e-21
5.3906526e-33
-4.8248602e-21
-4.8009042e-21
4.7753854e-21
4.7435361e-21
-9.4161901e-21
1.0369381e-32
-1.0279346e-32
-5.0916399e-33
4.5404502e-21
0
0
0
0
4.3276682e-21
4.2799915e-21
-4.2138156e-21
4.1218714e-21
1.1999646e-49
-1.188839e-20
3.8945544e-21
3.8239812e-21
4.1704162e-33
-3.6938766e-21
-3.6343733e-21
7.1571935e-21
3.9155472e-33
-6.9638821e-21
-3.4369673e-21
3.3836312e-21
3.3304588e-21
0
0
3.2129591e-21
3.1806092e-21
-6.303826e-21
-3.1264007e-21
3.4459262e-33
-3.0767789e-51
3.0730953e-21
6.1323823e-21
1.3612096e-32
-9.2060304e-21
3.0765878e-21
3.0915251e-21
-6.2223015e-21
6.9379521e-33
3.4792677e-33
4.4682437e-37
-3.6504865e-51
-3.5369342e-33
3.2077885e-21
0
3.2569474e-21
3.2830359e-21
-3.3092027e-21
-3.3347603e-21
6.7198838e-21
-7.5170093e-33
-3.4134977e-21
3.4421072e-21
-3.4718409e-21
7.7762488e-33
-3.5373679e-21
-3.5762624e-21
7.21959e-21
8.0465729e-33
3.6281312e-21
-1.0352312e-36
-3.6622099e-21
-3.6798566e-21
-3.696089e-21
3.7138641e-21
3.7329145e-21
3.7517973e-21
-7.5404185e-21
-3.7883597e-21
1.141848e-20
8.4905455e-33
-7.6817263e-21
7.7171474e-21
8.6074728e-33
-7.7947008e-21
7.8393141e-21
1.1211591e-36
-1.1918262e-20
4.004706e-21
4.039529e-21
-4.0773858e-21
-4.1192524e-21
-4.1602998e-21
4.1949704e-21
8.4557285e-21
6.0632014e-37
-8.6191569e-21
4.3523873e-21
1.3184281e-20
-4.4401163e-21
-8.977407e-21
0
-4.5863986e-21
-5.1431469e-33
4.6766447e-21
-4.7298165e-21
-1.3614306e-36
9.6611058e-21
-4.8524677e-21
-4.8793495e-21
4.9165579e-21
0
-4.9834335e-21
-5.0118651e-21
5.0389539e-21
1.012414e-20
5.0810416e-21
-1.0209119e-20
-5.1186536e-21
5.121902e-21
0
5.1205272e-21
-5.1116233e-21
-5.0997286e-21
5.0829111e-21
0
-5.0346811e-21
-5.0148728e-21
9.9737982e-21
4.9493714e-21
-4.9161889e-21
0
-4.8389606e-21
6.815656e-37
4.7528844e-21
4.7085855e-21
-4.666567e-21
2.0557042e-32
1.3790469e-20
-5.0760642e-33
-9.127517e-21
-4.5637975e-21
-4.587414e-21
4.631044e-21
4.6254483e-21
-4.5712396e-21
-4.538629e-21
4.5509765e-21
1.373749e-20
-4.6027425e-21
-9.2517572e-21
0
9.3986527e-21
-6.9676903e-50
-1.4363795e-20
4.8313806e-21
4.8816345e-21
-4.9506808e-21
5.034672e-21
7.256225e-37
-1.0296013e-20
9.1339846e-51
1.5742042e-20
2.3628292e-32
-1.077097e-20
0
5.5110232e-21
5.5729772e-21
0
-5.686047e-21
-5.7380616e-21
-5.7996675e-21
-5.8710873e-21
5.8982491e-21
5.8884805e-21
0
-5.9190694e-21
5.9460082e-21
1.7920745e-20
-6.6509809e-33
-6.0153941e-21
-6.0527754e-21
6.0481211e-21
-1.3320731e-32
-1.1913825e-20
-5.9425036e-21
-5.9314739e-21
1.1819228e-20
1.7642892e-20
-1.3009097e-32
-1.7509322e-20
-5.7957611e-21
8.1594869e-37
1.8963041e-32
5.6558637e-21
5.6222449e-21
1.2409893e-32
-5.5502848e-21
5.5013275e-21
-1.2098152e-32
-1.0801246e-20
-1.5238207e-36
1.5974531e-20
3.51802e-32
-1.0458217e-20
0
5.1357704e-21
-5.1055055e-21
-1.0163559e-20
5.0698432e-21
5.0691576e-21
-5.056658e-21
1.0031148e-20
4.9716612e-21
-1.4864838e-20
-1.1026582e-32
9.9565552e-21
7.0461637e-37
5.4647174e-33
4.919414e-21
-4.9323063e-21
4.920343e-21
-4.8884596e-21
-9.7308496e-21
4.8635996e-21
0
-4.8923378e-21
4.9239125e-21
4.9704608e-21
-9.9997617e-21
3.0251106e-52
5.0070763e-21
-5.0553069e-21
5.7027033e-33
-5.1945512e-21
1.475992e-36
1.5520366e-20
-5.7681126e-33
5.8312832e-33
-5.3235231e-21
-5.390191e-21
1.6503023e-20
-1.2559568e-32
3.8151073e-32
5.7096727e-21
-1.1447243e-20
6.4456521e-33
1.1813819e-20
-1.2042491e-20
-1.2280997e-20
6.3217839e-21
-6.5452053e-21
-6.6317906e-21
6.640947e-21
6.7343127e-21
0
-7.0490416e-21
1.5984531e-32
1.4712816e-20
-3.7278678e-50
-7.7202773e-21
1.5651649e-20
1.7537428e-32
-1.6036807e-20
0
0
-8.4345213e-21
8.480997e-21
8.5742373e-21
-1.7483095e-20
9.9062734e-33
-1.9826547e-32
9.8632081e-33
8.9603456e-21
9.0762958e-21
-3.0310417e-32
-9.0305617e-21
1.794889e-20
8.9446428e-21
-2.6719763e-20
1.9700654e-32
2.6509537e-20
-8.841249e-21
1.9589927e-32
8.6268853e-21
-1.6814317e-20
1.8402506e-32
-8.2890298e-21
-1.6633647e-20
1.631043e-20
7.9057335e-21
-1.5490436e-20
-7.7050571e-21
7.6633955e-21
7.4985018e-21
0
0
0
-7.0458507e-21
-9.7563487e-37
6.7376014e-21
1.3472889e-20
-1.5080625e-32
-1.3417168e-20
1.3099219e-20
2.8672633e-32
-1.9558557e-20
6.6543184e-21
6.647378e-21
-1.3090495e-20
7.2406703e-33
-1.4636477e-32
7.4315928e-33
2.8934109e-36
-6.7884988e-21
6.7459308e-21
6.7652157e-21
-6.8258262e-21
6.9081163e-21
-4.5650409e-49
1.5991528e-32
1.6425848e-32
-7.4297154e-21
7.3927398e-21
1.4952852e-20
3.4017303e-32
-7.7894042e-21
1.5559135e-20
-7.7507363e-21
-7.8301234e-21
1.6062754e-20
-8.224846e-21
-1.6383924e-20
0
-8.152559e-21
-8.3216185e-21
8.4380633e-21
1.6801709e-20
-8.3331399e-21
-8.3592369e-21
1.6812989e-20
1.203288e-36
-8.5300424e-21
8.4879974e-21
-8.3779278e-21
-8.2988816e-21
8.4096709e-21
1.7258352e-20
2.4409266e-36
-2.5065017e-20
9.1308278e-33
8.3839028e-21
0
0
1.7186409e-20
-3.774721e-32
-8.6696713e-21
1.7733954e-20
-8.8362766e-21
-1.7497582e-20
0
0
0
0
1.8133521e-20
-2.6740937e-36
-1.8933867e-20
1.8449124e-20
2.5806114e-36
-9.1401287e-21
1.9015725e-20
-9.9826924e-21
-1.9523015e-20
-1.8636373e-20
-9.2506766e-21
9.578664e-21
1.0033614e-20
1.9911276e-20
-9.6280034e-21
-9.5650851e-21
1.9627845e-20
9.9252428e-21
-9.5199292e-21
2.026429e-32
1.8002164e-20
-9.2363476e-21
-1.9364659e-20
-9.6646269e-21
-9.1563847e-21
0
1.7025882e-20
8.7175269e-21
-9.3401099e-21
-8.8871796e-21
1.5656381e-20
7.0801038e-21
-1.3426754e-20
7.0414145e-21
8.2148844e-33
-7.4687149e-21
0
0
0
0
1.7842605e-20
-2.0915303e-32
-1.9967464e-20
0
-8.443149e-21
9.6896169e-33
3.9093281e-36
8.452417e-21
1.4635066e-20
-2.080126e-20
-1.4583221e-20
1.4386229e-20
6.6740908e-21
5.7143032e-21
-4.7711912e-21
-4.9398761e-21
1.0005236e-20
1.0393529e-32
3.502496e-21
-5.3159201e-33
1.6522375e-32
1.1255337e-32
-3.7890755e-21
-1.1891922e-21
9.0334851e-22
2.4722765e-21
4.8928797e-22
1.138639e-21
2.8513498e-21
0
1.6675119e-21
-3.1849066e-33
-4.1069897e-21
-4.7349061e-21
4.8741739e-33
-4.729658e-33
1.144993e-20
8.0244658e-21
-2.8469524e-20
8.8754334e-21
-7.467934e-21
-6.919078e-21
1.6745483e-20
0
1.65047e-20
-1.6163655e-20
2.9036836e-32
-4.9584929e-32
5.5498663e-32
1.5194344e-20
-5.2820528e-20
-2.6665898e-48
2.9874334e-20
0
2.0166503e-20
7.9358418e-32
-4.6743396e-20
-4.2122969e-49
2.1803429e-20
-2.7877401e-20
3.2959836e-20
3.4846041e-20
-3.1599552e-20
0
-2.7930279e-20
3.1370766e-20
3.7170153e-20
5.9570837e-36
-4.4715708e-32
-3.5431645e-20
3.8712256e-20
-5.012312e-32
1.5938319e-31
5.1306993e-32
-4.7873052e-20
-5.3925053e-20
-1.2359601e-31
1.0845627e-19
7.9238963e-36
-1.8345906e-19
1.5172738e-31
1.3586844e-19
0
0
7.5551877e-20
-7.9488298e-20
-7.6784406e-20
1.4656566e-19
-1.7975711e-31
1.0144434e-31
9.2740535e-20
-8.8498058e-20
-9.0042386e-20
0
0
0
-9.3117866e-20
-1.0228467e-19
1.1403414e-19
-1.2263802e-19
-5.153518e-31
3.0841777e-19
1.2243822e-31
-1.2144534e-19
-1.2320035e-19
-2.3175182e-19
1.0788149e-19
1.1785225e-19
1.4473573e-31
2.7787861e-19
-2.7486655e-19
-1.2570313e-19
3.5722308e-19
-2.2017159e-48
-1.3120462e-19
-1.3310342e-19
-1.2295044e-19
2.3636299e-19
1.2942866e-19
1.5844104e-31
1.6088396e-31
-1.3629787e-19
-2.523116e-19
-7.4253219e-31
3.2954807e-19
-1.2065357e-19
-9.9189738e-49
2.0502393e-19
-9.0020008e-20
1.9819281e-31
1.2008702e-48
-1.4243294e-35
2.9717413e-20
-3.610927e-20
-3.5924546e-20
0
9.8106937e-21
1.5863767e-20
-5.6414837e-21
2.2774236e-20
-8.4794112e-47
-3.5650708e-19
1.2719429e-19
1.3136366e-19
1.7528538e-31
3.6894557e-19
-2.0129677e-19
-2.1712608e-19
7.8148055e-31
-5.0440745e-19
-2.6951177e-19
2.8711194e-19
3.054264e-19
0
0
3.6582525e-19
3.8799251e-19
-8.2259173e-19
-4.358048e-19
5.1249857e-31
-1.3890131e-34
5.172582e-19
1.0945789e-18
2.57093e-30
-1.8363683e-18
6.4708395e-19
6.8385272e-19
-1.4450345e-18
1.6945778e-30
8.9479348e-31
2.8336404e-30
9.9695231e-31
-9.4763207e-19
9.997401e-19
1.0544754e-18
1.1119604e-18
-1.1723218e-18
2.7436128e-30
1.3022123e-18
-1.3720277e-18
0
0
-1.6027838e-18
2.3978683e-34
1.7760297e-18
3.7380158e-18
4.366176e-30
-2.0686358e-18
4.3513832e-18
-2.287858e-18
-4.8107178e-18
0
0
-2.7922635e-18
-3.2570837e-30
6.1627827e-18
3.2361256e-18
-6.7960614e-18
-3.5674079e-18
3.7445664e-18
0
4.1235426e-18
8.6521108e-18
-4.5377311e-18
-9.5178864e-18
9.9801631e-18
-1.1618609e-29
-1.6451318e-17
5.7471778e-18
6.0222169e-18
-6.3093561e-18
-6.6090741e-18
-6.9218644e-18
7.2482428e-18
7.5887486e-18
7.9439355e-18
8.3143667e-18
0
9.1033146e-18
-9.5230796e-18
-1.9921141e-17
0
2.1782804e-17
2.5280702e-29
-2.3802847e-17
0
-1.2996651e-17
1.3578186e-17
4.2550319e-17
-1.6444987e-29
-3.0937151e-17
7.1719233e-29
3.3718501e-17
-3.5193077e-17
-3.6726212e-17
3.8319945e-17
1.9988199e-17
-2.0848881e-17
4.8276361e-29
-7.2842172e-46
-4.7273807e-17
2.7352833e-29
7.7037244e-17
1.5210708e-32
-5.5759492e-17
0
0
-3.1501171e-17
3.2799379e-17
3.4145544e-17
-3.5541185e-17
-3.6987857e-17
-3.8487138e-17
4.004064e-17
4.1650024e-17
0
-4.5043245e-17
4.6830544e-17
1.4604202e-16
-5.6168677e-29
-1.0515368e-16
-5.4626616e-17
-5.6746714e-17
4.2837082e-46
6.1205788e-17
-6.354879e-17
-6.5970122e-17
1.3694368e-16
2.1316816e-16
-7.3724898e-17
-2.2944149e-16
2.6418836e-28
-1.8265509e-28
9.4684157e-29
8.8413652e-17
9.163559e-17
9.4957387e-17
-9.8381276e-17
2.7488562e-45
-2.999745e-32
-2.1857496e-16
2.5122498e-28
3.5132673e-16
-5.3823196e-28
-2.5078185e-16
0
1.3415006e-16
2.7742724e-16
1.4340239e-16
-2.9643637e-16
-3.0632559e-16
-1.5823795e-16
3.268905e-16
1.6878617e-16
-3.4852421e-16
1.7987436e-16
-1.8562411e-16
-1.9151233e-16
5.9261965e-16
-5.3664341e-45
-4.2003143e-16
4.3292976e-16
-2.230551e-16
-4.5957265e-16
2.3665833e-16
0
-2.5082231e-16
2.581124e-16
2.6553961e-16
-5.4620477e-16
6.2349858e-28
2.8862657e-16
-2.9658314e-16
1.5497082e-45
-3.1287089e-16
-7.1315086e-28
6.5926876e-16
0
3.4683983e-16
-3.5559597e-16
-3.6444692e-16
3.7338657e-16
-3.8240841e-16
-1.3039472e-27
8.0134015e-16
9.101484e-28
9.3080399e-28
8.5697636e-16
-4.3783945e-16
-1.3416418e-15
5.070268e-28
-5.1718877e-28
-4.753725e-16
4.8473321e-16
4.9406148e-16
0
-5.1257097e-16
1.737809e-27
1.061595e-15
5.99381e-28
-5.4863219e-16
1.1147347e-15
3.7703053e-27
-1.1488023e-15
0
0
-5.9863908e-16
6.0630899e-16
6.1374932e-16
-1.2418911e-15
1.394092e-27
-1.4089797e-27
-7.1161626e-28
1.2940062e-15
-1.3055328e-15
-6.5820325e-16
1.3266013e-15
1.336095e-15
2.9861993e-27
-2.0293336e-15
6.8007491e-16
1.5173577e-27
-6.8615294e-16
2.0657564e-15
6.9060444e-16
-1.3844103e-15
7.6995623e-28
1.3882631e-15
-1.3889032e-15
-6.9433041e-16
6.9376097e-16
-1.3855061e-15
-6.9131594e-16
6.8945302e-16
-7.6295846e-28
-3.0395389e-27
1.3627011e-15
1.5051824e-27
7.4824108e-28
7.4336333e-28
-6.6491723e-16
-6.5985922e-16
7.2662288e-28
1.2973531e-15
1.2851514e-15
-6.3615203e-16
-1.8882569e-15
6.223904e-16
6.1508067e-16
-1.215009e-15
1.3315504e-27
8.4073315e-32
1.295251e-27
2.4506909e-31
-1.2572125e-27
5.5731041e-16
0
1.0783004e-15
5.298728e-16
-1.5614533e-15
-5.1100023e-16
-7.1258219e-32
-5.4604678e-28
9.6424059e-16
6.7131893e-32
-4.6265245e-16
4.5289462e-16
8.8627561e-16
-4.3339416e-16
-4.2367533e-16
-4.5953574e-28
4.0435624e-16
-1.7532731e-27
-7.7052706e-16
0
0
0
0
-3.3899042e-16
-3.6649572e-28
3.2122144e-16
6.2504055e-16
7.4382153e-45
-2.9550927e-16
-2.872079e-16
-6.1964957e-28
8.1309362e-16
2.6316175e-16
-5.1088287e-16
-7.4361665e-16
2.4045568e-16
2.3319306e-16
-2.2608527e-16
-2.1913292e-16
-2.123363e-16
0
3.9842036e-16
5.7863993e-16
-1.8670417e-16
-3.6136372e-16
0
0
0
0
3.0565646e-16
-6.5591089e-28
-2.8542056e-16
2.7572599e-16
2.9571798e-28
-1.2858098e-16
-1.2414169e-16
-1.1983372e-16
1.1565466e-16
1.1160202e-16
-1.0767331e-16
-2.0773198e-16
1.001775e-16
9.6605278e-17
-9.3146744e-17
-1.9940731e-28
1.7312087e-16
1.8525815e-28
-8.0398004e-17
7.7469369e-17
-7.4639089e-17
-7.1904669e-17
6.9263641e-17
0
-6.4252042e-17
-6.1876695e-17
1.1917038e-16
5.7375235e-17
-5.524457e-17
-5.3190984e-17
-5.1212306e-17
4.930641e-17
4.7471214e-17
4.5704685e-17
4.4004835e-17
-4.2369728e-17
-4.0797477e-17
0
0
0
7.0202449e-17
9.6113482e-33
-6.5171501e-17
0
-3.0458205e-17
-2.6588018e-17
)
;

boundaryField
{
    leftSide
    {
        type            calculated;
        value           uniform -6.9874273e-18;
    }
    rightSide
    {
        type            calculated;
        value           uniform -2.6045358e-17;
    }
    emptywalls
    {
        type            empty;
    }
}


// ************************************************************************* //
