/*--------------------------------*- C++ -*----------------------------------*\
  =========                 |
  \\      /  F ield         | OpenFOAM: The Open Source CFD Toolbox
   \\    /   O peration     | Website:  https://openfoam.org
    \\  /    A nd           | Version:  7
     \\/     M anipulation  |
\*---------------------------------------------------------------------------*/
FoamFile
{
    version     2.0;
    format      ascii;
    class       volScalarField;
    location    "0.00184";
    object      T;
}
// * * * * * * * * * * * * * * * * * * * * * * * * * * * * * * * * * * * * * //

dimensions      [0 0 0 1 0 0 0];

internalField   nonuniform List<scalar> 
5000
(
277.93716
277.93718
277.9371
277.93705
277.937
277.93697
277.93695
277.93693
277.93692
277.93692
277.93692
277.93692
277.93692
277.93692
277.93693
277.93693
277.93694
277.93694
277.93695
277.93695
277.93696
277.93697
277.93697
277.93698
277.93698
277.93699
277.93699
277.937
277.93701
277.93701
277.93702
277.93703
277.93703
277.93704
277.93705
277.93705
277.93706
277.93707
277.93707
277.93708
277.93709
277.9371
277.9371
277.93711
277.93712
277.93713
277.93713
277.93714
277.93715
277.93716
277.93717
277.93717
277.93718
277.93719
277.9372
277.93721
277.93722
277.93722
277.93723
277.93724
277.93725
277.93726
277.93727
277.93728
277.93729
277.9373
277.93731
277.93732
277.93733
277.93734
277.93735
277.93736
277.93737
277.93738
277.93739
277.9374
277.93741
277.93742
277.93743
277.93744
277.93745
277.93746
277.93747
277.93748
277.9375
277.93751
277.93752
277.93753
277.93754
277.93755
277.93757
277.93758
277.93759
277.9376
277.93762
277.93763
277.93764
277.93766
277.93767
277.93768
277.9377
277.93771
277.93773
277.93774
277.93776
277.93777
277.93779
277.9378
277.93782
277.93784
277.93785
277.93787
277.93789
277.9379
277.93792
277.93794
277.93796
277.93797
277.93799
277.93801
277.93803
277.93805
277.93807
277.9381
277.93812
277.93814
277.93816
277.93819
277.93821
277.93823
277.93826
277.93829
277.93831
277.93834
277.93837
277.9384
277.93843
277.93846
277.93849
277.93852
277.93855
277.93859
277.93862
277.93866
277.9387
277.93874
277.93878
277.93882
277.93886
277.93891
277.93895
277.939
277.93905
277.9391
277.93915
277.9392
277.93926
277.93932
277.93938
277.93944
277.9395
277.93957
277.93964
277.93971
277.93978
277.93986
277.93994
277.94002
277.94011
277.94019
277.94028
277.94038
277.94048
277.94058
277.94068
277.94079
277.9409
277.94102
277.94114
277.94126
277.94139
277.94153
277.94167
277.94181
277.94196
277.94212
277.94228
277.94244
277.94261
277.94279
277.94298
277.94316
277.94336
277.94357
277.94378
277.944
277.94422
277.94446
277.9447
277.94495
277.94521
277.94548
277.94575
277.94604
277.94634
277.94664
277.94696
277.94729
277.94762
277.94797
277.94834
277.94871
277.94909
277.94949
277.9499
277.95033
277.95076
277.95122
277.95168
277.95216
277.95266
277.95317
277.9537
277.95425
277.95481
277.95539
277.95598
277.9566
277.95723
277.95789
277.95856
277.95925
277.95997
277.9607
277.96146
277.96224
277.96304
277.96387
277.96472
277.96559
277.96649
277.96741
277.96836
277.96934
277.97035
277.97138
277.97244
277.97353
277.97465
277.9758
277.97698
277.97819
277.97944
277.98072
277.98203
277.98338
277.98476
277.98618
277.98763
277.98912
277.99065
277.99222
277.99382
277.99547
277.99715
277.99888
278.00065
278.00247
278.00432
278.00622
278.00817
278.01016
278.0122
278.01429
278.01642
278.0186
278.02084
278.02312
278.02546
278.02784
278.03028
278.03277
278.03532
278.03792
278.04058
278.0433
278.04607
278.0489
278.05179
278.05474
278.05775
278.06082
278.06396
278.06715
278.07041
278.07374
278.07713
278.08058
278.08411
278.0877
278.09136
278.09508
278.09888
278.10275
278.10669
278.1107
278.11478
278.11894
278.12317
278.12747
278.13186
278.13631
278.14085
278.14546
278.15015
278.15491
278.15976
278.16469
278.1697
278.17479
278.17996
278.18521
278.19055
278.19597
278.20147
278.20706
278.21273
278.21849
278.22434
278.23027
278.23629
278.2424
278.24859
278.25488
278.26125
278.26771
278.27427
278.28091
278.28764
278.29447
278.30139
278.30839
278.31549
278.32269
278.32997
278.33735
278.34482
278.35238
278.36004
278.3678
278.37564
278.38358
278.39162
278.39975
278.40798
278.4163
278.42471
278.43322
278.44183
278.45053
278.45933
278.46823
278.47722
278.4863
278.49548
278.50476
278.51413
278.5236
278.53317
278.54283
278.55258
278.56243
278.57238
278.58242
278.59256
278.60279
278.61312
278.62355
278.63406
278.64468
278.65538
278.66618
278.67708
278.68807
278.69915
278.71033
278.7216
278.73296
278.74441
278.75596
278.7676
278.77933
278.79115
278.80306
278.81506
278.82716
278.83934
278.85161
278.86397
278.87642
278.88896
278.90159
278.91431
278.92711
278.94
278.95297
278.96603
278.97918
278.99241
279.00573
279.01913
279.03261
279.04618
279.05983
279.07356
279.08738
279.10127
279.11525
279.1293
279.14344
279.15765
279.17194
279.18631
279.20076
279.21529
279.22989
279.24456
279.25932
279.27414
279.28904
279.30402
279.31907
279.33418
279.34938
279.36464
279.37997
279.39537
279.41085
279.42639
279.442
279.45767
279.47342
279.48923
279.5051
279.52104
279.53705
279.55312
279.56925
279.58545
279.6017
279.61802
279.6344
279.65084
279.66734
279.6839
279.70052
279.71719
279.73392
279.75071
279.76755
279.78445
279.8014
279.81841
279.83547
279.85258
279.86975
279.88696
279.90423
279.92154
279.93891
279.95632
279.97379
279.9913
280.00885
280.02646
280.04411
280.0618
280.07954
280.09732
280.11515
280.13302
280.15093
280.16888
280.18687
280.2049
280.22297
280.24108
280.25923
280.27742
280.29564
280.3139
280.33219
280.35052
280.36889
280.38728
280.40572
280.42418
280.44268
280.4612
280.47976
280.49835
280.51697
280.53561
280.55429
280.57299
280.59172
280.61048
280.62926
280.64807
280.6669
280.68576
280.70464
280.72355
280.74247
280.76142
280.78039
280.79938
280.81839
280.83742
280.85647
280.87554
280.89462
280.91373
280.93285
280.95198
280.97113
280.9903
281.00948
281.02867
281.04788
281.0671
281.08633
281.10558
281.12483
281.1441
281.16337
281.18266
281.20195
281.22125
281.24056
281.25988
281.2792
281.29853
281.31786
281.3372
281.35655
281.37589
281.39524
281.4146
281.43395
281.45331
281.47267
281.49202
281.51138
281.53074
281.5501
281.56945
281.58881
281.60816
281.6275
281.64685
281.66619
281.68552
281.70485
281.72417
281.74349
281.7628
281.7821
281.8014
281.82068
281.83996
281.85923
281.87848
281.89773
281.91697
281.93619
281.9554
281.9746
281.99378
282.01296
282.03211
282.05126
282.07038
282.0895
282.10859
282.12767
282.14673
282.16577
282.18479
282.2038
282.22278
282.24175
282.26069
282.27962
282.29852
282.3174
282.33626
282.35509
282.3739
282.39269
282.41145
282.43019
282.4489
282.46759
282.48624
282.50487
282.52348
282.54205
282.5606
282.57912
282.59761
282.61606
282.63449
282.65288
282.67125
282.68958
282.70787
282.72614
282.74437
282.76257
282.78073
282.79885
282.81694
282.835
282.85301
282.87099
282.88894
282.90684
282.9247
282.94253
282.96032
282.97806
282.99577
283.01343
283.03105
283.04863
283.06616
283.08366
283.1011
283.11851
283.13587
283.15318
283.17045
283.18767
283.20484
283.22197
283.23905
283.25608
283.27306
283.29
283.30688
283.32371
283.3405
283.35723
283.37391
283.39054
283.40711
283.42363
283.4401
283.45651
283.47287
283.48917
283.50542
283.52162
283.53775
283.55383
283.56986
283.58582
283.60173
283.61758
283.63337
283.6491
283.66476
283.68037
283.69592
283.71141
283.72683
283.74219
283.75749
283.77273
283.78791
283.80302
283.81806
283.83304
283.84796
283.86281
283.87759
283.89231
283.90696
283.92154
283.93606
283.9505
283.96488
283.97919
283.99344
284.00761
284.02171
284.03574
284.0497
284.06359
284.07741
284.09116
284.10483
284.11844
284.13197
284.14542
284.15881
284.17212
284.18536
284.19852
284.21161
284.22462
284.23756
284.25042
284.2632
284.27591
284.28854
284.3011
284.31358
284.32598
284.3383
284.35055
284.36272
284.37481
284.38683
284.39876
284.41062
284.4224
284.43409
284.44571
284.45725
284.46871
284.48009
284.49139
284.5026
284.51374
284.5248
284.53577
284.54667
284.55748
284.56822
284.57887
284.58944
284.59993
284.61034
284.62066
284.63091
284.64107
284.65115
284.66115
284.67107
284.6809
284.69065
284.70032
284.70991
284.71942
284.72885
284.73819
284.74745
284.75663
284.76573
284.77474
284.78368
284.79253
284.8013
284.80999
284.81859
284.82712
284.83556
284.84393
284.85221
284.86041
284.86853
284.87657
284.88453
284.89241
284.90021
284.90793
284.91557
284.92312
284.9306
284.938
284.94533
284.95257
284.95973
284.96682
284.97383
284.98076
284.98761
284.99439
285.00108
285.00771
285.01425
285.02072
285.02712
285.03344
285.03968
285.04585
285.05194
285.05796
285.06391
285.06978
285.07558
285.08131
285.08696
285.09255
285.09806
285.1035
285.10887
285.11417
285.1194
285.12456
285.12966
285.13468
285.13964
285.14453
285.14935
285.1541
285.15879
285.16341
285.16797
285.17246
285.17689
285.18125
285.18555
285.18979
285.19397
285.19808
285.20213
285.20613
285.21006
285.21393
285.21774
285.2215
285.22519
285.22883
285.23241
285.23594
285.23941
285.24282
285.24618
285.24948
285.25273
285.25592
285.25907
285.26216
285.2652
285.26819
285.27112
285.27401
285.27685
285.27964
285.28238
285.28507
285.28772
285.29032
285.29287
285.29538
285.29784
285.30026
285.30263
285.30496
285.30725
285.3095
285.3117
285.31386
285.31599
285.31807
285.32011
285.32211
285.32407
285.326
285.32788
285.32974
285.33155
285.33333
285.33507
285.33678
285.33846
285.3401
285.3417
285.34328
285.34482
285.34633
285.34781
285.34926
285.35068
285.35206
285.35342
285.35475
285.35605
285.35732
285.35857
285.35979
285.36098
285.36214
285.36329
285.3644
285.36549
285.36655
285.3676
285.36861
285.36961
285.37058
285.37153
285.37246
285.37336
285.37425
285.37511
285.37596
285.37678
285.37759
285.37837
285.37914
285.37989
285.38062
285.38133
285.38203
285.38271
285.38337
285.38401
285.38464
285.38526
285.38585
285.38644
285.387
285.38756
285.3881
285.38862
285.38914
285.38964
285.39012
285.3906
285.39106
285.39151
285.39195
285.39238
285.39279
285.39319
285.39359
285.39397
285.39434
285.3947
285.39506
285.3954
285.39573
285.39606
285.39637
285.39668
285.39698
285.39727
285.39755
285.39782
285.39809
285.39835
285.3986
285.39884
285.39908
285.39931
285.39953
285.39975
285.39996
285.40017
285.40036
285.40056
285.40074
285.40093
285.4011
285.40127
285.40144
285.4016
285.40176
285.40191
285.40206
285.4022
285.40234
285.40247
285.4026
285.40273
285.40285
285.40297
285.40308
285.40319
285.4033
285.40341
285.40351
285.4036
285.4037
285.40379
285.40388
285.40396
285.40405
285.40413
285.40421
285.40428
285.40436
285.40443
285.4045
285.40456
285.40463
285.40469
285.40475
285.4048
285.40486
285.40491
285.40497
285.40502
285.40507
285.40511
285.40516
285.4052
285.40525
285.40529
285.40533
285.40537
285.4054
285.40544
285.40547
285.40551
285.40554
285.40557
285.4056
285.40563
285.40566
285.40569
285.40571
285.40574
285.40576
285.40579
285.40581
285.40583
285.40585
285.40587
285.40589
285.40591
285.40593
285.40595
285.40597
285.40598
285.406
285.40602
285.40603
285.40605
285.40606
285.40607
285.40609
285.4061
285.40611
285.40612
285.40613
285.40614
285.40615
285.40616
285.40617
285.40618
285.40619
285.4062
285.40621
285.40622
285.40623
285.40623
285.40624
285.40625
285.40626
285.40626
285.40627
285.40627
285.40628
285.40629
285.40629
285.4063
285.4063
285.40631
285.40631
285.40632
285.40632
285.40633
285.40633
285.40633
285.40634
285.40634
285.40635
285.40635
285.40635
285.40636
285.40636
285.40636
285.40637
285.40637
285.40637
285.40638
285.40638
285.40638
285.40639
285.40639
285.40639
285.40639
285.4064
285.4064
285.4064
285.4064
285.4064
285.40641
285.40641
285.40641
285.40641
285.40641
285.40642
285.40642
285.40642
285.40642
285.40643
285.40643
285.40643
285.40643
285.40643
285.40644
285.40644
285.40644
285.40644
285.40644
285.40645
285.40645
285.40645
285.40645
285.40645
285.40645
285.40645
285.40645
285.40646
285.40646
285.40646
285.40646
285.40646
285.40647
285.40647
285.40647
285.40647
285.40647
285.40647
285.40648
285.40648
285.40648
285.40648
285.40648
285.40648
285.40648
285.40649
285.40649
285.40649
285.40649
285.40649
285.4065
285.4065
285.4065
285.4065
285.4065
285.4065
285.4065
285.4065
285.40651
285.40651
285.40651
285.40651
285.40651
285.40652
285.40652
285.40652
285.40652
285.40652
285.40652
285.40653
285.40653
285.40653
285.40653
285.40653
285.40653
285.40654
285.40654
285.40654
285.40654
285.40654
285.40654
285.40655
285.40655
285.40655
285.40655
285.40655
285.40655
285.40656
285.40656
285.40656
285.40656
285.40656
285.40657
285.40657
285.40657
285.40657
285.40657
285.40657
285.40657
285.40658
285.40658
285.40658
285.40658
285.40658
285.40658
285.40658
285.40659
285.40659
285.40659
285.40659
285.40659
285.4066
285.4066
285.4066
285.4066
285.4066
285.4066
285.4066
285.40661
285.40661
285.40661
285.40661
285.40661
285.40662
285.40662
285.40662
285.40662
285.40662
285.40662
285.40663
285.40663
285.40663
285.40663
285.40663
285.40663
285.40663
285.40664
285.40664
285.40664
285.40664
285.40664
285.40665
285.40665
285.40665
285.40665
285.40665
285.40665
285.40665
285.40666
285.40666
285.40666
285.40666
285.40666
285.40666
285.40667
285.40667
285.40667
285.40667
285.40667
285.40667
285.40667
285.40668
285.40668
285.40668
285.40668
285.40668
285.40669
285.40669
285.40669
285.40669
285.40669
285.40669
285.4067
285.4067
285.4067
285.4067
285.4067
285.40671
285.40671
285.40671
285.40671
285.40671
285.40671
285.40671
285.40672
285.40672
285.40672
285.40672
285.40672
285.40672
285.40672
285.40673
285.40673
285.40673
285.40673
285.40673
285.40674
285.40674
285.40674
285.40674
285.40674
285.40675
285.40675
285.40675
285.40675
285.40675
285.40675
285.40676
285.40676
285.40676
285.40676
285.40676
285.40676
285.40676
285.40677
285.40677
285.40677
285.40677
285.40677
285.40678
285.40678
285.40678
285.40678
285.40678
285.40679
285.40679
285.40679
285.40679
285.40679
285.40679
285.4068
285.4068
285.4068
285.4068
285.4068
285.40681
285.40681
285.40681
285.40681
285.40681
285.40681
285.40682
285.40682
285.40682
285.40682
285.40682
285.40683
285.40683
285.40683
285.40683
285.40683
285.40684
285.40684
285.40684
285.40684
285.40684
285.40684
285.40684
285.40685
285.40685
285.40685
285.40685
285.40685
285.40686
285.40686
285.40686
285.40686
285.40686
285.40687
285.40687
285.40687
285.40687
285.40687
285.40687
285.40688
285.40688
285.40688
285.40688
285.40688
285.40689
285.40689
285.40689
285.40689
285.40689
285.4069
285.4069
285.4069
285.4069
285.4069
285.40691
285.40691
285.40691
285.40691
285.40691
285.40692
285.40692
285.40692
285.40692
285.40692
285.40693
285.40693
285.40693
285.40693
285.40693
285.40693
285.40694
285.40694
285.40694
285.40694
285.40694
285.40695
285.40695
285.40695
285.40695
285.40695
285.40696
285.40696
285.40696
285.40696
285.40696
285.40697
285.40697
285.40697
285.40697
285.40697
285.40698
285.40698
285.40698
285.40698
285.40698
285.40698
285.40699
285.40699
285.40699
285.40699
285.407
285.407
285.407
285.407
285.407
285.40701
285.40701
285.40701
285.40701
285.40702
285.40702
285.40702
285.40702
285.40702
285.40703
285.40703
285.40703
285.40703
285.40703
285.40704
285.40704
285.40704
285.40704
285.40705
285.40705
285.40705
285.40705
285.40705
285.40705
285.40706
285.40706
285.40706
285.40706
285.40706
285.40707
285.40707
285.40707
285.40707
285.40708
285.40708
285.40708
285.40708
285.40708
285.40709
285.40709
285.40709
285.40709
285.40709
285.4071
285.4071
285.4071
285.4071
285.4071
285.40711
285.40711
285.40711
285.40711
285.40712
285.40712
285.40712
285.40712
285.40713
285.40713
285.40713
285.40713
285.40714
285.40714
285.40714
285.40714
285.40714
285.40715
285.40715
285.40715
285.40715
285.40715
285.40716
285.40716
285.40716
285.40716
285.40716
285.40717
285.40717
285.40717
285.40717
285.40718
285.40718
285.40718
285.40718
285.40719
285.40719
285.40719
285.40719
285.40719
285.4072
285.4072
285.4072
285.4072
285.40721
285.40721
285.40721
285.40721
285.40721
285.40722
285.40722
285.40722
285.40722
285.40723
285.40723
285.40723
285.40723
285.40723
285.40724
285.40724
285.40724
285.40724
285.40724
285.40725
285.40725
285.40725
285.40725
285.40726
285.40726
285.40726
285.40726
285.40726
285.40727
285.40727
285.40727
285.40728
285.40728
285.40728
285.40728
285.40729
285.40729
285.40729
285.40729
285.4073
285.4073
285.4073
285.4073
285.4073
285.40731
285.40731
285.40731
285.40731
285.40732
285.40732
285.40732
285.40732
285.40733
285.40733
285.40733
285.40733
285.40733
285.40734
285.40734
285.40734
285.40734
285.40735
285.40735
285.40735
285.40735
285.40736
285.40736
285.40736
285.40736
285.40736
285.40737
285.40737
285.40737
285.40737
285.40738
285.40738
285.40738
285.40738
285.40739
285.40739
285.40739
285.4074
285.4074
285.4074
285.4074
285.40741
285.40741
285.40741
285.40741
285.40741
285.40742
285.40742
285.40742
285.40742
285.40743
285.40743
285.40743
285.40744
285.40744
285.40744
285.40744
285.40745
285.40745
285.40745
285.40745
285.40746
285.40746
285.40746
285.40746
285.40747
285.40747
285.40747
285.40747
285.40748
285.40748
285.40748
285.40748
285.40749
285.40749
285.40749
285.40749
285.4075
285.4075
285.4075
285.4075
285.40751
285.40751
285.40751
285.40751
285.40752
285.40752
285.40752
285.40753
285.40753
285.40753
285.40754
285.40754
285.40754
285.40755
285.40755
285.40755
285.40755
285.40756
285.40756
285.40756
285.40756
285.40757
285.40757
285.40757
285.40758
285.40758
285.40758
285.40758
285.40759
285.40759
285.40759
285.40759
285.4076
285.4076
285.4076
285.40761
285.40761
285.40761
285.40761
285.40762
285.40762
285.40762
285.40762
285.40763
285.40763
285.40763
285.40763
285.40764
285.40764
285.40764
285.40765
285.40765
285.40765
285.40766
285.40766
285.40766
285.40767
285.40767
285.40767
285.40768
285.40768
285.40768
285.40768
285.40769
285.40769
285.40769
285.40769
285.4077
285.4077
285.4077
285.40771
285.40771
285.40771
285.40772
285.40772
285.40772
285.40773
285.40773
285.40773
285.40773
285.40774
285.40774
285.40774
285.40775
285.40775
285.40775
285.40776
285.40776
285.40776
285.40776
285.40777
285.40777
285.40777
285.40777
285.40778
285.40778
285.40778
285.40779
285.40779
285.40779
285.4078
285.4078
285.4078
285.40781
285.40781
285.40781
285.40782
285.40782
285.40782
285.40783
285.40783
285.40783
285.40784
285.40784
285.40784
285.40785
285.40785
285.40785
285.40786
285.40786
285.40786
285.40787
285.40787
285.40787
285.40788
285.40788
285.40788
285.40788
285.40789
285.40789
285.40789
285.4079
285.4079
285.4079
285.40791
285.40791
285.40791
285.40792
285.40792
285.40792
285.40793
285.40793
285.40793
285.40794
285.40794
285.40794
285.40795
285.40795
285.40795
285.40796
285.40796
285.40797
285.40797
285.40797
285.40798
285.40798
285.40798
285.40799
285.40799
285.40799
285.408
285.408
285.408
285.40801
285.40801
285.40801
285.40802
285.40802
285.40802
285.40803
285.40803
285.40803
285.40804
285.40804
285.40804
285.40805
285.40805
285.40805
285.40806
285.40806
285.40807
285.40807
285.40807
285.40808
285.40808
285.40808
285.40809
285.40809
285.40809
285.4081
285.4081
285.4081
285.40811
285.40811
285.40811
285.40812
285.40812
285.40813
285.40813
285.40813
285.40814
285.40814
285.40815
285.40815
285.40815
285.40816
285.40816
285.40816
285.40817
285.40817
285.40817
285.40818
285.40818
285.40819
285.40819
285.40819
285.4082
285.4082
285.4082
285.40821
285.40821
285.40822
285.40822
285.40822
285.40823
285.40823
285.40824
285.40824
285.40824
285.40825
285.40825
285.40826
285.40826
285.40826
285.40827
285.40827
285.40827
285.40828
285.40828
285.40829
285.40829
285.40829
285.4083
285.4083
285.40831
285.40831
285.40831
285.40832
285.40832
285.40833
285.40833
285.40833
285.40834
285.40834
285.40835
285.40835
285.40835
285.40836
285.40836
285.40837
285.40837
285.40838
285.40838
285.40839
285.40839
285.40839
285.4084
285.4084
285.40841
285.40841
285.40841
285.40842
285.40842
285.40843
285.40843
285.40844
285.40844
285.40844
285.40845
285.40845
285.40846
285.40846
285.40847
285.40847
285.40847
285.40848
285.40848
285.40849
285.40849
285.40849
285.4085
285.4085
285.40851
285.40851
285.40852
285.40852
285.40853
285.40853
285.40854
285.40854
285.40855
285.40855
285.40856
285.40856
285.40856
285.40857
285.40857
285.40858
285.40858
285.40859
285.40859
285.40859
285.4086
285.4086
285.40861
285.40861
285.40862
285.40862
285.40863
285.40863
285.40864
285.40864
285.40865
285.40865
285.40866
285.40866
285.40867
285.40867
285.40868
285.40868
285.40869
285.40869
285.4087
285.4087
285.40871
285.40871
285.40871
285.40872
285.40872
285.40873
285.40873
285.40874
285.40874
285.40875
285.40875
285.40876
285.40876
285.40877
285.40877
285.40878
285.40878
285.40879
285.40879
285.4088
285.4088
285.40881
285.40881
285.40882
285.40882
285.40883
285.40883
285.40884
285.40884
285.40885
285.40885
285.40886
285.40886
285.40887
285.40888
285.40888
285.40889
285.40889
285.4089
285.4089
285.40891
285.40891
285.40892
285.40892
285.40893
285.40893
285.40894
285.40894
285.40895
285.40895
285.40896
285.40896
285.40897
285.40897
285.40898
285.40898
285.40899
285.409
285.409
285.40901
285.40901
285.40902
285.40902
285.40903
285.40904
285.40904
285.40905
285.40905
285.40906
285.40906
285.40907
285.40907
285.40908
285.40909
285.40909
285.4091
285.4091
285.40911
285.40911
285.40912
285.40912
285.40913
285.40913
285.40914
285.40914
285.40915
285.40916
285.40916
285.40917
285.40918
285.40918
285.40919
285.40919
285.4092
285.40921
285.40921
285.40922
285.40922
285.40923
285.40924
285.40924
285.40925
285.40925
285.40926
285.40926
285.40927
285.40928
285.40928
285.40929
285.4093
285.4093
285.40931
285.40931
285.40932
285.40933
285.40933
285.40934
285.40934
285.40935
285.40936
285.40936
285.40937
285.40938
285.40938
285.40939
285.4094
285.4094
285.40941
285.40941
285.40942
285.40943
285.40943
285.40944
285.40945
285.40945
285.40946
285.40947
285.40947
285.40948
285.40949
285.40949
285.4095
285.40951
285.40952
285.40952
285.40953
285.40954
285.40954
285.40955
285.40956
285.40956
285.40957
285.40958
285.40959
285.40959
285.4096
285.40961
285.40961
285.40962
285.40963
285.40963
285.40964
285.40965
285.40965
285.40966
285.40967
285.40967
285.40968
285.40969
285.4097
285.40971
285.40972
285.40972
285.40973
285.40974
285.40975
285.40975
285.40976
285.40977
285.40978
285.40978
285.40979
285.4098
285.4098
285.40981
285.40982
285.40983
285.40984
285.40984
285.40985
285.40986
285.40987
285.40987
285.40988
285.40989
285.4099
285.40991
285.40991
285.40992
285.40993
285.40994
285.40995
285.40996
285.40997
285.40997
285.40998
285.40999
285.41
285.41001
285.41001
285.41002
285.41003
285.41004
285.41005
285.41005
285.41006
285.41007
285.41008
285.41009
285.4101
285.4101
285.41011
285.41012
285.41013
285.41014
285.41015
285.41016
285.41017
285.41017
285.41018
285.41019
285.4102
285.41021
285.41022
285.41023
285.41024
285.41025
285.41026
285.41027
285.41027
285.41028
285.41029
285.4103
285.41031
285.41032
285.41033
285.41034
285.41035
285.41035
285.41036
285.41037
285.41038
285.41039
285.4104
285.41041
285.41042
285.41043
285.41044
285.41045
285.41046
285.41047
285.41048
285.41049
285.4105
285.41051
285.41052
285.41053
285.41054
285.41055
285.41056
285.41057
285.41058
285.41059
285.4106
285.41061
285.41062
285.41063
285.41064
285.41065
285.41066
285.41067
285.41069
285.4107
285.41071
285.41072
285.41073
285.41074
285.41075
285.41076
285.41077
285.41078
285.41079
285.4108
285.41081
285.41082
285.41083
285.41085
285.41086
285.41087
285.41088
285.41089
285.4109
285.41091
285.41093
285.41094
285.41095
285.41096
285.41097
285.41098
285.41099
285.41101
285.41102
285.41103
285.41104
285.41105
285.41107
285.41108
285.41109
285.4111
285.41112
285.41113
285.41114
285.41115
285.41116
285.41118
285.41119
285.4112
285.41121
285.41123
285.41124
285.41125
285.41126
285.41128
285.41129
285.4113
285.41132
285.41133
285.41134
285.41135
285.41137
285.41138
285.41139
285.41141
285.41142
285.41144
285.41145
285.41146
285.41148
285.41149
285.4115
285.41152
285.41153
285.41154
285.41156
285.41157
285.41159
285.4116
285.41161
285.41163
285.41164
285.41166
285.41167
285.41169
285.4117
285.41171
285.41173
285.41174
285.41176
285.41177
285.41179
285.4118
285.41182
285.41184
285.41185
285.41187
285.41188
285.4119
285.41192
285.41193
285.41195
285.41196
285.41198
285.412
285.41201
285.41203
285.41204
285.41206
285.41207
285.41209
285.4121
285.41212
285.41214
285.41215
285.41217
285.41219
285.41221
285.41222
285.41224
285.41226
285.41228
285.4123
285.41231
285.41233
285.41235
285.41237
285.41238
285.4124
285.41242
285.41244
285.41245
285.41247
285.41249
285.41251
285.41252
285.41254
285.41256
285.41258
285.4126
285.41262
285.41264
285.41266
285.41268
285.4127
285.41272
285.41274
285.41276
285.41278
285.4128
285.41282
285.41284
285.41286
285.41288
285.4129
285.41293
285.41295
285.41297
285.41299
285.41301
285.41303
285.41305
285.41307
285.4131
285.41312
285.41314
285.41316
285.41318
285.4132
285.41323
285.41325
285.41327
285.41329
285.41332
285.41334
285.41337
285.41339
285.41341
285.41344
285.41346
285.41349
285.41351
285.41353
285.41356
285.41358
285.4136
285.41363
285.41366
285.41368
285.41371
285.41374
285.41376
285.41379
285.41382
285.41385
285.41387
285.4139
285.41393
285.41395
285.41398
285.41401
285.41403
285.41406
285.41409
285.41412
285.41415
285.41417
285.4142
285.41423
285.41426
285.41429
285.41432
285.41435
285.41438
285.41442
285.41445
285.41448
285.41451
285.41455
285.41458
285.41461
285.41464
285.41467
285.4147
285.41473
285.41477
285.4148
285.41483
285.41486
285.41489
285.41493
285.41496
285.41499
285.41503
285.41506
285.4151
285.41513
285.41517
285.41521
285.41524
285.41528
285.41532
285.41536
285.4154
285.41544
285.41548
285.41552
285.41556
285.4156
285.41564
285.41568
285.41573
285.41577
285.41581
285.41585
285.4159
285.41594
285.41598
285.41603
285.41607
285.41611
285.41616
285.4162
285.41625
285.41629
285.41634
285.41639
285.41644
285.41648
285.41653
285.41658
285.41663
285.41668
285.41673
285.41679
285.41684
285.41689
285.41694
285.41699
285.41705
285.4171
285.41716
285.41721
285.41727
285.41732
285.41738
285.41744
285.41749
285.41755
285.41761
285.41768
285.41774
285.4178
285.41787
285.41793
285.41799
285.41806
285.41813
285.41819
285.41826
285.41833
285.4184
285.41847
285.41854
285.41861
285.41869
285.41876
285.41884
285.41891
285.41899
285.41907
285.41915
285.41923
285.41931
285.4194
285.41948
285.41957
285.41965
285.41974
285.41982
285.41991
285.42
285.42009
285.42019
285.42028
285.42038
285.42048
285.42058
285.42068
285.42079
285.42089
285.421
285.42111
285.42122
285.42132
285.42143
285.42155
285.42166
285.42177
285.42188
285.42199
285.42211
285.42222
285.42234
285.42246
285.42257
285.42269
285.42281
285.42292
285.42304
285.42315
285.42326
285.42337
285.42347
285.42357
285.42366
285.42375
285.42384
285.42391
285.42399
285.42405
285.4241
285.42415
285.42419
285.42422
285.42425
285.42426
285.42427
285.42428
285.42428
285.42427
285.42427
285.42425
285.42422
285.42419
285.42417
285.42414
285.42413
285.42411
285.42411
285.42411
285.42411
285.42411
285.42412
285.42416
285.42424
285.42436
285.4245
285.42465
285.42483
285.42502
285.42523
285.42545
285.42568
285.42593
285.42619
285.42646
285.42673
285.42701
285.42728
285.42754
285.4278
285.42805
285.42829
285.42851
285.42872
285.42891
285.42907
285.42922
285.42934
285.42944
285.42951
285.42955
285.42958
285.42961
285.42967
285.42978
285.43002
285.43058
285.43192
285.43518
285.44326
285.46324
285.51308
285.63576
285.93625
286.42859
287.04519
287.77616
288.60554
289.51261
290.47364
291.46364
292.45797
293.43377
294.37109
295.25364
296.06918
296.80957
297.47054
298.05126
298.55375
298.98223
299.34251
299.64137
299.88605
300.08385
300.24176
300.36631
300.46335
300.53807
300.59488
300.63756
300.66919
300.69232
300.70897
300.72074
300.7289
300.73441
300.738
300.74023
300.7415
300.74213
300.74235
300.74236
300.74225
300.74185
300.7412
300.74058
300.74
300.73946
300.73895
300.73847
300.73802
300.7376
300.7372
300.73681
300.73645
300.73609
300.73574
300.73539
300.73503
300.73467
300.73431
300.73393
300.73353
300.73312
300.7327
300.73226
300.7318
300.73133
300.73085
300.73036
300.72986
300.72935
300.72885
300.72835
300.72785
300.72737
300.72689
300.72643
300.72598
300.72554
300.72513
300.72473
300.72435
300.72399
300.72364
300.72331
300.723
300.72271
300.72243
300.72216
300.7219
300.72166
300.72143
300.72121
300.721
300.7208
300.72061
300.72042
300.72024
300.72007
300.7199
300.71974
300.71958
300.71942
300.71927
300.71913
300.71898
300.71884
300.71871
300.71857
300.71844
300.71832
300.71819
300.71807
300.71795
300.71783
300.71772
300.7176
300.71749
300.71738
300.71727
300.71716
300.71706
300.71695
300.71685
300.71675
300.71665
300.71655
300.71646
300.71636
300.71627
300.71618
300.71609
300.716
300.71591
300.71582
300.71574
300.71565
300.71557
300.71549
300.71541
300.71533
300.71525
300.71517
300.7151
300.71502
300.71495
300.71487
300.7148
300.71473
300.71466
300.71459
300.71452
300.71445
300.71438
300.71431
300.71425
300.71418
300.71412
300.71405
300.71399
300.71393
300.71387
300.71381
300.71375
300.71369
300.71363
300.71357
300.71351
300.71346
300.7134
300.71334
300.71329
300.71323
300.71318
300.71312
300.71307
300.71302
300.71297
300.71291
300.71286
300.71281
300.71276
300.71271
300.71266
300.71261
300.71257
300.71252
300.71247
300.71242
300.71238
300.71233
300.71229
300.71224
300.7122
300.71215
300.71211
300.71207
300.71202
300.71198
300.71194
300.7119
300.71186
300.71181
300.71177
300.71173
300.71169
300.71165
300.71161
300.71157
300.71153
300.71149
300.71146
300.71142
300.71138
300.71134
300.71131
300.71127
300.71123
300.7112
300.71116
300.71113
300.71109
300.71106
300.71102
300.71099
300.71095
300.71092
300.71088
300.71085
300.71082
300.71078
300.71075
300.71072
300.71069
300.71065
300.71062
300.71059
300.71056
300.71053
300.7105
300.71047
300.71044
300.71041
300.71038
300.71035
300.71032
300.71029
300.71026
300.71023
300.7102
300.71017
300.71014
300.71011
300.71008
300.71006
300.71003
300.71
300.70997
300.70995
300.70992
300.70989
300.70987
300.70984
300.70982
300.70979
300.70976
300.70974
300.70971
300.70969
300.70966
300.70964
300.70961
300.70959
300.70956
300.70954
300.70951
300.70949
300.70946
300.70944
300.70942
300.70939
300.70937
300.70935
300.70932
300.7093
300.70928
300.70926
300.70923
300.70921
300.70919
300.70916
300.70914
300.70912
300.7091
300.70907
300.70905
300.70903
300.70901
300.70899
300.70897
300.70895
300.70893
300.70891
300.70889
300.70887
300.70884
300.70882
300.7088
300.70878
300.70876
300.70874
300.70872
300.7087
300.70868
300.70866
300.70864
300.70862
300.7086
300.70858
300.70856
300.70854
300.70853
300.70851
300.70849
300.70847
300.70845
300.70844
300.70842
300.7084
300.70838
300.70837
300.70835
300.70833
300.70831
300.70829
300.70828
300.70826
300.70824
300.70822
300.70821
300.70819
300.70817
300.70816
300.70814
300.70812
300.70811
300.70809
300.70807
300.70806
300.70804
300.70802
300.70801
300.70799
300.70797
300.70796
300.70794
300.70792
300.70791
300.70789
300.70788
300.70786
300.70785
300.70783
300.70782
300.7078
300.70779
300.70777
300.70775
300.70774
300.70772
300.70771
300.70769
300.70768
300.70766
300.70765
300.70763
300.70762
300.70761
300.70759
300.70758
300.70757
300.70755
300.70754
300.70753
300.70751
300.7075
300.70748
300.70747
300.70745
300.70744
300.70742
300.70741
300.7074
300.70738
300.70737
300.70736
300.70734
300.70733
300.70732
300.70731
300.70729
300.70728
300.70727
300.70726
300.70724
300.70723
300.70722
300.7072
300.70719
300.70718
300.70716
300.70715
300.70714
300.70713
300.70711
300.7071
300.70709
300.70708
300.70707
300.70705
300.70704
300.70703
300.70702
300.70701
300.707
300.70698
300.70697
300.70696
300.70695
300.70694
300.70692
300.70691
300.7069
300.70689
300.70688
300.70687
300.70685
300.70684
300.70683
300.70682
300.70681
300.7068
300.70679
300.70678
300.70677
300.70676
300.70674
300.70673
300.70672
300.70671
300.7067
300.70669
300.70668
300.70667
300.70666
300.70665
300.70663
300.70662
300.70661
300.7066
300.70659
300.70658
300.70657
300.70656
300.70655
300.70654
300.70653
300.70652
300.70651
300.7065
300.70649
300.70648
300.70647
300.70646
300.70645
300.70644
300.70643
300.70642
300.70641
300.7064
300.70639
300.70638
300.70637
300.70636
300.70635
300.70634
300.70633
300.70633
300.70632
300.70631
300.7063
300.70629
300.70628
300.70627
300.70626
300.70625
300.70624
300.70623
300.70622
300.70621
300.7062
300.70619
300.70618
300.70618
300.70617
300.70616
300.70615
300.70614
300.70613
300.70612
300.70611
300.70611
300.7061
300.70609
300.70608
300.70607
300.70606
300.70606
300.70605
300.70604
300.70603
300.70602
300.70601
300.706
300.70599
300.70599
300.70598
300.70597
300.70596
300.70595
300.70594
300.70594
300.70593
300.70592
300.70591
300.7059
300.70589
300.70589
300.70588
300.70587
300.70586
300.70585
300.70584
300.70584
300.70583
300.70582
300.70581
300.70581
300.7058
300.70579
300.70578
300.70577
300.70577
300.70576
300.70575
300.70574
300.70574
300.70573
300.70572
300.70571
300.70571
300.7057
300.70569
300.70568
300.70568
300.70567
300.70566
300.70565
300.70565
300.70564
300.70563
300.70562
300.70562
300.70561
300.7056
300.7056
300.70559
300.70558
300.70558
300.70557
300.70556
300.70555
300.70555
300.70554
300.70553
300.70552
300.70552
300.70551
300.7055
300.7055
300.70549
300.70548
300.70547
300.70547
300.70546
300.70545
300.70545
300.70544
300.70543
300.70543
300.70542
300.70541
300.70541
300.7054
300.70539
300.70539
300.70538
300.70537
300.70537
300.70536
300.70535
300.70535
300.70534
300.70533
300.70533
300.70532
300.70532
300.70531
300.7053
300.7053
300.70529
300.70528
300.70528
300.70527
300.70526
300.70526
300.70525
300.70524
300.70524
300.70523
300.70523
300.70522
300.70521
300.70521
300.7052
300.7052
300.70519
300.70518
300.70518
300.70517
300.70516
300.70516
300.70515
300.70515
300.70514
300.70513
300.70513
300.70512
300.70512
300.70511
300.7051
300.7051
300.70509
300.70509
300.70508
300.70508
300.70507
300.70506
300.70506
300.70505
300.70505
300.70504
300.70503
300.70503
300.70502
300.70502
300.70501
300.705
300.705
300.70499
300.70499
300.70498
300.70498
300.70497
300.70497
300.70496
300.70495
300.70495
300.70494
300.70494
300.70493
300.70493
300.70492
300.70491
300.70491
300.7049
300.7049
300.70489
300.70489
300.70488
300.70488
300.70487
300.70487
300.70486
300.70486
300.70485
300.70485
300.70484
300.70483
300.70483
300.70482
300.70482
300.70481
300.70481
300.7048
300.7048
300.70479
300.70479
300.70478
300.70478
300.70477
300.70477
300.70476
300.70476
300.70475
300.70474
300.70474
300.70473
300.70473
300.70472
300.70472
300.70471
300.70471
300.7047
300.7047
300.70469
300.70469
300.70468
300.70468
300.70467
300.70467
300.70466
300.70466
300.70466
300.70465
300.70465
300.70464
300.70464
300.70463
300.70463
300.70462
300.70462
300.70461
300.70461
300.7046
300.7046
300.70459
300.70459
300.70458
300.70458
300.70457
300.70457
300.70456
300.70456
300.70455
300.70455
300.70454
300.70454
300.70453
300.70453
300.70452
300.70452
300.70452
300.70451
300.70451
300.7045
300.7045
300.70449
300.70449
300.70448
300.70448
300.70447
300.70447
300.70446
300.70446
300.70446
300.70445
300.70445
300.70444
300.70444
300.70443
300.70443
300.70442
300.70442
300.70442
300.70441
300.70441
300.7044
300.7044
300.70439
300.70439
300.70438
300.70438
300.70438
300.70437
300.70437
300.70436
300.70436
300.70435
300.70435
300.70435
300.70434
300.70434
300.70433
300.70433
300.70432
300.70432
300.70431
300.70431
300.70431
300.7043
300.7043
300.7043
300.70429
300.70429
300.70428
300.70428
300.70427
300.70427
300.70427
300.70426
300.70426
300.70425
300.70425
300.70425
300.70424
300.70424
300.70423
300.70423
300.70423
300.70422
300.70422
300.70422
300.70421
300.70421
300.7042
300.7042
300.7042
300.70419
300.70419
300.70418
300.70418
300.70418
300.70417
300.70417
300.70416
300.70416
300.70415
300.70415
300.70415
300.70414
300.70414
300.70414
300.70413
300.70413
300.70412
300.70412
300.70412
300.70411
300.70411
300.7041
300.7041
300.7041
300.70409
300.70409
300.70409
300.70408
300.70408
300.70408
300.70407
300.70407
300.70407
300.70406
300.70406
300.70405
300.70405
300.70405
300.70404
300.70404
300.70404
300.70403
300.70403
300.70402
300.70402
300.70402
300.70401
300.70401
300.70401
300.704
300.704
300.70399
300.70399
300.70399
300.70398
300.70398
300.70398
300.70397
300.70397
300.70397
300.70396
300.70396
300.70396
300.70395
300.70395
300.70395
300.70394
300.70394
300.70394
300.70393
300.70393
300.70393
300.70392
300.70392
300.70392
300.70391
300.70391
300.70391
300.7039
300.7039
300.70389
300.70389
300.70389
300.70388
300.70388
300.70388
300.70387
300.70387
300.70387
300.70386
300.70386
300.70386
300.70385
300.70385
300.70385
300.70384
300.70384
300.70384
300.70384
300.70383
300.70383
300.70383
300.70382
300.70382
300.70382
300.70381
300.70381
300.7038
300.7038
300.7038
300.70379
300.70379
300.70379
300.70378
300.70378
300.70378
300.70378
300.70377
300.70377
300.70377
300.70376
300.70376
300.70375
300.70375
300.70375
300.70375
300.70374
300.70374
300.70374
300.70373
300.70373
300.70373
300.70373
300.70372
300.70372
300.70372
300.70372
300.70371
300.70371
300.70371
300.7037
300.7037
300.7037
300.70369
300.70369
300.70369
300.70368
300.70368
300.70368
300.70367
300.70367
300.70366
300.70366
300.70366
300.70366
300.70365
300.70365
300.70365
300.70364
300.70364
300.70364
300.70364
300.70363
300.70363
300.70363
300.70363
300.70362
300.70362
300.70362
300.70361
300.70361
300.70361
300.7036
300.7036
300.7036
300.7036
300.70359
300.70359
300.70359
300.70358
300.70358
300.70358
300.70358
300.70357
300.70357
300.70357
300.70356
300.70356
300.70356
300.70355
300.70355
300.70355
300.70355
300.70354
300.70354
300.70354
300.70353
300.70353
300.70353
300.70353
300.70352
300.70352
300.70352
300.70351
300.70351
300.70351
300.7035
300.7035
300.7035
300.7035
300.70349
300.70349
300.70349
300.70349
300.70348
300.70348
300.70348
300.70348
300.70347
300.70347
300.70347
300.70347
300.70346
300.70346
300.70346
300.70345
300.70345
300.70345
300.70345
300.70344
300.70344
300.70344
300.70343
300.70343
300.70343
300.70342
300.70342
300.70342
300.70342
300.70341
300.70341
300.70341
300.70341
300.7034
300.7034
300.7034
300.7034
300.70339
300.70339
300.70339
300.70339
300.70338
300.70338
300.70338
300.70337
300.70337
300.70337
300.70337
300.70336
300.70336
300.70336
300.70336
300.70336
300.70335
300.70335
300.70335
300.70335
300.70334
300.70334
300.70334
300.70334
300.70333
300.70333
300.70333
300.70332
300.70332
300.70332
300.70332
300.70331
300.70331
300.70331
300.70331
300.7033
300.7033
300.7033
300.7033
300.70329
300.70329
300.70329
300.70329
300.70328
300.70328
300.70328
300.70328
300.70327
300.70327
300.70327
300.70327
300.70326
300.70326
300.70326
300.70326
300.70325
300.70325
300.70325
300.70325
300.70324
300.70324
300.70324
300.70324
300.70324
300.70324
300.70323
300.70323
300.70323
300.70323
300.70322
300.70322
300.70322
300.70321
300.70321
300.70321
300.70321
300.7032
300.7032
300.7032
300.7032
300.7032
300.70319
300.70319
300.70319
300.70319
300.70319
300.70318
300.70318
300.70318
300.70318
300.70317
300.70317
300.70317
300.70317
300.70316
300.70316
300.70316
300.70316
300.70316
300.70315
300.70315
300.70315
300.70315
300.70314
300.70314
300.70314
300.70314
300.70313
300.70313
300.70313
300.70313
300.70313
300.70312
300.70312
300.70312
300.70312
300.70312
300.70311
300.70311
300.70311
300.70311
300.7031
300.7031
300.7031
300.7031
300.7031
300.70309
300.70309
300.70309
300.70309
300.70309
300.70308
300.70308
300.70308
300.70308
300.70307
300.70307
300.70307
300.70307
300.70307
300.70306
300.70306
300.70306
300.70306
300.70306
300.70306
300.70305
300.70305
300.70305
300.70305
300.70305
300.70305
300.70304
300.70304
300.70304
300.70304
300.70303
300.70303
300.70303
300.70303
300.70303
300.70302
300.70302
300.70302
300.70302
300.70302
300.70302
300.70302
300.70302
300.70301
300.70301
300.70301
300.70301
300.70301
300.70301
300.70301
300.70301
300.703
300.703
300.703
300.703
300.703
300.703
300.703
300.703
300.703
300.703
300.703
300.703
300.703
300.703
300.703
300.703
300.703
300.703
300.703
300.703
300.703
300.703
300.703
300.70301
300.70301
300.70301
300.70301
300.70301
300.70302
300.70302
300.70302
300.70303
300.70303
300.70303
300.70304
300.70304
300.70305
300.70305
300.70306
300.70307
300.70307
300.70308
300.70309
300.70309
300.7031
300.70311
300.70312
300.70313
300.70314
300.70315
300.70316
300.70317
300.70319
300.7032
300.70322
300.70323
300.70325
300.70327
300.70329
300.70331
300.70333
300.70335
300.70337
300.70339
300.70342
300.70345
300.70348
300.70351
300.70354
300.70357
300.70361
300.70364
300.70368
300.70372
300.70376
300.70381
300.70385
300.7039
300.70395
300.70401
300.70406
300.70412
300.70419
300.70425
300.70432
300.7044
300.70447
300.70455
300.70463
300.70472
300.70481
300.70491
300.70501
300.70511
300.70522
300.70534
300.70546
300.70558
300.70572
300.70586
300.706
300.70615
300.70631
300.70648
300.70665
300.70684
300.70703
300.70723
300.70744
300.70766
300.70788
300.70812
300.70837
300.70863
300.70891
300.70919
300.70949
300.7098
300.71012
300.71046
300.71082
300.71119
300.71157
300.71198
300.7124
300.71284
300.7133
300.71379
300.71429
300.71481
300.71536
300.71593
300.71652
300.71714
300.71779
300.71847
300.71918
300.71991
300.72068
300.72148
300.72231
300.72318
300.72409
300.72504
300.72602
300.72705
300.72813
300.72924
300.73041
300.73162
300.73288
300.7342
300.73557
300.737
300.73849
300.74004
300.74165
300.74333
300.74508
300.7469
300.74879
300.75076
300.75281
300.75495
300.75717
300.75948
300.76189
300.76439
300.76699
300.7697
300.77252
300.77545
300.7785
300.78166
300.78495
300.78838
300.79193
300.79563
300.79947
300.80346
300.80761
300.81191
300.81639
300.82104
300.82586
300.83088
300.83608
300.84149
300.8471
300.85292
300.85896
300.86523
300.87174
300.87849
300.88549
300.89276
300.90029
300.9081
300.9162
300.9246
300.9333
300.94233
300.95168
300.96136
300.9714
300.98179
300.99256
301.0037
301.01524
301.02719
301.03956
301.05235
301.06559
301.07929
301.09345
301.1081
301.12325
301.13891
301.15509
301.17181
301.18908
301.20692
301.22535
301.24437
301.264
301.28426
301.30517
301.32673
301.34897
301.37189
301.39552
301.41987
301.44494
301.47077
301.49736
301.52473
301.55289
301.58186
301.61165
301.64227
301.67374
301.70607
301.73927
301.77336
301.80834
301.84422
301.88102
301.91875
301.9574
301.997
302.03754
302.07903
302.12148
302.16489
302.20926
302.25459
302.30089
302.34815
302.39636
302.44554
302.49566
302.54673
302.59873
302.65166
302.70551
302.76025
302.81588
302.87239
302.92975
302.98794
303.04696
303.10676
303.16734
303.22865
303.29069
303.35342
303.4168
303.48082
303.54543
303.6106
303.6763
303.7425
303.80914
303.87621
303.94366
304.01144
304.07952
304.14786
304.21642
304.28515
304.35401
304.42296
304.49195
304.56095
304.62991
304.69879
304.76754
304.83613
304.90451
304.97264
305.04048
305.108
305.17515
305.2419
305.30821
305.37404
305.43937
305.50415
305.56836
305.63197
305.69494
305.75725
305.81888
305.87979
305.93996
305.99937
306.05801
306.11585
306.17287
306.22906
306.2844
306.33888
306.3925
306.44522
306.49706
306.548
306.59803
306.64716
306.69536
306.74265
306.78902
306.83448
306.87901
306.92263
306.96533
307.00712
307.04801
307.088
307.12709
307.16529
307.20261
307.23906
307.27465
307.30939
307.34328
307.37634
307.40857
307.44
307.47063
307.50047
307.52953
307.55784
307.58539
307.61221
307.6383
307.66369
307.68837
307.71238
307.73571
307.75839
307.78043
307.80184
307.82263
307.84283
307.86243
307.88146
307.89993
307.91785
307.93523
307.95209
307.96844
307.9843
307.99967
308.01457
308.02901
308.043
308.05656
308.06969
308.0824
308.09472
308.10664
308.11819
308.12936
308.14017
308.15064
308.16076
308.17055
308.18003
308.18919
308.19805
308.20662
308.2149
308.22291
308.23065
308.23813
308.24536
308.25234
308.25909
308.26561
308.27191
308.27799
308.28386
308.28953
308.29501
308.30029
308.3054
308.31032
308.31508
308.31966
308.32409
308.32836
308.33248
308.33646
308.34029
308.34399
308.34756
308.35099
308.35431
308.35751
308.36059
308.36356
308.36642
308.36918
308.37184
308.37441
308.37688
308.37926
308.38155
308.38376
308.38589
308.38793
308.38991
308.39181
308.39364
308.3954
308.39709
308.39873
308.4003
308.40181
308.40327
308.40467
308.40602
308.40732
308.40857
308.40977
308.41093
308.41204
308.41311
308.41414
308.41513
308.41608
308.417
308.41788
308.41873
308.41954
308.42033
308.42108
308.4218
308.4225
308.42317
308.42381
308.42443
308.42502
308.42559
308.42614
308.42667
308.42718
308.42767
308.42814
308.42859
308.42902
308.42943
308.42983
308.43021
308.43058
308.43093
308.43127
308.43159
308.43191
308.43221
308.4325
308.43278
308.43304
308.4333
308.43354
308.43378
308.43401
308.43422
308.43443
308.43463
308.43483
308.43501
308.43519
308.43536
308.43552
308.43568
308.43583
308.43598
308.43611
308.43625
308.43637
308.4365
308.43662
308.43673
308.43684
308.43695
308.43705
308.43715
308.43724
308.43733
308.43741
308.43749
308.43757
308.43765
308.43772
308.43779
308.43786
308.43792
308.43799
308.43805
308.43811
308.43816
308.43821
308.43826
308.43831
308.43836
308.4384
308.43845
308.43849
308.43853
308.43857
308.43861
308.43864
308.43868
308.43871
308.43875
308.43878
308.43881
308.43884
308.43887
308.4389
308.43892
308.43895
308.43897
308.439
308.43902
308.43904
308.43906
308.43908
308.4391
308.43912
308.43914
308.43916
308.43918
308.4392
308.43921
308.43923
308.43925
308.43927
308.43928
308.4393
308.43931
308.43933
308.43934
308.43935
308.43937
308.43938
308.43939
308.43941
308.43942
308.43943
308.43945
308.43946
308.43947
308.43948
308.43949
308.4395
308.43951
308.43952
308.43953
308.43954
308.43955
308.43956
308.43957
308.43958
308.43959
308.4396
308.43962
308.43963
308.43964
308.43965
308.43966
308.43967
308.43968
308.43968
308.43969
308.4397
308.43971
308.43972
308.43973
308.43974
308.43974
308.43975
308.43976
308.43977
308.43978
308.43979
308.4398
308.4398
308.43981
308.43982
308.43983
308.43984
308.43985
308.43986
308.43986
308.43987
308.43988
308.43989
308.43989
308.4399
308.43991
308.43992
308.43993
308.43993
308.43994
308.43995
308.43996
308.43997
308.43997
308.43998
308.43999
308.44
308.44
308.44001
308.44002
308.44002
308.44003
308.44004
308.44005
308.44005
308.44006
308.44007
308.44008
308.44009
308.44009
308.4401
308.44011
308.44011
308.44012
308.44013
308.44013
308.44014
308.44015
308.44015
308.44016
308.44016
308.44017
308.44018
308.44018
308.44019
308.4402
308.44021
308.44021
308.44022
308.44022
308.44023
308.44024
308.44024
308.44025
308.44025
308.44026
308.44026
308.44027
308.44028
308.44028
308.44029
308.44029
308.4403
308.44031
308.44031
308.44032
308.44032
308.44033
308.44033
308.44034
308.44035
308.44035
308.44036
308.44036
308.44037
308.44037
308.44037
308.44038
308.44039
308.44039
308.4404
308.4404
308.44041
308.44041
308.44042
308.44042
308.44043
308.44043
308.44044
308.44044
308.44045
308.44045
308.44046
308.44046
308.44047
308.44047
308.44047
308.44048
308.44048
308.44048
308.44049
308.44049
308.4405
308.4405
308.4405
308.44051
308.44051
308.44052
308.44053
308.44053
308.44054
308.44054
308.44054
308.44054
308.44054
308.44055
308.44055
308.44056
308.44056
308.44057
308.44057
308.44058
308.44058
308.44058
308.44058
308.44059
308.44059
308.44059
308.4406
308.4406
308.44061
308.44061
308.44062
308.44062
308.44062
308.44062
308.44062
308.44063
308.44063
308.44063
308.44064
308.44064
308.44065
308.44065
308.44066
308.44066
308.44066
308.44066
308.44066
308.44066
308.44067
308.44067
308.44067
308.44068
308.44068
308.44069
308.44069
308.44069
308.44069
308.4407
308.4407
308.4407
308.4407
308.44071
308.44071
308.44071
308.44072
308.44072
308.44072
308.44073
308.44073
308.44073
308.44073
308.44074
308.44074
308.44074
308.44074
308.44074
308.44075
308.44075
308.44075
308.44075
308.44075
308.44075
308.44076
308.44076
308.44076
308.44077
308.44078
308.44078
308.44078
308.44078
308.44078
308.44079
308.44079
308.44079
308.44079
308.44079
308.44079
308.4408
308.4408
308.4408
308.4408
308.44081
308.44081
308.44081
308.44081
308.44082
308.44082
308.44082
308.44082
308.44083
308.44083
308.44083
308.44083
308.44083
308.44083
308.44084
308.44084
308.44084
308.44084
308.44084
308.44085
308.44085
308.44085
308.44085
308.44085
308.44086
308.44086
308.44086
308.44086
308.44086
308.44086
308.44087
308.44087
308.44087
308.44087
308.44087
308.44087
308.44088
308.44088
308.44088
308.44088
308.44088
308.44088
308.44089
308.44089
308.44089
308.44089
308.44089
308.44089
308.4409
308.4409
308.4409
308.4409
308.4409
308.4409
308.4409
308.44091
308.44091
308.44091
308.44091
308.44091
308.44091
308.44091
308.44092
308.44092
308.44092
308.44092
308.44092
308.44092
308.44092
308.44092
308.44093
308.44093
308.44093
308.44093
308.44093
308.44093
308.44093
308.44093
308.44094
308.44094
308.44094
308.44094
308.44094
308.44094
308.44094
308.44094
308.44094
308.44095
308.44095
308.44095
308.44095
308.44095
308.44095
308.44095
308.44095
308.44095
308.44096
308.44096
308.44096
308.44096
308.44096
308.44096
308.44096
308.44096
308.44096
308.44096
308.44097
308.44097
308.44097
308.44097
308.44097
308.44097
308.44097
308.44097
308.44097
308.44097
308.44097
308.44097
308.44097
308.44098
308.44098
308.44098
308.44098
308.44098
308.44098
308.44098
308.44098
308.44098
308.44098
308.44098
308.44098
308.44098
308.44098
308.44098
308.44098
308.44098
308.44098
308.44098
308.44098
308.44098
308.44098
308.44098
308.44098
308.44098
308.44098
308.44098
308.44098
308.44098
308.44098
308.44098
308.44098
308.44098
308.44098
308.44098
308.44098
308.44098
308.44097
308.44097
308.44097
308.44097
308.44097
308.44097
308.44096
308.44096
308.44096
308.44096
308.44095
308.44095
308.44095
308.44094
308.44094
308.44094
308.44093
308.44093
308.44093
308.44092
308.44092
308.44091
308.44091
308.4409
308.4409
308.44089
308.44089
308.44088
308.44088
308.44087
308.44086
308.44085
308.44085
308.44084
308.44083
308.44083
308.44082
308.44081
308.4408
308.4408
308.44079
308.44078
308.44077
308.44077
308.44076
308.44075
308.44074
308.44074
308.44073
308.44072
308.44072
308.44071
308.4407
308.4407
308.44069
308.44069
308.44068
308.44068
308.44067
308.44067
308.44066
308.44066
308.44066
308.44066
308.44064
308.44065
308.44069
)
;

boundaryField
{
    leftSide
    {
        type            zeroGradient;
    }
    rightSide
    {
        type            zeroGradient;
    }
    emptywalls
    {
        type            empty;
    }
}


// ************************************************************************* //
