/*--------------------------------*- C++ -*----------------------------------*\
| =========                 |                                                 |
| \\      /  F ield         | OpenFOAM: The Open Source CFD Toolbox           |
|  \\    /   O peration     | Version:  4.x                                   |
|   \\  /    A nd           | Web:      www.OpenFOAM.org                      |
|    \\/     M anipulation  |                                                 |
\*---------------------------------------------------------------------------*/
FoamFile
{
    version     2.0;
    format      ascii;
    class       volScalarField;
    location    "0.02";
    object      T;
}
// * * * * * * * * * * * * * * * * * * * * * * * * * * * * * * * * * * * * * //

dimensions      [0 0 0 1 0 0 0];

internalField   nonuniform List<scalar> 
6279
(
300.0001337
299.9990685
300.0003961
299.9998919
300.0022939
300.0026402
300.0038351
300.0056208
300.0027529
300.0000556
299.9985571
300.0006581
299.9983599
299.9975889
299.997206
300.0005614
300.0009758
299.9994655
299.9991687
299.9989795
299.9986806
299.9988163
299.9990393
300.0003318
299.998664
299.9984379
299.9974514
299.9984181
299.9984675
299.9984803
299.997988
299.9979311
299.9984975
299.9972191
299.9965686
299.9972456
299.9997343
300.0011875
299.9999822
299.999263
299.9986575
299.9990265
299.9980001
299.9978995
299.9990592
299.9973499
299.9972389
299.9960411
299.9985443
299.9995187
300.0007951
299.9994226
300.0026207
300.0034244
300.0043901
300.0068364
300.0041106
300.0015065
299.9994421
300.0022694
299.997736
299.9981026
299.9989847
300.0012417
300.0017329
300.0012947
299.9994556
299.999276
299.9995018
299.9987702
299.9988847
300.0005265
299.9979816
299.9985114
299.9977914
299.9976657
299.9990076
299.9996164
299.9983267
299.9985079
299.9991989
299.9978667
299.9975128
299.9974091
299.9983822
299.9998964
299.9973635
299.9973936
299.9978595
299.9980913
299.9972755
299.9983968
299.9994092
299.9970265
299.9959646
299.996122
300.0002561
299.9992069
300.0002051
299.9984275
300.0020798
300.0028972
300.0038817
300.0050773
300.0042469
300.0045997
300.0024631
300.0029783
299.9986237
299.9983234
299.9985524
299.9997539
300.0014788
300.0015413
300.0002289
300.0000221
299.9995039
299.9983908
299.9983707
299.9993932
299.9977882
299.9991322
299.9983469
299.9993292
300.0012995
300.0013983
300.0005002
300.0002056
299.9996888
299.9981183
299.9983572
299.9989974
299.9980724
299.9994851
299.9977226
299.9994712
300.0002144
300.0001024
299.9995413
300.0007427
300.0008537
299.9980462
299.9974977
299.9986454
300.0007145
299.9988431
299.9987563
299.9978007
300.0009547
300.0019545
300.0036793
300.0033677
300.0028129
300.0044252
300.0024943
300.0021746
299.9995942
299.9977559
299.9979875
299.9997959
300.0015807
300.0017334
300.0016717
300.0004627
299.9989061
299.9981899
299.9986154
299.9990672
299.9979893
299.998911
299.9990197
300.001547
300.0029677
300.0027625
300.0021417
300.0004282
299.9989732
299.9974695
299.9988559
300.0000231
299.9982857
299.9997868
300.0001052
300.0032068
300.0039797
300.0034791
300.0018194
300.0009729
300.00011
299.9983611
299.9995365
299.9992441
299.9993175
299.9955479
299.996147
299.9984513
300.0012603
300.0024848
300.0045959
300.0039704
300.0032841
300.0048014
300.0028429
300.0016946
299.9991052
299.9973099
299.9987215
300.0009403
300.0022551
300.0027349
300.0029006
300.000896
299.9994934
299.9995846
300.0002702
299.9996995
299.9992042
300.0001704
300.0009875
300.0027888
300.0031966
300.0029974
300.0020029
300.0000323
299.9988422
299.9978345
299.9990819
299.9996721
300.0000248
300.0020385
300.0028594
300.0041842
300.0045621
300.0042463
300.0022289
300.0008561
299.9992108
299.9985418
299.9995007
300.0004614
299.9952503
299.9953447
299.9987283
300.0019322
300.0028595
300.0032062
300.0044137
300.0052339
300.0045338
300.0054409
300.0049607
300.0034063
299.997315
299.9972216
300.0010584
300.0024786
300.0028264
300.0031411
300.003566
300.0026379
300.0023204
300.0032382
300.0034624
300.0026721
299.9985677
300.0000604
300.0017751
300.0027425
300.0026995
300.0025426
300.001966
300.0008812
300.0003298
300.000094
300.0000371
300.0002654
300.000218
300.0026669
300.002984
300.0034325
300.0037813
300.0037031
300.0022088
300.0010119
299.999789
300.0000887
300.0002466
300.0004182
299.9938832
299.9948128
299.9991066
300.0026406
300.0028819
300.0026569
300.0036094
300.0051743
300.004405
300.0046274
300.0048896
300.0038371
299.9969808
299.9979724
300.0006279
300.0021591
300.0023771
300.0018317
300.0015132
300.0012532
300.0010335
300.0007923
300.0005007
300.00053
299.9999221
300.0001698
300.0014833
300.0021217
300.0015391
300.0008168
299.9998374
299.9999362
300.0001583
299.9995029
299.9986323
299.9983729
300.0019999
300.002755
300.0027082
300.0020436
300.0024045
300.0016448
300.0000669
300.000638
300.0004294
299.9995855
299.998241
299.9986173
299.9960263
299.9968413
299.9982771
300.0023746
300.0026161
300.0017896
300.0011408
300.0023202
300.0024191
300.0030433
300.0033435
300.0015316
299.9981287
299.997968
299.9988416
300.0009549
300.0005811
299.9990938
299.9984845
299.9998802
300.0002423
299.9992432
299.9989121
299.9991848
300.0006431
300.0006588
300.0008928
300.0008244
300.000693
299.9995767
299.9982368
299.9998183
300.0003263
299.9981913
299.9966844
299.9974464
300.0025859
300.002536
300.0015527
300.0013647
300.0017616
300.0001446
299.9994107
300.0012781
300.0004528
299.9980522
299.9968495
299.9963207
299.9978591
299.9982763
299.9984191
300.0015355
300.0008169
299.9972365
299.9984691
300.0005222
300.0000955
300.0003858
299.9990157
299.9949057
299.9984026
299.9987108
299.9978864
299.9987449
299.9990179
299.9974732
299.9970894
299.9993612
300.0001621
299.9982818
299.9974396
299.9969731
300.0018824
300.0009517
299.9995906
299.9992472
299.9996894
299.9989864
299.9983506
300.0005784
300.0005898
299.9974926
299.9970102
299.997291
300.003085
300.0019323
300.0004532
300.0009922
300.0005887
299.9993304
300.0000724
300.0027553
300.000712
299.9972455
299.9962426
299.9969212
299.9993623
299.9982696
299.9980907
299.9986617
299.9997658
299.9963608
299.9973704
300.0003747
299.9994006
299.9976047
299.9952189
299.9948675
300.0008977
299.9991763
299.9978725
299.9978887
299.9990557
299.9977682
299.9976464
299.9999791
299.9998109
299.9979693
299.99754
299.9978924
300.0026168
300.0009999
300.0006154
299.9998966
299.9999655
299.9994837
299.9998191
300.0019144
299.9998111
299.9968759
299.9969242
299.9982338
300.0030346
300.0010432
300.0007002
300.0011964
300.0001641
299.9996618
300.001421
300.0029872
299.999305
299.996866
299.9967597
299.9976065
299.9976822
299.9986729
299.9982241
299.9969321
299.9972056
299.9945436
299.9958042
299.9988896
299.9990522
299.9965597
299.9945532
299.997413
300.002241
300.0006635
299.9975668
299.9973868
299.9978571
299.9950016
299.9964065
299.9990662
299.9989179
299.9971702
299.9959787
299.9959169
300.0015366
299.9998981
299.9987562
299.9984274
299.9991022
299.9984057
299.9983836
299.9999322
299.9988015
299.9976052
299.9978587
299.998987
300.002252
300.0016713
300.0006911
300.0007211
300.0000897
299.9997518
300.0008416
300.0014903
299.9983314
299.99731
299.9979708
299.9992246
300.0017272
300.0001337
300.0011275
300.0006685
299.9991927
299.9990468
300.0012018
300.0013734
299.9988548
299.997469
299.9978354
299.9981028
299.9965094
299.9978022
299.9992133
299.9969973
299.9961242
299.9949753
299.9957128
299.9975749
299.9963629
299.9953719
299.9951547
299.9963742
300.0006606
300.0008777
299.9986651
299.9977839
299.9980632
299.9964308
299.9974618
299.9996222
299.9983659
299.997267
299.9966042
299.99678
300.0002323
300.0005234
299.9992879
299.9994141
299.9993332
299.9988768
299.9996727
300.0003704
299.9987811
299.9979372
299.9986537
299.9996183
300.000316
300.0012061
300.0006033
300.0005373
299.9996742
299.9995596
300.0006809
300.0003338
299.9985331
299.9981889
299.9982543
299.998337
300.0006239
300.000348
300.0006762
299.9998349
299.9992846
299.9994482
299.9999891
300.0000051
299.9995054
299.9997097
299.9987693
299.998394
299.9985508
300.0027915
300.0020539
300.0008793
300.0032251
300.0019111
300.0023127
300.0013116
300.0058546
299.9988605
299.9999132
299.9990793
300.0046333
300.0001286
300.00085
299.9987025
300.0071763
300.001897
300.0014805
299.998056
300.0058161
300.0032892
300.0058534
300.0014208
299.9962324
299.9997311
299.9997397
299.9981991
300.0015233
300.0006389
299.9995806
299.9987282
300.0045679
299.999709
299.9986897
299.9986779
300.0043513
299.9991998
300.0003201
299.9991799
300.0065903
300.0016706
300.0015513
299.9991827
300.0068449
300.0015995
300.0043621
300.0034145
299.9983865
299.9989
299.9992356
299.9994366
300.0001723
299.998635
299.9980794
299.9995683
300.0019882
299.998277
299.9989532
299.9997565
300.0022139
299.9981707
299.9997656
300.0003367
300.0011854
299.9998003
299.9994978
300.0000015
300.0043272
299.9989403
300.0008389
300.0029184
299.9999078
299.9988213
299.9993633
299.9998407
299.998121
299.9982497
299.9986569
299.9996723
299.998967
299.9982843
299.9996789
300.0008885
300.0006679
299.9983247
300.0000905
300.0019682
299.999718
299.9979956
299.9989993
300.0005573
300.002357
299.9975996
300.0003024
300.0020631
299.9981944
299.9989141
300.0010361
300.0013277
299.996997
299.9987934
300.0006462
300.0007928
299.9968699
299.9985726
300.0012079
300.0027168
299.9994272
299.999513
300.0011367
300.0029994
300.0004724
299.9983134
300.0000817
300.0011345
300.0025297
299.9981182
300.0003145
300.0027195
299.9952047
299.9970716
299.9993009
300.0023758
299.9967306
299.9980467
300.000444
300.0028526
299.9976918
299.9990929
300.0012217
300.0031679
299.9996225
300.0007053
300.0026963
300.0035915
300.0013216
299.999723
300.0014907
300.0023597
299.9998989
299.9985908
299.9995982
300.0005381
300.0017312
300.0028548
300.0023673
300.0023327
300.0036056
300.0043639
300.0023422
300.0000821
300.0037047
300.007033
300.0048852
299.9998632
300.0028613
300.0023916
300.0014992
300.0022663
300.0019661
300.0007529
299.999471
299.9943659
299.9940265
300.0017987
300.002756
300.0020378
300.0016279
300.0005902
300.0006628
300.0017021
300.0005081
300.0003135
300.0019829
299.9982967
299.9933089
299.9978604
299.9978521
300.000248
300.0009831
299.999592
299.9992342
299.9996683
300.0005371
300.0014357
300.0045582
300.0061012
300.0029436
300.0035054
300.001332
300.0009612
299.9981092
299.9991498
300.0000445
300.0003909
300.0025376
300.0030893
300.0028801
300.0023601
300.0005038
300.0007847
300.0001475
300.0004447
299.9955892
299.9971543
299.9997129
300.000782
300.0025813
300.0036804
300.0036674
300.000236
299.9968172
299.9960756
299.9966448
299.998683
299.9991766
300.0001537
299.9982789
299.9991649
300.000202
300.0014769
300.0012577
300.0007504
300.0027306
300.0025399
300.0025659
300.0022813
300.0007823
300.0005471
299.9977069
299.9985798
299.999361
299.9993687
299.9983813
299.9959271
299.9964274
299.9990321
300.0000747
300.0012443
300.0013367
300.0000531
299.9973166
299.9986553
299.9988766
299.9990467
300.0002425
299.9987968
299.9960331
299.9989464
299.9986484
300.0009684
300.0003167
299.9983285
299.9970338
299.9992707
300.0005673
300.0001253
300.0029997
300.0047492
300.0009997
300.0011592
299.9993385
300.0004338
299.999094
300.0000268
299.9988493
299.9998652
300.0031546
300.0014372
300.0011939
300.0021514
299.9993379
299.9993111
299.9992034
299.9999948
299.9975859
299.9988093
300.0002243
299.9999432
300.0056363
300.0052735
300.0018295
299.999949
299.9964673
299.9963736
299.9971417
299.9981552
299.9988964
299.9993239
299.9982519
300.0001379
300.0014116
300.0010518
299.9994667
299.9997646
300.0010866
299.9989432
300.0007534
300.0014658
299.9994108
299.9989551
299.9971868
299.9983844
299.9996496
299.9985473
299.9979338
299.9986438
299.9999097
299.9992736
299.9990898
300.000021
299.9993574
299.9981666
299.996037
299.998068
299.9993273
299.9978771
299.998602
299.9995043
299.9982234
299.998913
299.9993066
300.0015942
300.0000321
299.9990488
299.9967128
299.999501
300.0006815
299.9974409
299.9982799
300.0001054
299.9987151
299.9993459
299.9993962
300.0008854
299.9983272
299.9999213
299.9988717
299.9998024
300.0028896
299.9991692
299.9983364
300.00034
299.9991475
299.9987259
299.9980903
299.9980463
299.9995148
300.000841
300.0021878
300.0001381
300.0048867
300.0036954
299.9996454
299.9997043
299.9972073
299.9973659
299.9993014
299.9990052
299.9987522
300.0000571
300.0003287
300.0022408
300.0027635
300.0015438
299.9998462
299.9996228
299.9989802
299.9994085
299.9993891
299.9995905
299.9984869
299.9991794
299.9987678
299.9996858
300.0000311
299.9990501
299.9994458
300.0002278
299.999026
299.9998367
299.9988174
299.9987704
299.9998657
299.9994919
299.9981102
299.9988094
299.9991045
299.9975448
299.9985687
300.0001118
299.9991301
299.9999446
299.9998514
300.0009259
299.999942
299.9995964
299.9985164
299.9997086
300.0006042
299.9976317
299.9978657
300.0002862
299.9999339
299.9997065
299.9990672
299.99979
299.9984634
300.0000585
300.0007595
300.0001465
300.0012697
299.9980084
299.9976033
299.9994786
299.9989764
299.9988103
299.9986861
299.9979308
299.9987733
299.9998845
300.002276
299.9999395
300.0023103
300.0017072
299.9992111
299.9996307
299.9990048
299.9984047
299.9987651
299.998007
300.0006778
300.0022354
300.0018246
300.0021807
300.0031109
300.0027148
300.0009156
299.9999613
299.9979932
299.9999212
299.9996049
299.9993284
300.0008386
300.0016274
300.0004597
300.0003055
300.0006026
299.9995605
299.9992566
300.0001576
299.9987946
299.9999664
299.9980371
299.9969139
300.0024633
300.001417
299.9989161
299.9988796
299.9988476
299.9977547
299.9991507
300.0016842
300.0011161
299.9996428
299.9987587
299.9985542
300.0016021
300.0003363
299.9992607
299.9994789
299.9995913
299.9978011
299.9987422
300.00106
300.0005506
299.9994738
299.9987465
299.9982346
299.9984255
299.9992433
300.0012299
300.0003497
300.0006611
299.9983587
299.9982958
299.9998746
299.9995349
299.9988031
299.997707
299.9973535
300.0005704
300.0002205
300.0022976
300.000125
300.0008512
300.0004318
299.9993948
300.0000792
299.99979
300.0002802
299.999824
299.9997635
300.0028409
300.0027222
300.0019999
300.0024202
300.0029939
300.0020538
300.0005757
300.0009833
300.0001184
299.9999379
299.9986483
299.9986562
300.0030351
300.0021774
300.0017741
300.0019568
300.0012021
299.9997341
299.9999005
300.0019434
300.0004939
299.9983454
299.9972827
299.9964841
300.0026218
300.0012922
300.0011536
300.0006848
299.9986062
299.9983755
300.0004363
300.0026914
300.0007202
299.9976617
299.9963451
299.9970713
300.0009313
300.0006441
300.0010182
299.9993768
299.9986127
299.9986809
300.0008023
300.0020035
300.0000496
299.9983523
299.9974684
299.9975067
299.9992631
299.9998641
300.0012812
299.9996509
299.9988474
299.998423
299.99957
300.0000555
299.9997316
299.9990121
299.9975045
299.9991004
299.999513
299.9994645
300.0005836
299.9995423
299.9996794
299.9998826
299.9993448
299.9998389
299.9996314
299.9999233
299.9997751
300.0002153
299.9972771
299.9991605
300.0015264
300.0003594
300.0014712
300.0024496
300.0031916
300.0003157
300.0020199
300.0009603
300.0021746
300.0025382
300.0046386
300.0017218
300.0035271
300.0028275
300.000518
300.0005316
300.0030393
300.002709
299.9965518
299.9984141
300.0005038
300.0005713
299.9992256
299.9994778
299.9994796
300.0004167
300.0001942
300.0003186
299.9996185
300.0008659
300.00192
300.0005595
300.0011211
300.0020388
300.0012231
299.9987893
300.0006612
300.0027082
300.0000028
300.0002686
300.002143
300.0018051
299.9979813
299.9991612
299.9992606
299.9988757
299.9983627
299.9982314
299.9977126
300.0017883
299.9992256
299.9984314
299.9987091
300.0006587
300.0009252
299.9990471
299.9998079
300.0015165
300.0000188
299.9997601
300.0009147
300.0021059
299.9984682
299.9993197
299.9989061
299.9974913
299.9992972
299.9995018
300.0000164
299.9981843
299.9987429
299.9981295
299.9988088
300.0006459
299.9977304
299.9970948
299.9994106
299.9981549
299.9997349
299.9995215
300.0006362
299.9997787
299.9976276
299.9981238
299.9995428
299.9983183
299.9990806
299.9995516
299.998134
299.9959254
299.9972339
299.9983234
300.0007298
299.9974356
299.9991336
299.998166
299.9994453
300.0003386
299.9964596
299.997742
299.9991943
299.9956846
299.9966967
299.9990286
300.0000383
299.9965298
299.9975181
299.9981992
299.9997373
299.9970134
299.9985296
299.9993784
299.9989687
299.9962023
299.9967816
299.9979594
300.0005869
299.9981935
299.9982344
299.9987521
300.0011326
300.0024899
299.9958872
299.9982157
299.9990576
299.997164
299.9973753
299.9979522
299.9979367
299.9940152
299.9974681
299.9987779
299.9992259
299.9953261
299.997494
299.9985243
299.9991653
299.9960087
299.9971325
299.9979856
299.9992866
299.9966664
300.0004694
300.0007726
300.0015001
299.9998768
300.0003771
299.9990013
300.0006664
300.0012466
300.0011235
300.0015709
300.0006459
300.0006334
299.9995814
300.0000444
300.0013502
299.9993839
299.999328
299.9985776
299.9990763
300.0008539
300.0026388
300.0014987
299.9998331
300.0004271
300.0007526
300.0015815
300.0011518
300.0020455
300.0020051
299.9987018
299.9987677
300.0020437
300.0037055
300.0030907
300.0007481
300.0005161
300.0001773
299.9993882
300.0011043
300.0035091
300.0030867
299.9995832
299.999794
300.002134
300.0022555
300.0025531
300.0012166
300.0000723
300.0007238
300.0011769
300.0025977
300.0038842
300.004039
300.0016484
300.0006636
300.0015237
300.0008514
300.0010004
299.9996811
299.9992902
299.9997047
299.9996814
299.9992276
299.9996266
300.0019473
299.9998752
299.9984244
300.0005479
300.0002507
299.9986855
299.9986235
299.9985313
299.9989588
299.9986946
299.9979352
299.9972677
299.997847
299.9964733
299.9979846
299.9994329
299.9985668
299.9974469
299.997716
299.9988184
299.9987994
299.9981349
299.9989241
299.9966898
299.9957569
299.9950213
299.9961711
299.9977886
299.9964738
299.9954905
299.995673
299.9969827
300.0018196
300.0007504
299.999548
299.9986926
299.9989365
299.9970819
299.9982391
299.9995768
299.9983216
299.997232
299.9968934
299.9977189
300.0005402
300.0004454
299.9994557
299.9994989
299.9995628
299.9994365
300.0004748
300.000364
299.9986885
299.9982974
299.9990783
299.9992457
300.0009674
300.0012003
300.0005301
300.0001431
299.9994085
299.9998215
300.0007801
300.0003541
299.9985773
299.998585
299.9983269
299.9977066
300.001561
300.0006366
300.000757
299.999989
299.9992504
299.9997622
299.9998989
300.0000077
299.999474
299.9997228
299.9991924
299.9988951
300.0016491
300.0013147
300.0017151
300.0002266
300.0003411
299.9994003
300.0001982
300.0007824
300.0011476
300.0011749
300.000244
300.0000555
300.0008008
300.000546
300.001173
299.9996573
299.9995559
299.9986613
299.9993012
300.0012781
300.002351
300.0014556
300.0001868
299.9999204
300.0011227
300.0006917
300.0008495
300.0016264
300.0015668
299.9985611
299.9990757
300.0019336
300.0027294
300.0026364
300.0006315
300.0001632
299.9996285
299.9996225
300.0007338
300.002678
300.0030989
299.9998818
300.0002434
300.002121
300.0019953
300.0020036
300.0008284
299.9995106
300.0000531
300.0004456
300.001252
300.0027517
300.0037732
300.0010809
300.0002437
300.0015418
300.0013484
300.000323
299.9997855
299.9988258
300.0003211
299.9992685
299.9990161
299.9995961
300.0015229
299.9997223
299.9993935
300.0012556
300.0006631
299.999146
299.9982936
299.998619
300.0001079
299.9990427
299.9975073
299.996999
299.9976854
299.9965791
299.9982463
299.9993467
299.9985199
299.9976135
299.9983178
299.9988559
299.9990969
299.9981487
299.9984323
299.9961883
299.9961517
299.9954833
299.9962445
299.9974481
299.9961886
299.9948464
299.9946371
299.9968841
300.0023595
300.0012038
299.9996858
299.9986518
299.9984172
299.9972091
299.9986982
299.9996814
299.9983966
299.9973688
299.9975981
299.9985858
300.0002916
300.0006943
299.9998978
299.9996885
299.9993899
299.9995442
300.0004595
299.9999612
299.998251
299.9975961
299.9988061
299.9992572
300.0011582
300.0008912
300.000726
300.0002067
299.9996297
300.0002559
300.0007801
299.9998037
299.9986052
299.9981117
299.9984932
299.9992244
299.9997657
299.9999126
300.0007259
300.0002975
299.9994233
300.0001635
299.9999257
299.9999494
299.9994217
299.9995126
300.0006175
300.001211
299.9989594
299.9998883
300.0004508
299.9999478
299.9996355
299.9993706
300.000393
300.0006932
300.0012727
300.0011981
300.0004195
299.998554
300.00041
300.0005879
300.0005366
300.0005273
300.0001162
299.9987238
299.9997626
300.0014539
300.0021344
300.0010307
300.0001458
299.9993183
300.0008279
300.0005219
300.0004711
300.0013718
300.0010045
299.9987244
299.9993064
300.0017795
300.0021294
300.0018462
300.0004678
299.999585
300.00001
299.9994941
300.0004141
300.0027717
300.0030581
300.0003955
300.0002381
300.0017797
300.0021778
300.0013698
300.0000318
299.9991524
300.000025
300.0002862
300.0006901
300.0028608
300.0037135
300.0010847
300.0001211
300.0011285
300.001529
300.0002245
299.9991413
299.9987385
299.9997692
299.9997308
299.9986172
299.9995677
300.0014542
299.9998194
300.0000623
300.0015106
300.0007633
299.9993043
299.9981861
299.9978827
300.0002728
299.9990533
299.997305
299.9975282
299.9975592
299.9969431
299.9983425
299.9994523
299.9987721
299.9971391
299.9980565
299.9985373
299.9990638
299.9979335
299.9973676
299.9962263
299.9960616
299.9954625
299.9964831
299.99755
299.996152
299.9948618
299.9940276
299.9964382
300.0017267
300.0012227
299.9996945
299.9981864
299.998328
299.9977241
299.9993091
299.9998909
299.9986926
299.9977226
299.9978715
299.9989115
300.000911
300.0009396
300.000066
299.9997271
299.9994556
299.9997136
300.0005943
299.9998123
299.9983507
299.9980737
299.997911
299.9991973
300.0011019
300.0010139
300.0008688
300.0003748
299.9994708
300.0001375
300.0007704
299.9992775
299.9988471
299.9980784
299.9991444
299.999549
299.9987696
299.9999043
300.0008388
300.000021
299.9996274
299.9999071
299.9999723
299.9996078
299.9997021
299.9996893
300.0007034
300.0013307
299.9997025
300.0001387
300.0000381
299.9991935
299.9997706
299.9997336
300.00016
300.001134
300.0016428
300.0012738
300.0003582
299.9992026
299.9995935
300.000313
300.0008338
300.0005309
300.0001532
299.9989514
299.9995728
300.0011812
300.0016971
300.0011094
299.9997472
299.9989457
300.0000606
300.0002167
300.0007192
300.0010502
300.0012011
299.9992039
299.9990823
300.0017416
300.0021643
300.0013413
300.0000614
299.9987586
299.9991499
299.9996952
300.0003946
300.0026876
300.003217
300.0004339
299.9999258
300.0013012
300.0021231
300.0012092
299.999798
299.999025
299.9999044
300.0000948
300.0008072
300.0030734
300.0035775
300.0007643
299.999993
300.0010205
300.0012567
300.0002905
299.9985106
299.9989833
300.0002977
299.9993368
299.998762
299.9997372
300.0012002
299.9992619
299.9998071
300.0015582
300.0006301
299.9989636
299.9985486
299.9978243
299.9996256
299.9987773
299.9974709
299.9971067
299.99718
299.9971758
299.9984512
299.9993827
299.9985713
299.9972997
299.9976822
299.9980777
299.9989178
299.998039
299.997215
299.9958129
299.9957999
299.9955618
299.9966537
299.9976144
299.9960794
299.9948368
299.9941087
299.9965292
300.0019675
300.0016511
299.9994099
299.9981043
299.998441
299.9978132
299.9992593
299.9997835
299.9985124
299.9975181
299.9980656
299.9998292
300.0008061
300.00108
300.0002926
300.0000439
299.9997012
300.0000027
300.0010251
299.9999334
299.9981619
299.9991293
299.9978969
299.9997062
300.0006772
300.00117
300.001398
300.0004506
299.9995343
300.0003751
300.0007793
299.9995503
299.9988823
299.9982403
299.9997611
299.9993143
299.9982967
299.9993022
300.0004422
299.999848
300.000309
300.0000619
299.9999334
299.9993575
299.9999363
300.0002975
300.0000503
299.9992673
299.9997653
300.0000801
299.999202
299.9993042
300.0003245
299.999431
300.0002237
300.0014427
300.0011387
300.0012242
300.0001744
299.9997575
299.9986012
300.0003994
300.0008739
300.0005249
300.0004111
299.9991274
299.9996316
300.0012665
300.0016497
300.0009162
299.9997211
299.9991323
299.998632
300.0003362
300.0006588
300.0012281
300.0012799
299.999038
299.9991082
300.0015827
300.0020639
300.0011185
300.0000319
299.9983823
299.9984027
299.9993936
300.0003843
300.002868
300.0031971
300.0000937
299.9995661
300.0010611
300.0016578
300.0011741
299.9996768
299.9994329
299.9992242
300.0000928
300.001118
300.0029483
300.0028888
300.0000169
299.9997836
300.0009669
300.0008603
300.0000937
299.9986459
299.9990836
299.9995774
299.9994726
299.9990484
299.9997098
300.0005501
299.9987214
299.9995273
300.0014578
300.0005518
299.9987574
299.9984123
299.9975949
299.9991975
299.9986519
299.9972467
299.9964962
299.9971752
299.9977116
299.9988794
299.9995025
299.9985742
299.9974806
299.9970677
299.9980974
299.9991015
299.9973852
299.9967417
299.9956961
299.9958469
299.9959333
299.9970548
299.9976254
299.9962119
299.9946672
299.9942023
299.9971308
300.0014129
300.0016545
299.9993782
299.9984605
299.9985632
299.9977346
299.9991141
299.9996055
299.9983375
299.9974924
299.9985384
300.0008034
300.0001338
300.0010409
300.0005992
299.9999845
299.9995555
300.0000052
300.0011918
299.9998557
299.9980427
299.998844
299.9984314
300.0000926
299.9995435
300.0010201
300.0013735
300.0002614
299.9998229
300.0009053
300.0006942
299.9996025
299.9990704
299.9987925
299.9999269
299.9983549
299.9980349
299.9988405
299.999721
300.0001729
300.0008395
300.0000217
299.9999083
299.9994286
300.0004685
300.0001254
299.998521
299.9984811
299.9998641
299.9998783
300.0004643
299.999422
300.0000478
299.9995203
300.0001649
300.0009668
300.0004879
300.0012915
299.9999716
300.0002035
299.998653
300.0003189
300.0006992
300.0002662
300.0002504
299.9991948
299.9995921
300.0009822
300.0015609
300.0008638
299.9996854
299.9998692
299.997118
299.9999457
300.0005539
300.001174
300.0012794
299.9992572
299.9991818
300.0011366
300.0016795
300.0011851
300.0001249
299.9984949
299.9972831
299.9991019
300.0005572
300.0029111
300.0029422
299.9999637
299.9993783
300.0009932
300.0016448
300.0012345
299.9995594
299.9999637
299.9988345
299.9999978
300.0010153
300.0025815
300.0025122
300.0000773
299.9998696
300.0011746
300.0010118
299.9999313
299.998717
299.9989576
299.9992768
299.9995287
299.9991502
299.9998397
300.0004422
299.9986017
299.9994111
300.0012605
300.0002932
299.998725
299.9982484
299.9974046
299.998168
299.9982412
299.9967182
299.9964363
299.9971389
299.9976599
299.9989459
299.9994633
299.9986493
299.9975077
299.9969624
299.9983776
299.9982782
299.996954
299.9965632
299.9957057
299.9959886
299.9962288
299.9973729
299.9976033
299.996678
299.9948782
299.9946397
299.997683
299.9996031
300.0015297
299.9996402
299.9988194
299.998833
299.9978211
299.9990937
299.9997114
299.9984955
299.9980714
299.9992902
300.0012091
299.9990463
300.0010692
300.0010367
300.0001376
299.9997845
300.0002677
300.0013555
299.9999508
299.9984692
299.9988549
299.9991939
300.0002312
299.998093
300.0008468
300.0014303
300.0004035
300.0005332
300.0013389
300.0008326
299.9997488
299.999588
299.9995078
300.0000496
299.9983711
299.9982894
299.9990471
299.9993822
300.0007268
300.0009715
299.9995665
299.9999072
299.9992871
300.0006843
299.9997739
299.9983988
299.9977168
300.0006131
300.0011703
299.9998753
299.9990027
300.0003429
299.999552
299.9993097
299.9996962
300.0001354
300.001345
299.9998497
300.000613
299.9986794
299.999527
299.9999624
300.0000652
300.0004579
299.9994485
299.9994206
300.0008805
300.0015503
300.0007744
299.9996618
300.0000695
299.9974366
299.999045
300.0004799
300.0012946
300.0015975
299.9994811
299.998852
300.0007512
300.0015293
300.0010676
299.9998528
299.9986011
299.9967454
299.9989071
300.00081
300.0026955
300.0025855
299.9998157
299.9991908
300.0009928
300.0014266
300.0008875
299.9990358
300.0001562
299.9986921
299.9999563
300.0010723
300.002624
300.0027112
300.0002705
299.999921
300.001147
300.0008827
299.9996337
299.9987707
299.9988995
299.9988331
299.9994892
299.9992825
300.0000972
300.0004632
299.9983381
299.9993453
300.0012039
300.0001946
299.9987701
299.9984512
299.9976035
299.9972016
299.9970913
299.9960967
299.9963193
299.9970021
299.9976156
299.9989346
299.9993012
299.9986721
299.9974351
299.9971206
299.9991208
299.9975407
299.9966523
299.9961945
299.9956307
299.9960744
299.9966465
299.997491
299.9974061
299.9967027
299.9953225
299.9951398
299.9981611
299.9986196
300.0012333
299.9997066
299.9987297
299.9988519
299.9979317
299.9988673
299.999445
299.9984371
299.9985137
299.9997957
300.0009401
299.9986299
300.0009202
300.0012023
300.0002339
300.000002
300.000375
300.0011337
299.9999405
299.9988643
299.999177
299.9994591
300.000145
299.9979201
300.0005304
300.0016092
300.0005435
300.0009689
300.0016972
300.0010352
300.000032
300.0000385
299.9998316
300.0001884
299.9986758
299.9993369
299.9995366
299.9994071
300.000826
300.0008547
299.999489
300.0001259
299.9992291
300.0003928
299.9997096
299.9986439
299.9974673
300.0009263
300.0007034
299.9998656
299.9997349
300.0005905
299.9992046
299.9984245
299.9990423
300.0001041
300.0012016
299.9999654
300.0006125
299.9994235
299.9982108
299.9992625
300.0000475
300.0007558
299.9994933
299.9992519
300.0008651
300.0014865
300.0006455
299.9997104
299.9999399
299.9971937
299.9983135
300.0005422
300.0012611
300.0015776
299.9992603
299.9985997
300.0008089
300.0012313
300.0005468
299.9995903
299.9986659
299.9970554
299.9989156
300.0006269
300.0021263
300.0020725
299.9996604
299.9993045
300.0008269
300.0005186
299.9998476
299.9989365
300.0000998
299.9989606
300.0000131
300.0010026
300.0026619
300.0026606
300.0001326
299.9997442
300.0007929
300.0002188
299.9991962
299.9989267
299.9988562
299.9986966
299.9993713
299.9991902
300.0000333
300.0002204
299.9981323
299.9992619
300.0010076
299.9999854
299.9987085
299.9989828
299.9982754
299.9961256
299.9963975
299.9957337
299.9961559
299.9966966
299.9977681
299.9988953
299.9989589
299.9985838
299.9975418
299.9975105
299.9994659
299.99689
299.9967077
299.9962887
299.9954553
299.9961014
299.9969842
299.9975063
299.9969401
299.9966206
299.9960079
299.9956211
299.9980745
299.9985704
300.0010305
299.9996278
299.9982151
299.9987667
299.9979489
299.9984848
299.9990337
299.9985299
299.9985935
299.9998227
300.0000203
299.9987212
300.0004283
300.0011152
300.0000223
300.000029
300.0003839
300.0011065
300.0001468
299.9990135
299.9993641
299.9993087
299.9998877
299.9981551
300.0002899
300.0017721
300.0006624
300.0013163
300.0023972
300.001533
300.0004578
300.0000579
299.9997306
300.000319
299.9987896
299.9993288
299.9995425
299.9991574
300.00054
300.0004207
299.9996877
300.0001033
299.9988604
299.9998804
299.9997232
299.9987117
299.9976669
300.0011617
300.0013018
300.0006459
300.0001393
300.0003529
299.9990461
299.9979564
299.9984855
299.9998905
300.0009327
299.9999829
300.0005097
299.9996787
299.9980099
299.9993265
300.0000202
300.000745
299.9994348
299.9990482
300.0006649
300.0011414
300.0007106
299.9999498
299.9998549
299.9978508
299.9984862
300.0001821
300.0008769
300.0011919
299.9991287
299.9987601
300.0007063
300.0005414
300.0001621
299.9998412
299.9990232
299.9980303
299.9985274
299.9999493
300.0017297
300.0017567
299.9997153
299.9992662
300.0002213
299.9996432
299.9997149
299.9995215
300.0002178
299.9994469
299.9995974
300.0008093
300.0024982
300.0020871
299.9995514
299.9990276
299.9998629
299.9996985
299.9992988
299.999297
299.9989292
299.998682
299.998917
299.9990056
299.9996342
299.9994255
299.9978619
299.998846
300.0002983
299.9997904
299.9988174
299.9990703
299.9988666
299.9956482
299.9959831
299.9957333
299.9957034
299.9964116
299.9978456
299.998406
299.9981426
299.9984616
299.9978442
299.9975207
299.9994822
299.9967746
299.9969022
299.9964068
299.9953276
299.996237
299.997176
299.9973224
299.9965949
299.9967345
299.9967062
299.9961365
299.9981048
299.9984946
300.000507
299.9991951
299.99786
299.9988159
299.9980262
299.9983731
299.9990798
299.9991157
299.998986
299.9999276
299.9999283
299.998499
300.000171
300.0006983
299.9999575
300.0001547
300.0005086
300.0012206
300.000571
299.9995629
299.9995275
299.9996195
300.0001038
299.9978688
300.000171
300.0019083
300.0011316
300.001685
300.0025314
300.0015779
300.0006137
300.0001344
300.0000524
300.0013351
299.9988712
299.9990135
299.9992658
299.9988919
300.0001973
300.0000024
299.9997046
299.9997951
299.9986437
299.9999934
300.0000866
299.9987442
299.9982793
300.0016388
300.0016551
300.0004605
300.0000947
300.0002451
299.9987965
299.9974084
299.9979716
299.9998154
300.001048
300.0001418
300.0004717
300.0001699
299.9987068
299.9994766
299.9998934
300.0006389
299.9994282
299.9987202
300.0002193
300.0010859
300.001276
300.0007241
299.999774
299.9989904
299.9985775
299.9990464
300.0004803
300.001039
299.9992395
299.998762
300.0003493
300.0003196
300.0003672
300.0006389
299.999324
299.9988398
299.9980436
299.9998428
300.0018419
300.0017772
299.9999299
299.9991531
300.0001283
299.9997606
300.0001878
300.0004015
300.000352
300.0000364
299.9992895
300.0009049
300.0021508
300.0015649
299.9993309
299.998609
299.9996876
299.9998437
299.9997149
299.9994475
299.9989905
299.9984636
299.9988748
299.9989342
299.9993417
299.9991883
299.9979068
299.998584
299.9999417
299.9998399
299.9987546
299.998862
299.9992101
299.9953939
299.995538
299.9954326
299.9955172
299.9964835
299.9979627
299.9978134
299.9975731
299.9982259
299.9976834
299.9974606
299.9996755
299.9967488
299.9968122
299.9962321
299.9954729
299.9966794
299.9973788
299.9971797
299.9965444
299.9967698
299.9967727
299.9971876
299.998753
299.9982847
300.0002364
299.9986802
299.9980167
299.9991393
299.9982674
299.9982061
299.999059
299.9993025
299.9991249
300.0006853
300.0003265
299.9984778
300.0004213
300.0007038
300.0002818
300.0005412
300.0004499
300.0010111
300.000444
299.9997072
299.9997688
300.0008799
300.0002277
299.9978482
300.000473
300.002322
300.001965
300.0021371
300.0024859
300.0012373
300.0008101
300.000777
300.001296
300.0033798
299.9991944
299.999048
299.9990089
299.9986631
299.9999736
299.9997779
299.9996242
299.9995951
299.9989086
300.0003942
300.0002072
299.9990509
299.9988884
300.0014329
300.0017998
300.0007398
300.0003456
299.9999996
299.998576
299.9974121
299.9981019
300.0002833
300.0011777
300.0000012
300.0004335
300.0011299
300.0005339
300.000067
300.0000423
300.0007665
299.9996256
299.9985686
300.0000574
300.0013677
300.0022372
300.0011786
299.9996727
299.9993344
299.9987188
299.9990806
300.0006211
300.0011214
299.9996408
299.9987767
300.0003107
300.0005345
300.0009885
300.0014795
299.9994906
299.9996512
299.9981043
300.0000486
300.0018318
300.0016626
300.00003
299.9992289
300.0003953
300.0002829
300.0007375
300.0012508
300.0004449
300.0004352
299.9993527
300.0008664
300.0018518
300.0012127
299.999091
299.9986202
299.9997645
300.0001364
299.9997792
299.9998417
299.9989274
299.9983464
299.9987676
299.9987684
299.9993157
299.9990771
299.9979767
299.9985781
299.9998088
299.999816
299.9986762
299.9992549
299.9992362
299.9955606
299.9945123
299.9947395
299.9956487
299.9965846
299.9979492
299.997688
299.9975646
299.9981694
299.9977244
299.998267
299.9999963
299.996996
299.9964641
299.9960782
299.9959507
299.9971656
299.9976008
299.9973493
299.9967894
299.9966334
299.9969621
299.9990719
299.9993257
299.998343
299.9999116
299.9986616
299.998426
299.9995295
299.9983606
299.9980455
299.9987545
299.9989114
299.9992544
300.0020129
300.0004038
299.9984951
300.0009503
300.0010085
300.000587
300.0006029
300.0001296
300.0003301
300.0000383
299.9997595
300.000685
300.0026561
299.9999112
299.9977869
300.0005554
300.0022873
300.0023813
300.0027518
300.0026571
300.0012838
300.0014519
300.0021627
300.0029864
300.0045217
299.9995686
299.9991343
299.9987657
299.9984906
299.9995828
299.9991621
299.9990928
299.9992492
299.9990737
300.0004874
299.9999376
299.9996136
299.9991525
300.0018416
300.0022251
300.0014781
300.0002151
299.999749
299.998823
299.9977433
299.9983411
300.0004978
300.0009674
299.9996321
300.0005491
300.0015174
300.0019243
300.0011798
300.0006978
300.00137
300.000031
299.9983493
299.9997041
300.0015328
300.0024251
300.0014461
299.999557
299.9997344
299.9994724
299.9998573
300.001034
300.0016965
300.0002218
299.9989627
300.0005243
300.0009628
300.0015218
300.0023276
299.9991433
299.9999532
299.9985156
300.0002625
300.001919
300.0017899
300.0002424
299.9995162
300.0006844
300.0003777
300.0008912
300.0021544
299.9996528
300.0005567
299.999786
300.001075
300.0021056
300.0012607
299.9991166
299.9985471
299.9995995
299.9999669
299.9997804
300.0005271
299.9979883
299.9985694
299.9986521
299.9989299
299.9995322
299.9990227
299.9978914
299.9984652
299.9994812
299.9996396
299.9990355
300.0004268
299.9987332
299.9959512
299.9934981
299.9945322
299.9958253
299.9964735
299.9977556
299.9974645
299.9974955
299.9982532
299.9985326
299.9999719
299.9999641
299.9969825
299.9958264
299.9962184
299.9962284
299.9971209
299.9975842
299.9973364
299.9967013
299.9966249
299.9979564
300.0003208
299.9993054
299.998085
299.9993385
299.9987071
299.9984324
299.9993616
299.9982083
299.9976166
299.9981278
299.998845
300.0001798
300.0027112
299.9999864
299.9981685
300.0008374
300.0010484
300.0005175
300.0006879
300.0001581
300.0003227
300.0002558
300.0006082
300.0027501
300.0035965
299.999341
299.9975441
300.0003086
300.0021195
300.002533
300.0031797
300.0029977
300.0015621
300.0018638
300.0032303
300.0040198
300.0046066
299.9995811
299.9994641
299.9983527
299.9978784
299.9985262
299.997926
299.9979136
299.9988988
299.9990766
300.0003305
299.9998027
299.9997953
299.9990027
300.0026144
300.0027579
300.0012785
299.9998255
299.9998078
299.9992198
299.9977437
299.9981884
300.0002733
300.0003279
299.9992957
300.0006823
300.0019455
300.002437
300.0020178
300.0015822
300.0020003
300.0000085
299.9975961
299.9989653
300.0012737
300.0021297
300.001466
299.9995332
300.0002321
300.0008065
300.0008509
300.0021093
300.0026806
300.0007279
299.9990405
300.0006667
300.0009136
300.0019124
300.0026483
299.998612
299.99985
299.999841
300.0008672
300.0026439
300.0024443
300.0003588
299.9994966
300.0006346
299.9999713
300.0011451
300.0022426
299.9990522
300.0006154
300.0011867
300.0020991
300.0031046
300.001408
299.9989288
299.9981843
299.9989133
299.9994206
299.99998
300.0006367
299.9977878
299.9987398
299.9983757
299.9992511
299.9995424
299.9985997
299.9975921
299.9980189
299.998848
299.9993691
299.9999343
300.0008927
299.9987101
299.9961215
299.9930963
299.9945723
299.9957167
299.9962245
299.9972738
299.9968916
299.997067
299.9984007
299.9997652
300.0008262
300.0001747
299.996599
299.9956804
299.9964153
299.9963547
299.9969357
299.9973536
299.9968285
299.9961103
299.9966978
299.999056
300.0007672
299.9993096
299.9973246
299.9986436
299.9984552
299.9982477
299.9992642
299.9980975
299.9971158
299.9978826
299.9992729
300.0013328
300.0027427
299.9995081
299.9972719
300.0002017
300.0008611
300.0006223
300.0011668
300.0005401
300.0004354
300.0007197
300.001769
300.0040098
300.0035662
299.9991706
299.9972099
299.999578
300.0014372
300.0023422
300.0031072
300.0028169
300.0014673
300.0018982
300.0035128
300.0040496
300.0041728
299.9992131
299.9998727
299.9981487
299.9974098
299.9980865
299.9975601
299.9975002
299.9990321
299.9992024
300.0002272
299.9997344
299.9994696
299.9995987
300.0028549
300.0034235
300.0011207
299.9999152
299.9999868
299.999143
299.9975425
299.9981214
300.000003
299.9994375
299.9989965
300.0008058
300.0031026
300.0027477
300.0026191
300.0024038
300.0022501
299.9996121
299.9969838
299.9985773
300.0008641
300.0016195
300.0013206
300.0002661
300.0002828
300.0013612
300.0021109
300.0033897
300.003386
300.0007753
299.998869
300.0006048
300.0007272
300.0020336
300.0026819
299.9990092
299.9993754
300.0013308
300.0024236
300.0039807
300.0030902
300.0001806
299.9992964
300.0004865
299.9997014
300.0012608
300.0022675
299.9991404
300.0002576
300.0022645
300.0033273
300.0038001
300.0013062
299.9985841
299.9980474
299.9987206
299.9993945
300.0001862
300.0006848
299.9977343
299.9984523
299.9977474
299.9991552
299.9991058
299.9979167
299.9972224
299.9970045
299.9982246
299.9993638
300.0003644
300.0013914
299.9986735
299.99603
299.9932054
299.9946338
299.9958027
299.9964053
299.9971469
299.9963763
299.9969379
299.9987955
300.0005646
300.0016977
300.000077
299.9962268
299.9959791
299.9968903
299.9968188
299.9971767
299.9973961
299.996279
299.9959092
299.9971146
299.9996453
300.001161
299.9992493
299.9966516
299.9981897
299.9980763
299.9984412
299.9996983
299.99827
299.996773
299.9978472
299.9998516
300.0016305
300.0026445
299.9994496
299.9963231
299.9988149
300.0002497
300.0008545
300.0016158
300.0005655
300.000175
300.0007426
300.0020953
300.0042045
300.0034161
299.9991666
299.9970888
299.9983486
300.0004411
300.0020608
300.0027663
300.0019242
300.0008491
300.0017218
300.0035388
300.0039013
300.0026439
299.9991541
300.0005028
299.9990312
299.9980245
299.9984468
299.9975866
299.997477
299.9990347
299.9992561
300.0002817
299.9998234
299.9995469
300.0003225
300.0034055
300.0042845
300.0016509
300.0003862
300.00022
299.9992834
299.9978598
299.9984034
299.9999794
299.9989398
299.998871
300.0012
300.0041968
300.0031787
300.0034479
300.0029089
300.0023104
299.9990473
299.996593
299.9980727
299.9998907
300.0003748
300.0009151
300.0011379
300.0003921
300.0019541
300.0036023
300.0048327
300.0038986
300.0004466
299.9982883
300.0002836
300.0003271
300.0016496
300.002607
299.9988904
299.9991474
300.0023955
300.0043783
300.0051776
300.0030395
299.9993343
299.9986695
300.0003135
299.9994768
300.0010152
300.0018801
299.9989426
299.9998227
300.0028098
300.0040952
300.0037875
300.0006171
299.9981214
299.99774
299.9984702
299.9992632
299.9999092
300.0001646
299.9976766
299.9984997
299.997472
299.9987718
299.9983276
299.9977558
299.9964941
299.9949896
299.9969129
299.9991648
300.0002006
300.0010525
299.9986992
299.9963829
299.9940188
299.9952393
299.9964129
299.9967673
299.9967029
299.9959739
299.9970102
299.999381
300.0008882
300.0015462
300.0000508
299.9961311
299.9967916
299.9975721
299.9975976
299.9974639
299.9972618
299.9958374
299.9959989
299.9974609
299.999631
300.0008969
299.999214
299.9965468
299.9971222
299.9978621
299.9988128
299.9998494
299.9981955
299.9961349
299.9975715
299.9998141
300.0014645
300.0019574
299.9993839
299.9961518
299.9968561
299.998825
300.0007119
300.0014018
299.9996712
299.9986987
300.0000485
300.0019213
300.0039627
300.0024127
299.998937
299.9972229
299.997548
299.999522
300.0011704
300.0011443
299.9995727
299.9991788
300.0006262
300.0028776
300.002823
300.0008286
299.9995041
300.0014062
300.0007724
299.9986713
299.9987585
299.9977789
299.9977885
299.9993185
299.9993971
300.0003184
299.9998135
300.0000499
300.0001498
300.0034939
300.0046591
300.0023064
300.0007454
300.0002454
299.9994942
299.997942
299.9984881
299.9999065
299.9987584
299.9989124
300.0015872
300.0043981
300.0037751
300.0035169
300.0024136
300.0014376
299.9981967
299.9959836
299.9972991
299.998838
299.9994194
300.0010006
300.0018643
300.0008457
300.0023128
300.0042803
300.0047727
300.0033658
299.9992725
299.9973794
299.9993236
299.9995206
300.0012825
300.0024333
299.9989469
299.9993466
300.0026472
300.0048133
300.0050216
300.0021431
299.9982355
299.9978613
299.9995559
299.9987651
300.0004465
300.0010742
299.9986518
299.9998473
300.0026578
300.0039328
300.002984
299.9993549
299.9971564
299.9964665
299.9973527
299.9986635
299.9991112
299.9991544
299.9975262
299.998885
299.9970247
299.9982181
299.9981788
299.9978052
299.9954195
299.9930345
299.9955391
299.9986791
299.9995626
300.0003051
299.9984795
299.9965926
299.9949743
299.9966596
299.9975114
299.9968519
299.9959946
299.9958878
299.9972912
299.9997029
300.000709
300.0010217
299.9997248
299.9958817
299.9969583
299.9980362
299.997792
299.9972046
299.9966409
299.9954791
299.9958256
299.9971107
299.9989858
299.9997346
299.9990039
299.9964093
299.9959487
299.9974761
299.998664
299.9994024
299.9975592
299.9949264
299.9962638
299.998808
300.0007442
300.0000636
299.9990017
299.9962089
299.9956992
299.9976351
300.0000893
300.000306
299.9977217
299.9969961
299.9985594
300.0012117
300.0031293
300.0003239
299.9985425
299.9976633
299.9978794
299.9992312
299.9997312
299.9988108
299.9977446
299.9977837
299.9987089
300.0008203
300.0007063
299.999415
299.999824
300.0026267
300.003102
299.99999
299.9993102
299.9983488
299.9984484
299.9996302
299.9995017
300.0002173
299.9995874
299.9999471
300.0002058
300.0023861
300.0047261
300.0021139
300.0005166
299.9998662
299.9992075
299.9976556
299.9982363
299.9997055
299.9986409
299.999491
300.0016831
300.0045097
300.0038663
300.0024448
300.0003711
299.999145
299.9972317
299.9952644
299.9964949
299.9983422
299.9989916
300.0011402
300.0018631
300.0010659
300.001571
300.0033873
300.0032472
300.0011323
299.9976512
299.996022
299.9978147
299.9985003
300.0010773
300.0019905
299.9984744
299.9994861
300.0016993
300.0041169
300.0034928
299.9999103
299.9972224
299.9966573
299.9975961
299.997703
300.0000392
300.0006131
299.9981738
299.9998111
300.0016692
300.0026133
300.0005567
299.9979486
299.9963232
299.9945985
299.995294
299.9973977
299.9977458
299.998282
299.9976037
299.9991371
299.9970298
299.9979435
299.9982591
299.9980674
299.9951951
299.9927078
299.9951277
299.9983787
299.9989922
299.9988184
299.9987727
299.9962956
299.9956683
299.9977915
299.9983282
299.9968839
299.9959916
299.9965259
299.9977487
299.9997392
300.0008125
299.9998075
299.9997065
299.9955416
299.9964572
299.9979578
299.9974378
299.9961047
299.9957528
299.9954057
299.9949192
299.9964491
299.9984378
299.9985192
299.9990002
299.9964973
299.994954
299.9963829
299.9977045
299.9978396
299.9961841
299.9940412
299.9949764
299.998269
299.9993401
299.9986253
299.9985045
299.9965496
299.9953234
299.9969183
299.9989536
299.9979082
299.9959845
299.9962533
299.9971898
299.9996962
300.0006582
299.9985249
299.9986855
299.9991643
299.9986857
299.9992498
299.9987777
299.997302
299.9961942
299.9963756
299.9971664
299.9990198
299.998735
299.9986553
300.0002366
300.003398
300.0040461
300.0004113
299.9998242
299.9997114
299.9999095
299.9999712
300.0000523
300.0000171
299.9993175
300.0002495
300.0007079
300.0004948
300.0039754
300.0012122
300.0002745
299.9999706
299.9987379
299.9974858
299.9983197
299.9997741
299.9986484
300.0000761
300.0009715
300.0039516
300.0035993
300.001172
299.998773
299.9971435
299.9960356
299.9948134
299.9965673
299.9984785
299.9992408
300.0015965
300.0016359
300.0008132
300.0002975
300.0004151
299.9988645
299.9973298
299.9962475
299.9948147
299.9964629
299.998074
300.0009036
300.0012207
299.9982882
299.9997325
299.9998961
300.0008982
299.9991727
299.9973681
299.9962668
299.9948919
299.995389
299.997097
299.9999508
299.9990195
299.9981187
300.0001587
300.0000476
299.9991831
299.997721
299.996652
299.995234
299.9930946
299.9934959
299.9963629
299.9972147
299.9972282
299.9975245
299.9990922
299.9967612
299.9973259
299.998234
299.9983084
299.9951443
299.9928058
299.9951504
299.9980099
299.9978965
299.9987118
299.9987445
299.9958854
299.9957002
299.9980536
299.9983868
299.9968215
299.9959697
299.9971752
299.9981086
299.999918
300.0006333
299.9995168
299.9991627
299.9956288
299.9953175
299.9970739
299.9958779
299.9941766
299.9948953
299.9952847
299.9938339
299.9959546
299.9974776
299.9982845
299.9985445
299.9972209
299.9946586
299.9949914
299.9957993
299.9954905
299.9946784
299.9937903
299.9941123
299.9967295
299.9970932
299.9984728
299.9977962
299.9975455
299.9958273
299.9965518
299.9980581
299.9964418
299.9947013
299.9955663
299.9958811
299.9970363
299.9987674
299.9982837
299.9987611
300.0014907
299.9999483
299.9992446
299.9977982
299.9969806
299.996555
299.9964983
299.9974055
299.9987316
299.9982581
299.9982294
300.0003013
300.0029299
300.0042387
300.0012577
300.000974
300.0005763
300.0003686
300.0007571
299.9999547
299.9993149
300.0001237
300.0004913
300.0008821
299.9992017
300.001792
300.0009487
300.0003034
299.9999196
299.9987452
299.9975286
299.9987847
299.9997106
299.9988452
300.0005232
299.9993294
300.0020118
300.0038119
300.0004976
299.9984054
299.9966527
299.9958273
299.9946485
299.9969334
299.9989645
299.9991796
300.0016266
300.0007936
300.0009153
299.9995828
299.9979628
299.9948641
299.9946962
299.9950604
299.9942103
299.9963607
299.9982985
300.0009327
300.0005177
299.9983756
300.0003317
299.9982304
299.996364
299.9948684
299.9954135
299.9955888
299.9937371
299.9944316
299.9972567
299.9993086
299.9984621
299.9977858
299.9999652
299.998826
299.9967411
299.9960888
299.9962281
299.9948062
299.9923049
299.9931334
299.9962385
299.9964929
299.9959786
299.9979248
299.9982574
299.9965169
299.9970125
299.9984794
299.9986017
299.9952806
299.9933806
299.9954974
299.9975199
299.9977112
299.9980204
299.9983499
299.9953277
299.9948934
299.9976991
299.9980137
299.9963135
299.995701
299.9978459
299.9981588
299.9994994
299.9994667
299.998623
299.9990214
299.9959274
299.9942031
299.9954674
299.994008
299.9928442
299.9942867
299.9950315
299.9922263
299.9945796
299.9965589
299.9983336
299.9976421
299.9979778
299.9942211
299.9942586
299.9949824
299.9948665
299.9940381
299.9934341
299.9932386
299.996006
299.9964449
299.9981582
299.9972246
299.9990805
299.9957585
299.9966757
299.9976685
299.9958838
299.9950584
299.9956327
299.9956155
299.9960586
299.9973989
299.9974156
299.9983295
300.0026344
300.0016107
300.0000255
299.9984486
299.9971264
299.9972354
299.9972578
299.9978122
299.9988356
299.9979806
299.9988522
299.9997521
300.0005184
300.0037266
300.0016985
300.0010396
300.0006694
300.0012584
300.0008159
299.9998042
299.9995013
299.9998931
300.0006966
299.9996121
299.9984639
299.9992376
300.0006409
300.0005051
299.9996745
299.9985159
299.9973439
299.9988104
299.9993939
299.9995126
300.0005524
299.9982873
299.9995998
300.00429
300.000514
299.9977617
299.9958839
299.9956093
299.9944938
299.99782
299.9999637
299.9994161
300.0019266
299.9990412
300.0007458
299.9995982
299.9951902
299.9918644
299.9920938
299.9934867
299.9933953
299.996097
299.9983718
300.0005646
300.0000356
299.9982911
300.0005539
299.9975708
299.992576
299.9914646
299.9937918
299.9947834
299.992841
299.9941885
299.9974625
299.9993626
299.9971667
299.9970666
300.0000197
299.9975301
299.99426
299.9950445
299.996429
299.994817
299.9920824
299.9929581
299.9960809
299.9955119
299.9958773
299.997505
299.9974478
299.9963325
299.9961628
299.9984525
299.9987215
299.9957359
299.9947216
299.996257
299.9973415
299.9968543
299.9970619
299.9983997
299.9951749
299.9934732
299.996226
299.9964717
299.9949249
299.9954796
299.997936
299.9973307
299.9973709
299.9990996
299.9978947
299.9980871
299.9967009
299.9940482
299.9939031
299.9926071
299.9917518
299.9940731
299.9940419
299.9911916
299.9943984
299.9966607
299.9974976
299.9973848
299.9990807
299.9944558
299.994046
299.9947523
299.9945326
299.9939948
299.9929365
299.9932453
299.995533
299.9960674
299.9979546
299.9974465
300.0009487
299.9965856
299.9975587
299.99817
299.995957
299.9957483
299.9965157
299.9959936
299.9957008
299.9973031
299.9982712
300.0005501
300.0026393
300.0038839
300.0020313
299.9990548
299.9977172
299.9986678
299.9978801
299.9994374
299.9994807
299.9983146
299.9989364
300.0007639
299.99853
300.0022599
300.001722
300.0006949
300.0009471
300.0010094
300.0011421
299.9995862
299.9992443
300.0006727
300.0015229
300.0000073
300.000126
299.9978171
299.9993551
299.9994027
299.9992231
299.9974778
299.9973854
299.9984854
299.9985678
299.9990827
299.9996105
299.998771
299.9978242
300.0033318
300.0005385
299.9976165
299.9956479
299.9949515
299.9947433
299.9981951
299.9998965
299.9995019
300.0023534
299.998793
300.0005279
299.999636
299.9953271
299.9903863
299.9909016
299.9930428
299.9934487
299.9963755
299.9985614
300.0005063
299.9995712
299.9982427
300.00002
299.9975695
299.9909266
299.9886446
299.9925999
299.9939087
299.9924735
299.9943946
299.9972657
299.9989784
299.9946509
299.9974292
299.9995825
299.9964677
299.993218
299.993974
299.9965346
299.9948873
299.9921327
299.9933591
299.996584
299.9955102
299.9944582
299.9979398
299.995813
299.9951967
299.9958755
299.9978338
299.9983472
299.9959297
299.9954136
299.9960832
299.9971489
299.995749
299.9970823
299.998086
299.9951415
299.9932058
299.9950069
299.9946755
299.9929789
299.9950514
299.9971642
299.9956336
299.9965109
299.9978171
299.9972859
299.9983079
299.9970437
299.9945156
299.993963
299.9923814
299.9913344
299.9937269
299.9935302
299.9917182
299.9942929
299.996503
299.9974901
299.9965089
299.9994955
299.9966126
299.9949381
299.9947901
299.9950937
299.9949755
299.9935855
300.0012761
299.9999142
300.0005126
299.9993678
299.9966152
299.9961062
299.9969273
300.0016453
300.005113
300.0037806
299.999864
299.9990227
299.9992985
300.0006779
299.9970373
299.9997584
300.000989
300.0008575
300.0009044
300.0015722
300.0007264
300.0032335
299.9980276
299.9989121
299.9984288
299.9995198
299.9976553
299.9983554
299.9988021
299.9986236
299.9990446
299.9992635
299.9977485
299.9987772
300.0016411
300.0003765
299.9972453
299.9955243
299.9940612
299.9954213
299.9982647
299.9995113
299.9999184
300.001356
299.9980383
299.9990445
299.9995083
299.9954221
299.9902429
299.9909926
299.9935268
299.9943577
299.9972254
299.9988538
299.9994712
299.9984971
299.9978899
299.9999605
299.9967991
299.9901422
299.9880203
299.9925745
299.9941506
299.9931011
299.9949211
299.9968459
299.9975762
299.9941882
299.9985429
299.999353
299.9954865
299.9927715
299.9938749
299.9964837
299.9950209
299.9930348
299.9946225
299.9966842
299.9944722
299.9944785
299.9986103
299.9960846
299.9936385
299.9950732
299.996678
299.9972436
299.9953431
299.9950234
299.9957728
299.9966857
299.9953855
299.9958145
299.9992958
299.9965549
299.992995
299.9949543
299.9944397
299.9927293
299.994436
299.9966168
299.9954769
299.9947125
299.996599
299.9972645
299.998414
299.9983734
299.9959198
299.995362
299.9928751
299.9923274
299.9944939
299.9942709
299.9923434
299.9942377
299.9946855
299.9963723
299.9984577
299.999981
299.99958
299.9975381
299.9963663
299.9977132
299.9971034
299.9945241
300.0008927
300.0030228
300.001578
300.0012343
299.9990301
299.9969705
299.9975972
299.9991089
300.0048385
300.0042517
300.0012695
300.0001442
300.0014505
300.0010906
299.9968732
299.9982718
299.9992239
300.0001697
300.0008699
300.0016313
300.0009762
300.0007827
299.9981859
299.9981433
299.9984795
299.999252
299.9973032
299.9980181
299.9988382
299.9988452
299.999431
299.9990363
299.9974853
299.9993125
299.9992617
299.9990421
299.9973718
299.9948951
299.9947739
299.9967754
299.9986031
299.9997536
299.9998189
299.9989953
299.9980185
299.9989749
299.9991681
299.9939921
299.9898638
299.9908139
299.9936153
299.9947993
299.9973042
299.9984736
299.9972881
299.9968827
299.9982177
299.9998667
299.996714
299.9899307
299.9890802
299.9928658
299.994323
299.994233
299.9957776
299.9954979
299.9960534
299.993615
299.9990279
299.998468
299.994899
299.9918419
299.9933985
299.9955741
299.9946158
299.9939125
299.9948539
299.9957352
299.9946199
299.994115
299.9986816
299.9959548
299.9936304
299.9932995
299.9949098
299.9951152
299.9935503
299.9947554
299.9951509
299.996722
299.9949359
299.9957437
299.998853
299.99625
299.9938748
299.9947608
299.9946966
299.9933384
299.9945741
299.9974898
299.9950934
299.9942711
299.9952307
299.9955188
299.9981349
299.9990415
299.9977407
299.9976846
299.9955621
299.9955611
299.9965725
299.9955082
299.9925004
299.9932945
299.9942883
299.9953444
299.9978263
299.9996013
300.0011613
300.0003122
299.9981724
299.9998194
299.9991858
299.9952906
299.9993829
300.0032823
300.0022075
300.0026003
300.0003169
299.9990139
299.9984464
299.9978422
300.0034326
300.0038519
300.0016406
300.0010763
300.0014601
300.0006667
299.9978688
299.9982529
299.9995918
300.0003459
300.0011828
300.0011312
300.001106
299.9972077
299.998304
299.9968444
299.9979989
299.9982778
299.9970872
299.9976869
299.9987364
299.9992841
299.9987871
299.9980778
299.997867
299.9991828
299.9975789
299.9965277
299.9956324
299.9945317
299.995091
299.9967776
299.9981516
299.9991654
299.9985211
299.997182
299.9980859
299.9976696
299.9971723
299.9936145
299.9900945
299.9916953
299.9942426
299.9959253
299.9975158
299.9975002
299.996357
299.9956005
299.9979054
299.9978844
299.9948452
299.9903091
299.9896876
299.993029
299.9943241
299.9950818
299.9960619
299.9957698
299.9949723
299.9943218
299.9980201
299.9968194
299.9937159
299.9919912
299.9926273
299.9934857
299.993817
299.9945114
299.9946282
299.9954083
299.9950399
299.9945333
299.9985315
299.9947481
299.9927091
299.9932268
299.9941282
299.9937944
299.9924152
299.9940398
299.9954408
299.9964558
299.9951776
299.9952119
299.9969419
299.9953259
299.9943273
299.9953352
299.9956335
299.9949601
299.9947896
299.9972577
299.995673
299.9946806
299.9943744
299.9938507
299.9967782
299.9990295
299.9991339
299.9989813
299.9982448
299.9972004
299.9979988
299.9967833
299.9946235
299.9924031
299.9932623
299.9941653
299.997315
300.0003057
300.0022615
300.0010471
300.000417
300.0003633
299.9995389
299.9967409
299.999255
300.0027812
300.0026234
300.0026592
300.0014515
299.9996648
299.9997262
299.9978383
300.0007902
300.0020086
300.0012047
300.0016867
300.0008659
300.0008363
299.9985388
299.9980337
299.9992712
300.0012026
300.0012325
300.0008111
300.0015478
299.9945658
299.9985596
299.9969597
299.9979599
299.9974801
299.9975195
299.9980351
299.9985043
299.9989618
299.9983456
299.9971
299.9984094
299.9990733
299.9963828
299.9958693
299.995468
299.9951811
299.99622
299.9972423
299.9979582
299.9987773
299.9977049
299.9965131
299.9977681
299.9968721
299.9964876
299.9942734
299.9920047
299.9937175
299.9961765
299.9970903
299.9977771
299.9973903
299.9959058
299.9956798
299.9976572
299.9969553
299.9949353
299.9916079
299.9917163
299.9933506
299.9951229
299.9965008
299.9970306
299.9960155
299.9952213
299.9954689
299.9980974
299.9958921
299.9935876
299.9924177
299.9927058
299.9933617
299.9946573
299.9950524
299.9956145
299.9956071
299.9960251
299.9962488
299.9980474
299.9948438
299.9934454
299.9944087
299.9948433
299.9947322
299.9936396
299.9941911
299.9954983
299.9963052
299.9958531
299.995458
299.996509
299.9964681
299.9964857
299.9975308
299.9971693
299.9960853
299.9955197
299.9981756
299.997189
299.995518
299.9945406
299.9941596
299.9954989
299.9994165
299.9991968
299.9993713
299.9986247
299.9983101
299.9981111
299.9983299
299.9960439
299.993829
299.9932249
299.9939734
299.9959122
300.0001388
300.0014535
300.0003906
299.9995737
299.9998727
299.9990784
299.9980827
299.9987698
300.0013322
300.0011201
300.0011726
300.0012627
299.9994008
299.9984792
299.9975119
299.9985926
300.0002943
300.0013262
300.001324
300.0000499
299.9998584
299.9988288
299.9985595
299.9993948
300.0011201
300.0012316
299.9999139
300.0011817
299.9975942
299.9993464
299.9989709
300.0005899
299.9992867
299.9997787
299.9998889
299.9994654
299.999322
299.9985941
299.997767
299.9995761
299.9989138
299.9983965
299.9984315
299.9994377
299.9989427
300.0001821
300.0003062
299.9997172
299.9998616
299.9985351
299.9982579
299.9997511
299.9981167
299.9984371
299.9983811
299.9981175
299.9985062
299.9992951
299.9995853
299.9992963
299.9980844
299.9975573
299.9979398
300.0002309
299.9986212
299.9979883
299.9972732
299.9971941
299.9963693
299.9978889
299.9986896
299.9975051
299.9972368
299.9974068
299.9991389
300.0007568
299.997733
299.9971426
299.9965752
299.9960026
299.9971819
299.9982852
299.9972603
299.9962576
299.9970876
299.9986088
299.9996456
300.0000731
299.998253
299.9983916
299.9989224
299.9983763
299.999101
299.9974066
299.9964954
299.9969091
299.9983133
299.9986675
299.9980931
299.9974411
299.9996656
300.0003724
300.0003596
299.9994775
299.999772
299.9987029
300.0001677
299.9996935
299.9985416
299.9969644
299.9963855
299.9971472
300.0002361
299.9996443
299.9994045
299.9983836
299.9984222
299.9987487
299.9994155
299.9990017
299.9966086
299.9959599
299.9954957
299.9966444
299.9984544
299.9992144
299.9980641
299.9982059
299.998546
299.9981545
299.9990942
299.9969551
299.9978429
299.9984071
299.9983843
299.9988269
299.9984023
299.9978638
299.9962112
299.9976714
299.9992314
299.999945
299.9991316
299.9981069
299.9984903
299.9975888
299.9980361
299.9993085
299.9995916
299.9991292
299.9985514
299.9989976
299.9999161
300.0013701
300.001591
300.0030961
300.0038263
300.0043788
300.0042881
300.0032923
300.0014954
300.000756
300.0005474
300.0018055
300.0008754
300.0009192
300.0019144
300.0027649
300.0038834
300.0043704
300.0050154
300.0032011
300.0017088
300.0013545
300.0012718
300.0021718
300.0009853
300.0022654
300.0023946
300.002823
300.0036195
300.0034163
300.0035863
300.0028239
300.0014968
300.0011472
300.0022075
300.0028653
300.0007625
300.0019282
300.0020281
300.0026429
300.0024111
300.002715
300.0034158
300.0008283
300.0007987
300.0015104
300.0022616
300.0025431
300.0015137
300.0020823
300.0023324
300.0013871
300.0018049
300.0009875
300.0008254
299.9993258
300.0001004
300.0013661
300.0016062
300.0023928
300.0018297
300.0014168
300.0017855
300.0009205
300.0005314
300.0010984
300.001007
300.0005491
299.9999372
300.0004147
300.002029
300.0030506
300.0018488
300.0018936
300.0009661
300.0007869
299.9999001
300.0007738
300.0012147
300.000067
299.9996219
300.001745
300.0030413
300.0028883
299.999985
299.9990577
299.9992211
299.9982512
299.998352
299.9992328
299.9995696
299.9988049
299.998085
299.999913
300.0006888
300.0021142
299.9971299
299.9972225
299.997667
299.9981988
299.9982579
299.9985736
299.9987368
299.9966068
299.9967761
299.9974969
299.9982444
299.9989252
299.998612
299.9981826
299.9969722
299.9967021
299.998995
299.9999664
300.0000614
299.9988404
299.9998848
299.9980881
299.9985385
299.9994863
300.0001942
300.000076
300.0001054
300.0004859
299.9977843
299.9997383
300.0010178
300.0015288
300.0043869
300.0052152
300.0047498
300.0043292
300.0028321
300.0017576
300.0019993
300.0021651
299.9997594
299.9999513
300.0003562
300.0015505
300.0042191
300.0058314
300.0054087
300.0034943
300.002033
300.0013345
300.0013376
300.0013384
300.0014165
300.0008501
300.0008495
300.0023259
300.0045241
300.0053725
300.0037893
300.0019555
300.0015227
300.0015386
300.0012286
300.0012578
300.0035664
300.0031485
300.0027144
300.0033592
300.0044099
300.004187
300.0031544
300.0023905
300.0034172
300.0026087
300.0016328
300.0020836
300.0052605
300.0045165
300.0037456
300.0035261
300.0035981
300.0032791
300.0027161
300.0039221
300.0039197
300.0023968
300.0026046
300.0036891
300.0041879
300.0048788
300.0037695
300.0030358
300.0016701
300.0018258
300.0016723
300.0020165
300.0018081
300.002725
300.004449
300.0048163
300.0033304
300.0038437
300.0015419
300.0011136
300.0000322
300.0008391
300.0010835
300.0012767
300.0039175
300.0053139
300.003439
300.0032478
300.0002122
300.0004933
300.0001166
299.9998681
300.001014
300.001746
300.0002291
300.0002134
300.0023839
300.0025684
300.0025933
300.0040554
299.9965944
299.9986698
299.9997305
300.0015094
300.0019258
300.0008359
299.9992803
299.9961795
299.9989846
300.0000044
300.0012105
300.0020788
300.0007385
299.9994879
299.9981715
300.0003308
300.0017532
300.0027944
300.0030943
300.0023685
300.0011714
300.0007502
300.0030349
300.0020258
300.0036074
300.0038598
300.003925
300.002819
299.9978132
299.9991173
299.9985565
300.0000016
300.0043429
300.0045561
300.0027064
300.0024049
300.00279
300.0027047
300.0015365
299.9996429
299.999257
299.9988012
299.9991156
300.0009097
300.0055775
300.005407
300.0021896
300.0016409
300.0024554
300.0017831
299.999872
299.9989176
300.0017112
300.0003119
299.9990232
300.0003673
300.0043877
300.0042642
300.0009029
300.0003888
300.0010423
299.9997208
299.9993372
300.0011329
300.002959
300.0023841
300.0011134
300.0026063
300.0047036
300.0037832
300.0013123
300.0027796
300.003514
300.0017996
300.0015247
300.003576
300.004465
300.0043415
300.00436
300.0053029
300.0054919
300.0037354
300.0020371
300.0040532
300.0048871
300.004241
300.0043787
300.0047675
300.0027224
300.0049469
300.006482
300.0060012
300.0027508
300.0001388
299.9996972
300.002477
300.0057887
300.006197
300.0050327
300.0047463
300.0022783
300.004559
300.0066316
300.0045572
300.0010947
300.0007162
300.0012285
300.0033568
300.0072209
300.0060776
300.0041599
300.0034263
299.9998866
300.0013732
300.0048417
300.0048013
300.0041076
300.0040952
300.0036592
300.0056572
300.0077179
300.0044614
300.0038664
300.0062758
299.9978261
299.9985374
300.0012181
300.0025235
300.0034255
300.0037968
300.0048382
299.9968283
299.9988762
300.0010098
300.0025398
300.0035567
300.0037368
300.0041507
299.9981549
300.0021431
300.0031898
300.004523
300.00643
300.0045374
300.0065133
299.9999297
300.0046688
300.0053398
300.0058572
300.0060796
300.0043022
300.0063982
299.9976632
299.9994566
299.9998992
300.0011991
300.0037108
300.0019085
300.0010465
300.0023045
300.0035033
300.0012956
299.9990241
299.9992577
300.0004688
300.001922
300.0018141
300.0026225
300.0056633
300.0044852
299.9999594
300.0021674
300.0047148
300.0021405
300.0009696
299.9993133
300.001969
300.0026011
300.0017578
300.0016616
300.0039406
300.0033696
300.0005089
300.0009584
300.0025121
300.0012397
300.0028417
300.0016797
300.0014236
300.0020525
300.0013283
300.0030452
300.0041265
300.0032714
300.0014391
300.001596
300.0032742
300.0026226
300.0044634
300.0044647
300.0014449
300.0007895
300.0020793
300.004178
300.0037671
300.0022389
300.0011465
300.0027761
300.0056495
300.0063163
300.0056167
300.0042503
300.0022883
300.0018587
300.0054871
300.0059969
300.0034313
300.0004738
300.000805
300.0044339
300.007317
300.0065135
300.0058464
300.0044533
300.0027462
300.0027745
300.0071784
300.0054015
300.0039355
300.0025557
300.003022
300.0065024
300.0072844
300.0049743
300.005128
300.0042095
300.0023744
299.999529
300.0038941
300.0036707
300.0050795
300.0049693
300.0049443
300.0087885
300.0078343
300.0044748
300.0030125
300.0051466
299.9928279
299.9945917
299.9967292
300.0027075
300.0031544
300.0037487
300.0017648
300.0007331
299.9971767
299.9981209
299.9991481
300.0006676
299.9990294
299.9985231
300.0010311
300.0073494
300.0022465
300.0005579
300.0042363
300.0023888
300.0012675
299.9994479
300.0005991
300.0033988
299.9992802
300.0012812
300.0019548
300.0008219
300.0012354
300.0012878
300.0006822
299.9981309
299.9989911
300.0025369
300.003158
300.0026663
300.0036284
300.0044623
300.0011058
299.9983429
299.9988213
300.0045885
300.0026682
300.0033823
300.003499
300.0051568
300.0040911
300.0056847
299.9979823
299.9967278
299.9968986
300.0022074
300.0025782
300.0022381
300.0006169
299.9974405
300.0022925
299.9999478
299.9996574
300.0002022
300.0002832
300.000838
300.0016513
300.0012561
299.9997495
299.9989684
299.9994902
300.0013443
299.998832
299.9975153
299.9986156
299.99844
299.9994704
299.9978669
300.0024085
300.0019802
300.0016349
300.0007179
300.0018449
299.9993009
299.9980745
299.9986615
300.0000028
300.0000852
300.0009565
300.0018673
300.0010812
300.0005657
300.00012
300.0005401
300.001522
299.9980564
299.9950161
299.9964985
299.9984409
300.0003627
300.0030952
300.0014245
300.0024328
300.0023459
300.0039513
300.0039957
300.0019288
299.998671
299.9966603
299.9998634
300.0010275
300.0013948
300.0013303
299.9995222
300.001388
300.0035687
300.0059196
300.0056842
300.0035275
300.0012016
300.0016108
300.0010985
300.001286
300.0004493
299.9985368
299.9980046
299.9999614
300.0028257
299.9991106
299.9979748
299.9994768
299.9965225
299.9985777
299.99758
299.9975125
299.9963119
300.001529
300.0016448
299.9988087
299.9992779
299.9990016
299.9982965
299.9992453
299.997433
299.9960886
299.9957762
299.9956631
299.9975912
299.9981382
299.9964028
300.0001552
300.0013926
300.0014807
300.0008488
300.0008672
299.9989524
299.9961809
299.995958
299.9993675
299.9994537
299.9986933
299.9997604
300.0000856
300.0013032
300.0013635
300.0004837
300.0008214
299.9984367
299.9955387
299.9945696
299.9969395
299.9998612
300.0002711
299.9999558
300.0002705
300.0017542
300.0022834
300.0013708
300.0020323
299.9991417
299.9956094
299.9958678
299.9984268
300.0004401
299.9988363
299.9986506
300.0011537
300.0047269
300.0057374
300.0051855
300.0044807
300.0006452
299.996997
299.9968204
300.000081
300.0023112
299.9992529
300.0002357
300.0005411
300.0027903
299.9997695
299.9989402
300.0000369
299.9980324
299.9983891
299.9976854
299.9981748
299.9966483
300.0018445
300.0027695
300.0004861
300.0009
300.0002855
299.9999956
300.0006302
299.9992531
299.9976923
299.9972181
299.9962513
299.9963573
300.0009284
300.0028344
300.0013052
300.0005147
300.0007051
300.0003841
300.0003728
299.9997575
299.9979889
299.9971173
299.9974505
299.9979629
299.9994312
300.0006086
300.0013398
300.0005814
300.0006755
300.0002276
299.9997966
299.9993698
299.9977353
299.9969244
299.9976896
299.9981962
299.998024
299.999377
300.0003636
299.9999781
299.9998527
299.9994201
300.0007326
299.9995342
299.9966886
299.9962536
299.9973964
299.9994058
299.9999394
299.9998301
300.0010788
300.0013156
300.0004531
300.0006748
300.0016292
299.9998046
299.9969152
299.9961948
299.9968681
299.9988696
299.9932359
300.0003216
300.0000727
300.0009348
300.0002546
300.0017561
299.9977654
299.999813
300.0000407
299.9959773
299.9945782
299.9930925
299.9956427
299.9964828
299.9977222
299.9993166
300.0009929
300.0023313
299.998964
299.9986399
300.0009358
299.9972676
299.9959166
299.9962587
300.0018521
299.9985282
300.0007775
300.0014936
300.0018678
299.9994535
300.0004428
300.0013502
300.0026791
300.0010033
300.0002138
299.9998904
300.0023242
300.0010157
300.0002147
300.0019786
300.0027472
299.9985544
299.9997582
300.0023166
300.0030848
300.0015379
300.0011763
300.0025118
300.0001252
299.9996247
299.9998732
300.0035135
300.005891
299.9998125
299.9989022
300.0039153
300.0041526
300.0027954
300.000703
300.0011262
299.9990334
300.0005119
300.0011394
300.0039778
300.004984
299.9998552
299.997973
300.0041039
300.004566
300.000726
300.0000501
300.0001781
299.9982067
299.9991844
299.9984504
300.0007446
299.999753
299.9994267
299.9967673
299.9991077
299.9996828
299.9973006
299.9978029
300.0000107
299.9991717
299.9990796
299.9994935
299.9998185
300.0011446
299.9999204
299.9973364
299.9988255
300.0008566
299.9990345
299.9986686
299.9980793
299.9995494
299.9974699
300.0008548
300.0019286
300.0024235
300.0009862
300.0008222
300.0016779
300.0020345
300.0013499
300.0004267
299.9989376
300.0010528
299.9999364
299.999908
300.0005544
300.0012722
300.0019065
300.0027292
300.0022487
300.0023829
300.0019876
300.0007833
300.0023521
300.0012722
299.9996983
300.0026395
300.0029635
300.0017549
300.0013703
300.0039714
300.0046797
300.0049967
300.0053781
300.0038038
300.0027843
299.9997836
300.0023649
300.0042568
300.0044737
300.0016701
300.0007426
300.0043991
300.0053344
300.0036733
300.0009658
299.9994123
299.9982829
299.9990403
299.9984099
299.9984287
300.0014773
299.9990691
299.998224
299.9967385
299.9978237
299.9989394
299.9977087
299.9984294
300.0025867
300.0007947
300.0006279
299.9962424
299.997335
299.99987
299.9987272
299.9969277
299.9993755
300.0002188
299.9993029
299.9982745
299.9986564
300.0005321
299.9990642
300.000101
300.0004729
300.0013169
300.0009155
300.0006311
300.0018821
300.0020744
300.002413
299.9997266
299.9982864
300.0022976
300.0018004
300.0010938
300.0011698
300.0019282
300.0024005
300.0020809
300.0017086
300.0012452
300.0002901
299.999788
299.9994656
300.0025146
300.0018823
300.0012007
300.0011876
300.002011
300.0028394
300.0037725
300.0039955
300.0034684
300.0032549
300.0020639
300.0027746
300.0032021
300.0026789
300.0019327
300.0024849
300.0038141
300.0054858
300.0064693
300.0056684
300.0038804
300.0019837
299.9995862
299.9977468
299.999226
299.998897
299.9982089
300.0013341
300.0009873
300.001013
299.9990098
299.9980822
299.9979256
299.9975788
300.0007868
300.0048388
299.99983
300.0005003
299.9974359
299.9987433
300.000769
300.0019651
299.9998348
299.9993044
299.9985827
299.9978893
299.9984326
299.9989726
300.0000284
300.0022329
299.9993478
299.9983199
299.9997791
300.0022698
300.000977
300.0002451
299.9993041
299.998663
299.9969494
299.9952357
300.0008781
300.0018483
300.0003063
299.998791
299.9999845
300.0018134
300.0004963
300.0004875
299.9997915
299.9998128
299.9976637
299.9953194
300.0020344
300.0002447
299.9997945
299.9996082
300.0003917
300.0016568
300.0011896
300.000726
299.9996698
299.9999011
299.9995849
299.9990402
300.0027081
300.0012069
300.0004077
300.0009479
300.0027954
300.0041518
300.0037
300.0027746
300.0023511
300.0018167
300.0004902
300.0002524
299.999919
300.0004803
299.9997578
299.9992577
299.9992617
300.0017106
300.0019984
299.9998242
299.9995357
299.9988384
299.9987887
300.0017661
300.0012453
299.9935772
300.0008868
300.0010359
300.0021192
300.0018293
300.0038806
300.0037648
299.9978483
300.0002699
300.0035049
300.002658
300.0026044
300.0035694
300.0035478
300.0008384
300.0030081
300.0062776
300.0048668
300.0047132
300.0044168
300.0042119
300.0031467
300.0007164
300.0025251
300.0033677
300.0045612
300.0054524
300.0046974
300.0059877
299.9984128
300.0005176
300.0020221
300.0053195
300.0053605
300.0042612
299.9995163
299.9993308
299.9982026
299.99971
299.9995185
300.0012842
300.0024682
300.0002602
299.9995417
299.9964148
299.9983889
299.9997278
300.0014714
300.0032822
300.0026678
299.9984208
299.9994568
299.9993134
299.9999458
300.0008441
300.0027258
300.0012888
300.0024404
300.0027179
300.00095
300.0012359
300.0012147
300.0032129
300.001238
300.0031698
300.0033897
300.0026589
300.0037874
300.0034138
300.0038454
300.0027468
299.9982725
300.0001506
300.0017844
300.0042298
300.0054308
300.0049211
300.0023455
299.9992134
299.9994265
300.00043
300.0014979
300.0028873
300.0046513
300.0039608
299.9982762
299.9980792
299.9990775
300.0002262
300.0010433
300.0029422
300.0038503
299.9978262
299.9985175
299.9992768
299.9996208
300.0004097
300.0009752
300.0024422
299.9994774
299.9988293
299.9994645
300.0001699
300.0002946
300.0002233
300.0003087
299.9986727
299.9987783
300.0000662
300.0013249
300.0003542
300.0006768
300.0003543
299.9970401
299.9988854
300.0012404
299.9955027
299.9945715
299.9952141
299.9895799
300.0009123
300.0056731
300.0008139
300.0001409
299.9992975
299.9982957
299.9934852
300.0017442
300.0062549
300.0030734
300.0023778
300.0037886
300.0023673
299.9998737
300.0015992
299.9999304
300.0045861
300.0028514
300.0028052
300.0043722
300.0035755
300.002032
300.0078777
300.00363
300.0014291
300.0010729
300.0024977
300.003609
300.0023181
300.0015302
300.006196
300.0025563
300.0000435
300.0015881
300.0034945
300.0019317
300.001183
300.0007866
300.0026831
299.9932744
299.9971239
300.0001532
299.9974068
299.9972019
299.9989942
299.9993042
299.9977995
299.9995057
300.0018764
300.0046733
300.003519
299.999007
299.9994215
299.9989063
299.9973521
300.0019573
300.0042794
300.0050672
300.0027892
300.0014886
300.0024242
300.0014661
300.0001642
300.0017898
300.0050787
300.004142
300.002274
300.0023129
300.0021644
300.0015946
300.0046611
300.0010424
300.0048609
300.0035014
300.0021457
300.0031182
300.0024867
300.0010478
300.0062898
300.0007209
300.0022922
300.0021083
300.0024679
300.0017869
300.0003007
300.0003456
299.9950153
299.9955529
299.9994695
299.9997395
299.9997485
300.0000639
300.0000778
300.0024894
299.9952473
299.9992144
300.0018802
300.0052653
300.0041575
300.0008137
300.0001327
299.9990165
299.996472
300.0044167
300.0058449
300.0052521
300.0049213
300.004339
300.003596
300.0033529
299.9994719
300.0044848
300.0058082
300.0041122
300.003906
300.0027757
300.0028561
300.0022481
300.0031595
300.0033883
300.0049472
300.0039394
300.0031663
300.0027269
300.0029644
300.0044721
300.0042084
300.0036384
300.0046066
300.0033135
300.002372
300.0022772
300.0023392
300.0029353
299.9948857
299.9988892
300.0025181
300.0004724
300.0002313
300.0003438
300.000823
300.0034075
299.995336
299.9994372
300.003512
300.0035038
300.0023289
299.9998158
299.9991005
299.997682
299.9975017
300.0019724
300.0036008
300.0040663
300.0031652
300.0008506
299.9999345
299.9977781
299.9987272
300.0024591
300.0024815
300.0032505
300.0028015
300.0020335
300.0013276
299.9988065
300.0000717
300.0024047
300.0026299
300.0029284
300.0024179
300.0018742
300.0021414
300.003369
300.0022809
300.0031371
300.0039923
300.0031458
300.0027804
300.0029722
300.0025212
300.0027066
)
;

boundaryField
{
    inlet
    {
        type            fixedValue;
        value           nonuniform 0();
    }
    outlet
    {
        type            inletOutlet;
        inletValue      nonuniform 0();
        value           nonuniform 0();
    }
    sides
    {
        type            symmetry;
    }
    walls
    {
        type            fixedValue;
        value           uniform 300;
    }
    procBoundary1to0
    {
        type            processor;
        value           nonuniform List<scalar> 
520
(
299.9945025
299.996597
299.9943182
299.997089
299.9989952
299.9964203
299.996235
299.997403
299.9968324
299.99852
299.9994971
299.9994376
299.9986623
299.9996248
299.9995226
299.9999142
299.9993606
300.000207
299.9999188
299.9989275
299.9945025
299.996597
299.9943182
299.997089
299.9989952
299.9945025
299.9964203
299.9994971
299.9999142
299.9943317
299.994746
299.9946861
299.9960212
299.9983387
299.9943317
299.9980334
300.0002835
300.0006303
299.9955746
299.9950186
299.9943068
299.9955855
299.9988465
299.9955746
299.9976144
299.9996074
300.000473
299.996002
299.9950863
299.9936292
299.9947073
299.9983754
299.996002
299.9966662
299.9975319
299.9992647
299.9950736
299.9938724
299.9937819
299.9939589
299.9968487
299.9950736
299.9962237
299.9965162
299.9980671
299.996081
299.994578
299.9945459
299.9955633
299.9979561
299.996081
299.9957939
299.9966811
299.9983299
299.9972695
299.9970696
299.9987017
299.9992363
299.9999109
299.9972695
299.9964463
299.997935
299.9993066
299.9988796
300.0011415
300.0019083
300.0002371
300.000857
299.9988796
300.0006083
300.0019986
300.003001
300.0057961
300.0071906
300.0030398
300.0020006
300.0049224
300.0009081
300.0023708
300.0036051
300.0032151
300.0064736
300.0058797
300.0057961
300.0075611
299.9995835
300.0002391
300.0024488
300.0042307
300.0074394
300.0056774
300.0066048
300.0069368
299.9993974
300.0012486
300.0052419
300.0060727
300.0061865
300.0037123
300.0073711
300.0078684
300.0011849
300.0024062
300.0051344
300.0048193
300.0030705
300.0029301
300.0071771
300.0065319
299.9984421
300.0001136
300.0020908
300.0020169
300.0021465
300.0006784
299.9991099
300.0031044
300.0039194
299.9997489
299.997203
299.9977803
300.000448
300.0053566
300.0062969
300.0058507
300.005324
300.0027986
300.0008795
300.0044749
300.0035662
300.0020854
300.0010845
299.9991161
300.0008467
300.0044301
300.0043765
300.0064087
300.0059011
300.0030487
300.0012063
300.0027698
300.003092
300.0037519
300.0037354
300.0001456
299.9998868
300.002794
300.0017793
300.0061088
300.0048315
300.0029252
300.0014739
300.0022595
300.0047057
300.0040957
300.0034555
300.0007604
300.0008907
300.0012759
299.9995283
300.0028945
300.0013323
299.9995231
299.9984218
300.0019603
300.0070371
300.0062053
300.0035476
299.9996546
300.0025707
300.0023178
300.002978
300.0053563
300.0036109
300.0010436
300.0006437
300.0054945
300.0089557
300.0075334
300.0057677
300.0021735
300.0045117
300.003602
300.0055782
300.004818
300.0040771
300.0029949
300.0027531
300.0063132
300.0058084
300.0035386
300.0042204
300.0015662
300.0009081
300.0032803
300.0023708
300.0013329
300.0036051
300.00359
300.0032151
300.0023393
300.0064736
300.0080717
300.0058797
300.0054903
300.0075611
300.0048063
300.0075345
300.0080357
300.0068984
300.0044433
300.0019708
300.0020575
300.0032957
300.0038324
300.0042677
300.0023945
299.9977864
299.9987944
299.9990376
299.99828
299.9927977
299.9951636
299.9975069
300.0046862
299.9968828
300.0022263
300.001605
300.0023461
300.000045
299.9997268
299.9990656
300.0006318
300.0004163
300.0030788
300.0033596
300.0035929
300.0005198
300.0004305
300.0024229
300.0057301
300.0004162
300.0031214
300.0036738
300.0025495
299.9995822
300.0002375
300.0024792
300.0036887
299.9971666
300.000851
300.0031058
300.0030576
300.0007408
300.0016081
300.003562
300.0031918
299.9979477
300.0036049
300.0025333
300.002119
299.9992702
300.0003318
300.0030788
300.0025517
300.003725
300.003725
299.9993124
299.9956159
299.9975909
299.9967256
299.9967256
299.9956191
299.995986
299.9970264
300.0025986
300.0025986
299.9985728
300.0004508
300.0019354
300.0025927
300.0025927
300.0018488
300.0037333
300.0056754
300.0044877
300.0044877
300.0028936
300.0027478
300.004076
300.001536
300.001536
299.9997269
299.99821
299.9999665
299.9962084
299.9937646
299.9972197
300.0000461
299.9974168
300.0015645
300.0010218
300.0020364
300.0043929
300.0065171
300.0008538
300.0012363
299.9927163
299.9984062
299.9979378
299.9992682
300.0014272
300.0006892
299.9971026
299.9989929
299.9987691
300.0010639
299.9974777
300.0023863
299.9994716
300.0012956
299.9985024
300.0014923
300.0034887
300.0007877
299.9979733
299.9996167
300.0001704
300.0009347
300.0001148
300.001361
300.0019288
300.0013019
299.9973249
300.0003399
300.00282
299.9985975
299.996931
300.0020759
300.0027828
300.0015093
300.0004805
299.9987174
300.0008189
300.0012002
299.9986087
300.0014375
300.0046054
299.9988502
299.9973337
300.0031694
300.0029956
300.0005161
299.9982717
299.9975529
299.9988646
300.0011448
300.0002746
300.0028662
300.0047385
299.999013
299.9993188
300.0027739
300.0035305
300.0007573
300.0006998
300.0000023
299.9959384
299.9946182
299.9941831
299.9935664
299.993539
300.0003843
300.004539
299.9963599
299.9984452
299.9996877
299.9985441
299.9991122
300.0003413
299.9990609
300.0009682
299.9998195
299.999945
300.0001482
300.0013532
300.0020857
299.999936
300.0043351
300.0036783
300.0043909
300.0039844
300.0027139
300.0035436
300.003764
300.0041201
300.0037623
300.0049345
300.0048572
300.0032072
300.0037414
300.0060957
300.0017886
300.0014095
300.003233
300.0034774
300.0024749
300.0027536
300.0061597
300.0026863
300.0052475
300.0046279
300.0049109
300.0051051
300.0068502
300.0029458
300.002926
300.0014222
300.0005386
300.0002542
300.0026737
300.0014818
300.0016381
300.0013615
299.9996819
299.9985728
299.9984783
300.0075846
300.0029697
300.0067898
300.0000517
300.0044931
300.0041753
300.0061877
300.0021693
300.0013172
300.0035823
299.9995757
300.0030241
299.9971019
299.9993771
300.0014826
300.0036109
300.00238
300.0021221
300.0030516
299.9980303
299.9983295
300.0013263
300.001227
300.0036339
300.0008461
300.003336
300.0033325
300.0005132
299.9995534
300.0055274
300.0049604
300.0000331
299.9994512
300.0033616
300.0021478
300.0007749
300.0010128
300.003029
300.0012665
300.0003355
299.9993967
300.0020494
299.9993491
299.9993103
299.999566
300.0055638
300.0055638
300.0018999
300.0018999
300.0006755
300.0006755
300.0006755
299.9991549
300.002777
300.0034894
300.0045217
300.0010198
299.9992062
299.998415
300.0029217
300.005216
300.0055858
300.0014044
299.9990581
299.9973848
299.9999404
300.0014354
300.0025697
300.0008703
299.9985048
299.9985955
299.9986437
299.9996471
)
;
    }
    procBoundary1to2
    {
        type            processor;
        value           nonuniform List<scalar> 
143
(
299.9988266
299.9967262
299.9967548
299.999511
300.0001572
300.0014106
300.000923
299.9983019
299.9989592
299.9996633
300.0018834
300.0017013
300.0020601
300.0035192
300.0033989
300.0000365
300.002314
300.0045379
300.0018554
300.0012717
300.001284
300.001695
300.0014158
299.9992676
300.0001954
300.0030536
300.0037107
300.0003777
299.9994369
300.0001154
299.9986687
299.999755
300.0009061
300.0014103
300.000827
299.9976943
299.9980856
299.9989823
300.0001516
299.9984554
299.9986359
299.999215
299.9983696
299.998249
299.9983925
300.0001536
300.0004755
299.9967402
299.9975525
299.9973299
299.9977617
299.9961468
299.9996471
299.9978853
299.9980851
299.9978915
300.0047168
300.0023768
300.0016138
299.9973513
300.004298
300.0021248
300.0023273
299.9962978
300.0014806
299.9990843
300.001829
299.9933948
299.9977554
299.9958811
299.9997697
299.9987882
299.9974331
299.9984943
299.9975987
299.9952487
299.9935303
299.9954239
299.9997261
299.9983445
299.994997
299.996712
299.9992754
299.998075
299.9965605
299.9969533
299.9957596
299.9953191
299.9952379
299.9969572
300.0035779
300.0050712
299.9987601
299.9979982
299.998187
299.9999062
299.9991568
299.997695
299.9952522
299.9966727
299.9981687
299.9956532
300.0000988
300.0057023
300.0013359
300.0017761
299.9995614
300.0014299
300.001504
299.9996889
299.9963451
299.9966856
299.9992125
299.9930707
299.99003
299.996204
299.9956458
299.9973454
299.9980419
300.0012294
300.0000067
299.9989501
299.9984648
299.9961535
300.0002524
299.9983594
299.9935399
299.9962622
299.9959196
299.996178
299.9974949
300.0027353
300.0021688
299.999974
300.000176
299.9953068
299.9980043
300.0033983
300.0021279
300.0037082
300.0024658
300.0010095
299.9996775
)
;
    }
    procBoundary1to3
    {
        type            processor;
        value           nonuniform List<scalar> 
341
(
299.9971722
300.0011058
300.0003867
299.9998644
300.0020434
300.0017415
300.0002314
299.9984446
300.000843
300.0015449
299.9997479
300.0007929
300.0024113
300.0005817
299.9996703
300.0002065
299.9990115
300.0001984
300.0002148
300.0015885
300.0003483
299.9999365
299.9988477
300.0013397
300.0015157
300.0013557
299.9990256
299.9991933
300.0005546
300.0004474
300.0009335
300.0012667
300.0022008
300.0013909
300.0002061
299.9995102
300.0000207
299.9984741
299.996545
299.9969506
300.000147
300.0005773
300.0008441
300.0008311
299.9992269
299.9989219
299.9994571
300.0005658
300.0012415
299.9993584
299.9969676
299.9958967
300.0002839
300.0017119
300.0008548
300.0016833
299.9991086
299.9982651
299.9993791
299.9998615
299.9998098
299.9997855
299.9970215
299.9956793
300.0007821
300.0024113
300.0019033
300.0046929
300.0020229
300.0004694
300.0011347
300.0002052
299.9988104
299.998858
299.9954361
299.9958254
300.0012747
300.0023606
300.0022386
300.0056356
300.0060295
300.0049512
300.0042722
300.0023534
300.0003432
299.9964058
299.9961946
299.9989813
300.0026103
300.0017899
300.0013203
300.0036099
300.0057538
300.00598
300.0053119
300.0032667
300.0015065
299.9947525
299.9959523
300.0008371
300.0045629
300.0027358
300.0008947
300.0031215
300.00566
300.005665
300.0044781
300.0026805
300.0021901
299.9966774
299.9967338
300.000511
300.004107
300.0040202
300.0007057
300.0009336
300.0034587
300.0035283
300.0016014
300.0002022
300.0002216
299.9990967
299.9979821
300.000612
300.0028049
300.0026213
299.9983059
299.9962798
299.9996836
300.0009803
299.9993399
299.9976497
299.9982936
299.9991204
299.9991204
299.9994399
299.9994399
299.9994811
299.9994811
300.0014084
300.0014084
299.999847
299.999847
299.997228
299.997228
299.9967057
299.9967057
299.9987825
299.9987825
299.9999114
299.9999114
299.9975639
299.9975639
299.9962898
299.9962898
299.9962912
299.9962912
299.9997443
299.997254
299.9969853
299.9999508
300.0001538
299.998549
299.997151
299.9987734
299.9995575
299.9974044
299.9979505
299.9981666
299.9988403
299.9993954
300.0010927
299.9999435
300.0005793
300.0004956
299.9988873
299.9979646
299.9993092
300.0003818
300.0007401
300.0011091
300.000202
299.9995321
300.0010904
300.0026305
300.0026345
300.0020425
300.0006473
299.9991453
299.9988939
300.000716
300.0020926
300.0016088
300.0008004
300.0000006
300.0000337
300.00142
300.0008749
300.0018749
300.0018434
299.9993702
299.9995798
300.0030307
300.0043152
300.0026798
300.0015167
300.0011512
299.9993854
299.9998106
300.0028197
300.0055268
300.0040518
299.9997508
299.9997775
300.0027104
300.0031963
300.0023271
300.0004166
300.0001968
299.9996805
300.0001749
300.0023205
300.0043818
300.0045443
300.0018224
300.0005513
300.0011986
300.0022522
300.0024811
299.9995894
299.9985709
299.9996361
299.9990957
299.9984354
300.0001202
300.0016773
299.9993943
299.9990557
300.0002571
300.0001958
299.9999141
299.9995132
299.9982091
300.0001774
300.0001774
299.9992248
299.9992248
299.9973265
299.9973265
299.9987397
299.9987397
299.9983403
299.9983403
299.9968212
299.9968212
299.997197
299.997197
299.9999463
299.9999463
300.0001709
300.0001709
299.9969912
299.9969912
299.9985198
299.9985198
299.9989604
299.9989604
299.9984059
299.9981377
299.9990357
299.9969581
299.9992521
300.0006361
300.0013608
299.9995412
299.9994704
299.9986936
299.9968667
299.998691
300.0000513
299.9950652
300.0013384
299.9997688
299.9953696
299.9957792
299.999619
299.9952275
300.0011722
300.0009673
299.9966086
299.9934504
299.9992922
299.9962151
299.9985849
300.000835
299.9993945
299.9942348
299.9988657
299.9958716
299.9949866
299.9979769
299.9988649
299.9963055
299.9988403
299.9984059
300.0013078
300.001211
300.0016054
300.0006494
300.000929
299.999735
300.0015143
300.0028132
300.0017204
300.0008558
300.0011692
300.0000593
300.0000769
300.0011506
300.0007407
300.0013185
300.0018181
299.9994965
299.9966738
299.9959205
299.9988971
300.0015745
300.0001833
299.9985468
299.9986252
299.9964975
299.9997286
300.0006026
299.9999078
299.9959457
300.000906
299.9978291
299.9979657
299.9979329
299.9993954
299.9981377
)
;
    }
}


// ************************************************************************* //
