/*--------------------------------*- C++ -*----------------------------------*\
  =========                 |
  \\      /  F ield         | OpenFOAM: The Open Source CFD Toolbox
   \\    /   O peration     | Website:  https://openfoam.org
    \\  /    A nd           | Version:  7
     \\/     M anipulation  |
\*---------------------------------------------------------------------------*/
FoamFile
{
    version     2.0;
    format      ascii;
    class       volScalarField;
    location    "0.00161";
    object      Uz;
}
// * * * * * * * * * * * * * * * * * * * * * * * * * * * * * * * * * * * * * //

dimensions      [0 1 -1 0 0 0 0];

internalField   nonuniform List<scalar> 
5000
(
0
0
0
0
0
-2.3656378e-17
-5.0630254e-32
7.1505814e-17
2.3916055e-17
-4.7991446e-17
-4.8149523e-17
2.4152434e-17
-2.0658413e-31
-2.1411912e-31
4.8746325e-17
-4.8882774e-17
2.5359461e-47
-2.1647297e-31
-2.4628967e-17
4.9372057e-17
2.4740657e-17
0
0
-2.4891568e-17
2.1263324e-31
-2.0591041e-31
-2.5024376e-17
2.5064441e-17
2.5102427e-17
-2.5138368e-17
4.3999706e-31
-2.1490652e-31
-2.523476e-17
2.5263099e-17
2.5289579e-17
0
0
-2.5358493e-17
-2.5378325e-17
2.539666e-17
-4.2615509e-31
-2.542898e-17
2.5442986e-17
-4.3047697e-31
-2.546682e-17
2.5476774e-17
-8.7645462e-31
8.730926e-31
-8.7693743e-31
4.3493495e-31
2.5508989e-17
0
0
0
0
0
0
0
0
0
0
0
0
-2.5479473e-17
-2.5471496e-17
2.5462772e-17
-4.3767447e-31
-4.0019982e-49
2.5432822e-17
0
0
-2.5397481e-17
-2.5384666e-17
0
2.5357699e-17
8.7517336e-31
-2.5329e-17
-2.5314061e-17
2.5298735e-17
5.0566093e-17
-5.0533993e-17
1.4353326e-32
7.570194e-17
-5.0434104e-17
-2.6213735e-30
5.0364674e-17
-7.5493702e-17
2.5146556e-17
2.5128282e-17
-2.5109731e-17
2.5090834e-17
2.5071559e-17
8.7222008e-31
-5.0063412e-17
-1.7309399e-30
-2.4990057e-17
-2.4968556e-17
-8.756469e-31
1.7355565e-30
4.9803061e-17
2.4878423e-17
-2.485502e-17
3.5287499e-33
2.4807568e-17
0
-2.4759799e-17
-8.6122272e-31
2.4712309e-17
-2.4688797e-17
-2.4665491e-17
4.9284784e-17
2.4619537e-17
-7.3790779e-17
-2.457459e-17
7.3657517e-17
-2.4530667e-17
-2.4509026e-17
-1.3919574e-32
-2.446628e-17
7.333551e-17
-1.7076791e-30
-4.8806987e-17
4.8765845e-17
2.4362524e-17
-2.4342269e-17
2.4322168e-17
-2.4302206e-17
-4.8564812e-17
2.4262752e-17
8.3717728e-31
2.4223895e-17
4.8409355e-17
-2.418559e-17
-2.4166661e-17
-2.414789e-17
-8.4010017e-31
-8.3603259e-31
8.3882386e-31
4.8149098e-17
2.4056604e-17
-2.4038791e-17
-4.804226e-17
-2.4003609e-17
-2.398625e-17
1.6622282e-30
4.7904006e-17
-6.8027734e-33
6.7980311e-33
6.3559037e-48
2.3885588e-17
-1.6553184e-30
3.3219743e-30
2.3837523e-17
-2.3821844e-17
2.3806338e-17
8.2494163e-31
-2.3775897e-17
2.3760963e-17
-3.3745388e-33
-2.3731636e-17
0
2.3703005e-17
1.6394376e-30
-4.7350158e-17
2.3661398e-17
-6.7211454e-33
-2.3634647e-17
2.3621561e-17
-2.3608634e-17
2.3595871e-17
-9.8262519e-30
-6.5384455e-30
2.3558538e-17
-4.7092948e-17
0
-1.6312936e-30
-4.8914985e-30
2.3500258e-17
2.3489155e-17
1.6181806e-30
-2.346742e-17
2.3456798e-17
1.6126522e-30
9.991403e-33
3.2458095e-30
-4.6832275e-17
2.3406479e-17
2.3397052e-17
-1.6086273e-30
1.6113289e-30
-4.8587226e-30
1.6134391e-30
-2.3352725e-17
0
0
0
0
-2.3312804e-17
4.8585664e-30
2.3298385e-17
2.32915e-17
-2.3284792e-17
-2.3278229e-17
4.6543685e-17
1.6101421e-30
-4.8291839e-30
-2.3253865e-17
-2.3248273e-17
2.3242879e-17
0
2.3232855e-17
1.6075541e-30
-2.3223843e-17
-2.3219608e-17
3.2331384e-30
2.3211567e-17
-4.6415709e-17
2.3204424e-17
2.320125e-17
-2.3198299e-17
2.3195499e-17
0
0
0
2.3185952e-17
-2.318399e-17
-4.6364187e-17
2.3180237e-17
-1.6106919e-30
2.3176626e-17
2.3174935e-17
-4.63467e-17
6.5858238e-33
-6.5853871e-33
2.3168679e-17
2.3167045e-17
-4.6330763e-17
3.2917653e-33
-4.8253873e-30
2.3160452e-17
-1.2861444e-29
-3.2118287e-30
2.3155294e-17
-2.3153717e-17
0
-2.3151209e-17
2.3150235e-17
2.3149361e-17
-2.3148622e-17
0
-2.3148007e-17
2.314828e-17
2.3148937e-17
-8.0370118e-30
-4.630285e-17
-4.6306396e-17
6.946609e-17
4.6316025e-17
0
-4.6329978e-17
-2.3169284e-17
2.3174026e-17
2.317918e-17
2.3184779e-17
-4.6381771e-17
-4.6395089e-17
2.3204747e-17
4.642486e-17
6.4412742e-30
-4.6457899e-17
2.3237771e-17
-3.2243158e-30
-2.3256776e-17
4.6533969e-17
-2.3277594e-17
3.2433089e-30
2.3299756e-17
-2.3311313e-17
2.3323257e-17
-4.6671229e-17
9.7416546e-30
4.67229e-17
-4.6749638e-17
-1.6186425e-30
2.3402431e-17
0
0
2.3446381e-17
-2.3461685e-17
-4.69546e-17
2.3493226e-17
-6.6817881e-33
2.3525961e-17
2.3542752e-17
-2.355985e-17
0
-2.3595064e-17
-2.3613158e-17
0
4.7300221e-17
2.3668946e-17
-4.7376137e-17
1.6407225e-30
-6.7436961e-33
2.3747311e-17
2.3767585e-17
-2.3788063e-17
2.3808744e-17
-2.3829648e-17
1.3557605e-32
4.7744341e-17
-2.3893772e-17
-2.3915571e-17
-2.3937543e-17
-3.323157e-30
2.3981946e-17
0
0
-2.4049658e-17
3.3422316e-30
-6.6874315e-30
-3.3520703e-30
2.414198e-17
-2.4165347e-17
3.4374349e-33
2.4212332e-17
0
0
0
0
0
0
0
-2.4404369e-17
0
2.4453394e-17
0
-2.4502788e-17
-6.8038545e-30
2.4552469e-17
0
0
-2.46274e-17
-3.4227525e-30
2.4677643e-17
0
0
-2.4753534e-17
-2.4778914e-17
2.4804291e-17
2.4829651e-17
0
-2.4880316e-17
3.539304e-33
2.4930962e-17
-2.4956284e-17
-2.4981585e-17
2.5006844e-17
2.5032038e-17
0
-2.5082193e-17
-2.5107158e-17
2.5132053e-17
2.5156877e-17
0
-2.5206264e-17
-2.5230795e-17
2.5255198e-17
2.527946e-17
0
0
0
0
0
0
0
0
-2.5490165e-17
1.8639099e-47
2.5534536e-17
0
0
0
-2.5619872e-17
-3.5562752e-30
2.5660661e-17
-2.5680547e-17
3.5682001e-30
-3.654924e-33
-3.5734692e-30
2.5756437e-17
-2.5774466e-17
2.5792117e-17
-1.4340842e-29
-2.5826264e-17
2.5842739e-17
0
0
-2.5889702e-17
-3.5965893e-30
2.5919015e-17
-2.5933094e-17
-2.5946792e-17
0
2.5973047e-17
2.5985612e-17
-2.5997813e-17
-7.2186693e-30
-2.5857173e-48
-3.6143317e-30
2.6043188e-17
-2.605371e-17
9.358233e-48
-3.6200913e-30
-2.6083447e-17
0
0
2.6110738e-17
3.7117805e-33
-1.0871569e-29
2.6135805e-17
0
0
-2.6158914e-17
7.2546881e-30
2.6173373e-17
0
0
0
-2.6200052e-17
3.724136e-33
2.6212329e-17
-2.6218201e-17
2.6223886e-17
-7.2908328e-30
-5.2469391e-17
2.6239825e-17
1.0931478e-29
3.6444879e-30
-3.6451229e-30
-2.6258484e-17
0
0
2.6270238e-17
3.6478416e-30
-7.2928471e-30
-2.4196117e-49
-2.628273e-17
2.6285288e-17
2.6287613e-17
0
-2.6291552e-17
-3.6505446e-30
2.6294551e-17
0
0
-2.6297356e-17
7.4742936e-33
-1.0974033e-49
-2.6298109e-17
2.6297949e-17
-3.6436871e-30
3.6510902e-30
-7.298255e-30
-2.6295578e-17
2.6294587e-17
-7.3011697e-30
7.3045575e-30
-7.3041774e-30
-2.628936e-17
2.6287787e-17
-7.299133e-30
3.6567945e-30
0
-2.6280705e-17
2.6278813e-17
-3.6482852e-30
3.7338949e-33
-3.6477422e-30
3.6512e-30
2.6269007e-17
-2.6267024e-17
-2.6265058e-17
2.6263113e-17
2.6261188e-17
0
-2.6257394e-17
-2.6255537e-17
0
2.6251939e-17
-3.6445782e-30
3.7301318e-33
3.640371e-30
-2.6245051e-17
2.6243361e-17
3.6396685e-30
-7.2863374e-30
-2.6238405e-17
-2.6236765e-17
5.2470219e-17
-3.7279949e-33
3.6382874e-30
2.6230016e-17
-2.6228279e-17
3.6412905e-30
2.6224708e-17
0
0
0
-2.6216901e-17
-2.6214791e-17
2.6212615e-17
2.6210368e-17
0
-2.6205652e-17
-2.620318e-17
2.6200635e-17
2.6198017e-17
0
-2.6192571e-17
-2.6189747e-17
2.6186858e-17
7.2707503e-30
-2.6180902e-17
0
0
0
0
2.6165211e-17
-7.2572258e-30
-2.6158733e-17
2.6155473e-17
3.6309739e-30
-3.6342367e-30
5.537627e-50
2.6142456e-17
2.6139248e-17
-5.2272143e-17
-3.6282976e-30
3.6241541e-30
-2.6126778e-17
0
2.6120806e-17
2.6117895e-17
-2.6115039e-17
-7.2434287e-30
2.6109511e-17
0
0
-2.6101718e-17
3.619911e-30
2.6096813e-17
0
-2.6092101e-17
3.7075867e-33
-7.2440057e-30
-3.6179927e-30
2.6083261e-17
-2.6081136e-17
3.7060525e-33
-7.2410444e-30
-2.6074844e-17
2.6072769e-17
7.2393152e-30
3.704576e-33
-3.6190826e-30
-2.6064467e-17
2.6062343e-17
0
-1.4467861e-29
-3.613876e-30
-1.0840674e-29
-3.7020843e-33
-2.6048723e-17
2.6046292e-17
8.4701775e-50
-3.6155665e-30
7.2303995e-30
-3.6148219e-30
5.206615e-17
-2.6030203e-17
-2.6027259e-17
-3.6132071e-30
3.6127781e-30
5.2035978e-17
-2.6014753e-17
-2.6011446e-17
6.4114078e-50
0
6.9910121e-50
-2.5997588e-17
2.5993984e-17
7.7380075e-50
-3.6042913e-30
-3.6923887e-33
-2.5979088e-17
5.1950538e-17
7.211748e-30
-2.5967565e-17
3.6011108e-30
-3.6005732e-30
2.5955942e-17
-2.5952075e-17
-3.4380873e-49
-1.0810046e-29
7.2068668e-30
-7.1984443e-30
-7.2010903e-30
7.8049969e-50
0
2.5922107e-17
0
0
-2.591173e-17
-7.1942504e-30
2.5905166e-17
0
0
-5.1791753e-17
-2.1555144e-29
5.1780178e-17
-2.5887322e-17
3.6784281e-33
-3.5934622e-30
-2.5879497e-17
0
0
0
-2.5870069e-17
-7.1756371e-30
2.5865692e-17
0
0
-2.5859467e-17
3.6745676e-33
2.5855497e-17
0
0
-2.5849604e-17
-7.1700281e-30
-7.1804998e-30
7.1762767e-30
2.5841683e-17
-2.5839655e-17
7.1709138e-30
-7.1703312e-30
7.1660667e-30
2.5831178e-17
0
0
-2.5824369e-17
-4.2679736e-49
2.5819574e-17
0
0
-2.5811973e-17
-4.8156471e-49
2.5806647e-17
0
0
-2.5798313e-17
-6.5342439e-49
2.5792542e-17
0
0
-2.5783645e-17
3.6636492e-33
2.577762e-17
-2.5774591e-17
7.1599108e-30
-7.1590677e-30
7.1545651e-30
2.576248e-17
0
0
0
0
0
-2.5744755e-17
7.1443538e-30
2.573908e-17
0
0
0
0
0
0
0
-2.5718113e-17
1.4274169e-29
2.5713332e-17
0
0
0
0
0
0
0
-2.5695613e-17
7.1309251e-30
2.5691418e-17
0
0
-2.5685224e-17
7.1353552e-30
2.5681109e-17
0
0
0
-2.5672706e-17
-7.1318546e-30
2.5668417e-17
0
0
0
0
0
0
0
-2.5650111e-17
3.6447552e-33
2.5645222e-17
0
0
0
0
0
0
0
-2.5624579e-17
-3.6410914e-33
2.561922e-17
0
0
0
-2.5608477e-17
1.4216799e-29
2.5603115e-17
0
-2.5597794e-17
-7.1109034e-30
2.5592543e-17
0
0
-2.5584841e-17
-2.5582324e-17
2.5579835e-17
2.5577377e-17
0
0
0
0
2.5565571e-17
-3.6327642e-33
-5.1122139e-17
-2.5558861e-17
5.1113357e-17
5.1109041e-17
-2.5552389e-17
-2.5550283e-17
0
0
0
0
-2.5539986e-17
-7.095012e-30
2.5535937e-17
0
0
0
0
0
0
0
0
0
0
0
0
0
0
-2.5503714e-17
1.4162419e-29
2.5498881e-17
0
0
2.5491276e-17
-7.0776934e-30
3.6217793e-33
-2.5483314e-17
-2.5480577e-17
-1.414573e-29
7.0775086e-30
2.5472079e-17
0
0
0
0
0
-2.545413e-17
1.4130872e-29
2.5447908e-17
0
0
0
0
0
0
0
-2.5422603e-17
1.4109723e-29
2.5416301e-17
0
0
0
0
0
0
0
-2.539194e-17
2.1142882e-29
2.5386188e-17
0
0
0
0
0
0
0
0
-2.5362356e-17
3.6038622e-33
2.5357539e-17
0
0
0
0
-2.5346255e-17
2.5344102e-17
2.5341977e-17
-5.0679762e-17
-7.035807e-30
2.5335777e-17
0
0
0
0
-2.5325847e-17
7.0283417e-30
5.064391e-17
-2.5320033e-17
-2.5318097e-17
2.5316135e-17
0
0
0
-2.5308351e-17
-7.0198843e-30
2.5304307e-17
2.5302197e-17
-2.5300146e-17
-2.5298209e-17
2.5296332e-17
0
0
-2.5289692e-17
-2.5287303e-17
2.5285201e-17
2.5283476e-17
2.5281808e-17
1.4039305e-29
-2.5276747e-17
0
0
0
-2.5268268e-17
-2.5267252e-17
2.5264952e-17
2.5261369e-17
2.5257326e-17
7.0088812e-30
-2.5251364e-17
0
0
0
-2.5248664e-17
7.0066449e-30
2.5242969e-17
0
0
0
0
0
0
0
-2.5222029e-17
6.9996912e-30
5.043911e-17
7.0026409e-30
-2.521685e-17
0
0
-2.5209231e-17
3.5820604e-33
-6.9987573e-30
6.9947557e-30
2.5201894e-17
2.5200796e-17
-6.9972117e-30
-2.5196346e-17
0
0
-2.51909e-17
2.0976747e-29
6.9905865e-30
-3.5791287e-33
2.5183817e-17
-2.5181825e-17
-2.5179941e-17
5.0356473e-17
-1.3967929e-29
-2.5175741e-17
2.5174101e-17
0
-2.5168421e-17
-6.9916186e-30
2.5164001e-17
0
-2.5162104e-17
2.5160172e-17
-2.793573e-29
-2.5154634e-17
2.515224e-17
0
-2.5147848e-17
0
2.51423e-17
0
-2.5137033e-17
2.5135009e-17
-1.3943638e-29
-2.513074e-17
2.5127603e-17
0
-2.5121227e-17
-6.9750601e-30
2.5117502e-17
0
-2.5111586e-17
2.5106873e-17
-7.1346867e-33
-2.5100421e-17
2.5099374e-17
0
-2.5093995e-17
-2.5088407e-17
2.5083259e-17
2.5079877e-17
-2.5078547e-17
2.5077723e-17
2.5075322e-17
-2.5070827e-17
0
0
0
0
0
0
-2.5045116e-17
-1.1729817e-49
5.0074717e-17
-2.5034447e-17
-2.5031355e-17
2.5027325e-17
0
0
-2.501464e-17
-2.5012299e-17
2.5010038e-17
2.5006509e-17
0
-2.49968e-17
-6.9435662e-30
2.498984e-17
0
0
-2.4982392e-17
-2.4979295e-17
2.4975863e-17
2.4971793e-17
0
-2.4962565e-17
6.9305041e-30
2.4955466e-17
-2.4953012e-17
-1.3856625e-29
-3.5453413e-33
-2.4945403e-17
2.4942647e-17
2.4939707e-17
0
0
-2.4929643e-17
6.9180359e-30
2.4923506e-17
0
-2.4918551e-17
-2.4916641e-17
2.4914563e-17
2.4911673e-17
0
0
0
0
0
0
-2.4894249e-17
6.9087065e-30
2.4891414e-17
0
0
0
0
0
0
-2.487549e-17
3.9521722e-50
2.4873246e-17
2.4870876e-17
6.8982679e-30
-2.486484e-17
0
0
0
0
-2.4855519e-17
-6.8980467e-30
2.485331e-17
-2.4851444e-17
-2.4848595e-17
2.4845426e-17
-1.3789651e-29
-2.0686479e-29
-2.0678401e-29
6.9007248e-30
-1.379359e-29
6.8928447e-30
2.4834173e-17
0
-2.482888e-17
2.06697e-29
-3.5273655e-33
-2.4819227e-17
2.481804e-17
2.4817646e-17
-2.4816979e-17
6.887105e-30
-2.0651734e-29
-1.3774252e-29
-1.3761945e-29
6.8801829e-30
-1.376598e-29
-2.4797747e-17
2.4795382e-17
2.4793035e-17
-2.4790677e-17
6.8761503e-30
-2.7515743e-29
-6.8781406e-30
6.8808469e-30
6.8730187e-30
6.8757905e-30
-2.4771497e-17
0
2.476512e-17
-6.8723229e-30
-2.2014419e-49
2.4756277e-17
0
-2.475064e-17
2.4746403e-17
2.4742e-17
-2.4738427e-17
0
0
0
0
-2.4725354e-17
6.8609797e-30
-1.3723055e-29
2.4712468e-17
2.4708711e-17
-2.4705155e-17
0
0
0
0
-2.4687954e-17
-3.5078209e-33
2.4680553e-17
0
0
0
0
0
0
0
-2.4651989e-17
-2.4649466e-17
2.4645722e-17
2.464102e-17
0
0
0
0
0
0
-2.4612351e-17
-2.4608831e-17
2.4605096e-17
2.4601021e-17
0
0
0
0
0
0
-2.4572594e-17
-2.4568736e-17
2.4566191e-17
2.4564091e-17
0
0
0
0
0
0
-2.4535304e-17
1.3619911e-29
2.4526636e-17
0
0
0
0
0
0
-2.4502513e-17
6.8025816e-30
2.4493799e-17
0
0
0
0
-2.4477004e-17
-3.4779307e-33
2.4470483e-17
-2.4467164e-17
-7.1400704e-50
2.4460586e-17
-2.4457321e-17
1.3580812e-29
2.4450828e-17
-2.4447657e-17
-1.3572058e-29
-1.3570338e-29
-1.0327679e-48
-1.3563284e-29
-6.7772678e-30
2.4428728e-17
-2.4426008e-17
-2.4423592e-17
4.8842287e-17
-1.3547068e-29
-4.8830415e-17
0
2.4409407e-17
-6.7772877e-30
-6.7800508e-30
-2.0313736e-29
-2.0315056e-29
-1.3535022e-29
2.0310866e-29
-1.353577e-29
6.7758923e-30
2.4386966e-17
0
-2.4382265e-17
-3.4645961e-33
-2.0293728e-29
-2.0295413e-29
3.4636733e-33
1.3527874e-29
-6.7667384e-30
-2.4366466e-17
0
2.4362849e-17
-1.3522359e-29
-3.461615e-33
2.4355986e-17
0
-2.4351393e-17
2.4350589e-17
2.4349949e-17
-2.4348378e-17
0
0
-2.434001e-17
2.7021931e-29
-1.3501292e-29
1.3510887e-29
-6.7601934e-30
2.433059e-17
2.4328193e-17
-2.4326188e-17
0
0
0
0
-2.4317774e-17
-6.7517799e-30
-2.6990428e-29
2.4310199e-17
2.4308445e-17
-2.4306751e-17
0
0
0
0
-2.4296146e-17
-2.4295026e-17
2.4292918e-17
2.4289965e-17
0
0
0
0
0
0
-2.427145e-17
-2.4268124e-17
2.4265496e-17
2.4263977e-17
0
0
0
0
0
0
-2.42439e-17
2.0187349e-29
4.8478306e-17
-2.4235856e-17
-7.269644e-17
-2.4228908e-17
0
4.8450141e-17
-2.689798e-29
-8.0654645e-29
-2.4215109e-17
-4.8422136e-17
4.8414863e-17
-2.4204176e-17
-2.420123e-17
2.419835e-17
-2.4195133e-17
3.4378177e-33
2.4187908e-17
2.4184767e-17
-2.4182143e-17
-2.417966e-17
2.4176656e-17
-2.4172797e-17
-3.4345027e-33
2.4163376e-17
0
0
0
4.8304501e-17
-2.4148842e-17
-4.8288154e-17
2.4138953e-17
-2.4134594e-17
-2.4131403e-17
4.8258666e-17
2.3138294e-49
-2.4123551e-17
2.411909e-17
4.822916e-17
2.411051e-17
-7.2320907e-17
2.4103877e-17
5.4269994e-48
-7.2294246e-17
4.8189103e-17
2.4090322e-17
2.4085788e-17
4.8163335e-17
-4.8156799e-17
-2.4076088e-17
-2.4073694e-17
2.4070122e-17
2.4065687e-17
-7.218323e-17
2.405694e-17
2.4053572e-17
-2.4051013e-17
-2.4048529e-17
-3.4170529e-33
7.2124851e-17
-2.4037623e-17
4.0014906e-29
-4.0022816e-29
-7.2081856e-17
2.4024604e-17
2.4022041e-17
4.8038116e-17
-2.4015384e-17
-4.8022457e-17
4.8014528e-17
-2.4004169e-17
2.4002268e-17
2.4000442e-17
-7.1992585e-17
2.3993735e-17
2.398978e-17
-4.7972616e-17
-2.398338e-17
2.3980931e-17
7.1936343e-17
-2.3976487e-17
-9.5894912e-17
1.3305494e-29
4.7934427e-17
2.3963934e-17
0
4.7918811e-17
5.3186854e-29
-7.1866289e-17
2.395198e-17
-5.3172557e-29
2.3945512e-17
2.3943748e-17
-4.7884362e-17
0
0
0
-2.3932231e-17
1.3286512e-29
4.7855923e-17
-2.3925495e-17
-4.7846451e-17
7.1763978e-17
-7.9662115e-29
-4.7833734e-17
2.3914493e-17
0
0
0
4.7813126e-17
-2.390415e-17
-4.7804114e-17
7.1701079e-17
-6.7923967e-33
-4.7792945e-17
0
0
-2.3890271e-17
1.3263417e-29
4.7773299e-17
-2.3884179e-17
-4.7763758e-17
7.1640574e-17
-3.9756979e-29
-4.7754021e-17
2.3874176e-17
-2.3871484e-17
4.7739594e-17
2.3869153e-17
-7.9483594e-29
-2.3864392e-17
-4.7722245e-17
7.1577588e-17
-1.3562069e-32
-2.3857424e-17
1.3240962e-29
-2.3851098e-17
-2.3848917e-17
1.3237352e-29
7.1539109e-17
-6.7768085e-33
-7.1523104e-17
4.7677575e-17
-2.9037007e-49
-4.7670288e-17
2.3832873e-17
-2.3830537e-17
4.765636e-17
2.3825831e-17
-5.290236e-29
-2.3821487e-17
-4.7638316e-17
-2.3816477e-17
-2.3813902e-17
7.1434408e-17
0
-2.3806388e-17
-1.3212983e-29
1.3211586e-29
-1.3206721e-29
2.379605e-17
-2.641436e-29
2.3790792e-17
-7.9224773e-29
-7.1355562e-17
4.756503e-17
7.1339098e-17
2.3776701e-17
-7.1321389e-17
-4.754212e-17
7.1304392e-17
-2.3764937e-17
-7.1285665e-17
0
0
2.3752669e-17
2.3749472e-17
0
-2.3743587e-17
-2.3739837e-17
4.7472852e-17
-5.2696282e-29
-7.1192329e-17
2.634026e-29
2.3722978e-17
2.3720227e-17
2.3717235e-17
-2.3713166e-17
-2.3709195e-17
2.3706172e-17
7.1109722e-17
-2.3699423e-17
-9.4781103e-17
2.3691769e-17
4.7377343e-17
2.3685071e-17
0
-2.3677548e-17
0
-2.367043e-17
2.3666563e-17
-5.2538885e-29
2.3659306e-17
-7.8783427e-29
-7.0954707e-17
2.3647866e-17
2.3644102e-17
-2.3640148e-17
-2.3636246e-17
2.3632491e-17
7.0885889e-17
-2.3624615e-17
-9.4482792e-17
3.9334257e-29
2.3612992e-17
4.721786e-17
2.3605012e-17
-4.7202442e-17
-1.3098277e-29
-3.3527936e-33
2.3589292e-17
-5.2367063e-29
-2.358158e-17
7.0732446e-17
-2.6170309e-29
-4.7139909e-17
0
0
-2.3558065e-17
1.3074555e-29
4.7101165e-17
-2.3546322e-17
-4.7085143e-17
-2.3539327e-17
2.6121211e-29
7.0592616e-17
2.3527016e-17
-2.3524192e-17
4.7041397e-17
-1.3367347e-32
-7.8312106e-29
-2.3508375e-17
-4.7009852e-17
7.0504488e-17
-2.6093017e-29
-4.698876e-17
0
0
4.6967472e-17
-5.2133234e-29
-2.6056683e-29
-6.6716823e-33
-7.0409346e-17
-4.6932216e-17
3.9077875e-29
7.0379667e-17
2.3456833e-17
-2.3453854e-17
4.6901625e-17
2.6023958e-29
-7.8075304e-29
-2.3441901e-17
-4.6878144e-17
7.0308573e-17
-2.343321e-17
-2.3430473e-17
2.3428272e-17
-2.3425697e-17
4.684494e-17
-2.599933e-29
-2.3417214e-17
-3.3274362e-33
-4.6824553e-17
4.6819945e-17
-3.8972366e-29
-4.6810537e-17
2.3402978e-17
0
-2.3398398e-17
-1.2983321e-29
7.018178e-17
-2.3391776e-17
-4.6779317e-17
-2.3387421e-17
-2.338528e-17
2.338358e-17
2.3381687e-17
2.3379206e-17
-2.3376883e-17
1.297492e-29
-1.2970624e-29
2.3371532e-17
-2.5950725e-29
2.3368089e-17
-7.7820504e-29
-7.009378e-17
4.6725734e-17
2.1712659e-50
-2.3359507e-17
-2.5927391e-29
1.2967747e-29
7.0063738e-17
-2.3352971e-17
-7.0053741e-17
0
0
2.334644e-17
2.3344737e-17
4.6686361e-17
-2.3341622e-17
-4.6680103e-17
4.6676992e-17
-2.3336901e-17
-7.0005889e-17
2.3333692e-17
2.3332068e-17
2.3330446e-17
2.3328822e-17
-4.6654285e-17
-2.3325468e-17
2.3323903e-17
6.996693e-17
-2.3320476e-17
-1.8618991e-48
-3.8821282e-29
-4.6630392e-17
4.6626979e-17
4.6623528e-17
-2.3309978e-17
-4.6616325e-17
4.6612663e-17
2.3304477e-17
-6.9907797e-17
-6.990212e-17
2.3298793e-17
4.6593707e-17
2.3294894e-17
-1.2929336e-29
-4.6581809e-17
-2.3288883e-17
2.3286833e-17
4.6569484e-17
-3.3086601e-33
-4.6560994e-17
4.6556684e-17
-3.8766721e-29
-4.6547892e-17
2.3271711e-17
4.6538895e-17
4.6534314e-17
0
-2.3262509e-17
-6.9780428e-17
-2.3257772e-17
2.3255378e-17
0
0
0
0
-2.3242857e-17
1.2900141e-29
6.9713353e-17
-2.3235165e-17
-6.9697622e-17
-2.3229904e-17
3.8685178e-29
4.6448992e-17
2.3221812e-17
-2.3219042e-17
4.6432509e-17
2.3213535e-17
-7.7308777e-29
-2.32078e-17
-4.6410245e-17
6.9606352e-17
-6.5934601e-33
-2.3195734e-17
3.2959725e-33
-2.3190575e-17
-2.3187551e-17
2.5738541e-29
6.9545164e-17
-6.5877838e-33
-6.9527308e-17
-4.6345505e-17
1.2854359e-29
4.6333434e-17
2.3163664e-17
-2.3160551e-17
4.6315077e-17
2.3154444e-17
-7.7097505e-29
-2.3148196e-17
-4.629018e-17
6.9424368e-17
-2.5693424e-29
-2.3135607e-17
-2.3132671e-17
-2.312933e-17
-1.2830265e-29
1.2831788e-29
4.6239723e-17
1.2828269e-29
-4.6227134e-17
4.6220638e-17
-1.1544264e-28
-6.931192e-17
4.6201329e-17
-2.5648205e-29
-4.6188518e-17
2.3091088e-17
2.3087823e-17
4.6168714e-17
-2.3081002e-17
-6.923398e-17
0
0
0
6.9195236e-17
6.91855e-17
-6.9175253e-17
-6.9165228e-17
4.6104084e-17
-6.5508624e-33
2.3045418e-17
-7.6754198e-29
-6.9116943e-17
6.9107032e-17
-1.1508134e-28
-4.6057639e-17
-1.2777744e-29
1.278246e-29
4.6038053e-17
-2.3015855e-17
2.3012646e-17
-7.6644852e-29
-6.9018087e-17
6.9008065e-17
2.2999593e-17
-5.105879e-29
4.5985831e-17
-4.5979422e-17
-2.2986429e-17
-2.2983091e-17
-6.8938952e-17
2.5507092e-29
2.2973013e-17
6.8908972e-17
-1.5297614e-28
-6.8889179e-17
0
2.2956571e-17
4.5906513e-17
-2.294993e-17
2.294679e-17
-7.6412219e-29
-4.5880122e-17
6.8810447e-17
-5.091274e-29
-2.5468868e-29
-2.5451953e-29
-2.5448045e-29
2.291968e-17
-6.8748614e-17
-6.8738118e-17
2.290943e-17
4.5812223e-17
0
-2.2899441e-17
2.541162e-29
-5.0829065e-29
2.5410746e-29
2.288592e-17
-2.2882516e-17
-2.287896e-17
6.8625897e-17
1.1500827e-47
-3.8086582e-29
2.2864129e-17
-2.5365491e-29
4.5713231e-17
-4.5706132e-17
-4.5698982e-17
-2.2845929e-17
2.5355283e-29
2.2838864e-17
0
0
0
4.5648717e-17
-2.2820388e-17
-4.5632526e-17
6.843624e-17
-2.2807902e-17
-6.841162e-17
6.8399527e-17
-7.5920585e-29
-4.5584069e-17
6.8364759e-17
4.5569229e-17
0
-4.5556295e-17
-7.584603e-29
-2.27727e-17
-4.5539503e-17
2.2766471e-17
0
4.5518913e-17
6.467797e-33
2.5260582e-29
-2.2752222e-17
-6.82517e-17
6.8247664e-17
-3.7899957e-29
-6.8239166e-17
6.8234087e-17
-1.1364316e-28
-4.5494779e-17
2.2753217e-17
-2.2757381e-17
4.5509308e-17
2.2750235e-17
-1.0103314e-28
-2.2758284e-17
-4.5520612e-17
-2.2747524e-17
-2.2717812e-17
4.5382604e-17
2.2680876e-17
0
-2.2677536e-17
1.2591155e-29
-3.8794264e-49
2.2678774e-17
-6.4457713e-33
2.2679104e-17
-2.8521016e-48
-6.8035569e-17
6.8033557e-17
6.8030765e-17
-4.5351467e-17
-4.534859e-17
0
4.534142e-17
-2.2668588e-17
-6.7998794e-17
6.799127e-17
-3.7742307e-29
-4.5316511e-17
2.2655295e-17
0
-2.2649033e-17
-2.264576e-17
2.2642409e-17
-3.7699088e-29
4.5271058e-17
1.2864814e-32
-6.7885431e-17
0
6.7863958e-17
4.5235438e-17
-6.7842338e-17
-4.522101e-17
6.7820697e-17
2.2603298e-17
-9.0398817e-17
-2.2596121e-17
4.5185102e-17
4.517799e-17
-2.5073287e-29
-2.2581929e-17
-2.257842e-17
-2.2574928e-17
2.2571452e-17
-2.5053903e-29
4.5129107e-17
-7.5138846e-29
-6.7673163e-17
0
0
4.5095183e-17
-5.0061484e-29
-2.2540913e-17
6.7612784e-17
-2.2534289e-17
-3.7512841e-29
-7.5027562e-29
-6.7573338e-17
2.2521188e-17
-1.2495967e-29
2.499474e-29
2.2511473e-17
-2.2508254e-17
3.198159e-33
-1.2490231e-29
2.4973717e-29
2.2495456e-17
0
-2.2489101e-17
4.4971865e-17
2.2482771e-17
-4.495923e-17
0
2.2473317e-17
-2.2470175e-17
-4.4934072e-17
6.7391708e-17
-7.4817387e-29
-7.4794218e-29
2.2454531e-17
-6.7354241e-17
3.1900951e-33
2.2445187e-17
2.2442078e-17
-2.2438973e-17
-2.2435871e-17
2.2432772e-17
0
-2.2426582e-17
4.484698e-17
-3.734145e-29
-2.2417313e-17
-4.9772769e-29
-4.9753182e-29
-6.3687546e-33
-4.4809968e-17
6.7205723e-17
6.7196498e-17
0
-4.4785376e-17
-6.7168855e-17
-3.1813202e-33
2.2383484e-17
2.2380419e-17
-2.2377356e-17
-2.2374295e-17
2.2371235e-17
0
4.4730242e-17
4.472413e-17
-6.7077033e-17
-2.2355959e-17
2.2352909e-17
-6.3522123e-33
-2.2346812e-17
-4.4687529e-17
-2.2340719e-17
3.7203671e-29
8.9338538e-17
-7.4374391e-29
-6.6985664e-17
2.2325516e-17
2.2322478e-17
2.2319443e-17
-2.231641e-17
-2.2313379e-17
-2.2310348e-17
-6.3401213e-33
2.230429e-17
-2.2301263e-17
6.6894716e-17
4.4590432e-17
-6.6876584e-17
2.2289175e-17
4.4572311e-17
-4.4566277e-17
2.2280124e-17
-2.2277111e-17
-4.4548201e-17
6.6813273e-17
-2.2268082e-17
7.4165509e-29
6.6786216e-17
-4.4518143e-17
-2.2256074e-17
-2.2253077e-17
-4.4500163e-17
2.2247088e-17
-1.0771711e-73
4.4482217e-17
2.2238124e-17
-2.4684388e-29
-2.2232163e-17
-4.4458372e-17
4.4452421e-17
-2.2223238e-17
-6.6660808e-17
6.6651912e-17
2.2214342e-17
-7.822178e-48
2.2208427e-17
-6.6616423e-17
-2.2202525e-17
2.2199579e-17
4.4393276e-17
-2.21937e-17
2.2190765e-17
-7.3895601e-29
-4.4369812e-17
6.6545948e-17
2.4634739e-29
-9.8488187e-29
4.9225025e-29
-4.4340661e-17
4.4334857e-17
-2.2164531e-17
-8.8646552e-17
2.2158748e-17
4.4311725e-17
0
4.4300212e-17
-4.9173596e-29
-1.2587617e-32
-2.458044e-29
-2.2138652e-17
-2.21358e-17
2.2132954e-17
2.2130114e-17
-4.4254556e-17
4.4248892e-17
-2.4558358e-29
-4.4237593e-17
4.4231961e-17
7.3646937e-29
-2.4545864e-29
-2.2107563e-17
-4.4209536e-17
2.2101979e-17
-2.2099195e-17
1.226519e-29
2.2093642e-17
4.4181745e-17
-2.2088109e-17
-4.4170705e-17
2.2082603e-17
-2.2079858e-17
3.6769707e-29
-2.207438e-17
-4.9018316e-29
4.413785e-17
4.4132414e-17
4.8981397e-29
-7.3478764e-29
7.346977e-29
-2.2055396e-17
-2.2052705e-17
-2.2050021e-17
2.2047343e-17
0
0
-2.2039347e-17
1.2232039e-29
3.1312262e-33
2.4458205e-29
2.2028767e-17
0
-2.2023514e-17
-4.4041793e-17
2.2018285e-17
4.4031361e-17
4.4026163e-17
4.4020977e-17
-6.6023706e-17
-7.3287755e-29
6.6008247e-17
-4.4000364e-17
-4.3995243e-17
0
-2.1992519e-17
4.3979955e-17
2.1987444e-17
-4.3969832e-17
-2.1982395e-17
2.4401006e-29
6.593211e-17
-2.1974869e-17
-6.5917124e-17
6.5909662e-17
2.1967407e-17
-6.5894796e-17
2.4378552e-29
2.1960003e-17
4.3915099e-17
2.436726e-29
-4.3905323e-17
4.3900456e-17
-2.1947802e-17
-6.5836148e-17
0
2.1940563e-17
4.3876326e-17
-1.2182254e-29
2.1933385e-17
4.3862012e-17
-4.3857266e-17
-4.3852531e-17
0
-2.1921551e-17
-2.4333649e-29
-2.4334166e-29
-2.4328459e-29
6.5736602e-17
4.3819752e-17
0
-4.3810492e-17
-4.8624961e-29
-2.1900641e-17
-6.5695034e-17
2.1896052e-17
-1.2149591e-29
3.1109665e-33
2.1889202e-17
4.3773857e-17
-2.1884658e-17
-4.3764781e-17
2.1880124e-17
0
4.3751201e-17
-2.1873342e-17
-6.5613256e-17
2.1868829e-17
2.1866572e-17
4.3728631e-17
-2.186206e-17
-6.5579411e-17
2.1857546e-17
-2.4259583e-29
-4.3706042e-17
2.1850751e-17
2.1848478e-17
4.3692401e-17
6.553176e-17
-4.3683269e-17
-4.3678681e-17
4.3674074e-17
2.4233655e-29
-4.3664799e-17
4.3660131e-17
2.4232087e-29
-4.3650728e-17
0
4.3641219e-17
4.3636415e-17
0
-6.5440044e-17
-2.1810889e-17
-6.1983227e-33
-2.1805908e-17
-2.1803384e-17
-2.4196042e-29
4.359651e-17
4.3591295e-17
-7.2580656e-29
-4.3580678e-17
4.3575273e-17
7.2553646e-29
-4.3564248e-17
0
0
0
0
4.3535209e-17
2.4168156e-29
-4.3522928e-17
-2.1758311e-17
4.3510199e-17
-7.2455865e-29
-4.3496984e-17
4.3490183e-17
2.4142686e-29
-2.1738084e-17
4.346894e-17
-7.2385748e-29
-4.3454008e-17
4.3446292e-17
4.34384e-17
-4.3430327e-17
-4.3422065e-17
0
0
0
0
-2.1688826e-17
2.1684046e-17
2.1679145e-17
-2.4061564e-29
-9.6198944e-74
-2.1663665e-17
-4.3316458e-17
-2.1652648e-17
4.329383e-17
6.4923083e-17
-2.1634981e-17
-4.3257538e-17
6.4867159e-17
4.3231651e-17
-6.482724e-17
-4.3204292e-17
-2.1595018e-17
-2.3965617e-29
4.316031e-17
0
-2.1564436e-17
2.155624e-17
-4.7842693e-29
-6.1217936e-33
-7.1699368e-29
-2.152106e-17
-2.1511624e-17
6.1112125e-33
4.2983872e-17
4.2963346e-17
-7.1502513e-29
-4.2920526e-17
0
0
0
-2.1413647e-17
-2.1401157e-17
2.1388316e-17
2.1375113e-17
-2.1361539e-17
4.2695169e-17
6.3999721e-17
0
-4.2606686e-17
-2.362661e-29
-2.1271769e-17
-6.3765989e-17
2.1238442e-17
-3.5337959e-29
4.240655e-17
-1.4112329e-28
-4.2332364e-17
-1.1738129e-29
-3.0023385e-33
2.1106748e-17
-2.1085881e-17
4.2128933e-17
2.1042493e-17
-4.20399e-17
4.1993652e-17
5.9609165e-33
-2.3262296e-29
-2.0923857e-17
-6.2694882e-17
4.174418e-17
2.494054e-48
2.0817717e-17
-3.462521e-29
-4.1521302e-17
2.0731077e-17
4.1401581e-17
-2.2940722e-29
-6.1914105e-17
5.8564485e-33
2.0572302e-17
-2.053829e-17
4.1006991e-17
2.0467906e-17
-4.0863021e-17
4.0788599e-17
2.2592761e-29
-1.1278274e-28
4.5028358e-29
-4.0474179e-17
4.0391267e-17
-2.0153293e-17
-4.022012e-17
2.0065925e-17
-2.002088e-17
3.9949822e-17
-3.319034e-29
-5.9640476e-17
0
0
5.919256e-17
1.967914e-17
-3.925288e-17
3.9145484e-17
1.109472e-32
-8.6424522e-29
-2.1543142e-29
-3.8695633e-17
3.8578045e-17
3.845838e-17
-1.9168311e-17
-5.7319136e-17
-1.9043388e-17
1.8979336e-17
0
0
-1.878078e-17
1.0386829e-29
5.5929093e-17
5.2786313e-33
-3.7001902e-17
-1.8428285e-17
2.0371106e-29
5.4839091e-17
4.0417907e-29
-3.6253519e-17
0
-1.796948e-17
3.5778436e-17
1.7807876e-17
-3.936094e-29
-1.7641963e-17
-3.5114798e-17
1.7471772e-17
0
0
0
0
-1.7027865e-17
9.4007522e-30
5.0529195e-17
-1.6749149e-17
-4.9962699e-17
4.967498e-17
1.6461439e-17
-3.2727163e-17
-1.6264767e-17
-2.6916127e-29
4.8192955e-17
-9.0737493e-33
-5.2826177e-29
-1.5756782e-17
-3.1304986e-17
-1.5547341e-17
-1.7137849e-29
1.5334514e-17
1.5226871e-17
1.5118428e-17
1.5009202e-17
-3.308078e-29
-2.9576955e-17
0
0
-1.4451992e-17
-2.3874775e-29
-2.0213928e-33
2.0050776e-33
1.3994064e-17
2.7756124e-17
2.7522991e-17
-2.7288768e-17
-1.5024436e-29
-1.3408611e-17
-3.9869984e-17
0
0
1.2931509e-17
1.2811211e-17
0
-1.2569544e-17
6.9097098e-30
1.2326612e-17
-1.2204734e-17
2.4165224e-17
-3.9833153e-29
-3.5513195e-17
1.1715021e-17
1.1592163e-17
2.2938366e-17
-1.1346107e-17
-3.3668873e-17
1.1099758e-17
-6.0943695e-30
2.1706611e-17
1.0730103e-17
-2.1213899e-17
2.0967739e-17
1.8892313e-46
-2.0476041e-17
0
0
1.9740759e-17
-1.0810937e-29
-3.2065516e-29
1.8681875e-46
-2.8149919e-17
-1.0283815e-29
9.1415096e-18
1.8042252e-17
1.7802231e-17
-1.7562997e-17
-1.9232928e-29
-8.5435265e-18
-2.806459e-29
8.3073759e-18
-1.6380072e-17
0
-7.9569245e-18
8.7026842e-30
7.7260278e-18
1.5222911e-17
8.3212247e-30
-1.4768311e-17
0
0
-7.0480752e-18
3.8507902e-30
2.0482362e-17
7.4582448e-30
-1.3219447e-17
0
6.3950025e-18
-6.2888041e-18
-6.1833974e-18
-6.0787947e-18
-5.9750086e-18
1.1744103e-17
1.7309804e-17
-5.6686692e-18
-1.113653e-17
1.6406196e-17
3.7798269e-47
-1.0544632e-17
0
0
0
0
9.5942625e-18
9.4097459e-18
-4.6135563e-18
-1.356956e-17
-4.9246772e-30
4.3453068e-18
-8.5156112e-18
-8.3425391e-18
4.0857029e-18
1.6004437e-17
7.834982e-18
-1.150455e-17
-7.5063751e-18
1.1017516e-17
7.9760971e-30
-7.0281744e-18
0
0
0
6.4181082e-18
3.4806052e-30
-6.800391e-30
2.9905829e-18
-8.7591431e-18
2.8498199e-18
2.7808967e-18
-8.138824e-18
-5.2919003e-18
2.5799193e-18
5.02969e-18
4.9014462e-18
-7.9529849e-30
2.5821181e-30
-6.4347492e-34
-4.4073309e-18
0
-2.0857171e-18
-2.0281179e-18
1.9714275e-18
1.9156392e-18
-1.860746e-18
-1.8067404e-18
3.5072308e-18
1.7013641e-18
-1.6499795e-18
1.599454e-18
-1.5497794e-18
-3.0018943e-18
0
0
4.0782669e-18
1.3138784e-18
-2.5382726e-18
-1.2251866e-18
-1.1820198e-18
2.2792532e-18
-1.2195688e-30
-2.1142512e-18
0
9.776141e-19
2.8168685e-18
2.0002755e-30
-4.7951639e-30
1.6545119e-18
-2.3742456e-18
-7.56255e-19
-2.0513813e-34
6.8793728e-19
-1.0901387e-30
-1.0363221e-30
1.7709599e-18
-1.6771111e-18
2.6399968e-30
-8.2991608e-31
-9.3763107e-19
4.3991787e-19
-4.1159214e-19
7.6765662e-19
3.5661602e-19
-6.5988968e-19
6.0760944e-19
-1.5813052e-34
-1.9667728e-30
-1.2987418e-34
-1.3613914e-30
3.6148384e-19
-4.727695e-19
-8.9880114e-31
3.3801039e-19
-1.8177114e-19
-1.390798e-19
9.7248244e-20
-9.3704104e-32
-2.4347223e-20
-1.2193235e-32
-9.0391555e-20
2.8214268e-35
1.3680864e-19
-1.7312991e-19
-3.4732607e-31
4.0561627e-31
-1.5423519e-31
3.113472e-19
-3.4417039e-19
-3.7637923e-19
0
6.584626e-19
4.6937115e-19
-7.4877515e-19
5.8671388e-31
6.1850054e-31
2.92649e-19
6.129426e-19
1.7760052e-31
-3.7007868e-31
-3.4643587e-19
3.5927806e-19
-4.1291052e-31
3.8428725e-19
1.3204148e-30
-8.1687374e-19
0
-8.6354613e-19
-8.8630168e-19
9.0868574e-19
4.6535493e-19
4.7619232e-19
9.7371981e-19
0
5.0770415e-19
1.0357816e-18
5.2792811e-19
-5.3782118e-19
1.8239842e-30
-6.1856813e-31
1.2584398e-30
-5.7603696e-19
-1.1705456e-18
1.1887815e-18
6.0339508e-19
-1.2245787e-18
-6.2107647e-19
0
0
6.4682689e-19
6.5522003e-19
0
6.7174452e-19
6.798821e-19
-1.375881e-18
1.545556e-30
7.0383272e-19
1.5802314e-30
-7.194461e-19
-1.4543085e-18
1.4695983e-18
-1.6485264e-30
-1.4998146e-18
1.5147505e-18
7.6478999e-19
-1.5443106e-18
7.7947499e-19
1.5735041e-18
-1.5879768e-18
-1.6023708e-18
0
1.6309325e-18
8.2255305e-19
-1.6592111e-18
-9.2889915e-31
8.4361096e-19
8.5056732e-19
-9.5219534e-31
9.5949561e-31
1.2381764e-34
1.9501549e-30
-8.8501595e-19
-1.7837234e-18
1.7973906e-18
9.0551493e-19
-1.8246256e-18
-1.8381637e-18
1.8516212e-18
9.3247539e-19
-1.8781359e-18
0
9.5189292e-19
1.9161947e-18
9.6412812e-19
-1.9401392e-18
-1.9522132e-18
1.965017e-18
1.9793761e-18
0
0
-1.0179458e-18
-2.0562075e-18
-1.0366915e-18
2.0850549e-18
2.0892429e-18
-2.0884334e-18
2.3216632e-30
2.105542e-18
-2.1274678e-18
2.3884403e-30
1.0851094e-18
-1.0907407e-18
0
1.0985826e-18
-1.2277588e-30
-1.1142218e-18
1.1221704e-18
-2.5065643e-30
1.2598993e-30
-1.2663295e-30
-1.147805e-18
-1.155065e-18
-1.1622309e-18
2.3385739e-18
2.3528725e-18
-2.3674014e-18
2.6435901e-30
7.9810779e-30
-2.4102089e-18
0
0
2.4511049e-18
5.4729394e-30
-1.2394042e-18
2.4933068e-18
-1.2541831e-18
-1.2619769e-18
2.5399191e-18
1.8161567e-34
2.8554245e-30
1.8384632e-34
2.8894162e-30
1.3081657e-18
0
-2.6431473e-18
-2.6566122e-18
2.6707517e-18
5.9640846e-30
-2.7025497e-18
2.7204119e-18
6.0827449e-30
3.0631404e-30
1.3887117e-18
3.1033335e-30
1.9975892e-34
-1.4127892e-18
1.4190713e-18
-3.1638739e-30
-2.861529e-18
1.4373421e-18
-3.2095561e-30
-2.90923e-18
0
0
2.9819971e-18
-3.33867e-30
3.3648483e-30
-1.2379915e-47
3.4000793e-30
3.0713933e-18
-3.077566e-18
-1.5417081e-18
3.0919921e-18
-1.5530841e-18
-3.1278527e-18
0
1.5966057e-18
3.2321334e-18
-1.8151648e-30
3.6653979e-30
-6.0492217e-48
3.6993801e-30
1.6650882e-18
0
-3.3066693e-18
-3.2985973e-18
0
0
0
3.4329769e-18
1.7553689e-18
-3.5888855e-18
2.0271223e-30
3.6848416e-18
-2.0446104e-30
-1.825009e-18
1.7977389e-18
-1.9609032e-30
-3.4803973e-18
-1.7315894e-18
0
0
0
3.9851436e-18
9.1108115e-30
-4.1324235e-18
4.1054391e-18
4.035074e-18
-5.6048346e-18
-3.4932201e-18
1.824264e-18
2.0602938e-18
4.4653048e-18
-2.1932235e-18
-4.3056932e-18
2.165915e-18
4.3068358e-18
-2.1243205e-18
9.3786052e-30
4.2401253e-18
0
-2.1807599e-18
2.4682554e-30
2.2651032e-18
-4.6052904e-18
-4.6666751e-18
0
0
0
4.7905879e-18
5.3432591e-30
-4.8413619e-18
0
4.9238058e-18
2.4884795e-18
2.7943331e-30
-2.5472896e-18
-2.5769002e-18
-2.8930011e-30
-2.6321147e-18
5.314854e-18
2.6830377e-18
-5.4161562e-18
2.7321628e-18
1.2243301e-29
1.235514e-29
-4.4056119e-47
1.2605879e-29
5.7386608e-18
0
-5.8662691e-18
-2.9653763e-18
4.2597139e-34
-3.0294929e-18
6.1228752e-18
-4.9610645e-47
-6.2519844e-18
0
6.3855948e-18
6.4547768e-18
0
-3.2990607e-18
-4.7407795e-34
3.3736278e-18
0
0
-6.9789368e-18
-7.057951e-18
7.1378954e-18
-8.0150608e-30
-7.3009657e-18
0
0
7.5550464e-18
3.8212534e-18
8.5835318e-30
-3.9107848e-18
1.756949e-29
8.0059145e-18
0
0
-4.1459068e-18
4.6574691e-30
-4.2443563e-18
-8.5891511e-18
0
0
0
9.0048437e-18
9.1123076e-18
0
-9.3314869e-18
-4.7215936e-18
4.7781418e-18
4.8353872e-18
4.8933336e-18
-9.9039766e-18
-1.0022718e-17
1.0142903e-17
1.0264539e-17
0
-5.25609e-18
5.9050069e-30
5.3828392e-18
0
0
-5.5784461e-18
1.2534641e-29
5.7124813e-18
-1.1561182e-17
-1.1698866e-17
0
0
0
1.2264248e-17
2.7554065e-29
-1.2555701e-17
6.3518006e-18
1.2852941e-17
-1.4437944e-29
1.4606929e-29
-7.3878007e-30
1.4950588e-29
-6.8105107e-18
-1.3778884e-17
0
0
0
1.4424264e-17
1.4589017e-17
0
-1.4922525e-17
1.6757896e-29
7.630671e-18
1.7133757e-29
7.8026877e-18
-1.5779299e-17
-1.5954471e-17
0
1.6308526e-17
-3.6607016e-29
-1.6667455e-17
0
1.7031113e-17
1.7214666e-17
0
0
-8.8860206e-18
-1.2761355e-33
-9.0745167e-18
-1.8339092e-17
1.8530168e-17
9.3611207e-18
2.1002879e-29
9.5546455e-18
-1.9304216e-17
-9.75002e-18
-1.8931463e-47
9.9471451e-18
1.0046335e-17
1.1266407e-29
-1.7313875e-46
-1.0346277e-17
-1.0447007e-17
-1.0548088e-17
2.1299013e-17
-2.3871039e-29
-1.0853298e-17
2.1911283e-17
-1.1058263e-17
-2.23223e-17
2.2528577e-17
5.0485805e-29
-1.1471264e-17
2.315014e-17
1.6596949e-33
2.6164033e-29
1.689324e-33
-2.398407e-17
1.2096643e-17
-2.7090749e-29
8.1977486e-29
-4.0257936e-47
-2.5032143e-17
2.5242172e-17
2.545227e-17
0
-2.5872575e-17
-2.6082715e-17
-1.3146395e-17
2.6502762e-17
4.0068899e-17
-1.3461139e-17
-1.3565889e-17
1.3670533e-17
-1.3775053e-17
3.0816549e-29
1.3983641e-17
1.563946e-29
-1.5756758e-29
3.174365e-29
1.4398569e-17
-1.4501744e-17
3.2433017e-29
1.4707311e-17
0
-2.9823471e-17
-3.0026966e-17
0
0
0
-1.5416994e-17
-5.1685069e-29
3.1232926e-17
3.1431152e-17
2.2473405e-33
5.3002597e-29
-1.6010245e-17
-1.6107536e-17
3.2408681e-17
-1.6300644e-17
-4.91893e-17
1.8312973e-29
1.6586412e-17
0
0
3.3734424e-17
-3.7655595e-29
3.786922e-29
3.4285492e-17
-3.4466728e-17
7.6940978e-29
1.7412697e-17
3.8865875e-29
1.7589433e-17
-3.5353608e-17
7.8890824e-29
7.9272793e-29
7.9631283e-29
1.8019422e-17
4.0197445e-29
1.8186501e-17
-1.8268957e-17
4.0744091e-29
1.8431667e-17
0
-3.7182789e-17
-3.7340248e-17
3.7496183e-17
-4.1803222e-29
-3.7803446e-17
3.7954758e-17
1.2691622e-28
-3.825269e-17
3.8399294e-17
1.9272157e-17
4.2952029e-29
-1.9414796e-17
8.6524886e-29
3.9108485e-17
-3.9245527e-17
-3.9380962e-17
0
0
0
3.9906601e-17
8.8893286e-29
-4.0159739e-17
4.0283891e-17
4.0406438e-17
0
-4.064673e-17
4.5254767e-29
2.0440315e-17
6.8272157e-29
-2.0554076e-17
-2.0609768e-17
-4.5887728e-29
-2.0718796e-17
4.1544283e-17
-9.2480294e-29
-2.0876507e-17
4.1855067e-17
2.9811238e-33
4.6695948e-29
2.1076039e-17
0
0
-4.2435592e-17
-4.2527142e-17
0
4.2705871e-17
4.75129e-29
-4.2878861e-17
0
2.1523108e-17
4.3127813e-17
-2.3989883e-29
-2.1643449e-17
2.1682207e-17
-4.8228753e-29
4.8311874e-29
2.1794517e-17
-2.1830657e-17
-4.3732317e-17
2.190103e-17
9.7418437e-29
-4.3937822e-17
2.2001938e-17
-2.2034366e-17
2.2066205e-17
6.629238e-17
-4.4256278e-17
-2.2158249e-17
2.2187798e-17
2.2216794e-17
3.1612395e-33
4.945635e-29
-2.2300547e-17
0
2.2353766e-17
4.9689549e-29
2.2404968e-17
-2.2429832e-17
7.4789157e-29
2.2478126e-17
0
0
-2.2547105e-17
5.0120117e-29
2.2590871e-17
-4.522422e-17
-4.5265857e-17
0
0
4.53859e-17
-1.0087523e-28
-2.2731022e-17
2.2749498e-17
2.2767607e-17
-2.5295207e-29
5.0632275e-29
-2.5336686e-29
-2.2836508e-17
2.2852892e-17
-2.2868956e-17
-4.5769416e-17
0
0
0
4.5889343e-17
4.5917856e-17
0
-4.5973238e-17
-2.3000069e-17
4.6026525e-17
-2.5565858e-29
-4.6077794e-17
-2.3051347e-17
4.6127121e-17
-5.1241282e-29
1.025348e-28
-6.5650878e-33
-4.6220356e-17
0
4.6264421e-17
4.628585e-17
0
-2.3163782e-17
5.1463059e-29
-4.6367822e-17
-4.6387424e-17
2.3203341e-17
0
0
4.6462482e-17
-2.324023e-17
-4.6498146e-17
4.6515552e-17
4.6532683e-17
-2.5838533e-29
7.7553153e-29
2.3291229e-17
-2.3299261e-17
2.587781e-29
-2.3314953e-17
-4.6645245e-17
0
0
0
4.6704449e-17
4.6718737e-17
-7.0099246e-17
-4.6746738e-17
4.6760465e-17
4.6774015e-17
3.3244441e-33
-4.6800597e-17
-2.3406818e-17
0
-2.3419617e-17
9.0991429e-49
2.3432124e-17
4.687655e-17
-1.7406615e-48
-4.6900748e-17
4.6912639e-17
4.6924394e-17
0
-2.3473766e-17
5.2141563e-29
-2.3485113e-17
-4.6981421e-17
4.6992527e-17
2.3501766e-17
5.2203183e-29
-4.7025216e-17
-4.7035897e-17
7.0569726e-17
2.3528494e-17
-2.3533708e-17
2.3538886e-17
2.3544028e-17
0
-2.3554198e-17
-4.7118446e-17
-2.3564208e-17
4.7138308e-17
-1.0468988e-28
-2.3578944e-17
4.7167591e-17
-2.3588622e-17
-4.7186843e-17
4.7196388e-17
1.0481809e-28
-2.3607648e-17
2.3612331e-17
2.3616988e-17
3.3568344e-33
-4.7252461e-17
-2.3630813e-17
4.7270735e-17
-1.0498222e-28
1.0500222e-28
1.3442833e-32
-4.7306705e-17
4.7315619e-17
4.7324504e-17
0
-4.7342155e-17
1.0514015e-28
6.7302076e-33
5.2592741e-29
4.7376935e-17
-4.7385539e-17
-2.3697055e-17
-5.1940332e-49
-2.3705577e-17
0
2.3714036e-17
2.3718241e-17
2.3722432e-17
-2.6343513e-29
5.2696273e-29
-5.2705494e-29
5.2711314e-29
2.3743191e-17
0
-4.750278e-17
-4.7510926e-17
0
0
0
4.7543312e-17
1.5838801e-28
1.055828e-28
2.3783694e-17
5.2819245e-29
3.3809953e-33
-4.7591193e-17
2.3799548e-17
2.3803494e-17
-4.7614867e-17
-4.7622725e-17
4.4787362e-49
2.3819182e-17
0
0
4.7661648e-17
-1.9721927e-48
1.9647257e-48
4.7684781e-17
-4.7692461e-17
5.2961169e-29
2.385389e-17
-2.3857711e-17
-2.3861525e-17
-2.3865333e-17
4.7738268e-17
2.3872927e-17
-2.3876712e-17
-2.388049e-17
-2.3884261e-17
4.7776052e-17
2.3891786e-17
2.6531078e-29
2.3899291e-17
0
-4.7813545e-17
-4.7821009e-17
0
0
0
4.7850804e-17
2.1254689e-28
-4.7865671e-17
0
4.7880501e-17
2.394395e-17
5.3174453e-29
-2.3951335e-17
-2.3955022e-17
-2.65944e-29
-2.3962387e-17
4.7932133e-17
2.3969747e-17
-4.7946858e-17
2.3977114e-17
5.3244663e-29
-1.36336e-32
6.8178448e-33
1.0654511e-28
4.7990972e-17
-4.7998279e-17
5.3293494e-29
2.4006448e-17
-4.8020219e-17
-2.4013776e-17
4.8034885e-17
4.8042212e-17
-4.8049527e-17
-4.805683e-17
0
4.8071427e-17
4.8078735e-17
-2.4043026e-17
5.34012e-29
2.4050339e-17
0
0
-4.8122514e-17
-4.8129776e-17
4.8137047e-17
6.841721e-33
-4.815163e-17
0
4.8166242e-17
-3.1101103e-48
-2.4090411e-17
2.4094046e-17
-2.4097677e-17
5.3512223e-29
4.8209869e-17
2.4108565e-17
0
-2.4115834e-17
5.3552556e-29
-2.4123108e-17
-4.8253484e-17
0
2.4133996e-17
4.8275233e-17
2.4141237e-17
-7.2434583e-17
1.0404302e-47
2.415212e-17
5.3646838e-29
2.4159376e-17
5.3656064e-29
2.4166613e-17
-4.8340456e-17
-4.8347691e-17
4.8354933e-17
4.8362178e-17
-2.418471e-17
-2.4188327e-17
2.4191941e-17
2.4195554e-17
0
0
-2.4206402e-17
5.3763917e-29
2.4213626e-17
-4.8434464e-17
-4.8441672e-17
0
0
0
0
4.8477775e-17
-6.8901308e-33
-2.4246094e-17
4.8499393e-17
2.4253301e-17
0
-2.4260518e-17
5.3884079e-29
-2.4267732e-17
-4.8542673e-17
0
0
0
4.857151e-17
4.8578718e-17
0
-4.8593125e-17
-2.4300165e-17
2.4303769e-17
2.4307376e-17
2.4310985e-17
-4.8629189e-17
-4.8636405e-17
4.8643617e-17
4.8650824e-17
0
-4.866523e-17
-4.8672433e-17
4.8679639e-17
4.8686849e-17
0
-2.4350643e-17
1.0815116e-28
2.4357869e-17
-4.8722963e-17
-4.8730184e-17
0
0
0
4.8759051e-17
1.0827597e-28
-2.438676e-17
2.4390381e-17
2.4394001e-17
-3.3721404e-48
1.0836325e-28
-3.3702478e-48
-2.4408464e-17
-2.4412082e-17
-2.4415705e-17
0
4.884592e-17
2.4426588e-17
3.4717424e-33
2.443384e-17
0
0
-4.8889442e-17
-2.4448356e-17
4.8903987e-17
-2.714947e-29
-2.4459274e-17
0
-2.4466554e-17
2.4470196e-17
-1.0869263e-28
-4.895497e-17
0
2.4484786e-17
-2.7189369e-29
-2.4492095e-17
0
0
0
2.4506718e-17
2.4510372e-17
2.4514028e-17
-1.5244017e-48
1.3611912e-28
2.4525026e-17
0
0
-4.9072113e-17
-2.4539727e-17
-2.4543393e-17
0
0
-2.4554385e-17
2.7266671e-29
2.4561749e-17
4.9130883e-17
-2.4569137e-17
-2.4572831e-17
4.9153044e-17
5.458252e-29
1.0918839e-28
4.9175153e-17
-4.9182524e-17
-2.4594951e-17
2.4598642e-17
0
0
0
-4.9226839e-17
-4.9234233e-17
2.4620817e-17
2.4624521e-17
0
4.9263873e-17
4.927129e-17
-4.9278703e-17
-4.9286108e-17
0
4.9300897e-17
5.4746699e-29
-2.465784e-17
2.466154e-17
0
0
2.4672665e-17
-2.4676378e-17
7.6887432e-49
-5.4819563e-29
-7.4062508e-17
-2.4691207e-17
4.9389819e-17
7.4095839e-17
-2.4702318e-17
-7.4118072e-17
2.4709732e-17
4.9426883e-17
-2.4717152e-17
-2.4720863e-17
0
0
4.9463985e-17
4.9471401e-17
-4.9478817e-17
-7.422935e-17
2.4746826e-17
4.9501076e-17
0
0
-4.9523358e-17
-7.0387477e-33
2.4769103e-17
2.7501587e-29
2.4776521e-17
2.4780229e-17
2.4783936e-17
-4.9575285e-17
-4.9582699e-17
0
4.9597536e-17
4.9604963e-17
-4.9612399e-17
-2.4809921e-17
2.4813645e-17
0
-2.4821094e-17
-2.4824816e-17
4.9657066e-17
4.9664493e-17
-7.4507868e-17
-4.9679326e-17
4.9686739e-17
-2.4847076e-17
-2.4850786e-17
2.4854498e-17
0
-2.4861932e-17
2.486565e-17
5.5231688e-29
2.4873079e-17
2.4876788e-17
1.8865129e-49
4.9768388e-17
-4.9775784e-17
-2.4891588e-17
3.5378324e-33
-4.979795e-17
2.4902666e-17
-7.0788119e-33
1.8636562e-49
4.9827442e-17
-2.4917395e-17
2.4921063e-17
-2.4924725e-17
-4.985676e-17
7.4796091e-17
-5.5371867e-29
-4.9878634e-17
0
0
4.9900393e-17
4.9907605e-17
0
-4.9921959e-17
-2.4964552e-17
4.9936229e-17
-2.4971668e-17
-2.4975212e-17
4.9957489e-17
5.5471768e-29
-4.9971533e-17
-3.5511863e-33
-2.499272e-17
-4.9992339e-17
2.4999601e-17
2.5003015e-17
0
0
-2.5013154e-17
5.0032997e-17
2.5019823e-17
-2.5023127e-17
5.0052816e-17
-2.5029665e-17
-2.5032897e-17
0
-3.5582961e-33
2.5042437e-17
-5.0091129e-17
1.1123842e-28
5.5629598e-29
-5.0109575e-17
5.0115613e-17
-1.1129942e-28
-2.5063758e-17
5.0133376e-17
8.350028e-29
-2.5072455e-17
0
0
5.0161749e-17
-2.5083621e-17
3.3362718e-48
7.5267065e-17
-5.0183347e-17
-7.5282869e-17
2.509687e-17
5.0198826e-17
2.510192e-17
-2.5104393e-17
-5.0213664e-17
2.5109238e-17
2.5111612e-17
-2.5113955e-17
-2.5116267e-17
0
0
0
-2.5125217e-17
2.5127384e-17
5.0259044e-17
0
2.5133714e-17
-2.513577e-17
-5.0275598e-17
0
5.0283567e-17
2.5143741e-17
-5.0291349e-17
5.5842434e-29
2.514948e-17
-5.030271e-17
2.5153216e-17
-3.1810613e-49
-5.0313813e-17
5.0317481e-17
5.5871259e-29
-5.0324774e-17
2.5164198e-17
2.5165998e-17
2.516779e-17
-2.5169573e-17
-8.3846387e-29
7.5519396e-17
-5.0349834e-17
-2.5176712e-17
2.5178518e-17
0
2.5182169e-17
-2.5184011e-17
-5.0371724e-17
-2.5187725e-17
5.5921418e-29
2.5191505e-17
0
0
0
0
0
0
0
2.5208073e-17
5.0420598e-17
-2.5212547e-17
-2.5214818e-17
2.5217115e-17
-2.5219445e-17
2.5221816e-17
1.1201812e-28
-2.5226719e-17
2.5229268e-17
-5.0463777e-17
2.523458e-17
-5.1866194e-48
-2.5240153e-17
2.5243016e-17
5.6060784e-29
-2.5248849e-17
2.5251814e-17
2.5254816e-17
-7.178718e-33
5.0521972e-17
-7.5792548e-17
8.4137825e-29
7.5812531e-17
-5.0548609e-17
-2.5277839e-17
2.5281432e-17
0
-5.0577507e-17
5.6149779e-29
2.5296216e-17
-5.059999e-17
-2.809466e-29
2.5307629e-17
0
0
0
0
0
0
0
5.0679328e-17
2.5344079e-17
-2.5348604e-17
0
0
2.5362599e-17
2.5367295e-17
0
-5.0752988e-17
-7.6142734e-17
2.5385161e-17
-1.127508e-28
-7.2171459e-33
2.5396761e-17
-2.5400458e-17
-2.5404307e-17
2.5408447e-17
-1.2757259e-48
5.6428576e-29
7.6270492e-17
-2.5429242e-17
5.6480943e-29
5.0881927e-17
-5.0893105e-17
-2.5451726e-17
2.5456344e-17
0
0
0
2.547009e-17
-5.0947227e-17
-5.0955029e-17
7.644562e-17
5.0973475e-17
-5.0984047e-17
-5.0995143e-17
0
0
0
5.1036988e-17
5.6675113e-29
-2.5525948e-17
5.1057686e-17
-3.6282635e-33
-7.6604139e-17
2.5538264e-17
2.5542493e-17
5.6730733e-29
2.5553486e-17
-7.667898e-17
1.1353384e-28
-1.1354901e-28
2.5574257e-17
2.5576593e-17
-5.1157197e-17
-2.5581155e-17
2.5584556e-17
-1.352237e-48
1.4015209e-48
7.6798299e-17
-2.5604322e-17
5.6857389e-29
5.1220461e-17
-2.5612396e-17
-5.1230308e-17
2.8444321e-29
2.5623348e-17
0
0
-5.1276323e-17
-5.1282313e-17
2.5643166e-17
2.5645195e-17
0
0
0
-2.5657209e-17
2.5660714e-17
2.5664382e-17
2.5668309e-17
-2.5672456e-17
1.7099979e-28
2.5679778e-17
-2.5681285e-17
2.5681294e-17
2.5681692e-17
-2.5683457e-17
1.1406646e-28
5.1386186e-17
-2.570004e-17
-5.1411056e-17
-2.570678e-17
-2.570407e-17
-2.5701724e-17
2.5702277e-17
2.5706058e-17
0
-2.5720971e-17
2.5726351e-17
5.145317e-17
-2.5723275e-17
2.5721105e-17
-2.5722282e-17
-5.1453538e-17
5.146795e-17
7.3161262e-33
-2.8588762e-29
2.5745283e-17
0
-2.574202e-17
-5.1487203e-17
2.5747194e-17
-5.7184574e-29
-5.15131e-17
2.5759644e-17
5.1522223e-17
-2.5761999e-17
2.5763274e-17
7.72952e-17
-5.1534383e-17
1.1443977e-28
5.1544224e-17
0
-5.1556266e-17
-2.5781382e-17
2.5784216e-17
0
0
-2.5786602e-17
-5.7260889e-29
-3.6650697e-33
-2.5794584e-17
-2.5799072e-17
-2.5802689e-17
2.5804414e-17
2.5804686e-17
0
0
0
0
2.5819321e-17
2.5822827e-17
2.5824894e-17
-2.5826268e-17
-2.5827943e-17
0
2.8683617e-29
2.5838496e-17
5.1684916e-17
5.1690011e-17
-5.169198e-17
5.7388016e-29
7.7546501e-17
-5.0820587e-48
-5.1713152e-17
2.5861948e-17
-1.1488027e-28
1.1488921e-28
5.1745456e-17
-2.5874103e-17
8.6175344e-29
2.5879092e-17
0
0
-5.1786299e-17
-2.589757e-17
2.5901153e-17
0
2.5906883e-17
-3.6820358e-33
-5.182714e-17
-2.5917475e-17
-2.5921549e-17
-7.3684984e-33
2.5929526e-17
0
0
0
0
0
2.5953374e-17
2.5957423e-17
2.5961437e-17
-2.596549e-17
-2.5969653e-17
0
2.5978249e-17
5.1964969e-17
-5.1973105e-17
-2.599047e-17
-2.5994355e-17
2.599837e-17
8.660062e-29
-7.8021442e-17
2.6011805e-17
5.2032875e-17
-2.6020908e-17
2.6025174e-17
7.8087876e-17
-2.6033364e-17
8.6723982e-29
2.6041521e-17
0
-7.8147458e-17
-5.2105092e-17
5.2111694e-17
-2.605939e-17
1.15745e-28
2.6068194e-17
-2.6073455e-17
0
-2.6083951e-17
2.6088431e-17
2.609222e-17
5.7951078e-29
-2.897718e-29
1.1591563e-28
-5.7965275e-29
-2.6108791e-17
0
2.611648e-17
2.6120594e-17
2.6124871e-17
-2.6129259e-17
-2.6133627e-17
2.6137766e-17
2.6141413e-17
-2.9024344e-29
-5.2294348e-17
3.7161191e-33
2.6152855e-17
2.6156328e-17
-5.2320597e-17
-7.8493521e-17
7.850565e-17
2.6172106e-17
-7.8525334e-17
2.6177766e-17
5.2360791e-17
-2.6183265e-17
-2.6186442e-17
-2.6189792e-17
-7.444523e-33
7.8588434e-17
5.239787e-17
-5.2403139e-17
-2.620422e-17
2.6207012e-17
0
0
0
-2.6218479e-17
2.9109125e-29
-1.1645371e-28
2.9117747e-29
-5.8237073e-29
2.6230278e-17
5.2466151e-17
0
-5.2476849e-17
-5.2481351e-17
5.2485289e-17
1.7483464e-28
-2.6246433e-17
5.2497227e-17
-2.9142659e-29
-2.6253632e-17
-2.6256155e-17
2.6258454e-17
5.252096e-17
-2.6262323e-17
-2.6264164e-17
-5.2532355e-17
1.1666276e-28
-1.1667365e-28
-2.6273373e-17
1.4936024e-32
2.6277882e-17
5.2559735e-17
-2.6281825e-17
-2.6283907e-17
5.2572402e-17
-5.8361412e-29
5.8374613e-29
-2.6293817e-17
-5.2592513e-17
5.2597201e-17
2.6300933e-17
0
0
-2.6308565e-17
-5.2622529e-17
2.6313915e-17
2.6316475e-17
-5.2637917e-17
2.6321426e-17
7.8971818e-17
2.6326526e-17
-5.2658353e-17
-5.2663714e-17
0
-2.6337277e-17
5.2680198e-17
2.6343093e-17
1.1701611e-28
1.1702399e-28
1.1701777e-28
5.2714427e-17
-5.272206e-17
-5.2729609e-17
0
-2.6372024e-17
5.8568958e-29
2.63787e-17
0
0
0
0
-2.639559e-17
2.6399662e-17
5.2807999e-17
2.6408496e-17
-2.6413025e-17
1.173246e-28
5.28434e-17
-5.2851376e-17
-5.2858875e-17
5.2866085e-17
5.2873324e-17
-2.6440476e-17
-2.6444631e-17
-5.2898375e-17
-2.6454084e-17
5.2918297e-17
5.2928328e-17
-5.2937897e-17
-2.6473408e-17
7.9432652e-17
-2.6481476e-17
-7.9456058e-17
-2.9410995e-29
5.2987384e-17
5.8841915e-29
-2.6503242e-17
5.3016357e-17
-5.8859266e-29
-2.6517422e-17
5.3043231e-17
-2.6525666e-17
1.1783096e-28
2.653413e-17
-5.3077638e-17
-2.6543807e-17
0
5.3107971e-17
5.311748e-17
-5.3126195e-17
-5.3134222e-17
-2.6570977e-17
-3.7765284e-33
5.3158534e-17
5.9028325e-29
-2.6589049e-17
5.3188404e-17
5.3198359e-17
-5.3207557e-17
-2.6607953e-17
5.3223652e-17
2.6615621e-17
-2.6619557e-17
-5.324754e-17
-2.6628281e-17
0
0
2.6642721e-17
-5.9172965e-29
-2.6651905e-17
2.6656087e-17
3.7886082e-33
-2.6663565e-17
2.6667011e-17
2.6670487e-17
-2.667423e-17
-2.6678467e-17
-2.6683298e-17
2.9624604e-29
5.3387959e-17
5.3397845e-17
3.7946955e-33
5.9297684e-29
2.6707097e-17
-5.3418481e-17
-5.3424274e-17
5.3431948e-17
-2.672092e-17
-2.6726577e-17
2.6732232e-17
2.6737099e-17
-2.6740507e-17
-5.3484639e-17
5.3486844e-17
2.6745023e-17
2.6747418e-17
2.6750667e-17
-8.0264829e-17
-5.3519851e-17
2.6765054e-17
0
2.6773537e-17
-2.6776164e-17
2.67778e-17
5.3558009e-17
-5.3560782e-17
-2.6782203e-17
5.3568975e-17
-1.1896731e-28
-2.6790832e-17
2.6794816e-17
2.6798962e-17
-2.6802812e-17
5.9524655e-29
4.0595581e-49
-2.6808434e-17
2.8955204e-49
2.6809859e-17
5.9529432e-29
-5.3627021e-17
0
2.6819798e-17
5.3647039e-17
-2.9786012e-29
-2.6830302e-17
0
0
-5.3670052e-17
-2.6835726e-17
2.6836648e-17
5.3675903e-17
-2.6839686e-17
-5.3683899e-17
5.3689572e-17
2.6848073e-17
2.6851548e-17
-2.6854856e-17
1.7891111e-28
5.9636004e-29
-5.3720758e-17
0
5.3723812e-17
2.686333e-17
2.9820826e-29
-2.6868163e-17
-5.3743422e-17
0
5.3760045e-17
-5.969058e-29
-5.3774267e-17
-2.6889247e-17
-2.1982018e-49
5.3783206e-17
5.3786437e-17
-5.3790884e-17
8.9598808e-29
-8.9579903e-29
-8.9639281e-29
2.6910228e-17
-5.3829452e-17
0
2.6923001e-17
5.3852571e-17
-2.6928712e-17
-2.6930611e-17
2.693271e-17
2.6935304e-17
-5.3877107e-17
-5.3885351e-17
2.6947649e-17
0
-2.6958866e-17
-2.9942002e-29
5.393736e-17
5.3944026e-17
-2.6974329e-17
1.1980721e-28
-1.790698e-48
-2.6982493e-17
-2.9966911e-29
-2.699147e-17
5.3993668e-17
5.4004849e-17
-5.4016006e-17
-2.7013379e-17
5.998901e-29
-2.7022797e-17
2.7026366e-17
-6.0016578e-29
2.7031452e-17
1.2005602e-28
-5.40752e-17
2.7041771e-17
3.0026099e-29
-5.4105119e-17
5.4117019e-17
-1.6634639e-48
-5.4138611e-17
5.4147101e-17
3.0059424e-29
-2.7079512e-17
2.7082108e-17
5.4169937e-17
-2.7088155e-17
-2.709172e-17
2.7095693e-17
2.7100021e-17
-2.7104618e-17
-2.7109387e-17
-7.7063183e-33
-2.7118856e-17
0
2.7126622e-17
2.7129124e-17
2.7130838e-17
-2.7132451e-17
-6.0254461e-29
-1.7093601e-48
-2.7140087e-17
5.428752e-17
-2.7147809e-17
6.0285556e-29
2.7155856e-17
-5.4318734e-17
2.7162405e-17
2.7165006e-17
-8.1501687e-17
6.0316118e-29
2.7171053e-17
-2.7172944e-17
0
0
2.7179462e-17
5.4364186e-17
-5.436966e-17
-5.4375024e-17
3.0185034e-29
-3.2561609e-50
2.7194232e-17
5.4392196e-17
1.2079094e-28
-2.7199923e-17
5.4404055e-17
-2.720425e-17
-8.1619558e-17
2.7208751e-17
5.4421766e-17
-2.7212894e-17
-4.7426005e-50
3.0222424e-29
-2.721868e-17
0
5.4446147e-17
2.7225524e-17
-2.722809e-17
-2.7230702e-17
2.7233286e-17
-6.0463956e-29
-2.7238112e-17
5.4480545e-17
-2.7242274e-17
1.2096518e-28
2.724607e-17
-5.449629e-17
2.7250508e-17
1.2103626e-28
6.0509268e-29
-7.7475786e-33
-2.7262607e-17
5.4531471e-17
-2.7268615e-17
-5.4542333e-17
2.7273425e-17
5.4551019e-17
-5.455516e-17
6.7451511e-49
8.184728e-17
-5.4570738e-17
-5.4577104e-17
5.458358e-17
6.0595203e-29
-2.7297735e-17
5.4600561e-17
-2.7302602e-17
-2.7304855e-17
5.4614421e-17
-2.7309771e-17
-5.4625027e-17
-2.73153e-17
5.4635911e-17
2.7320364e-17
1.2135195e-28
7.7661148e-33
-8.1980125e-17
5.4658088e-17
8.1994907e-17
-2.7334398e-17
-5.4674302e-17
-2.7339698e-17
-2.7341873e-17
-3.0355621e-29
5.4690483e-17
2.7346824e-17
-2.7348585e-17
2.7350664e-17
2.735313e-17
-2.7355907e-17
-2.7358792e-17
-2.7361534e-17
2.7363943e-17
-2.7365895e-17
-2.7367499e-17
5.4738103e-17
5.4741456e-17
-5.4745338e-17
-5.4750018e-17
5.4755504e-17
9.1198281e-29
2.7383922e-17
-2.7386969e-17
-5.4779582e-17
5.4784717e-17
3.8930268e-33
6.0841486e-29
2.7399454e-17
2.7402017e-17
-2.7404816e-17
-5.4815759e-17
0
-2.7414738e-17
3.8963914e-33
5.4844285e-17
5.4851631e-17
-5.4858696e-17
1.8272668e-28
8.2307465e-17
-2.7438835e-17
-2.7441862e-17
-2.7445076e-17
-5.489725e-17
5.4905123e-17
5.4913608e-17
-5.4922358e-17
3.903082e-33
5.493925e-17
2.7473496e-17
-5.4954236e-17
-5.4961124e-17
0
5.4974741e-17
-2.4883694e-48
-2.7494681e-17
2.7498591e-17
-2.7502624e-17
-2.7506702e-17
5.5021453e-17
7.8201185e-33
-2.7518232e-17
-1.780232e-49
2.7524742e-17
1.2225542e-28
-2.7530611e-17
0
2.7536539e-17
2.7539666e-17
-2.7542904e-17
-2.7546207e-17
-2.7549509e-17
5.510548e-17
-2.7555841e-17
-5.5117553e-17
5.5123078e-17
3.0600393e-29
-5.5133284e-17
5.5138133e-17
8.2714389e-17
-2.7573859e-17
-2.7576266e-17
-2.7578684e-17
2.7581104e-17
-6.1251619e-29
-2.7585892e-17
5.5176457e-17
3.9208472e-33
9.190815e-29
2.7594925e-17
-2.7597123e-17
-2.7599393e-17
-2.7601794e-17
-3.9228149e-33
-9.1955857e-29
2.7609816e-17
2.7612512e-17
-5.5230067e-17
-2.7617329e-17
5.5238901e-17
-1.226722e-28
-8.2871595e-17
-7.8519466e-33
8.2889378e-17
1.840716e-28
-2.7637198e-17
0
2.7643868e-17
2.7646215e-17
-2.764806e-17
-2.7649988e-17
-3.0702297e-29
5.531095e-17
2.7659252e-17
-5.5326886e-17
1.2286111e-28
1.2288598e-28
-2.7674722e-17
3.9332018e-33
3.0721041e-29
5.5365006e-17
-3.0735188e-29
6.147845e-29
-5.5386366e-17
-5.5394207e-17
2.7700605e-17
0
2.7705797e-17
5.5415921e-17
-2.7710321e-17
-2.7713102e-17
2.7716404e-17
-2.7720058e-17
-3.9397762e-33
-3.0789069e-29
-3.9406335e-33
-3.9409499e-33
-9.3572271e-51
-3.0783228e-29
2.7738265e-17
-2.7741012e-17
-5.5488117e-17
8.3241239e-17
-6.1620519e-29
1.8486511e-28
5.5504833e-17
-5.5507094e-17
6.1632657e-29
5.5514514e-17
0
-2.7763773e-17
-5.5534938e-17
2.7770752e-17
-2.7773086e-17
-5.5549037e-17
2.7775752e-17
0
-2.7779468e-17
6.169317e-29
5.5571722e-17
-2.6264203e-49
-2.7793294e-17
5.5592832e-17
6.1737662e-29
-2.7800745e-17
3.086126e-29
-2.7804997e-17
2.7807756e-17
5.5622027e-17
-2.7814661e-17
-2.7818549e-17
2.7822529e-17
-5.5652924e-17
-2.7830241e-17
5.5667632e-17
5.5674418e-17
-2.7840483e-17
-5.5687412e-17
5.569385e-17
5.5700362e-17
-8.3560567e-17
-2.7857005e-17
8.3581998e-17
-2.7864503e-17
6.1884364e-29
5.5744859e-17
-5.5752613e-17
1.2381994e-28
2.7883421e-17
-3.9629287e-33
2.7889725e-17
-5.5785695e-17
-2.7896133e-17
-2.789963e-17
-2.7903273e-17
2.7906896e-17
0
0
0
-2.7918115e-17
-3.9676895e-33
5.5844274e-17
5.5848544e-17
-2.7926593e-17
-5.5858142e-17
5.5863239e-17
1.2406843e-28
-8.3809842e-17
5.5877988e-17
2.794131e-17
-2.7943588e-17
-3.1024126e-29
-5.5896106e-17
3.103694e-29
5.5904681e-17
5.5908828e-17
-2.7956479e-17
-5.5917189e-17
-2.7960836e-17
5.5926554e-17
1.5896812e-32
-2.7968902e-17
6.2122264e-29
-2.7975169e-17
2.7978246e-17
5.596231e-17
1.2428944e-28
1.8641658e-28
5.5979121e-17
-5.5985718e-17
1.8649912e-28
5.6001777e-17
-5.6010806e-17
-5.601991e-17
2.8014342e-17
5.6036943e-17
3.9822219e-33
-5.6052545e-17
2.8030291e-17
-2.8034581e-17
-2.8039165e-17
5.6087932e-17
0
-2.80537e-17
2.8058443e-17
-2.8063083e-17
-5.6135343e-17
2.8072281e-17
5.6153919e-17
7.9813022e-33
-2.8086485e-17
-3.1193483e-29
-2.8095765e-17
0
0
5.6216533e-17
-1.2485114e-28
6.2418315e-29
5.6240258e-17
-5.6248528e-17
-5.6256971e-17
2.8132722e-17
2.8136887e-17
-2.8140892e-17
-2.8144668e-17
5.6296329e-17
-8.0010958e-33
-2.815424e-17
5.631375e-17
-2.8159361e-17
1.250797e-28
5.6328917e-17
-5.6334602e-17
-5.6340707e-17
2.8173486e-17
-2.8176496e-17
-5.1615082e-51
2.8181513e-17
2.8183511e-17
-2.8185396e-17
-5.6374814e-17
5.6379419e-17
2.8192314e-17
-2.8195073e-17
2.819776e-17
5.6400375e-17
-5.6404624e-17
-2.8204263e-17
5.641258e-17
-3.1319892e-29
-2.8211461e-17
2.8214686e-17
-2.8218115e-17
-5.6442981e-17
5.6449255e-17
5.645499e-17
-5.646045e-17
-5.6466098e-17
2.8236191e-17
3.1358465e-29
-2.8243768e-17
0
0
2.8256455e-17
3.1369281e-29
2.8264073e-17
-6.2762953e-29
-5.6543046e-17
0
2.8280065e-17
-3.1408503e-29
-1.2060655e-32
2.8294686e-17
0
0
-5.6616216e-17
-2.831224e-17
2.8316431e-17
5.6641604e-17
-2.8325389e-17
-5.6660253e-17
5.6669774e-17
2.8339547e-17
2.8344046e-17
-2.8348416e-17
1.888713e-28
1.2592302e-28
-5.6723362e-17
5.6732553e-17
5.6741669e-17
0
0
-5.6766888e-17
-5.6774895e-17
0
2.8396148e-17
-3.1529528e-29
-2.8406429e-17
2.8412039e-17
2.8417755e-17
0
0
0
2.8439259e-17
-5.6888755e-17
1.2862494e-47
2.8455752e-17
-5.6925211e-17
0
2.8479293e-17
5.6977525e-17
-3.1645752e-29
-2.8508138e-17
0
-2.8527079e-17
2.8536894e-17
-1.3777879e-47
-5.7117739e-17
0
-2.8584426e-17
-9.5249103e-29
5.7224909e-17
-2.4586829e-48
-2.864266e-17
5.7317988e-17
-2.8676394e-17
-5.7389796e-17
2.8714413e-17
0
5.7511962e-17
2.8778018e-17
-5.7602151e-17
4.0963269e-33
2.885092e-17
-2.8877834e-17
9.627847e-29
-3.2122773e-29
2.8966222e-17
6.4393573e-29
-5.8064637e-17
2.906809e-17
6.4632171e-29
-5.8291462e-17
-4.1478133e-33
8.7694895e-17
-6.5013976e-29
-2.9326433e-17
0
-2.9432211e-17
2.9489932e-17
5.910214e-17
-2.961563e-17
-2.968357e-17
2.975488e-17
2.9829659e-17
-5.9816271e-17
-5.9981308e-17
3.0077616e-17
0
0
3.0368479e-17
3.0475992e-17
3.0588822e-17
-3.0706966e-17
8.762557e-33
1.3748844e-28
-3.1094682e-17
3.4681091e-29
-3.1383719e-17
6.3076243e-17
6.3398287e-17
-6.3733359e-17
1.4228901e-28
-7.1540499e-29
-9.7224211e-17
6.5204129e-17
3.2803408e-17
7.3297624e-29
-8.431795e-47
-6.6908027e-17
3.3686405e-17
6.785248e-17
-6.834662e-17
1.1467886e-28
-1.1550995e-28
-6.9914903e-17
3.5233494e-17
7.103418e-17
2.3853582e-28
-3.6106742e-17
7.2824587e-17
3.6724476e-17
-3.7042883e-17
-3.7367187e-17
0
-3.8032491e-17
-1.090624e-32
7.743579e-17
-3.9066669e-17
-7.8836665e-17
3.9771932e-17
4.0126582e-17
4.0481516e-17
-4.0836039e-17
1.8294117e-28
-5.3026531e-46
-1.2566682e-16
8.4465408e-17
4.2570722e-17
9.5267114e-29
8.6449382e-17
-8.7077168e-17
3.8938705e-28
2.9400698e-28
-1.3324836e-16
4.4683467e-17
4.4936224e-17
-4.5173322e-17
0
0
4.5782111e-17
9.1896346e-17
-9.2188621e-17
-9.243925e-17
5.1432588e-29
-1.3189137e-32
4.6464701e-17
9.3003782e-17
2.0658254e-28
-9.3002328e-17
9.2919684e-17
-1.0301015e-28
-4.6306205e-17
4.6194876e-17
0
-4.5905896e-17
-5.0766876e-29
9.1066371e-17
-4.5317109e-17
-9.0164228e-17
8.9658001e-17
-4.4558755e-17
-4.427248e-17
4.397139e-17
-4.3656727e-17
0
0
-4.2644448e-17
6.0096083e-33
4.1926663e-17
8.3118537e-17
9.1450403e-29
3.6249755e-28
8.0881691e-17
-8.0134639e-17
-7.9391886e-17
3.9327854e-17
0
-7.721469e-17
-4.2476974e-29
7.5830989e-17
7.51663e-17
-7.4521411e-17
-7.3899331e-17
7.3299877e-17
1.2111526e-28
3.6087843e-17
7.1652179e-17
-7.1153342e-17
-3.534085e-17
7.0234846e-17
-3.4907591e-17
-3.4709721e-17
6.9049464e-17
-3.4350531e-17
-6.8375764e-17
6.8069181e-17
-3.3891539e-17
-6.7513276e-17
6.72616e-17
6.7023592e-17
5.3813639e-48
7.3927631e-29
3.3193619e-17
-6.6193821e-17
-6.600983e-17
0
6.5661327e-17
7.2709943e-29
-6.5335955e-17
0
3.2513544e-17
6.4876968e-17
3.23659e-17
0
-6.4449618e-17
2.8559644e-28
6.4180333e-17
-9.6074882e-17
-6.3924443e-17
6.380163e-17
6.3684668e-17
-3.1785487e-17
1.4090864e-28
2.0649664e-47
-3.1630703e-17
-3.5062208e-29
3.1538792e-17
1.7903504e-32
-3.1456854e-17
-6.9764984e-29
1.0453088e-28
-3.1352275e-17
3.1322366e-17
3.1293892e-17
-6.2536262e-17
6.248686e-17
-3.1221001e-17
-6.2398514e-17
6.2358641e-17
6.9189988e-29
-6.2287562e-17
6.2256859e-17
9.3347164e-17
-3.1103392e-17
-3.1092536e-17
-3.1081198e-17
-6.2140873e-17
-2.6179791e-48
3.1049535e-17
6.2079416e-17
3.1031329e-17
1.0333378e-28
3.1015814e-17
-3.1008833e-17
-9.3010114e-17
-3.0998024e-17
6.1988402e-17
-3.4403371e-29
3.098598e-17
3.0981387e-17
-3.4398197e-29
-3.0972891e-17
-1.9964913e-48
-1.760313e-32
-3.0967375e-17
-6.8761896e-29
3.0969583e-17
-1.3754981e-28
-6.1948138e-17
0
6.1952048e-17
6.1952835e-17
0
-6.1962244e-17
-6.1972312e-17
6.1984404e-17
6.1999443e-17
-6.2012223e-17
-3.1011214e-17
6.20264e-17
-6.2030464e-17
-6.2035932e-17
9.3069554e-17
3.1029623e-17
-6.2076225e-17
3.1046467e-17
-3.1054952e-17
-6.2122429e-17
3.1066128e-17
0
3.1072635e-17
6.2153036e-17
-3.1082472e-17
-3.1089305e-17
3.1097707e-17
-3.1105505e-17
3.4544733e-29
-2.2139803e-49
1.0366203e-28
3.4554627e-29
6.9127265e-29
-3.4555426e-29
3.1141646e-17
-3.1149458e-17
-6.2316996e-17
3.1166407e-17
-3.117371e-17
-1.0384387e-28
9.3549511e-17
1.3849718e-28
1.3852747e-28
6.2393885e-17
-6.2408626e-17
-3.1211978e-17
3.1220235e-17
3.122679e-17
-6.2464052e-17
-6.2469862e-17
3.1238262e-17
0
-3.1247823e-17
1.0410767e-28
6.253049e-17
3.4729291e-29
-3.128545e-17
6.2585993e-17
2.0850386e-28
-3.1301399e-17
1.0426555e-28
-3.130686e-17
3.1311757e-17
6.2634936e-17
-3.1325139e-17
-3.133282e-17
-6.9586383e-29
3.1347659e-17
6.9624724e-29
-3.1359595e-17
3.1365745e-17
-3.1371877e-17
-3.1379462e-17
6.2773988e-17
1.3942296e-28
-9.4206992e-17
3.1409088e-17
6.9757103e-29
-3.1418197e-17
9.4265617e-17
6.2853429e-17
-6.2863127e-17
6.9820447e-29
6.28905e-17
0
0
-3.1468934e-17
-3.1475654e-17
-6.2965317e-17
-3.148879e-17
9.44872e-17
2.7978566e-28
-3.1509314e-17
3.1515551e-17
0
0
0
-6.3067954e-17
-3.1539214e-17
9.4634846e-17
6.3105671e-17
-6.3121469e-17
-3.156928e-17
6.3152013e-17
-3.1581999e-17
-3.158576e-17
3.1589348e-17
-6.3183421e-17
-3.1594604e-17
6.3192015e-17
7.0163606e-29
-3.1595412e-17
0
6.3181059e-17
6.3177785e-17
-9.4760404e-17
-6.3172742e-17
-4.4886495e-33
-3.5070827e-29
6.3173166e-17
4.48869e-33
-3.1585166e-17
6.3170383e-17
6.3171515e-17
-6.3177014e-17
1.4028596e-28
-7.0144261e-29
-8.9815448e-33
-1.4037231e-28
-3.1613163e-17
-7.0208394e-29
-3.1629529e-17
0
0
-3.1658746e-17
3.1666816e-17
6.3348466e-17
3.1680005e-17
-3.1685979e-17
7.0374223e-29
-3.1698865e-17
-3.1706136e-17
9.5142412e-17
3.1721057e-17
-6.3455789e-17
-3.173367e-17
6.3479948e-17
1.0572819e-28
-6.3505183e-17
-7.0523407e-29
6.3531729e-17
-6.3544645e-17
-3.1779588e-17
9.5359794e-17
-3.1794534e-17
-6.3603748e-17
3.18093e-17
3.1815139e-17
-3.1820589e-17
-3.1825043e-17
6.3661237e-17
-1.4138453e-28
-3.1845552e-17
6.3709115e-17
-3.1863958e-17
1.4151803e-28
3.1876604e-17
-6.3760143e-17
-3.1884176e-17
6.3777072e-17
-3.1894538e-17
-3.1900979e-17
3.1908668e-17
-3.1915926e-17
-3.1923591e-17
-7.0904095e-29
6.3874802e-17
3.1943851e-17
-3.1951077e-17
3.1957973e-17
-3.1965653e-17
-6.3945438e-17
3.1980133e-17
0
3.1993119e-17
3.1998806e-17
3.2005007e-17
3.5536719e-29
-6.4033606e-17
3.2021903e-17
3.2025417e-17
-6.4052251e-17
-3.2024726e-17
3.2019854e-17
6.4025152e-17
-3.2001765e-17
-6.397394e-17
0
3.1939495e-17
0
3.185293e-17
9.0361933e-33
-6.3191201e-17
0
2.9264745e-17
2.7641328e-17
)
;

boundaryField
{
    leftSide
    {
        type            calculated;
        value           uniform 0;
    }
    rightSide
    {
        type            calculated;
        value           uniform 2.7638487e-17;
    }
    emptywalls
    {
        type            empty;
    }
}


// ************************************************************************* //
