/*--------------------------------*- C++ -*----------------------------------*\
  =========                 |
  \\      /  F ield         | OpenFOAM: The Open Source CFD Toolbox
   \\    /   O peration     | Website:  https://openfoam.org
    \\  /    A nd           | Version:  7
     \\/     M anipulation  |
\*---------------------------------------------------------------------------*/
FoamFile
{
    version     2.0;
    format      ascii;
    class       volScalarField;
    location    "0.00329";
    object      rho;
}
// * * * * * * * * * * * * * * * * * * * * * * * * * * * * * * * * * * * * * //

dimensions      [1 -3 0 0 0 0 0];

internalField   nonuniform List<scalar> 
5000
(
1.2479603
1.2479603
1.2479605
1.2479608
1.247961
1.2479612
1.2479614
1.2479615
1.2479616
1.2479616
1.2479616
1.2479617
1.2479617
1.2479617
1.2479617
1.2479617
1.2479617
1.2479617
1.2479617
1.2479617
1.2479617
1.2479617
1.2479617
1.2479617
1.2479617
1.2479617
1.2479617
1.2479617
1.2479617
1.2479617
1.2479617
1.2479617
1.2479617
1.2479617
1.2479617
1.2479617
1.2479617
1.2479617
1.2479617
1.2479617
1.2479617
1.2479617
1.2479617
1.2479617
1.2479617
1.2479617
1.2479617
1.2479617
1.2479617
1.2479617
1.2479617
1.2479617
1.2479617
1.2479617
1.2479617
1.2479617
1.2479616
1.2479616
1.2479616
1.2479616
1.2479616
1.2479616
1.2479616
1.2479616
1.2479616
1.2479616
1.2479616
1.2479616
1.2479616
1.2479616
1.2479616
1.2479616
1.2479616
1.2479616
1.2479616
1.2479616
1.2479616
1.2479616
1.2479616
1.2479616
1.2479616
1.2479616
1.2479616
1.2479616
1.2479616
1.2479616
1.2479616
1.2479616
1.2479616
1.2479616
1.2479615
1.2479615
1.2479615
1.2479615
1.2479615
1.2479615
1.2479615
1.2479615
1.2479615
1.2479615
1.2479615
1.2479615
1.2479615
1.2479615
1.2479615
1.2479615
1.2479615
1.2479615
1.2479615
1.2479615
1.2479615
1.2479615
1.2479615
1.2479615
1.2479615
1.2479615
1.2479615
1.2479615
1.2479615
1.2479615
1.2479615
1.2479615
1.2479614
1.2479614
1.2479614
1.2479614
1.2479614
1.2479614
1.2479614
1.2479614
1.2479614
1.2479614
1.2479614
1.2479614
1.2479614
1.2479614
1.2479614
1.2479614
1.2479614
1.2479614
1.2479614
1.2479614
1.2479614
1.2479614
1.2479614
1.2479614
1.2479614
1.2479614
1.2479614
1.2479614
1.2479614
1.2479614
1.2479614
1.2479614
1.2479614
1.2479614
1.2479614
1.2479614
1.2479614
1.2479614
1.2479614
1.2479613
1.2479613
1.2479613
1.2479613
1.2479613
1.2479613
1.2479613
1.2479613
1.2479613
1.2479613
1.2479613
1.2479613
1.2479613
1.2479613
1.2479613
1.2479613
1.2479613
1.2479613
1.2479613
1.2479613
1.2479613
1.2479613
1.2479613
1.2479613
1.2479613
1.2479613
1.2479613
1.2479613
1.2479613
1.2479613
1.2479613
1.2479613
1.2479613
1.2479613
1.2479613
1.2479613
1.2479613
1.2479613
1.2479613
1.2479613
1.2479613
1.2479613
1.2479613
1.2479613
1.2479613
1.2479613
1.2479613
1.2479613
1.2479613
1.2479613
1.2479613
1.2479613
1.2479613
1.2479613
1.2479613
1.2479613
1.2479613
1.2479613
1.2479613
1.2479613
1.2479613
1.2479613
1.2479613
1.2479613
1.2479613
1.2479613
1.2479613
1.2479613
1.2479613
1.2479613
1.2479613
1.2479613
1.2479613
1.2479613
1.2479613
1.2479613
1.2479613
1.2479613
1.2479613
1.2479613
1.2479613
1.2479613
1.2479613
1.2479613
1.2479613
1.2479613
1.2479613
1.2479613
1.2479613
1.2479613
1.2479613
1.2479613
1.2479613
1.2479613
1.2479613
1.2479613
1.2479613
1.2479613
1.2479613
1.2479613
1.2479613
1.2479613
1.2479613
1.2479613
1.2479613
1.2479613
1.2479613
1.2479613
1.2479613
1.2479613
1.2479613
1.2479613
1.2479613
1.2479613
1.2479613
1.2479613
1.2479613
1.2479613
1.2479613
1.2479613
1.2479613
1.2479613
1.2479613
1.2479613
1.2479613
1.2479613
1.2479613
1.2479613
1.2479613
1.2479613
1.2479613
1.2479613
1.2479613
1.2479613
1.2479613
1.2479613
1.2479613
1.2479613
1.2479613
1.2479613
1.2479613
1.2479613
1.2479613
1.2479613
1.2479613
1.2479613
1.2479613
1.2479613
1.2479613
1.2479613
1.2479613
1.2479613
1.2479613
1.2479613
1.2479613
1.2479613
1.2479613
1.2479613
1.2479613
1.2479613
1.2479613
1.2479613
1.2479613
1.2479613
1.2479613
1.2479613
1.2479613
1.2479613
1.2479613
1.2479613
1.2479613
1.2479613
1.2479613
1.2479613
1.2479612
1.2479612
1.2479612
1.2479612
1.2479612
1.2479612
1.2479612
1.2479612
1.2479612
1.2479612
1.2479612
1.2479612
1.2479612
1.2479612
1.2479612
1.2479612
1.2479612
1.2479612
1.2479612
1.2479612
1.2479612
1.2479612
1.2479612
1.2479612
1.2479612
1.2479612
1.2479612
1.2479612
1.2479612
1.2479612
1.2479612
1.2479612
1.2479612
1.2479612
1.2479612
1.2479612
1.2479612
1.2479612
1.2479612
1.2479612
1.2479612
1.2479612
1.2479612
1.2479612
1.2479612
1.2479612
1.2479612
1.2479612
1.2479612
1.2479612
1.2479612
1.2479612
1.2479612
1.2479612
1.2479612
1.2479612
1.2479612
1.2479612
1.2479612
1.2479612
1.2479612
1.2479612
1.2479612
1.2479612
1.2479612
1.2479612
1.2479612
1.2479612
1.2479612
1.2479612
1.2479612
1.2479612
1.2479612
1.2479612
1.2479612
1.2479612
1.2479612
1.2479612
1.2479612
1.2479612
1.2479612
1.2479612
1.2479612
1.2479612
1.2479612
1.2479612
1.2479612
1.2479612
1.2479612
1.2479612
1.2479612
1.2479612
1.2479612
1.2479612
1.2479612
1.2479612
1.2479612
1.2479612
1.2479612
1.2479612
1.2479612
1.2479612
1.2479612
1.2479612
1.2479612
1.2479612
1.2479612
1.2479612
1.2479612
1.2479612
1.2479612
1.2479612
1.2479612
1.2479612
1.2479612
1.2479612
1.2479612
1.2479612
1.2479612
1.2479612
1.2479612
1.2479612
1.2479612
1.2479612
1.2479612
1.2479612
1.2479612
1.2479612
1.2479612
1.2479612
1.2479612
1.2479612
1.2479612
1.2479612
1.2479612
1.2479612
1.2479612
1.2479612
1.2479612
1.2479612
1.2479612
1.2479612
1.2479612
1.2479612
1.2479612
1.2479612
1.2479612
1.2479612
1.2479612
1.2479612
1.2479612
1.2479612
1.2479612
1.2479612
1.2479612
1.2479612
1.2479612
1.2479612
1.2479612
1.2479612
1.2479612
1.2479612
1.2479612
1.2479612
1.2479612
1.2479612
1.2479612
1.2479612
1.2479612
1.2479612
1.2479612
1.2479612
1.2479612
1.2479612
1.2479612
1.2479612
1.2479612
1.2479612
1.2479612
1.2479612
1.2479612
1.2479612
1.2479612
1.2479612
1.2479612
1.2479612
1.2479612
1.2479612
1.2479612
1.2479612
1.2479612
1.2479611
1.2479611
1.2479611
1.2479611
1.2479611
1.2479611
1.2479611
1.2479611
1.2479611
1.2479611
1.2479611
1.2479611
1.2479611
1.2479611
1.2479611
1.2479611
1.2479611
1.2479611
1.2479611
1.2479611
1.2479611
1.2479611
1.2479611
1.2479611
1.2479611
1.2479611
1.2479611
1.2479611
1.2479611
1.2479611
1.2479611
1.2479611
1.2479611
1.2479611
1.2479611
1.2479611
1.2479611
1.2479611
1.2479611
1.2479611
1.2479611
1.2479611
1.2479611
1.2479611
1.2479611
1.2479611
1.2479611
1.2479611
1.2479611
1.2479611
1.2479611
1.2479611
1.2479611
1.2479611
1.2479611
1.2479611
1.2479611
1.2479611
1.2479611
1.2479611
1.2479611
1.2479611
1.2479611
1.2479611
1.2479611
1.2479611
1.2479611
1.2479611
1.2479611
1.2479611
1.2479611
1.2479611
1.2479611
1.2479611
1.2479611
1.2479611
1.2479611
1.2479611
1.2479611
1.2479611
1.2479611
1.2479611
1.2479611
1.2479611
1.2479611
1.2479611
1.2479611
1.2479611
1.2479611
1.2479611
1.2479611
1.2479611
1.2479611
1.2479611
1.2479611
1.2479611
1.2479611
1.2479611
1.2479611
1.2479611
1.2479611
1.2479611
1.247961
1.2479611
1.2479611
1.2479611
1.2479611
1.2479611
1.2479611
1.247961
1.247961
1.247961
1.247961
1.247961
1.247961
1.247961
1.247961
1.247961
1.247961
1.247961
1.247961
1.247961
1.247961
1.247961
1.247961
1.247961
1.247961
1.247961
1.247961
1.247961
1.247961
1.247961
1.247961
1.247961
1.247961
1.247961
1.247961
1.247961
1.247961
1.247961
1.247961
1.247961
1.247961
1.247961
1.247961
1.247961
1.247961
1.247961
1.247961
1.247961
1.247961
1.247961
1.247961
1.247961
1.247961
1.247961
1.247961
1.247961
1.247961
1.247961
1.247961
1.247961
1.247961
1.247961
1.247961
1.247961
1.247961
1.247961
1.247961
1.247961
1.247961
1.247961
1.247961
1.247961
1.247961
1.247961
1.247961
1.247961
1.247961
1.247961
1.247961
1.247961
1.247961
1.247961
1.247961
1.247961
1.247961
1.247961
1.247961
1.247961
1.247961
1.2479609
1.2479609
1.2479609
1.2479609
1.2479609
1.2479609
1.2479609
1.2479609
1.2479609
1.2479609
1.2479609
1.2479609
1.2479609
1.2479609
1.2479609
1.2479609
1.2479609
1.2479609
1.2479609
1.2479609
1.2479609
1.2479609
1.2479609
1.2479609
1.2479609
1.2479609
1.2479609
1.2479609
1.2479609
1.2479609
1.2479609
1.2479609
1.2479609
1.2479609
1.2479609
1.2479609
1.2479609
1.2479609
1.2479609
1.2479609
1.2479609
1.2479609
1.2479609
1.2479609
1.2479609
1.2479609
1.2479609
1.2479609
1.2479609
1.2479609
1.2479609
1.2479609
1.2479609
1.2479609
1.2479609
1.2479609
1.2479609
1.2479609
1.2479609
1.2479609
1.2479609
1.2479609
1.2479609
1.2479609
1.2479609
1.2479609
1.2479609
1.2479609
1.2479609
1.2479609
1.2479609
1.2479609
1.2479609
1.2479609
1.2479609
1.2479609
1.2479609
1.2479609
1.2479609
1.2479609
1.2479608
1.2479608
1.2479608
1.2479608
1.2479608
1.2479608
1.2479608
1.2479608
1.2479608
1.2479608
1.2479608
1.2479608
1.2479608
1.2479608
1.2479608
1.2479608
1.2479608
1.2479608
1.2479608
1.2479608
1.2479608
1.2479608
1.2479608
1.2479608
1.2479608
1.2479608
1.2479608
1.2479608
1.2479608
1.2479608
1.2479608
1.2479608
1.2479608
1.2479608
1.2479608
1.2479608
1.2479608
1.2479608
1.2479608
1.2479608
1.2479608
1.2479608
1.2479608
1.2479608
1.2479608
1.2479608
1.2479608
1.2479608
1.2479608
1.2479608
1.2479608
1.2479608
1.2479608
1.2479608
1.2479608
1.2479608
1.2479608
1.2479608
1.2479608
1.2479608
1.2479608
1.2479608
1.2479608
1.2479608
1.2479608
1.2479608
1.2479608
1.2479608
1.2479608
1.2479608
1.2479608
1.2479608
1.2479608
1.2479607
1.2479607
1.2479607
1.2479607
1.2479607
1.2479607
1.2479607
1.2479607
1.2479607
1.2479607
1.2479607
1.2479607
1.2479607
1.2479607
1.2479607
1.2479607
1.2479607
1.2479607
1.2479607
1.2479607
1.2479607
1.2479607
1.2479607
1.2479607
1.2479607
1.2479607
1.2479607
1.2479607
1.2479607
1.2479607
1.2479607
1.2479607
1.2479607
1.2479607
1.2479607
1.2479607
1.2479607
1.2479607
1.2479607
1.2479607
1.2479607
1.2479607
1.2479607
1.2479607
1.2479607
1.2479607
1.2479607
1.2479607
1.2479607
1.2479607
1.2479607
1.2479607
1.2479607
1.2479607
1.2479607
1.2479607
1.2479607
1.2479607
1.2479607
1.2479607
1.2479607
1.2479607
1.2479606
1.2479606
1.2479606
1.2479606
1.2479606
1.2479606
1.2479606
1.2479606
1.2479606
1.2479606
1.2479606
1.2479606
1.2479606
1.2479606
1.2479606
1.2479606
1.2479606
1.2479606
1.2479606
1.2479606
1.2479606
1.2479606
1.2479606
1.2479606
1.2479606
1.2479606
1.2479606
1.2479606
1.2479606
1.2479606
1.2479606
1.2479606
1.2479606
1.2479606
1.2479606
1.2479606
1.2479606
1.2479606
1.2479606
1.2479606
1.2479606
1.2479606
1.2479606
1.2479606
1.2479606
1.2479606
1.2479606
1.2479606
1.2479606
1.2479606
1.2479606
1.2479606
1.2479606
1.2479606
1.2479606
1.2479605
1.2479605
1.2479605
1.2479605
1.2479605
1.2479605
1.2479605
1.2479605
1.2479605
1.2479605
1.2479605
1.2479605
1.2479605
1.2479605
1.2479605
1.2479605
1.2479605
1.2479605
1.2479605
1.2479605
1.2479605
1.2479605
1.2479605
1.2479605
1.2479605
1.2479605
1.2479605
1.2479605
1.2479605
1.2479605
1.2479605
1.2479605
1.2479605
1.2479605
1.2479605
1.2479605
1.2479605
1.2479605
1.2479605
1.2479605
1.2479605
1.2479605
1.2479605
1.2479605
1.2479604
1.2479604
1.2479604
1.2479604
1.2479604
1.2479604
1.2479604
1.2479604
1.2479604
1.2479604
1.2479604
1.2479604
1.2479604
1.2479604
1.2479604
1.2479604
1.2479604
1.2479604
1.2479604
1.2479604
1.2479604
1.2479604
1.2479604
1.2479604
1.2479604
1.2479604
1.2479604
1.2479604
1.2479604
1.2479604
1.2479604
1.2479604
1.2479604
1.2479604
1.2479604
1.2479604
1.2479604
1.2479604
1.2479604
1.2479604
1.2479604
1.2479603
1.2479603
1.2479603
1.2479603
1.2479603
1.2479603
1.2479603
1.2479603
1.2479603
1.2479603
1.2479603
1.2479603
1.2479603
1.2479603
1.2479603
1.2479603
1.2479603
1.2479603
1.2479603
1.2479603
1.2479603
1.2479603
1.2479603
1.2479603
1.2479603
1.2479603
1.2479603
1.2479603
1.2479603
1.2479603
1.2479603
1.2479603
1.2479603
1.2479603
1.2479603
1.2479603
1.2479603
1.2479603
1.2479603
1.2479603
1.2479602
1.2479602
1.2479602
1.2479602
1.2479602
1.2479602
1.2479602
1.2479602
1.2479602
1.2479602
1.2479602
1.2479602
1.2479602
1.2479602
1.2479602
1.2479602
1.2479602
1.2479602
1.2479602
1.2479602
1.2479602
1.2479602
1.2479602
1.2479602
1.2479602
1.2479602
1.2479602
1.2479602
1.2479602
1.2479602
1.2479602
1.2479602
1.2479602
1.2479601
1.2479601
1.2479601
1.2479601
1.2479601
1.2479601
1.2479601
1.2479601
1.2479601
1.2479601
1.2479601
1.2479601
1.2479601
1.2479601
1.2479601
1.2479601
1.2479601
1.2479601
1.2479601
1.2479601
1.2479601
1.2479601
1.2479601
1.2479601
1.2479601
1.2479601
1.2479601
1.24796
1.24796
1.24796
1.24796
1.24796
1.24796
1.24796
1.24796
1.24796
1.24796
1.24796
1.24796
1.24796
1.24796
1.24796
1.24796
1.24796
1.24796
1.24796
1.24796
1.24796
1.24796
1.24796
1.24796
1.24796
1.24796
1.24796
1.24796
1.2479599
1.2479599
1.2479599
1.2479599
1.2479599
1.2479599
1.2479599
1.2479599
1.2479599
1.2479599
1.2479599
1.2479599
1.2479599
1.2479599
1.2479599
1.2479599
1.2479599
1.2479599
1.2479599
1.2479599
1.2479599
1.2479599
1.2479599
1.2479598
1.2479598
1.2479598
1.2479598
1.2479598
1.2479598
1.2479598
1.2479598
1.2479598
1.2479598
1.2479598
1.2479598
1.2479598
1.2479598
1.2479598
1.2479598
1.2479598
1.2479598
1.2479598
1.2479598
1.2479598
1.2479597
1.2479597
1.2479597
1.2479597
1.2479597
1.2479597
1.2479597
1.2479597
1.2479597
1.2479597
1.2479597
1.2479597
1.2479597
1.2479597
1.2479597
1.2479597
1.2479597
1.2479597
1.2479597
1.2479597
1.2479596
1.2479596
1.2479596
1.2479596
1.2479596
1.2479596
1.2479596
1.2479596
1.2479596
1.2479596
1.2479596
1.2479596
1.2479596
1.2479596
1.2479596
1.2479596
1.2479596
1.2479596
1.2479595
1.2479595
1.2479595
1.2479595
1.2479595
1.2479595
1.2479595
1.2479595
1.2479595
1.2479595
1.2479595
1.2479595
1.2479595
1.2479595
1.2479595
1.2479595
1.2479595
1.2479595
1.2479594
1.2479594
1.2479594
1.2479594
1.2479594
1.2479594
1.2479594
1.2479594
1.2479594
1.2479594
1.2479594
1.2479594
1.2479594
1.2479594
1.2479594
1.2479594
1.2479594
1.2479593
1.2479593
1.2479593
1.2479593
1.2479593
1.2479593
1.2479593
1.2479593
1.2479593
1.2479593
1.2479593
1.2479593
1.2479593
1.2479593
1.2479593
1.2479593
1.2479592
1.2479592
1.2479592
1.2479592
1.2479592
1.2479592
1.2479592
1.2479592
1.2479592
1.2479592
1.2479592
1.2479592
1.2479592
1.2479592
1.2479592
1.2479592
1.2479592
1.2479591
1.2479591
1.2479591
1.2479591
1.2479591
1.2479591
1.2479591
1.2479591
1.2479591
1.2479591
1.2479591
1.2479591
1.2479591
1.2479591
1.2479591
1.2479591
1.247959
1.247959
1.247959
1.247959
1.247959
1.247959
1.247959
1.247959
1.247959
1.247959
1.247959
1.247959
1.247959
1.247959
1.247959
1.247959
1.2479589
1.2479589
1.2479589
1.2479589
1.2479589
1.2479589
1.2479589
1.2479589
1.2479589
1.2479589
1.2479589
1.2479589
1.2479589
1.2479589
1.2479589
1.2479589
1.2479588
1.2479588
1.2479588
1.2479588
1.2479588
1.2479588
1.2479588
1.2479588
1.2479588
1.2479588
1.2479588
1.2479588
1.2479588
1.2479588
1.2479588
1.2479588
1.2479588
1.2479588
1.2479588
1.2479588
1.2479588
1.2479588
1.2479588
1.2479588
1.2479588
1.2479588
1.2479588
1.2479588
1.2479588
1.2479588
1.2479588
1.2479588
1.2479588
1.2479588
1.2479588
1.2479588
1.2479588
1.2479588
1.2479588
1.2479588
1.2479588
1.2479588
1.2479588
1.2479588
1.2479588
1.2479588
1.2479588
1.2479588
1.2479588
1.2479588
1.2479588
1.2479588
1.2479588
1.2479588
1.2479588
1.2479589
1.2479589
1.2479589
1.2479589
1.2479589
1.2479589
1.2479589
1.2479589
1.247959
1.247959
1.247959
1.247959
1.2479591
1.2479591
1.2479591
1.2479591
1.2479592
1.2479592
1.2479592
1.2479592
1.2479593
1.2479593
1.2479594
1.2479594
1.2479594
1.2479595
1.2479595
1.2479596
1.2479596
1.2479597
1.2479597
1.2479598
1.2479599
1.2479599
1.24796
1.2479601
1.2479601
1.2479602
1.2479603
1.2479604
1.2479604
1.2479605
1.2479606
1.2479607
1.2479608
1.2479609
1.247961
1.2479612
1.2479613
1.2479614
1.2479615
1.2479617
1.2479618
1.247962
1.2479621
1.2479623
1.2479625
1.2479626
1.2479628
1.247963
1.2479632
1.2479634
1.2479636
1.2479639
1.2479641
1.2479644
1.2479646
1.2479649
1.2479652
1.2479655
1.2479658
1.2479661
1.2479664
1.2479667
1.2479671
1.2479675
1.2479679
1.2479683
1.2479687
1.2479691
1.2479696
1.24797
1.2479705
1.247971
1.2479716
1.2479721
1.2479727
1.2479733
1.2479739
1.2479745
1.2479752
1.2479759
1.2479766
1.2479774
1.2479782
1.247979
1.2479798
1.2479807
1.2479816
1.2479826
1.2479835
1.2479846
1.2479856
1.2479867
1.2479879
1.2479891
1.2479903
1.2479916
1.247993
1.2479943
1.2479958
1.2479973
1.2479989
1.2480005
1.2480022
1.2480039
1.2480057
1.2480076
1.2480096
1.2480116
1.2480137
1.2480159
1.2480182
1.2480205
1.248023
1.2480256
1.2480282
1.2480309
1.2480338
1.2480367
1.2480398
1.248043
1.2480463
1.2480497
1.2480533
1.248057
1.2480608
1.2480648
1.2480689
1.2480732
1.2480777
1.2480823
1.2480871
1.248092
1.2480972
1.2481025
1.248108
1.2481138
1.2481197
1.2481259
1.2481323
1.248139
1.2481458
1.248153
1.2481604
1.2481681
1.248176
1.2481843
1.2481928
1.2482017
1.2482109
1.2482204
1.2482303
1.2482405
1.2482511
1.2482621
1.2482735
1.2482853
1.2482976
1.2483102
1.2483234
1.248337
1.2483511
1.2483657
1.2483808
1.2483965
1.2484127
1.2484295
1.2484469
1.2484649
1.2484836
1.2485029
1.2485229
1.2485436
1.248565
1.2485872
1.2486102
1.248634
1.2486586
1.248684
1.2487104
1.2487376
1.2487658
1.248795
1.2488252
1.2488565
1.2488888
1.2489222
1.2489567
1.2489925
1.2490294
1.2490677
1.2491072
1.249148
1.2491903
1.2492339
1.2492791
1.2493257
1.2493739
1.2494237
1.2494752
1.2495284
1.2495833
1.2496401
1.2496987
1.2497593
1.2498218
1.2498864
1.2499531
1.2500219
1.250093
1.2501664
1.2502421
1.2503203
1.2504009
1.2504841
1.25057
1.2506585
1.2507499
1.2508441
1.2509413
1.2510415
1.2511447
1.2512512
1.251361
1.2514741
1.2515906
1.2517107
1.2518344
1.2519618
1.2520931
1.2522282
1.2523673
1.2525106
1.252658
1.2528097
1.2529658
1.2531265
1.2532917
1.2534616
1.2536363
1.2538159
1.2540005
1.2541903
1.2543853
1.2545856
1.2547913
1.2550026
1.2552196
1.2554423
1.2556708
1.2559053
1.2561459
1.2563927
1.2566458
1.2569052
1.2571711
1.2574435
1.2577226
1.2580085
1.2583013
1.2586009
1.2589076
1.2592214
1.2595424
1.2598707
1.2602062
1.2605492
1.2608996
1.2612575
1.261623
1.2619961
1.2623769
1.2627654
1.2631616
1.2635655
1.2639772
1.2643966
1.2648239
1.2652589
1.2657017
1.2661522
1.2666104
1.2670763
1.2675499
1.268031
1.2685196
1.2690157
1.2695192
1.27003
1.2705479
1.2710729
1.2716049
1.2721437
1.2726892
1.2732413
1.2737998
1.2743645
1.2749353
1.275512
1.2760944
1.2766823
1.2772755
1.2778737
1.2784769
1.2790847
1.2796968
1.2803132
1.2809334
1.2815573
1.2821846
1.282815
1.2834482
1.284084
1.2847221
1.2853622
1.286004
1.2866472
1.2872916
1.2879368
1.2885826
1.2892286
1.2898745
1.2905202
1.2911652
1.2918092
1.2924521
1.2930934
1.293733
1.2943705
1.2950056
1.2956381
1.2962678
1.2968943
1.2975174
1.2981369
1.2987525
1.2993639
1.299971
1.3005735
1.3011712
1.3017639
1.3023514
1.3029336
1.3035101
1.3040809
1.3046457
1.3052045
1.3057571
1.3063033
1.306843
1.3073762
1.3079025
1.3084221
1.3089347
1.3094403
1.3099388
1.3104301
1.3109142
1.311391
1.3118605
1.3123226
1.3127773
1.3132246
1.3136645
1.3140968
1.3145217
1.3149392
1.3153492
1.3157518
1.316147
1.3165348
1.3169152
1.3172883
1.3176541
1.3180128
1.3183642
1.3187085
1.3190458
1.319376
1.3196993
1.3200158
1.3203254
1.3206284
1.3209247
1.3212144
1.3214977
1.3217746
1.3220451
1.3223095
1.3225677
1.3228199
1.3230661
1.3233065
1.3235412
1.3237702
1.3239936
1.3242115
1.3244241
1.3246313
1.3248334
1.3250305
1.3252225
1.3254096
1.3255919
1.3257695
1.3259425
1.326111
1.3262751
1.3264348
1.3265903
1.3267417
1.326889
1.3270323
1.3271717
1.3273074
1.3274393
1.3275676
1.3276924
1.3278137
1.3279317
1.3280463
1.3281577
1.328266
1.3283713
1.3284735
1.3285728
1.3286693
1.3287631
1.3288541
1.3289425
1.3290283
1.3291116
1.3291925
1.329271
1.3293473
1.3294212
1.329493
1.3295627
1.3296303
1.3296959
1.3297595
1.3298212
1.329881
1.3299391
1.3299954
1.3300499
1.3301029
1.3301542
1.3302039
1.3302522
1.3302989
1.3303442
1.3303881
1.3304307
1.3304719
1.3305119
1.3305506
1.3305881
1.3306245
1.3306597
1.3306938
1.3307268
1.3307588
1.3307898
1.3308198
1.3308489
1.330877
1.3309042
1.3309306
1.3309562
1.3309809
1.3310048
1.331028
1.3310504
1.3310721
1.3310931
1.3311135
1.3311332
1.3311522
1.3311706
1.3311885
1.3312057
1.3312224
1.3312386
1.3312542
1.3312693
1.3312839
1.3312981
1.3313118
1.331325
1.3313378
1.3313502
1.3313622
1.3313738
1.331385
1.3313958
1.3314063
1.3314164
1.3314262
1.3314357
1.3314448
1.3314537
1.3314622
1.3314705
1.3314785
1.3314863
1.3314938
1.331501
1.331508
1.3315147
1.3315213
1.3315276
1.3315337
1.3315396
1.3315453
1.3315508
1.3315562
1.3315613
1.3315663
1.3315711
1.3315758
1.3315803
1.3315847
1.3315889
1.3315929
1.3315969
1.3316007
1.3316043
1.3316079
1.3316113
1.3316146
1.3316179
1.331621
1.331624
1.3316269
1.3316297
1.3316324
1.331635
1.3316376
1.33164
1.3316424
1.3316447
1.3316469
1.3316491
1.3316511
1.3316532
1.3316551
1.331657
1.3316588
1.3316606
1.3316623
1.331664
1.3316656
1.3316671
1.3316686
1.3316701
1.3316715
1.3316729
1.3316742
1.3316755
1.3316768
1.331678
1.3316791
1.3316803
1.3316814
1.3316825
1.3316835
1.3316845
1.3316855
1.3316865
1.3316874
1.3316883
1.3316892
1.33169
1.3316909
1.3316917
1.3316925
1.3316933
1.331694
1.3316948
1.3316955
1.3316962
1.3316969
1.3316975
1.3316982
1.3316988
1.3316995
1.3317001
1.3317007
1.3317013
1.3317019
1.3317024
1.331703
1.3317035
1.3317041
1.3317046
1.3317051
1.3317057
1.3317062
1.3317067
1.3317072
1.3317076
1.3317081
1.3317086
1.3317091
1.3317095
1.33171
1.3317105
1.3317109
1.3317114
1.3317118
1.3317123
1.3317127
1.3317132
1.3317136
1.331714
1.3317145
1.3317149
1.3317154
1.3317158
1.3317162
1.3317167
1.3317171
1.3317175
1.331718
1.3317184
1.3317188
1.3317193
1.3317197
1.3317201
1.3317206
1.331721
1.3317215
1.3317219
1.3317224
1.3317228
1.3317233
1.3317237
1.3317242
1.3317246
1.3317251
1.3317256
1.331726
1.3317265
1.331727
1.3317275
1.331728
1.3317285
1.3317289
1.3317294
1.3317299
1.3317305
1.331731
1.3317315
1.331732
1.3317325
1.331733
1.3317336
1.3317341
1.3317346
1.3317352
1.3317357
1.3317363
1.3317369
1.3317374
1.331738
1.3317385
1.3317391
1.3317397
1.3317403
1.3317409
1.3317415
1.3317421
1.3317427
1.3317433
1.3317439
1.3317445
1.3317451
1.3317458
1.3317464
1.331747
1.3317477
1.3317483
1.331749
1.3317496
1.3317503
1.3317509
1.3317516
1.3317523
1.3317529
1.3317536
1.3317543
1.3317549
1.3317556
1.3317563
1.331757
1.3317577
1.3317584
1.331759
1.3317597
1.3317604
1.3317611
1.3317618
1.3317625
1.3317632
1.3317639
1.3317646
1.3317653
1.331766
1.3317667
1.3317674
1.3317681
1.3317688
1.3317695
1.3317702
1.3317709
1.3317716
1.3317723
1.331773
1.3317737
1.3317744
1.3317751
1.3317758
1.3317765
1.3317772
1.3317779
1.3317786
1.3317793
1.33178
1.3317807
1.3317814
1.3317821
1.3317828
1.3317835
1.3317842
1.3317849
1.3317857
1.3317864
1.3317871
1.3317878
1.3317885
1.3317892
1.3317899
1.3317907
1.3317914
1.3317921
1.3317929
1.3317936
1.3317943
1.3317951
1.3317958
1.3317966
1.3317973
1.3317981
1.3317988
1.3317996
1.3318004
1.3318012
1.3318019
1.3318027
1.3318035
1.3318043
1.3318051
1.331806
1.3318068
1.3318076
1.3318084
1.3318093
1.3318101
1.331811
1.3318118
1.3318127
1.3318135
1.3318144
1.3318153
1.3318162
1.3318171
1.331818
1.3318189
1.3318198
1.3318208
1.3318217
1.3318226
1.3318236
1.3318245
1.3318255
1.3318265
1.3318275
1.3318285
1.3318295
1.3318305
1.3318315
1.3318325
1.3318335
1.3318346
1.3318356
1.3318367
1.3318377
1.3318388
1.3318399
1.331841
1.3318421
1.3318432
1.3318443
1.3318454
1.3318465
1.3318476
1.3318488
1.3318499
1.3318511
1.3318522
1.3318534
1.3318546
1.3318557
1.3318569
1.3318581
1.3318593
1.3318605
1.3318617
1.331863
1.3318642
1.3318654
1.3318667
1.3318679
1.3318692
1.3318705
1.3318717
1.331873
1.3318743
1.3318756
1.3318769
1.3318782
1.3318795
1.3318808
1.3318822
1.3318835
1.3318848
1.3318862
1.3318875
1.3318889
1.3318903
1.3318916
1.331893
1.3318944
1.3318958
1.3318972
1.3318986
1.3319
1.3319014
1.3319028
1.3319042
1.3319057
1.3319071
1.3319086
1.33191
1.3319115
1.3319129
1.3319144
1.3319159
1.3319173
1.3319188
1.3319203
1.3319218
1.3319233
1.3319248
1.3319263
1.3319278
1.3319293
1.3319308
1.3319323
1.3319339
1.3319354
1.331937
1.3319385
1.33194
1.3319416
1.3319432
1.3319447
1.3319463
1.3319478
1.3319494
1.331951
1.3319526
1.3319542
1.3319558
1.3319574
1.331959
1.3319606
1.3319622
1.3319638
1.3319654
1.331967
1.3319686
1.3319702
1.3319719
1.3319735
1.3319751
1.3319768
1.3319784
1.3319801
1.3319817
1.3319834
1.331985
1.3319867
1.3319883
1.33199
1.3319917
1.3319934
1.331995
1.3319967
1.3319984
1.3320001
1.3320018
1.3320035
1.3320051
1.3320068
1.3320085
1.3320102
1.3320119
1.3320136
1.3320153
1.332017
1.3320187
1.3320205
1.3320222
1.3320239
1.3320256
1.3320273
1.3320291
1.3320308
1.3320325
1.3320343
1.332036
1.3320377
1.3320395
1.3320412
1.332043
1.3320447
1.3320465
1.3320483
1.33205
1.3320518
1.3320536
1.3320553
1.3320571
1.3320589
1.3320607
1.3320625
1.3320643
1.3320661
1.3320679
1.3320697
1.3320715
1.3320733
1.3320751
1.332077
1.3320788
1.3320807
1.3320825
1.3320844
1.3320862
1.3320881
1.33209
1.3320919
1.3320937
1.3320957
1.3320976
1.3320995
1.3321014
1.3321034
1.3321053
1.3321073
1.3321093
1.3321113
1.3321132
1.3321152
1.3321173
1.3321193
1.3321213
1.3321234
1.3321255
1.3321275
1.3321296
1.3321317
1.3321338
1.332136
1.3321381
1.3321403
1.3321425
1.3321447
1.3321469
1.3321491
1.3321513
1.3321536
1.3321559
1.3321582
1.3321605
1.3321628
1.3321651
1.3321675
1.3321698
1.3321722
1.3321746
1.3321771
1.3321795
1.332182
1.3321844
1.3321869
1.3321894
1.332192
1.3321945
1.3321971
1.3321997
1.3322023
1.3322049
1.3322076
1.3322103
1.332213
1.3322157
1.3322184
1.3322212
1.332224
1.3322268
1.3322296
1.3322325
1.3322354
1.3322383
1.3322412
1.3322442
1.3322472
1.3322502
1.3322532
1.3322563
1.3322594
1.3322626
1.3322658
1.3322689
1.3322722
1.3322754
1.3322787
1.3322821
1.3322854
1.3322889
1.3322923
1.3322958
1.3322993
1.3323029
1.3323065
1.3323101
1.3323138
1.3323176
1.3323213
1.3323252
1.3323291
1.3323331
1.3323371
1.3323411
1.3323453
1.3323495
1.3323538
1.3323581
1.3323625
1.3323669
1.3323713
1.3323759
1.3323805
1.3323851
1.3323898
1.3323946
1.3323995
1.3324044
1.3324094
1.3324144
1.3324195
1.3324247
1.33243
1.3324353
1.3324407
1.3324462
1.3324517
1.3324574
1.3324631
1.3324689
1.3324748
1.3324808
1.3324869
1.332493
1.3324993
1.3325057
1.3325121
1.3325186
1.3325253
1.332532
1.3325389
1.3325458
1.3325529
1.33256
1.3325673
1.3325747
1.3325822
1.3325898
1.3325975
1.3326053
1.3326133
1.3326214
1.3326296
1.332638
1.3326464
1.3326551
1.3326638
1.3326727
1.3326817
1.3326909
1.3327002
1.3327097
1.3327193
1.332729
1.3327389
1.332749
1.3327592
1.3327696
1.3327801
1.3327909
1.3328017
1.3328128
1.332824
1.3328354
1.332847
1.3328587
1.3328707
1.3328828
1.3328951
1.3329076
1.3329203
1.3329332
1.3329463
1.3329596
1.3329731
1.3329868
1.3330007
1.3330149
1.3330293
1.3330438
1.3330586
1.3330737
1.3330889
1.3331044
1.3331202
1.3331361
1.3331523
1.3331688
1.3331855
1.3332024
1.3332196
1.3332371
1.3332548
1.3332728
1.333291
1.3333095
1.3333283
1.3333474
1.3333667
1.3333863
1.3334062
1.3334263
1.3334468
1.3334676
1.3334886
1.33351
1.3335317
1.3335536
1.3335759
1.3335984
1.3336213
1.3336445
1.333668
1.3336919
1.3337161
1.3337405
1.3337653
1.3337905
1.333816
1.3338418
1.333868
1.3338946
1.3339214
1.3339487
1.3339763
1.3340042
1.3340324
1.3340611
1.3340901
1.3341195
1.3341493
1.3341794
1.3342098
1.3342407
1.334272
1.3343036
1.3343357
1.3343681
1.334401
1.3344342
1.3344678
1.3345018
1.3345362
1.334571
1.3346062
1.3346419
1.3346779
1.3347143
1.3347512
1.3347885
1.3348262
1.3348643
1.3349029
1.3349419
1.3349813
1.3350211
1.3350614
1.3351022
1.3351433
1.335185
1.335227
1.3352695
1.3353125
1.3353559
1.3353998
1.3354441
1.3354889
1.3355341
1.3355798
1.335626
1.3356727
1.3357198
1.3357674
1.3358155
1.3358641
1.3359132
1.3359628
1.3360129
1.3360635
1.3361145
1.3361661
1.3362182
1.3362709
1.336324
1.3363777
1.3364319
1.3364866
1.3365419
1.3365977
1.336654
1.3367108
1.3367682
1.3368261
1.3368845
1.3369434
1.3370028
1.3370628
1.3371232
1.3371842
1.3372457
1.3373076
1.3373701
1.337433
1.3374964
1.3375603
1.3376247
1.3376895
1.3377547
1.3378203
1.3378863
1.3379527
1.3380196
1.3380868
1.3381545
1.3382227
1.3382913
1.3383603
1.3384298
1.3384998
1.3385703
1.3386413
1.3387128
1.3387848
1.3388573
1.3389303
1.3390039
1.3390781
1.3391529
1.3392282
1.3393042
1.3393808
1.339458
1.3395358
1.3396142
1.339693
1.339772
1.3398503
1.3399266
1.3399981
1.3400592
1.3400995
1.3401012
1.3400345
1.3398542
1.339497
1.3388833
1.3379266
1.3365506
1.3347118
1.3324169
1.3297242
1.3267218
1.3234935
1.3200939
1.316556
1.3129234
1.3092714
1.3056891
1.3022408
1.2989554
1.2958561
1.2929811
1.2903631
1.2880073
1.2859033
1.2840461
1.282439
1.2810672
1.2798935
1.2789111
1.2781152
1.2774539
1.2769275
1.2765244
1.2762036
1.2759698
1.2758091
1.275688
1.2756317
1.275593
1.2755982
1.2756162
1.2756587
1.2757118
1.2757776
1.2758509
1.2759311
1.2760159
1.2761045
1.2761957
1.2762891
1.276384
1.2764801
1.2765771
1.2766751
1.2767738
1.2768731
1.2769729
1.2770731
1.2771736
1.2772745
1.2773757
1.2774772
1.2775791
1.2776814
1.2777841
1.2778872
1.2779907
1.2780946
1.2781988
1.2783035
1.2784086
1.2785141
1.27862
1.2787263
1.2788329
1.2789399
1.2790472
1.2791549
1.2792629
1.2793712
1.2794798
1.2795887
1.2796979
1.2798074
1.2799171
1.2800272
1.2801374
1.2802479
1.2803587
1.2804697
1.280581
1.2806925
1.2808043
1.2809164
1.2810286
1.2811412
1.281254
1.2813671
1.2814804
1.281594
1.2817078
1.2818219
1.2819363
1.282051
1.2821659
1.282281
1.2823965
1.2825122
1.2826281
1.2827444
1.2828609
1.2829776
1.2830946
1.2832119
1.2833295
1.2834473
1.2835653
1.2836836
1.2838022
1.283921
1.2840401
1.2841594
1.284279
1.2843988
1.2845189
1.2846392
1.2847598
1.2848806
1.2850016
1.2851229
1.2852444
1.2853661
1.2854881
1.2856103
1.2857328
1.2858555
1.2859783
1.2861015
1.2862248
1.2863484
1.2864722
1.2865962
1.2867204
1.2868448
1.2869695
1.2870943
1.2872194
1.2873446
1.2874701
1.2875958
1.2877217
1.2878478
1.2879741
1.2881006
1.2882272
1.2883541
1.2884812
1.2886084
1.2887359
1.2888635
1.2889913
1.2891193
1.2892475
1.2893759
1.2895044
1.2896332
1.2897621
1.2898911
1.2900204
1.2901498
1.2902794
1.2904092
1.2905391
1.2906692
1.2907994
1.2909298
1.2910604
1.2911911
1.291322
1.291453
1.2915842
1.2917156
1.291847
1.2919787
1.2921105
1.2922424
1.2923745
1.2925067
1.2926391
1.2927716
1.2929042
1.2930369
1.2931698
1.2933029
1.293436
1.2935693
1.2937027
1.2938363
1.29397
1.2941038
1.2942377
1.2943717
1.2945058
1.2946401
1.2947745
1.294909
1.2950436
1.2951783
1.2953132
1.2954481
1.2955832
1.2957183
1.2958536
1.2959889
1.2961244
1.2962599
1.2963956
1.2965313
1.2966672
1.2968031
1.2969391
1.2970752
1.2972114
1.2973477
1.2974841
1.2976205
1.2977571
1.2978937
1.2980304
1.2981672
1.298304
1.298441
1.298578
1.298715
1.2988522
1.2989894
1.2991267
1.299264
1.2994014
1.2995389
1.2996765
1.2998141
1.2999517
1.3000895
1.3002272
1.3003651
1.3005029
1.3006409
1.3007789
1.3009169
1.301055
1.3011931
1.3013313
1.3014695
1.3016078
1.3017461
1.3018844
1.3020228
1.3021612
1.3022997
1.3024382
1.3025767
1.3027153
1.3028538
1.3029925
1.3031311
1.3032698
1.3034084
1.3035472
1.3036859
1.3038247
1.3039634
1.3041022
1.304241
1.3043799
1.3045187
1.3046575
1.3047964
1.3049353
1.3050742
1.305213
1.3053519
1.3054908
1.3056297
1.3057686
1.3059075
1.3060464
1.3061853
1.3063242
1.3064631
1.306602
1.3067409
1.3068797
1.3070186
1.3071574
1.3072962
1.307435
1.3075738
1.3077126
1.3078514
1.3079901
1.3081288
1.3082675
1.3084062
1.3085448
1.3086835
1.3088221
1.3089606
1.3090991
1.3092376
1.3093761
1.3095145
1.3096529
1.3097913
1.3099296
1.3100679
1.3102061
1.3103443
1.3104825
1.3106206
1.3107586
1.3108966
1.3110346
1.3111725
1.3113103
1.3114481
1.3115859
1.3117236
1.3118612
1.3119988
1.3121363
1.3122737
1.3124111
1.3125484
1.3126857
1.3128229
1.31296
1.313097
1.313234
1.3133709
1.3135077
1.3136445
1.3137811
1.3139177
1.3140543
1.3141907
1.314327
1.3144633
1.3145995
1.3147356
1.3148716
1.3150075
1.3151434
1.3152791
1.3154147
1.3155503
1.3156857
1.3158211
1.3159563
1.3160915
1.3162265
1.3163615
1.3164963
1.316631
1.3167657
1.3169002
1.3170346
1.3171689
1.3173031
1.3174371
1.3175711
1.3177049
1.3178386
1.3179722
1.3181057
1.318239
1.3183722
1.3185053
1.3186383
1.3187711
1.3189038
1.3190364
1.3191688
1.3193011
1.3194333
1.3195653
1.3196972
1.319829
1.3199606
1.3200921
1.3202234
1.3203545
1.3204856
1.3206164
1.3207471
1.3208777
1.3210081
1.3211384
1.3212685
1.3213984
1.3215282
1.3216578
1.3217872
1.3219165
1.3220457
1.3221746
1.3223034
1.322432
1.3225605
1.3226887
1.3228168
1.3229447
1.3230725
1.3232
1.3233274
1.3234546
1.3235816
1.3237084
1.3238351
1.3239615
1.3240878
1.3242138
1.3243397
1.3244654
1.3245908
1.3247161
1.3248412
1.3249661
1.3250908
1.3252152
1.3253395
1.3254635
1.3255874
1.325711
1.3258345
1.3259577
1.3260807
1.3262034
1.326326
1.3264483
1.3265705
1.3266924
1.326814
1.3269355
1.3270567
1.3271777
1.3272985
1.327419
1.3275393
1.3276593
1.3277792
1.3278988
1.3280181
1.3281372
1.3282561
1.3283747
1.328493
1.3286112
1.328729
1.3288467
1.328964
1.3290811
1.329198
1.3293146
1.3294309
1.329547
1.3296628
1.3297784
1.3298937
1.3300087
1.3301235
1.330238
1.3303522
1.3304661
1.3305798
1.3306932
1.3308063
1.3309192
1.3310317
1.331144
1.331256
1.3313677
1.3314791
1.3315903
1.3317011
1.3318117
1.3319219
1.3320319
1.3321416
1.332251
1.3323601
1.3324688
1.3325773
1.3326855
1.3327934
1.3329009
1.3330082
1.3331151
1.3332218
1.3333281
1.3334341
1.3335398
1.3336452
1.3337503
1.333855
1.3339595
1.3340636
1.3341674
1.3342708
1.334374
1.3344768
1.3345792
1.3346814
1.3347832
1.3348847
1.3349858
1.3350867
1.3351871
1.3352873
1.3353871
1.3354865
1.3355856
1.3356844
1.3357828
1.3358809
1.3359787
1.336076
1.3361731
1.3362698
1.3363661
1.3364621
1.3365577
1.3366529
1.3367478
1.3368424
1.3369366
1.3370304
1.3371239
1.337217
1.3373097
1.3374021
1.3374941
1.3375857
1.3376769
1.3377678
1.3378584
1.3379485
1.3380383
1.3381277
1.3382167
1.3383053
1.3383936
1.3384815
1.338569
1.3386561
1.3387428
1.3388292
1.3389152
1.3390008
1.339086
1.3391708
1.3392552
1.3393393
1.3394229
1.3395062
1.339589
1.3396715
1.3397536
1.3398353
1.3399166
1.3399975
1.340078
1.3401581
1.3402378
1.3403172
1.3403961
1.3404746
1.3405527
1.3406304
1.3407077
1.3407847
1.3408612
1.3409373
1.341013
1.3410883
1.3411632
1.3412377
1.3413117
1.3413854
1.3414587
1.3415316
1.341604
1.3416761
1.3417477
1.341819
1.3418898
1.3419602
1.3420302
1.3420998
1.342169
1.3422378
1.3423062
1.3423742
1.3424417
1.3425088
1.3425756
1.3426419
1.3427078
1.3427733
1.3428384
1.3429031
1.3429674
1.3430312
1.3430947
1.3431577
1.3432203
1.3432826
1.3433444
1.3434058
1.3434668
1.3435273
1.3435875
1.3436473
1.3437066
1.3437656
1.3438241
1.3438822
1.34394
1.3439973
1.3440542
1.3441107
1.3441668
1.3442225
1.3442778
1.3443326
1.3443871
1.3444412
1.3444949
1.3445482
1.344601
1.3446535
1.3447056
1.3447573
1.3448085
1.3448594
1.3449099
1.34496
1.3450097
1.345059
1.3451079
1.3451564
1.3452045
1.3452522
1.3452996
1.3453465
1.3453931
1.3454393
1.3454851
1.3455305
1.3455755
1.3456201
1.3456644
1.3457083
1.3457518
1.3457949
1.3458377
1.34588
1.345922
1.3459637
1.3460049
1.3460458
1.3460863
1.3461264
1.3461662
1.3462056
1.3462447
1.3462834
1.3463217
1.3463597
1.3463973
1.3464345
1.3464714
1.346508
1.3465442
1.34658
1.3466155
1.3466507
1.3466855
1.3467199
1.3467541
1.3467878
1.3468213
1.3468544
1.3468871
1.3469196
1.3469517
1.3469834
1.3470149
1.347046
1.3470768
1.3471072
1.3471374
1.3471672
1.3471967
1.3472259
1.3472547
1.3472833
1.3473116
1.3473395
1.3473671
1.3473945
1.3474215
1.3474483
1.3474747
1.3475009
1.3475268
1.3475523
1.3475776
1.3476026
1.3476274
1.3476518
1.3476759
1.3476998
1.3477234
1.3477467
1.3477697
1.3477925
1.347815
1.3478372
1.3478591
1.3478808
1.3479022
1.3479233
1.3479442
1.3479649
1.3479852
1.3480053
1.3480252
1.3480448
1.3480642
1.3480833
1.3481022
1.3481208
1.3481392
1.3481573
1.3481753
1.3481929
1.3482104
1.3482276
1.3482446
1.3482614
1.3482779
1.3482942
1.3483103
1.3483262
1.3483419
1.3483573
1.3483725
1.3483876
1.3484024
1.348417
1.3484314
1.3484456
1.3484596
1.3484734
1.348487
1.3485005
1.3485137
1.3485267
1.3485396
1.3485522
1.3485647
1.348577
1.3485891
1.3486011
1.3486128
1.3486244
1.3486358
1.3486471
1.3486581
1.348669
1.3486798
1.3486903
1.3487007
1.348711
1.3487211
1.348731
1.3487408
1.3487504
1.3487599
1.3487693
1.3487784
1.3487875
1.3487964
1.3488051
1.3488137
1.3488222
1.3488305
1.3488387
1.3488468
1.3488548
1.3488626
1.3488702
1.3488778
1.3488852
1.3488925
1.3488997
1.3489067
1.3489137
1.3489205
1.3489272
1.3489338
1.3489403
1.3489466
1.3489529
1.348959
1.3489651
1.348971
1.3489768
1.3489826
1.3489882
1.3489937
1.3489992
1.3490045
1.3490097
1.3490149
1.3490199
1.3490249
1.3490297
1.3490345
1.3490392
1.3490438
1.3490483
1.3490527
1.3490571
1.3490613
1.3490655
1.3490696
1.3490736
1.3490776
1.3490814
1.3490852
1.349089
1.3490926
1.3490962
1.3490997
1.3491031
1.3491065
1.3491098
1.349113
1.3491162
1.3491193
1.3491223
1.3491253
1.3491282
1.349131
1.3491338
1.3491366
1.3491392
1.3491418
1.3491444
1.3491469
1.3491493
1.3491517
1.3491541
1.3491564
1.3491586
1.3491608
1.3491629
1.349165
1.349167
1.349169
1.3491709
1.3491728
1.3491746
1.3491764
1.3491782
1.3491799
1.3491815
1.3491831
1.3491847
1.3491862
1.3491877
1.3491891
1.3491905
1.3491919
1.3491932
1.3491945
1.3491957
1.3491969
1.3491981
1.3491992
1.3492003
1.3492014
1.3492024
1.3492033
1.3492043
1.3492052
1.349206
1.3492069
1.3492076
1.3492084
1.3492091
1.3492098
1.3492105
1.3492111
1.3492117
1.3492122
1.3492127
1.3492132
1.3492137
1.3492141
1.3492145
1.3492148
1.3492151
1.3492154
1.3492157
1.3492159
1.349216
1.3492162
1.3492163
1.3492164
1.3492164
1.3492165
1.3492165
1.3492164
1.3492163
1.3492162
1.3492161
1.3492159
1.3492157
1.3492154
1.3492151
1.3492148
1.3492145
1.3492141
1.3492137
1.3492132
1.3492127
1.3492122
1.3492116
1.349211
1.3492104
1.3492097
1.349209
1.3492083
1.3492075
1.3492067
1.3492059
1.349205
1.3492041
1.3492031
1.3492021
1.3492011
1.3492
1.3491989
1.3491978
1.3491966
1.3491953
1.349194
1.3491927
1.3491914
1.34919
1.3491885
1.3491871
1.3491855
1.349184
1.3491824
1.3491807
1.349179
1.3491773
1.3491755
1.3491737
1.3491718
1.3491699
1.3491679
1.3491659
1.3491639
1.3491618
1.3491596
1.3491575
1.3491552
1.3491529
1.3491506
1.3491482
1.3491458
1.3491433
1.3491408
1.3491382
1.3491356
1.3491329
1.3491302
1.3491274
1.3491246
1.3491217
1.3491188
1.3491158
1.3491128
1.3491097
1.3491066
1.3491034
1.3491002
1.3490969
1.3490936
1.3490902
1.3490868
1.3490833
1.3490798
1.3490762
1.3490726
1.3490689
1.3490652
1.3490614
1.3490575
1.3490537
1.3490497
1.3490457
1.3490417
1.3490376
1.3490335
1.3490293
1.3490251
1.3490208
1.3490165
1.3490121
1.3490077
1.3490032
1.3489987
1.3489942
1.3489896
1.3489849
1.3489802
1.3489755
1.3489707
1.3489659
1.348961
1.3489561
1.3489512
1.3489462
1.3489412
1.3489361
1.348931
1.3489258
1.3489207
1.3489155
1.3489102
1.3489049
1.3488996
1.3488943
1.3488889
1.3488835
1.348878
1.3488725
1.348867
1.3488615
1.3488559
1.3488504
1.3488448
1.3488391
1.3488335
1.3488278
1.3488221
1.3488164
1.3488106
1.3488049
1.3487991
1.3487933
1.3487875
1.3487817
1.3487759
1.3487701
1.3487642
1.3487583
1.3487525
1.3487466
1.3487407
1.3487349
1.348729
1.3487231
1.3487172
1.3487113
1.3487054
1.3486995
1.3486936
1.3486877
1.3486819
1.348676
1.3486701
1.3486643
1.3486584
1.3486526
1.3486468
1.348641
1.3486352
1.3486294
1.3486236
1.3486179
1.3486121
1.3486064
1.3486007
1.348595
1.3485894
1.3485838
1.3485782
1.3485726
1.348567
1.3485615
1.348556
1.3485505
1.3485451
1.3485397
1.3485343
1.3485289
1.3485236
1.3485183
1.3485131
1.3485079
1.3485027
1.3484975
1.3484924
1.3484873
1.3484823
1.3484773
1.3484723
1.3484674
1.3484625
1.3484577
1.3484529
1.3484481
1.3484434
1.3484387
1.3484341
1.3484295
1.348425
1.3484205
1.348416
1.3484116
1.3484072
1.3484029
1.3483986
1.3483944
1.3483902
1.3483861
1.348382
1.3483779
1.3483739
1.34837
1.3483661
1.3483622
1.3483584
1.3483547
1.3483509
1.3483473
1.3483436
1.3483401
1.3483365
1.3483331
1.3483296
1.3483262
1.3483229
1.3483196
1.3483164
1.3483132
1.34831
1.3483069
1.3483039
1.3483008
1.3482979
1.348295
1.3482921
1.3482892
1.3482865
1.3482837
1.348281
1.3482784
1.3482757
1.3482732
1.3482706
1.3482682
1.3482657
1.3482633
1.348261
1.3482586
1.3482564
1.3482541
1.3482519
1.3482498
1.3482477
1.3482456
1.3482436
1.3482416
1.3482396
1.3482377
1.3482358
1.3482339
1.3482321
1.3482303
1.3482286
1.3482269
1.3482252
1.3482236
1.3482219
1.3482204
1.3482188
1.3482173
1.3482158
1.3482144
1.348213
1.3482116
1.3482102
1.3482089
1.3482076
1.3482063
1.3482051
1.3482039
1.3482027
1.3482015
1.3482004
1.3481993
1.3481982
1.3481971
1.3481961
1.3481951
1.3481941
1.3481931
1.3481922
1.3481913
1.3481904
1.3481895
1.3481886
1.3481878
1.348187
1.3481862
1.3481854
1.3481847
1.3481839
1.3481832
1.3481825
1.3481818
1.3481812
1.3481805
1.3481799
1.3481793
1.3481787
1.3481781
1.3481775
1.348177
1.3481764
1.3481759
1.3481754
1.3481749
1.3481744
1.348174
1.3481735
1.3481731
1.3481726
1.3481722
1.3481718
1.3481714
1.348171
1.3481706
1.3481703
1.3481699
1.3481696
1.3481693
1.3481689
1.3481686
1.3481683
1.348168
1.3481677
1.3481675
1.3481672
1.3481669
1.3481667
1.3481664
1.3481662
1.3481659
1.3481657
1.3481655
1.3481653
1.3481651
1.3481649
1.3481647
1.3481645
1.3481643
1.3481642
1.348164
1.3481638
1.3481637
1.3481635
1.3481634
1.3481632
1.3481631
1.348163
1.3481628
1.3481627
1.3481626
1.3481625
1.3481624
1.3481622
1.3481621
1.348162
1.3481619
1.3481618
1.3481618
1.3481617
1.3481616
1.3481615
1.3481614
1.3481613
1.3481613
1.3481612
1.3481611
1.3481611
1.348161
1.3481609
1.3481609
1.3481608
1.3481608
1.3481607
1.3481607
1.3481606
1.3481606
1.3481605
1.3481605
1.3481604
1.3481604
1.3481604
1.3481603
1.3481603
1.3481603
1.3481602
1.3481602
1.3481602
1.3481601
1.3481601
1.3481601
1.3481601
1.34816
1.34816
1.34816
1.34816
1.34816
1.3481599
1.3481599
1.3481599
1.3481599
1.3481599
1.3481598
1.3481598
1.3481598
1.3481598
1.3481598
1.3481598
1.3481598
1.3481598
1.3481597
1.3481597
1.3481597
1.3481597
1.3481597
1.3481597
1.3481597
1.3481597
1.3481597
1.3481597
1.3481597
1.3481597
1.3481597
1.3481597
1.3481597
1.3481597
1.3481597
1.3481597
1.3481597
1.3481597
1.3481597
1.3481597
1.3481597
1.3481597
1.3481597
1.3481597
1.3481597
1.3481597
1.3481597
1.3481597
1.3481597
1.3481597
1.3481597
1.3481597
1.3481597
1.3481597
1.3481597
1.3481597
1.3481597
1.3481597
1.3481597
1.3481597
1.3481597
1.3481597
1.3481597
1.3481597
1.3481597
1.3481598
1.3481598
1.3481598
1.3481598
1.3481598
1.3481598
1.3481598
1.3481598
1.3481598
1.3481598
1.3481598
1.3481598
1.3481598
1.3481598
1.3481598
1.3481598
1.3481598
1.3481598
1.3481598
1.3481598
1.3481599
1.3481599
1.3481599
1.3481599
1.3481599
1.3481599
1.3481599
1.3481599
1.3481599
1.3481599
1.3481599
1.3481599
1.3481599
1.3481599
1.3481599
1.34816
1.34816
1.34816
1.34816
1.34816
1.34816
1.34816
1.34816
1.34816
1.34816
1.34816
1.34816
1.34816
1.34816
1.34816
1.34816
1.34816
1.34816
1.34816
1.3481601
1.3481601
1.3481601
1.3481601
1.3481601
1.3481601
1.3481601
1.3481601
1.3481601
1.3481601
1.3481601
1.3481601
1.3481601
1.3481601
1.3481601
1.3481601
1.3481601
1.3481602
1.3481602
1.3481602
1.3481602
1.3481602
1.3481602
1.3481602
1.3481602
1.3481602
1.3481602
1.3481602
1.3481602
1.3481602
1.3481602
1.3481602
1.3481602
1.3481603
1.3481603
1.3481603
1.3481603
1.3481603
1.3481603
1.3481603
1.3481603
1.3481603
1.3481603
1.3481603
1.3481603
1.3481603
1.3481603
1.3481603
1.3481603
1.3481603
1.3481603
1.3481604
1.3481604
1.3481604
1.3481604
1.3481604
1.3481604
1.3481604
1.3481604
1.3481604
1.3481604
1.3481604
1.3481604
1.3481604
1.3481604
1.3481604
1.3481604
1.3481604
1.3481605
1.3481605
1.3481605
1.3481605
1.3481605
1.3481605
1.3481605
1.3481605
1.3481605
1.3481605
1.3481605
1.3481605
1.3481605
1.3481605
1.3481605
1.3481605
1.3481605
1.3481605
1.3481605
1.3481605
1.3481606
1.3481606
1.3481606
1.3481606
1.3481606
1.3481606
1.3481606
1.3481606
1.3481606
1.3481606
1.3481606
1.3481606
1.3481606
1.3481606
1.3481606
1.3481606
1.3481606
1.3481607
1.3481607
1.3481607
1.3481607
1.3481607
1.3481607
1.3481607
1.3481607
1.3481607
1.3481607
1.3481607
1.3481607
1.3481607
1.3481607
1.3481607
1.3481607
1.3481607
1.3481607
1.3481607
1.3481607
1.3481608
1.3481608
1.3481608
1.3481608
1.3481608
1.3481608
1.3481608
1.3481608
1.3481608
1.3481608
1.3481608
1.3481608
1.3481608
1.3481608
1.3481608
1.3481608
1.3481608
1.3481608
1.3481608
1.3481608
1.3481608
1.3481609
1.3481609
1.3481609
1.3481609
1.3481609
1.3481609
1.3481609
1.3481609
1.3481609
1.3481609
1.3481609
1.3481609
1.3481609
1.3481609
1.3481609
1.3481609
1.3481609
1.3481609
1.3481609
1.3481609
1.3481609
1.3481609
1.3481609
1.348161
1.348161
1.348161
1.348161
1.348161
1.348161
1.348161
1.348161
1.348161
1.348161
1.348161
1.348161
1.348161
1.348161
1.348161
1.348161
1.348161
1.348161
1.348161
1.348161
1.3481611
1.3481611
1.3481611
1.3481611
1.3481611
1.3481611
1.3481611
1.3481611
1.3481611
1.3481611
1.3481611
1.3481611
1.3481611
1.3481611
1.3481611
1.3481611
1.3481611
1.3481611
1.3481611
1.3481611
1.3481612
1.3481612
1.3481612
1.3481612
1.3481612
1.3481612
1.3481612
1.3481612
1.3481612
1.3481612
1.3481612
1.3481612
1.3481612
1.3481612
1.3481612
1.3481612
1.3481612
1.3481612
1.3481612
1.3481612
1.3481612
1.3481612
1.3481612
1.3481612
1.3481613
1.3481613
1.3481613
1.3481613
1.3481613
1.3481613
1.3481613
1.3481613
1.3481613
1.3481613
1.3481613
1.3481613
1.3481613
1.3481613
1.3481613
1.3481613
1.3481613
1.3481613
1.3481613
1.3481613
1.3481613
1.3481613
1.3481613
1.3481613
1.3481613
1.3481613
1.3481614
1.3481614
1.3481614
1.3481614
1.3481614
1.3481614
1.3481614
1.3481614
1.3481614
1.3481614
1.3481614
1.3481614
1.3481614
1.3481614
1.3481614
1.3481614
1.3481614
1.3481614
1.3481614
1.3481614
1.3481614
1.3481614
1.3481614
1.3481614
1.3481614
1.3481615
1.3481615
1.3481615
1.3481615
1.3481615
1.3481615
1.3481615
1.3481615
1.3481615
1.3481615
1.3481615
1.3481615
1.3481615
1.3481615
1.3481615
1.3481615
1.3481615
1.3481615
1.3481615
1.3481615
1.3481615
1.3481615
1.3481615
1.3481615
1.3481615
1.3481615
1.3481615
1.3481615
1.3481616
1.3481616
1.3481616
1.3481616
1.3481616
1.3481616
1.3481616
1.3481616
1.3481616
1.3481616
1.3481616
1.3481616
1.3481616
1.3481616
1.3481616
1.3481616
1.3481616
1.3481616
1.3481616
1.3481616
1.3481616
1.3481616
1.3481616
1.3481616
1.3481616
1.3481616
1.3481616
1.3481616
1.3481616
1.3481617
1.3481617
1.3481617
1.3481617
1.3481617
1.3481617
1.3481617
1.3481617
1.3481617
1.3481617
1.3481617
1.3481617
1.3481617
1.3481617
1.3481617
1.3481617
1.3481617
1.3481617
1.3481617
1.3481617
1.3481617
1.3481617
1.3481617
1.3481617
1.3481617
1.3481617
1.3481617
1.3481617
1.3481617
1.3481618
1.3481618
1.3481618
1.3481618
1.3481618
1.3481618
1.3481618
1.3481618
1.3481618
1.3481618
1.3481618
1.3481618
1.3481618
1.3481618
1.3481618
1.3481618
1.3481618
1.3481618
1.3481618
1.3481618
1.3481618
1.3481618
1.3481618
1.3481618
1.3481618
1.3481618
1.3481618
1.3481618
1.3481618
1.3481618
1.3481618
1.3481618
1.3481618
1.3481618
1.3481619
1.3481619
1.3481619
1.3481619
1.3481619
1.3481619
1.3481619
1.3481619
1.3481619
1.3481619
1.3481619
1.3481619
1.3481619
1.3481619
1.3481619
1.3481619
1.3481619
1.3481619
1.3481619
1.3481619
1.3481619
1.3481619
1.3481619
1.3481619
1.3481619
1.3481619
1.3481619
1.3481619
1.3481619
1.3481619
1.3481619
1.3481619
1.3481619
1.3481619
1.3481619
1.3481619
1.3481619
1.3481619
1.3481619
1.3481619
1.3481619
1.3481619
1.3481619
1.348162
1.348162
1.348162
1.348162
1.348162
1.348162
1.348162
1.348162
1.348162
1.348162
1.348162
1.348162
1.348162
1.348162
1.348162
1.348162
1.348162
1.348162
1.348162
1.348162
1.348162
1.348162
1.348162
1.348162
1.348162
1.348162
1.348162
1.348162
1.348162
1.348162
1.348162
1.348162
1.348162
1.348162
1.348162
1.348162
1.348162
1.348162
1.3481621
1.3481621
1.3481621
1.3481621
1.3481621
1.3481621
1.3481621
1.3481621
1.3481621
1.3481621
1.3481621
1.3481621
1.3481621
1.3481621
1.3481621
1.3481621
1.3481621
1.3481621
1.3481621
1.3481621
1.3481621
1.3481621
1.3481621
1.3481621
1.3481621
1.3481621
1.3481621
1.3481621
1.3481621
1.3481621
1.3481621
1.3481621
1.3481621
1.3481621
1.3481621
1.3481621
1.3481621
1.3481621
1.3481621
1.3481621
1.3481621
1.3481621
1.3481621
1.3481621
1.3481621
1.3481622
1.3481622
1.3481622
1.3481622
1.3481622
1.3481622
1.3481622
1.3481622
1.3481621
1.3481621
1.3481621
1.3481622
1.3481622
1.3481622
1.3481622
1.3481622
1.3481622
1.3481622
1.3481622
1.3481622
1.3481622
1.3481622
1.3481622
1.3481622
1.3481622
1.3481622
1.3481622
1.3481622
1.3481622
1.3481622
1.3481622
1.3481622
1.3481622
1.3481622
1.3481622
1.3481622
1.3481622
1.3481622
1.3481622
1.3481622
1.3481622
1.3481622
1.3481622
1.3481622
1.3481622
1.3481622
1.3481622
1.3481622
1.3481622
1.3481622
1.3481622
1.3481622
1.3481622
1.3481622
1.3481622
1.3481622
1.3481622
1.3481622
1.3481622
1.3481622
1.3481622
1.3481623
1.3481623
1.3481623
1.3481623
1.3481623
1.3481623
1.3481623
1.3481623
1.3481623
1.3481623
1.3481623
1.3481623
1.3481623
1.3481623
1.3481623
1.3481623
1.3481623
1.3481623
1.3481623
1.3481623
1.3481623
1.3481623
1.3481623
1.3481623
1.3481623
1.3481623
1.3481623
1.3481623
1.3481623
1.3481623
1.3481623
1.3481623
1.3481623
1.3481623
1.3481623
1.3481623
1.3481623
1.3481623
1.3481623
1.3481623
1.3481623
1.3481623
1.3481623
1.3481623
1.3481623
1.3481623
1.3481623
1.3481623
1.3481623
1.3481623
1.3481623
1.3481623
1.3481623
1.3481623
1.3481623
1.3481624
1.3481624
1.3481624
1.3481624
1.3481624
1.3481624
1.3481624
1.3481624
1.3481624
1.3481624
1.3481624
1.3481624
1.3481624
1.3481624
1.3481624
1.3481624
1.3481624
1.3481624
1.3481624
1.3481624
1.3481624
1.3481624
1.3481624
1.3481624
1.3481624
1.3481624
1.3481624
1.3481624
1.3481624
1.3481624
1.3481624
1.3481624
1.3481624
1.3481624
1.3481624
1.3481624
1.3481624
1.3481624
1.3481624
1.3481624
1.3481624
1.3481624
1.3481625
1.3481625
1.3481625
1.3481625
1.3481625
1.3481625
1.3481625
1.3481625
1.3481625
1.3481625
1.3481625
1.3481625
1.3481625
1.3481625
1.3481625
1.3481625
1.3481625
1.3481625
1.3481626
1.3481626
1.3481626
1.3481626
1.3481626
1.3481626
1.3481626
1.3481626
1.3481626
1.3481627
1.3481627
1.3481627
1.3481627
1.3481627
1.3481627
1.3481628
1.3481628
1.3481628
1.3481628
1.3481628
1.3481628
1.3481629
1.3481629
1.3481629
1.3481629
1.348163
1.348163
1.348163
1.348163
1.3481631
1.3481631
1.3481631
1.3481632
1.3481632
1.3481632
1.3481633
1.3481633
1.3481633
1.3481634
1.3481634
1.3481634
1.3481635
1.3481635
1.3481635
1.3481636
1.3481636
1.3481636
1.3481637
1.3481637
1.3481638
1.3481638
1.3481638
1.3481639
1.3481639
1.3481639
1.348164
1.348164
1.348164
1.348164
1.3481641
1.3481641
1.3481641
1.3481641
1.3481641
1.3481642
1.3481642
1.3481642
1.3481642
1.3481642
)
;

boundaryField
{
    leftSide
    {
        type            calculated;
        value           uniform 1.2479603;
    }
    rightSide
    {
        type            calculated;
        value           uniform 1.3481642;
    }
    emptywalls
    {
        type            empty;
    }
}


// ************************************************************************* //
