/*--------------------------------*- C++ -*----------------------------------*\
  =========                 |
  \\      /  F ield         | OpenFOAM: The Open Source CFD Toolbox
   \\    /   O peration     | Website:  https://openfoam.org
    \\  /    A nd           | Version:  7
     \\/     M anipulation  |
\*---------------------------------------------------------------------------*/
FoamFile
{
    version     2.0;
    format      ascii;
    class       volScalarField;
    location    "0.00065";
    object      Uz;
}
// * * * * * * * * * * * * * * * * * * * * * * * * * * * * * * * * * * * * * //

dimensions      [0 1 -1 0 0 0 0];

internalField   nonuniform List<scalar> 
5000
(
0
0
0
0
0
1.013294e-28
8.6398642e-43
-1.3679469e-27
-3.039882e-28
5.2467168e-42
-9.119646e-28
3.039882e-28
4.3199321e-43
-8.9278597e-43
-3.039882e-28
7.093058e-28
1.5612266e-55
2.2319649e-42
5.573117e-28
-2.026588e-28
4.053176e-28
0
0
5.573117e-28
-1.2959796e-42
1.6703738e-42
1.519941e-28
1.0691059e-43
-1.013294e-28
2.533235e-28
-8.8558609e-43
-4.3199321e-43
-3.039882e-28
1.519941e-28
-1.013294e-28
0
0
3.039882e-28
-5.06647e-29
7.599705e-28
-1.4442973e-41
-6.079764e-28
5.573117e-28
-8.5678654e-42
-5.573117e-28
3.039882e-28
1.7423726e-42
3.4703455e-42
-1.5681354e-41
6.9118914e-42
5.06647e-29
0
0
0
0
0
0
0
0
0
0
0
0
7.599705e-28
4.559823e-28
-1.519941e-28
-4.3559316e-42
-5.3667164e-56
-7.093058e-28
0
0
6.079764e-28
1.013294e-28
0
2.026588e-28
6.99829e-42
-6.079764e-28
-5.06647e-28
-2.026588e-28
-1.1146234e-27
5.06647e-28
-2.8799547e-44
-4.559823e-28
3.039882e-28
1.5810952e-41
-6.079764e-28
1.6719351e-27
-5.06647e-28
-3.546529e-28
2.533235e-28
-1.013294e-28
-1.519941e-28
-1.2347806e-41
1.3172822e-27
4.2076139e-41
1.013294e-28
-1.519941e-28
-8.8918603e-42
1.7639723e-41
2.026588e-28
5.06647e-29
-2.533235e-28
3.5999434e-44
3.039882e-28
0
-6.586411e-28
-2.1167667e-41
5.06647e-29
5.06647e-28
5.06647e-29
1.3172822e-27
5.573117e-28
1.519941e-28
-2.533235e-28
6.079764e-28
-1.013294e-28
-5.573117e-28
-2.3039638e-43
-2.533235e-28
-3.039882e-28
1.0627033e-41
2.026588e-28
-5.06647e-28
-2.533235e-28
2.533235e-28
1.013294e-28
-5.06647e-28
-4.053176e-28
-4.053176e-28
-2.2744443e-41
-5.06647e-29
1.1146234e-27
-1.519941e-28
3.039882e-28
3.039882e-28
8.8198614e-42
8.783862e-42
-3.5279446e-42
9.5150424e-42
-3.039882e-28
5.06647e-28
4.053176e-28
-1.519941e-28
-2.026588e-28
-2.3567084e-55
4.053176e-28
-7.1998869e-44
-8.6398642e-44
-1.7563799e-55
1.013294e-28
-1.0540634e-41
-2.1167667e-41
-2.026588e-28
2.026588e-28
-2.026588e-28
-3.5135448e-42
1.519941e-28
-1.013294e-28
5.0399208e-44
6.586411e-28
0
-2.026588e-28
3.5063449e-42
-1.013294e-28
-1.013294e-28
-7.1998869e-44
-4.559823e-28
1.519941e-28
-3.039882e-28
2.533235e-28
6.3330205e-41
4.2162538e-41
1.013294e-28
-9.119646e-28
0
3.5135448e-42
-3.1621903e-41
1.013294e-28
1.013294e-28
2.0951671e-41
-2.533235e-28
-1.519941e-28
6.9694905e-42
1.9439695e-43
-2.1059669e-41
4.053176e-28
2.026588e-28
3.039882e-28
-6.9694905e-42
-6.9838903e-42
1.0533434e-41
1.7495725e-41
-6.079764e-28
0
0
0
0
1.519941e-28
-6.3373404e-41
-4.559823e-28
-4.559823e-28
4.053176e-28
2.533235e-28
3.039882e-28
-7.0126898e-42
1.5778552e-40
1.013294e-27
7.093058e-28
-4.559823e-28
0
-5.06647e-28
-1.402538e-41
2.026588e-28
-5.06647e-29
3.5279446e-41
1.519941e-28
3.039882e-28
1.7960979e-42
5.573117e-28
-2.533235e-28
-2.026588e-28
0
0
0
5.06647e-29
2.533235e-28
6.079764e-28
-5.06647e-29
3.5207447e-42
1.519941e-28
4.559823e-28
-7.093058e-28
4.3199321e-44
2.8562668e-58
3.039882e-28
6.586411e-28
-8.106352e-28
2.1599661e-44
-3.1665102e-41
2.026588e-28
2.8137158e-41
1.4054179e-41
1.519941e-28
-4.559823e-28
0
5.06647e-29
-4.053176e-28
-4.559823e-28
6.079764e-28
0
2.533235e-28
-1.519941e-28
-5.06647e-29
7.0357295e-41
1.013294e-28
-9.119646e-28
9.119646e-28
-3.039882e-28
0
1.2159528e-27
2.533235e-28
3.039882e-28
1.013294e-28
-1.5055452e-41
1.8816264e-41
-2.026588e-28
2.026588e-28
3.039882e-28
7.0270896e-41
-4.053176e-28
2.533235e-28
-6.3243806e-41
-1.519941e-28
-1.1146234e-27
6.586411e-28
-4.2335335e-41
-1.519941e-28
-3.039882e-28
4.559823e-28
-7.093058e-28
1.9024981e-40
1.1146234e-27
-1.013294e-27
-3.5063449e-42
-5.06647e-29
0
0
-1.519941e-28
5.06647e-29
-1.013294e-28
-1.519941e-28
5.7599095e-44
5.06647e-29
-1.013294e-28
-5.06647e-29
0
-4.559823e-28
-2.533235e-28
0
-4.053176e-28
-5.06647e-28
3.039882e-28
-3.5063449e-42
1.0079842e-43
-1.519941e-28
5.06647e-29
-5.06647e-29
-1.013294e-28
3.06725e-43
1.4399774e-43
7.093058e-28
-4.559823e-28
-2.533235e-28
-2.533235e-28
-2.1081269e-41
-5.573117e-28
0
0
5.573117e-28
-8.4411474e-41
1.9685931e-40
7.0414894e-41
-1.013294e-28
1.013294e-28
-5.2075167e-59
1.519941e-28
0
0
0
0
0
0
0
-1.519941e-28
0
-1.519941e-28
0
-5.06647e-29
2.8108358e-41
1.013294e-28
0
0
-1.013294e-28
2.1102868e-41
-1.013294e-28
0
0
1.519941e-28
3.546529e-28
-3.546529e-28
-5.06647e-29
0
-1.519941e-28
-1.9515907e-55
-3.039882e-28
-3.546529e-28
-9.626293e-28
8.106352e-28
5.06647e-28
0
-6.586411e-28
-1.519941e-28
-2.533235e-28
-2.533235e-28
0
-5.06647e-29
1.013294e-28
-4.053176e-28
-4.559823e-28
0
0
0
0
0
0
0
0
5.06647e-29
2.3418399e-55
2.533235e-28
0
0
0
2.533235e-28
2.1081269e-41
1.4253622e-41
-1.519941e-28
2.1102868e-41
-5.7599095e-44
-2.8137158e-41
-3.039882e-28
-5.06647e-29
2.533235e-28
-2.8151558e-41
-1.013294e-28
5.06647e-29
0
0
-3.546529e-28
-8.4411474e-41
2.533235e-28
1.013294e-28
-1.013294e-28
0
-5.06647e-29
-5.06647e-29
5.06647e-29
1.4061379e-41
9.7576662e-56
4.9240026e-41
1.013294e-28
-4.559823e-28
-6.2449064e-55
-7.0342895e-42
5.06647e-29
0
0
-2.533235e-28
-1.4399774e-44
6.3243806e-41
1.519941e-28
0
0
5.06647e-29
-7.0234896e-41
5.06647e-29
0
0
0
1.519941e-28
3.5999434e-44
2.533235e-28
2.026588e-28
-1.519941e-28
2.1600597e-54
3.039882e-28
-1.013294e-28
6.3308605e-41
1.4068579e-41
4.2205737e-41
-1.9870917e-43
0
0
2.026588e-28
-1.4068579e-41
1.2164217e-53
4.8788331e-57
-1.519941e-28
5.573117e-28
1.013294e-27
0
-1.4754187e-41
1.4068579e-41
1.4112198e-42
0
0
2.533235e-28
-1.2959796e-43
-2.8251673e-72
7.6975624e-42
3.039882e-28
-2.8079559e-41
4.9240026e-41
-1.4061379e-40
7.0620378e-41
-4.559823e-28
2.8137158e-41
1.4075779e-41
5.6303115e-41
5.06647e-28
-3.039882e-28
5.6274316e-41
-2.8194757e-41
0
-3.039882e-28
1.013294e-28
1.4068579e-41
1.4399774e-44
-1.4068579e-41
-3.5207447e-41
-4.053176e-28
2.026588e-28
5.6662612e-43
3.546529e-28
3.546529e-28
0
5.573117e-28
4.053176e-28
0
-2.026588e-28
2.1102868e-41
-3.5999434e-44
-7.0270896e-41
2.026588e-28
-9.0036446e-42
-2.1081269e-41
1.1254863e-40
7.093058e-28
3.546529e-28
3.039882e-28
-7.1998869e-44
4.9189627e-41
-1.519941e-28
5.06647e-29
-7.1387769e-55
5.06647e-29
0
0
0
1.519941e-28
1.013294e-28
3.039882e-28
4.559823e-28
0
-3.546529e-28
-3.546529e-28
2.533235e-28
5.06647e-29
0
2.026588e-28
2.026588e-28
2.026588e-28
1.5475437e-40
-1.519941e-28
0
0
0
0
-4.559823e-28
1.2648761e-40
3.546529e-28
-5.06647e-29
-7.0342895e-42
9.1539362e-41
-6.3424831e-56
1.519941e-28
1.090488e-42
-5.1317082e-43
-3.5171447e-41
2.8108358e-41
5.573117e-28
0
-4.559823e-28
-4.053176e-28
1.013294e-28
-9.8379254e-41
2.533235e-28
0
0
5.06647e-28
-1.4054179e-41
1.519941e-28
0
-4.053176e-28
1.4399774e-44
-5.6274316e-41
-2.8108358e-41
-5.06647e-29
-5.06647e-28
1.0079842e-43
-1.1254863e-40
-5.06647e-29
5.06647e-29
2.8137158e-41
-3.5999434e-44
7.7377184e-41
1.519941e-28
2.533235e-28
0
2.8129958e-41
-7.0270896e-42
-1.6865015e-40
-4.3199321e-44
1.013294e-28
-1.519941e-28
-1.9515332e-56
-1.4068579e-41
1.4068579e-40
-7.7377184e-41
1.6517916e-41
4.053176e-28
3.546529e-28
2.1102868e-41
-1.4068579e-41
6.079764e-28
-4.559823e-28
-2.533235e-28
4.8788331e-57
0
-1.4636499e-56
-2.026588e-28
1.519941e-28
1.9515332e-56
1.4054179e-41
5.7599095e-44
3.546529e-28
-1.013294e-28
-5.6274316e-41
4.053176e-28
-1.4054179e-41
1.4054179e-41
-2.026588e-28
9.2085477e-42
-1.1709199e-55
1.4777048e-40
-1.2668201e-40
1.2655241e-40
7.0342895e-41
4.8788331e-57
0
-1.013294e-28
0
0
1.013294e-27
3.3764589e-40
-5.06647e-28
0
0
-5.06647e-28
-2.5306162e-40
-1.013294e-28
1.3077606e-41
4.3199321e-44
-4.2205737e-41
-5.06647e-29
0
0
0
-5.573117e-28
-2.8108358e-40
7.599705e-28
0
0
-3.546529e-28
7.1998869e-45
-1.519941e-28
0
0
-5.06647e-29
1.1243343e-40
8.4454673e-41
-5.6274316e-41
-1.519941e-28
-2.026588e-28
4.2184137e-41
-2.8122758e-41
-5.6216717e-41
-5.573117e-28
0
0
5.06647e-28
6.0985414e-55
-1.519941e-28
0
0
-3.546529e-28
-6.2449064e-55
-4.559823e-28
0
0
6.079764e-28
-1.5612266e-55
5.06647e-29
0
0
-5.06647e-29
5.7599095e-44
8.612999e-28
-1.1146234e-27
1.4075779e-40
1.4075779e-40
-1.4068579e-40
-2.533235e-28
0
0
0
0
0
-2.533235e-28
9.8429653e-41
4.559823e-28
0
0
0
0
0
0
0
-2.026588e-28
3.6559586e-40
3.546529e-28
0
0
0
0
0
0
0
2.533235e-28
-3.4147961e-54
-2.533235e-28
0
0
4.053176e-28
-2.8151558e-41
3.039882e-28
0
0
0
-1.519941e-28
-7.0378894e-41
2.533235e-28
0
0
0
0
0
0
0
2.026588e-28
-6.4798982e-44
-3.039882e-28
0
0
0
0
0
0
0
5.06647e-29
-1.1622575e-57
-2.533235e-28
0
0
0
3.546529e-28
-1.6561075e-54
3.039882e-28
0
-1.519941e-28
-7.2664345e-54
-3.039882e-28
0
0
-2.026588e-28
-4.053176e-28
5.06647e-28
-1.013294e-28
0
0
0
0
-5.06647e-28
7.1998869e-45
-5.06647e-28
-1.013294e-28
-1.013294e-28
-4.053176e-28
3.546529e-28
2.533235e-28
0
0
0
0
2.026588e-28
1.970609e-40
-4.559823e-28
0
0
0
0
0
0
0
0
0
0
0
0
0
0
1.013294e-28
-2.8137158e-40
-1.013294e-28
0
0
-1.013294e-28
-8.4411474e-41
5.7599095e-44
-3.039882e-28
-5.06647e-29
5.6259916e-41
9.8530452e-41
4.053176e-28
0
0
0
0
0
-8.4681561e-41
-3.375595e-40
-6.586411e-28
0
0
0
0
0
0
0
-2.026588e-28
5.6245516e-41
-2.533235e-28
0
0
0
0
0
0
0
-6.586411e-28
5.0629604e-40
6.586411e-28
0
0
0
0
0
0
0
0
-5.8565798e-41
-2.1599661e-44
-2.026588e-28
0
0
0
0
1.519941e-28
-1.519941e-28
-5.573117e-28
-2.026588e-28
-1.6882295e-40
6.079764e-28
0
0
0
0
1.519941e-28
-7.0306895e-41
-9.119646e-28
7.093058e-28
6.586411e-28
-5.06647e-29
0
0
0
-2.533235e-28
-8.4325075e-41
-2.533235e-28
-5.06647e-28
5.06647e-28
5.06647e-28
-5.573117e-28
0
0
-1.519941e-28
5.06647e-29
-4.559823e-28
-2.026588e-28
5.06647e-29
1.5697553e-53
-1.013294e-28
0
0
0
-3.546529e-28
-5.06647e-29
4.4043794e-41
-1.519941e-28
-4.053176e-28
-7.5024537e-54
2.533235e-28
0
0
0
-5.06647e-29
-6.9431895e-55
-1.519941e-28
0
0
0
0
0
0
0
8.106352e-28
-2.3904344e-40
-9.119646e-28
2.8137158e-41
2.533235e-28
0
0
1.519941e-28
3.5999434e-44
-9.8480053e-41
1.1249103e-40
4.053176e-28
4.053176e-28
-1.2661721e-40
-1.013294e-28
0
0
-2.533235e-28
4.2191337e-41
-7.0306895e-41
1.4399774e-44
5.06647e-29
-3.039882e-28
-1.519941e-28
5.06647e-28
-1.9675851e-40
-4.053176e-28
4.559823e-28
0
-2.533235e-28
-2.8151558e-41
-4.053176e-28
0
3.039882e-28
-5.06647e-29
-5.6259916e-40
-2.026588e-28
-3.039882e-28
0
3.039882e-28
0
5.06647e-29
0
-3.546529e-28
1.519941e-28
5.6216717e-41
3.546529e-28
-5.06647e-28
0
7.093058e-28
1.4068579e-40
-1.519941e-28
0
4.053176e-28
-4.559823e-28
1.8719706e-43
5.573117e-28
-1.013294e-28
0
-2.533235e-28
-5.06647e-28
1.013294e-28
-5.06647e-28
6.079764e-28
-5.06647e-28
-3.546529e-28
6.079764e-28
0
0
0
0
0
0
1.4186116e-27
-9.7576662e-57
-3.546529e-27
1.8239292e-27
1.7225998e-27
-2.026588e-27
0
0
3.4451996e-27
4.0025113e-27
-4.5091583e-27
-4.5091583e-27
0
5.9277699e-27
1.8580028e-39
-7.5490403e-27
0
0
1.0436928e-26
1.2108863e-26
-1.3375481e-26
-1.4692763e-26
0
1.8441951e-26
-5.5711573e-39
-2.2241803e-26
2.5281685e-26
1.5981906e-38
4.5575284e-42
3.5414625e-26
-3.9619795e-26
-4.4534271e-26
0
0
6.0848304e-26
-1.8771941e-38
-7.513575e-26
0
9.2564406e-26
1.0330532e-25
-1.1470488e-25
-1.2732039e-25
0
0
0
0
0
0
2.6634433e-25
-8.2146576e-38
-3.2754728e-25
0
0
0
0
0
0
6.7358718e-25
-3.6640037e-54
-8.2583461e-25
-9.1378852e-25
-2.8053547e-37
1.1195379e-24
0
0
0
0
1.8520481e-24
5.6813596e-37
-2.2617229e-24
2.498327e-24
2.7591489e-24
-3.0465697e-24
1.8667324e-36
3.0910639e-36
3.4097945e-36
-1.2554046e-36
2.7679085e-36
-1.5254487e-36
-6.0593461e-24
0
7.358997e-24
-6.7507275e-36
1.2691745e-39
9.8349809e-24
-1.0827654e-23
-1.1917807e-23
1.3115773e-23
-4.0050464e-36
1.3211568e-35
9.6918676e-36
1.0648036e-35
-5.8522024e-36
1.2869002e-35
2.5472691e-23
-2.7980847e-23
-3.0728951e-23
3.3739296e-23
-1.0273591e-35
4.5121728e-35
1.2376826e-35
-1.3583804e-35
-1.4881984e-35
-1.6325247e-35
6.4478531e-23
0
-7.7423666e-23
2.353813e-35
-1.6227389e-51
-1.0169353e-22
0
1.2182433e-22
-1.3329041e-22
-1.45801e-22
1.5944845e-22
0
0
0
0
2.4852895e-22
-7.5325177e-35
1.6451986e-34
-3.2343579e-22
-3.5295376e-22
3.8507295e-22
0
0
0
0
5.9306132e-22
9.1815615e-38
-7.0370076e-22
0
0
0
0
0
0
0
1.3813713e-21
1.5012304e-21
-1.6310883e-21
-1.7717421e-21
0
0
0
0
0
0
3.1394432e-21
3.4034074e-21
-3.6886451e-21
-3.9967886e-21
0
0
0
0
0
0
6.9592987e-21
7.5254885e-21
-8.1356788e-21
-8.7931108e-21
0
0
0
0
0
0
1.5041103e-20
-9.0074729e-33
-1.7493917e-20
0
0
0
0
0
0
2.9442222e-20
-8.7975273e-33
-3.4083759e-20
0
0
0
0
4.8920838e-20
7.4672321e-36
-5.6424794e-20
6.0573864e-20
-2.2077421e-49
-6.9754042e-20
7.4823459e-20
-4.4562024e-32
-8.6025319e-20
9.22032e-20
5.4854551e-32
5.8762312e-32
-5.9716081e-48
6.7361038e-32
3.6032201e-32
-1.3899768e-19
1.4869845e-19
1.5903301e-19
-3.4007898e-19
1.008379e-31
3.884625e-19
0
-2.2162192e-19
6.5709077e-32
7.0177176e-32
2.2440216e-31
2.3944718e-31
1.7017054e-31
-2.7231151e-31
1.9346875e-31
-1.0321979e-31
-3.958233e-19
0
4.4889829e-19
6.7906126e-35
4.2332818e-31
4.5045146e-31
-8.1770902e-35
-3.3961174e-31
1.8059422e-31
6.9113815e-19
0
-7.798415e-19
4.5961483e-31
1.2490306e-34
-9.3269576e-19
0
1.0493994e-18
-1.1126384e-18
-1.1793486e-18
1.2496979e-18
0
0
1.4843608e-18
-1.7443631e-30
9.2227793e-31
-9.7634141e-31
5.1663577e-31
-1.965938e-18
-2.0777572e-18
2.1952917e-18
0
0
0
0
2.8777853e-18
8.4281184e-31
3.5527667e-30
-3.3732874e-18
-3.5546177e-18
3.7445766e-18
0
0
0
0
4.8361348e-18
5.0854032e-18
-5.3459046e-18
-5.6180503e-18
0
0
0
0
0
0
7.8857241e-18
8.2670023e-18
-8.6640608e-18
-9.0774047e-18
0
0
0
0
0
0
1.2470953e-17
-1.0853913e-29
-2.7235342e-17
1.422337e-17
4.4554198e-17
1.5502344e-17
0
-3.3750659e-17
1.9542071e-29
6.1098852e-29
1.9121437e-17
3.9844576e-17
-4.1500412e-17
2.1605786e-17
2.2489622e-17
-2.3402304e-17
2.4344419e-17
-3.5976981e-33
-2.6319276e-17
-2.7353168e-17
2.8418794e-17
2.951671e-17
-3.0647466e-17
3.1811603e-17
4.6909535e-33
-3.4242128e-17
0
0
0
-7.9052522e-17
4.0938208e-17
8.4774818e-17
-4.3874277e-17
4.5399208e-17
4.6962576e-17
-9.7129475e-17
6.3902145e-46
5.1886749e-17
-5.3607199e-17
-1.1073527e-16
-5.7168303e-17
1.7702823e-16
-6.0891146e-17
1.0087464e-44
1.9433133e-16
-1.3356315e-16
-6.882714e-17
-7.0913844e-17
-1.4608341e-16
1.5042141e-16
7.7420796e-17
7.9671898e-17
-8.1963901e-17
-8.4296659e-17
2.6000999e-16
-8.9083701e-17
-9.1537531e-17
9.4031209e-17
9.6564426e-17
1.4088192e-32
-3.052442e-16
1.043977e-16
-1.78291e-28
1.8289053e-28
3.3771734e-16
-1.1537094e-16
-1.1820529e-16
-2.4214978e-16
1.239791e-16
2.5383451e-16
-2.597773e-16
1.3289255e-16
-1.359282e-16
-1.3899481e-16
4.2627468e-16
-1.4521761e-16
-1.4837207e-16
3.0310814e-16
1.5476266e-16
-1.5799691e-16
-4.8376753e-16
1.6453846e-16
6.7137501e-16
-9.5012734e-29
-3.4903638e-16
-1.778852e-16
0
-3.6934672e-16
-4.1756855e-28
5.7457865e-16
-1.9497405e-16
4.4058515e-28
-2.0190671e-16
-2.0538917e-16
4.1776156e-16
0
0
0
2.2291463e-16
-1.2572016e-28
-4.5990976e-16
2.3347653e-16
4.7399511e-16
-7.2155014e-16
8.127404e-28
4.9508902e-16
-2.5105068e-16
0
0
0
-5.2999057e-16
2.6845534e-16
5.4380509e-16
-8.2600715e-16
7.9226558e-32
5.6431045e-16
0
0
2.9224996e-16
-1.6410826e-28
-5.9775352e-16
3.021559e-16
6.1082146e-16
-9.2592053e-16
5.1920133e-28
6.300373e-16
-3.1816558e-16
3.2128294e-16
-6.4873941e-16
-3.2742489e-16
1.1004469e-27
3.3343658e-16
6.7278235e-16
-1.017931e-15
1.945143e-31
3.4503874e-16
-1.9308105e-28
3.5061458e-16
3.5334311e-16
-1.9762421e-28
-1.0760315e-15
1.0268225e-31
1.0915253e-15
-7.3271702e-16
5.3897015e-45
7.4251418e-16
-3.7363742e-16
3.759708e-16
-7.5651304e-16
-3.8049388e-16
8.4977955e-28
3.848208e-16
7.7381805e-16
3.8894624e-16
3.909318e-16
-1.1785953e-15
0
3.9657247e-16
2.2111195e-28
-2.2206573e-28
2.2293179e-28
-4.0333414e-16
4.4948417e-28
-4.063796e-16
1.3582154e-27
1.2275877e-15
-8.2103368e-16
-1.2353371e-15
-4.1298195e-16
1.2423756e-15
8.3041651e-16
-1.2486922e-15
4.1719218e-16
1.2542765e-15
0
0
-4.2041939e-16
-4.2106956e-16
0
4.221793e-16
4.2263814e-16
-8.4606501e-16
9.3999244e-28
1.2708794e-15
-4.7051064e-28
-4.2395864e-16
-4.2402577e-16
-4.2402586e-16
4.2395612e-16
4.2381703e-16
-4.2361073e-16
-1.2700106e-15
4.2299525e-16
1.6903428e-15
-4.2210801e-16
-8.4312394e-16
-4.2094743e-16
0
4.1951221e-16
0
4.1780125e-16
-4.1684211e-16
9.2323291e-28
-4.1471611e-16
1.3773072e-27
1.2369385e-15
-4.1100719e-16
-4.0963222e-16
4.0818796e-16
4.0667449e-16
-4.0509187e-16
-1.2103207e-15
4.0171971e-16
1.5997218e-15
-6.6299488e-28
-3.9614656e-16
-7.8830473e-16
-3.9209037e-16
7.7992174e-16
2.152386e-28
5.4782952e-32
-3.831709e-16
8.4543644e-28
3.783138e-16
-1.1273626e-15
4.1430517e-28
7.4108448e-16
0
0
3.6220185e-16
-1.9943797e-28
-7.1266962e-16
3.5331162e-16
7.0045958e-16
3.4709025e-16
-3.8167681e-28
-1.0219257e-15
-3.3733519e-16
3.3397488e-16
-6.6112426e-16
1.8593377e-31
1.0777747e-27
3.2002147e-16
6.3282282e-16
-9.3826612e-16
3.4318563e-28
6.1062232e-16
0
0
-5.8767482e-16
6.4374891e-28
3.1742464e-28
8.015887e-32
8.3410288e-16
5.4801016e-16
-4.4960199e-28
-7.9759665e-16
-2.6175911e-16
2.5763088e-16
-5.0696574e-16
-2.7670906e-28
8.1634432e-28
2.4094095e-16
4.7346948e-16
-6.9755799e-16
2.2829691e-16
2.2406969e-16
-2.1983988e-16
2.1560973e-16
-4.2276292e-16
2.2997612e-28
2.029396e-16
2.8241303e-32
3.890646e-16
-3.8069445e-16
3.099751e-28
3.6405079e-16
-1.7789305e-16
0
1.696964e-16
9.1917246e-29
-4.8481418e-16
1.5760347e-16
3.0726932e-16
1.4970026e-16
1.4580223e-16
-1.4194246e-16
-1.3812278e-16
-1.3434499e-16
1.3061082e-16
-7.0451317e-29
6.8412217e-29
-1.196864e-16
1.2896913e-28
-1.1265047e-16
3.6372183e-28
3.1747531e-16
-2.0498899e-16
-1.2537585e-45
9.6002952e-17
1.0305776e-28
-4.9827567e-29
-2.6011236e-16
8.3724675e-17
2.4241929e-16
0
0
-7.2423886e-17
-6.9755049e-17
-1.3429861e-16
6.4606805e-17
1.2425521e-16
-1.1942338e-16
5.7358966e-17
1.6520779e-16
-5.2842356e-17
-5.0677923e-17
-4.8575588e-17
-4.6534915e-17
8.9110775e-17
4.2636447e-17
-4.0777459e-17
-1.1693324e-16
3.7236574e-17
8.6107456e-45
5.6485956e-29
6.4712356e-17
-6.1681674e-17
-5.8759314e-17
2.7971646e-17
5.3231568e-17
-5.0622012e-17
-2.4056239e-17
6.8551106e-17
6.5076845e-17
-2.0580827e-17
-3.9029686e-17
-1.849317e-17
9.7219441e-30
3.3156016e-17
1.568214e-17
-1.4825835e-17
-2.8015791e-17
1.8796875e-33
2.4964705e-17
-2.3544785e-17
1.8480659e-29
2.0904514e-17
-9.8397838e-18
-1.8515065e-17
-1.7408753e-17
0
7.6810129e-18
2.1625996e-17
6.7611467e-18
-6.3374436e-18
0
0
0
0
4.5422145e-18
-2.354284e-30
-1.1873687e-17
3.6909736e-18
1.0319399e-17
3.2036142e-18
-4.9660086e-30
-5.5465107e-18
-2.5776814e-18
2.3942762e-18
-4.4448239e-18
-2.0614644e-18
6.364547e-30
1.7700024e-18
3.2767579e-18
-4.5464133e-18
3.981234e-34
1.2938209e-18
-1.697004e-34
1.1013659e-18
1.0150273e-18
-1.0377182e-30
-2.5805658e-18
2.2480687e-34
2.180309e-18
1.3345478e-18
-3.3963541e-31
-1.1224441e-18
-5.141095e-19
4.7061202e-19
-8.6095424e-19
-3.9348017e-19
1.1968931e-30
3.2805973e-19
5.9848327e-19
-8.182832e-19
2.7589933e-31
2.2616173e-19
2.0570256e-19
1.8693194e-19
9.4146913e-32
-8.5382199e-32
-2.7852619e-19
-6.9798232e-32
2.265087e-19
-2.0308299e-19
4.5207505e-31
2.3974684e-19
-1.3937704e-19
7.0948974e-32
1.2569764e-19
-5.6931637e-20
-4.9825277e-20
-1.1587606e-19
7.0590332e-20
1.8708753e-19
0
0
0
-2.423793e-19
-1.8875179e-19
2.15756e-19
2.6067065e-19
-1.6250565e-19
1.9542253e-35
-7.673134e-20
3.1420209e-31
2.8129306e-19
-2.3216378e-19
3.7889299e-31
1.8273543e-19
5.383729e-32
-4.671567e-32
-1.5434948e-19
8.800731e-20
-9.6922713e-20
2.9872278e-31
2.3210663e-19
-2.3536515e-19
-8.7116729e-20
1.9247209e-31
-1.5040114e-19
1.399433e-19
7.5448231e-20
7.7019576e-20
2.0201931e-19
-6.6016065e-32
-6.3828173e-20
-2.05349e-19
4.0660132e-31
1.4947667e-19
0
-6.2385222e-20
-1.2410582e-19
4.901175e-20
-4.6024417e-20
1.8581469e-31
1.1596187e-19
-1.4544633e-19
1.0718317e-31
6.6800772e-32
7.0926174e-32
6.1517222e-32
-5.521597e-20
1.9798868e-19
2.0568818e-19
-5.7968245e-20
-1.0760681e-19
0
6.9119702e-20
-6.6483163e-32
1.1040021e-31
-5.7998577e-32
-5.7272376e-20
5.2637314e-20
4.5160394e-20
-1.3958695e-19
1.1611314e-47
7.8649602e-32
-4.1493004e-20
5.1799366e-32
-1.1297201e-19
1.121733e-19
9.9338857e-20
4.8828366e-20
-6.4087886e-32
-6.839418e-20
0
0
0
-9.3876597e-20
5.1523316e-20
7.1067879e-20
-8.1269125e-20
3.316692e-20
1.1054896e-19
-9.6605918e-20
9.6191729e-32
6.3644403e-20
-1.0125713e-19
-6.1375906e-20
0
5.7988982e-20
9.9325478e-32
2.9458521e-20
6.0610249e-20
-3.2729726e-20
0
-7.3521264e-20
-1.0507822e-35
-4.0936972e-32
3.7300035e-20
1.1248819e-19
-1.090767e-19
6.5018274e-32
1.422883e-19
-1.5732224e-19
2.3021922e-31
7.8550737e-20
-4.329647e-20
5.208311e-20
-1.0414829e-19
-4.1042668e-20
1.431769e-31
3.23843e-20
7.2171001e-20
3.3778171e-20
2.8302293e-20
-5.2894418e-20
-2.8170793e-20
0
2.1965261e-20
-1.1335385e-32
2.1458304e-50
-1.8927466e-20
4.0940736e-36
-1.159711e-20
-1.3353483e-48
2.8401232e-20
-2.095707e-20
-1.1977567e-20
7.0567406e-21
1.2716809e-20
0
-3.6099044e-20
2.211115e-20
6.72648e-20
-6.0101194e-20
3.3797562e-32
4.4004599e-20
-2.3552489e-20
0
2.7841036e-20
3.2903608e-20
-3.5807473e-20
6.2748066e-32
-7.6283531e-20
-2.1766559e-35
1.0714892e-19
0
-7.5123045e-20
-4.7612757e-20
7.5691225e-20
4.5615842e-20
-4.4230335e-20
-5.4101447e-21
-2.8844339e-22
-1.2974844e-21
6.73223e-21
1.208483e-20
-8.7386052e-33
-9.2953101e-21
-1.0157769e-20
-1.0028662e-20
9.0485319e-21
-9.2174062e-33
1.4708838e-20
-1.8914836e-32
-1.1579037e-20
0
0
-1.1702374e-21
5.1946573e-33
4.70416e-21
-1.8212979e-20
5.9048978e-21
1.0631074e-32
2.4147408e-32
1.9223167e-20
-6.2991809e-21
4.401889e-33
-1.0820679e-32
-1.1628672e-20
1.2419937e-20
-1.5068184e-36
4.8722162e-33
-1.1457358e-32
-1.2027578e-20
0
9.489191e-21
-1.291382e-20
-4.8852004e-21
1.0526211e-20
0
-4.364756e-22
-1.9097549e-21
-6.8521766e-21
1.7626027e-20
-2.5918972e-32
-3.1408287e-32
1.146659e-20
-3.6022212e-20
1.7575789e-36
1.2035354e-20
1.2232649e-20
-1.4164568e-20
-1.3677734e-20
1.2668658e-20
0
-1.1548167e-20
2.2336682e-20
-1.779904e-32
-9.7672937e-21
-2.3148777e-32
-2.1080416e-32
-2.3220205e-36
-1.7705583e-20
3.0103505e-20
2.9970621e-20
0
-1.4952887e-20
-2.3599537e-20
-1.0804254e-36
8.6734232e-21
1.0109102e-20
-9.2025991e-21
-8.1149623e-21
9.1745687e-21
0
2.002247e-20
1.792766e-20
-2.9238372e-20
-1.0895131e-20
1.1546772e-20
-3.3252545e-36
-1.1655501e-20
-2.2804199e-20
-1.0904416e-20
1.7569272e-32
4.136343e-20
-3.280716e-32
-2.7506658e-20
8.9530921e-21
9.1300745e-21
8.8712109e-21
-8.2295176e-21
-8.0854046e-21
-8.2711318e-21
-2.3463385e-36
7.9735089e-21
-7.6781128e-21
2.3898073e-20
1.7048193e-20
-2.6268719e-20
8.5886816e-21
1.6441128e-20
-1.7120576e-20
9.5298571e-21
-1.0291435e-20
-2.1307902e-20
3.1713422e-20
-9.9301079e-21
3.380152e-32
3.3904508e-20
-2.4224267e-20
-1.238221e-20
-1.2212107e-20
-2.3777392e-20
1.2107121e-20
1.0112104e-75
2.3187482e-20
1.0527708e-20
-1.2402284e-32
-1.2080553e-20
-2.4993241e-20
2.5080257e-20
-1.2082892e-20
-3.2086597e-20
3.0997639e-20
1.1032533e-20
-3.0841796e-48
1.0823089e-20
-3.0086174e-20
-9.655628e-21
9.7633685e-21
1.8992512e-20
-8.8001357e-21
8.4579006e-21
-2.8406384e-32
-1.6584041e-20
2.3150303e-20
8.1556724e-33
-3.2130865e-32
1.5606173e-32
-1.3299504e-20
1.2805619e-20
-6.1645614e-21
-2.3317363e-20
5.6407802e-21
1.1361534e-20
0
1.1071376e-20
-1.1631874e-32
-2.9437751e-36
-5.8073708e-33
-5.2923556e-21
-5.4555884e-21
5.6687572e-21
5.7911541e-21
-1.1449623e-20
1.12388e-20
-6.5036737e-33
-1.2641498e-20
1.3348941e-20
2.2385052e-32
-7.3307706e-33
-6.8195296e-21
-1.4695578e-20
7.8356208e-21
-7.9725529e-21
4.3676986e-33
7.9328859e-21
1.6532403e-20
-8.7183557e-21
-1.7672515e-20
8.59465e-21
-8.5242819e-21
1.4619411e-32
-9.1442249e-21
-2.0274872e-32
1.7354158e-20
1.6913658e-20
1.9240755e-32
-2.9823558e-32
3.0028481e-32
-8.7785059e-21
-8.3615451e-21
-7.9013764e-21
7.5363537e-21
0
0
-7.6084053e-21
4.0459599e-33
9.6810071e-37
7.1344754e-33
6.3316739e-21
0
-6.3256686e-21
-1.2086588e-20
5.8442667e-21
1.1604732e-20
1.1324183e-20
1.0783317e-20
-1.5974431e-20
-1.8360286e-32
1.7214405e-20
-1.1568131e-20
-1.1354322e-20
0
-5.6577854e-21
1.1573107e-20
5.991886e-21
-1.2385665e-20
-6.3397125e-21
7.1069508e-33
1.9266464e-20
-6.5720034e-21
-2.065299e-20
2.1713314e-20
7.4682972e-21
-2.2598014e-20
8.3219366e-33
7.4251863e-21
1.4857046e-20
8.51487e-33
-1.5986686e-20
1.6338041e-20
-8.1742345e-21
-2.4099564e-20
0
8.1671329e-21
1.6581775e-20
-4.5695107e-33
7.9400591e-21
1.5635523e-20
-1.595834e-20
-1.6277021e-20
0
-7.8605678e-21
-8.4372271e-33
-8.349585e-33
-8.4696342e-33
2.2956419e-20
1.5074113e-20
0
-1.4477634e-20
-1.6256e-32
-7.2967274e-21
-2.1347638e-20
6.9677826e-21
-3.8855081e-33
1.0151855e-36
7.1919052e-21
1.4037852e-20
-6.6941843e-21
-1.3096122e-20
6.7326284e-21
0
1.4453199e-20
-7.1920787e-21
-2.1228379e-20
6.9845161e-21
6.9801953e-21
1.4256525e-20
-7.2110036e-21
-2.1443259e-20
7.1066522e-21
-7.9603158e-33
-1.4616643e-20
7.3108967e-21
7.1957232e-21
1.4208037e-20
2.1127569e-20
-1.3911766e-20
-1.3652436e-20
1.3631752e-20
7.6594412e-33
-1.3876381e-20
1.3506948e-20
7.0593091e-33
-1.2279491e-20
0
1.2885503e-20
1.2913472e-20
0
-1.7920237e-20
-5.6920342e-21
-1.5864599e-36
-5.6726321e-21
-5.6896254e-21
-6.1609828e-33
1.0514216e-20
9.7802482e-21
-1.5785524e-32
-9.655022e-21
9.8411723e-21
1.6208177e-32
-9.2642287e-21
0
0
0
0
8.4140869e-21
4.4762898e-33
-7.6350644e-21
-3.7239735e-21
7.5209383e-21
-1.2721681e-32
-7.588124e-21
7.4105099e-21
4.0338322e-33
-3.6452206e-21
7.385409e-21
-1.2242312e-32
-7.2410638e-21
7.2450554e-21
7.4658667e-21
-7.7545504e-21
-7.902574e-21
0
0
0
0
-4.4093254e-21
4.447633e-21
4.4321904e-21
-5.0339339e-33
-9.8654735e-76
-5.0189375e-21
-1.0293895e-20
-5.1822506e-21
1.0353899e-20
1.5922296e-20
-5.5975111e-21
-1.1678244e-20
1.7803703e-20
1.1904828e-20
-1.7778503e-20
-1.2010577e-20
-6.2430209e-21
-7.1777605e-33
1.297859e-20
0
-6.2866735e-21
6.3483372e-21
-1.46418e-32
-1.9148422e-36
-2.2240528e-32
-6.5326838e-21
-6.3162974e-21
1.7730276e-36
1.2767618e-20
1.2957004e-20
-2.1462754e-32
-1.2635413e-20
0
0
0
-5.8892564e-21
-5.7972261e-21
5.6378831e-21
5.4865042e-21
-5.376379e-21
1.0461273e-20
1.5078822e-20
0
-9.5208741e-21
-5.2127502e-33
-4.5859237e-21
-1.3245022e-20
4.2201915e-21
-6.8291438e-33
8.1210351e-21
-2.6749024e-32
-7.7549913e-21
-2.0549458e-33
-5.090429e-37
3.5301133e-21
-3.5272362e-21
7.0421152e-21
3.4738268e-21
-6.7440997e-21
6.438819e-21
8.7324864e-37
-3.3603378e-33
-3.1015877e-21
-9.6591792e-21
6.5039758e-21
1.7603107e-50
2.9872607e-21
-4.719872e-33
-5.6624382e-21
2.956543e-21
6.1497339e-21
-3.4520622e-33
-9.1888405e-21
8.528502e-37
2.9714437e-21
-2.9671393e-21
5.9497177e-21
2.9377561e-21
-5.7406302e-21
5.6929848e-21
3.2016903e-33
-1.6309417e-32
6.4803829e-33
-5.5285056e-21
5.1501901e-21
-2.4893215e-21
-5.0866269e-21
2.6432553e-21
-2.6669867e-21
5.2454626e-21
-4.266692e-33
-7.5869588e-21
0
0
6.8432263e-21
2.1894026e-21
-4.3731448e-21
4.5012598e-21
1.2960898e-36
-9.8477314e-33
-2.3101335e-33
-3.9182522e-21
3.8489724e-21
3.9370578e-21
-2.0370772e-21
-6.248234e-21
-2.089007e-21
2.0431276e-21
0
0
-1.8777247e-21
1.0902367e-33
6.203546e-21
6.0193341e-37
-4.1842456e-21
-2.0558409e-21
2.2989996e-33
6.4167047e-21
4.9133222e-33
-4.4864559e-21
0
-2.2309587e-21
4.59239e-21
2.4121912e-21
-5.5509597e-33
-2.5102894e-21
-4.9851313e-21
2.5042621e-21
0
0
0
0
-2.7841786e-21
1.5497271e-33
8.5203067e-21
-2.914672e-21
-8.9274109e-21
9.0105431e-21
3.0172804e-21
-6.0932132e-21
-3.0869671e-21
-5.1883688e-33
9.3863068e-21
-1.7843142e-36
-1.0480314e-32
-3.1503665e-21
-6.2934077e-21
-3.1343529e-21
-3.4911301e-33
3.1888874e-21
3.2204814e-21
3.1883305e-21
3.1289607e-21
-6.8695403e-33
-6.2032167e-21
0
0
-3.0670922e-21
-5.0023081e-33
-4.2585345e-37
4.3364836e-37
3.0805313e-21
6.065084e-21
5.8323613e-21
-5.5787283e-21
-3.0554359e-33
-2.8098319e-21
-8.6668881e-21
0
0
2.7240964e-21
2.593333e-21
0
-2.5388624e-21
1.4475122e-33
2.6404397e-21
-2.5922197e-21
4.9212063e-21
-7.7445817e-33
-6.7356441e-21
2.2464964e-21
2.2995383e-21
4.6157792e-21
-2.243256e-21
-6.3799305e-21
2.0164346e-21
-1.095863e-33
3.9864783e-21
2.0261551e-21
-3.9934127e-21
3.7542851e-21
1.9814598e-49
-3.2852705e-21
0
0
3.4841776e-21
-1.9055725e-33
-5.4247834e-33
1.7483785e-49
-4.2963672e-21
-1.5788674e-33
1.4651311e-21
3.0218026e-21
3.0177173e-21
-2.8920783e-21
-3.0341119e-33
-1.3240296e-21
-4.4677385e-33
1.3929114e-21
-2.8439424e-21
0
-1.3596087e-21
1.4885715e-33
1.3648932e-21
2.8270036e-21
1.5994991e-33
-2.8278059e-21
0
0
-1.4158825e-21
8.241685e-34
4.5864985e-21
1.6876222e-33
-2.9616992e-21
0
1.4695795e-21
-1.5125903e-21
-1.5662721e-21
-1.6016785e-21
-1.6072959e-21
3.2044794e-21
4.8160701e-21
-1.6199522e-21
-3.2808576e-21
4.9548894e-21
-1.6064152e-51
-3.3146163e-21
0
0
0
0
3.3261759e-21
3.3063199e-21
-1.6412702e-21
-4.8833869e-21
-1.816096e-33
1.6674478e-21
-3.3803109e-21
-3.3475917e-21
1.6152451e-21
6.2401535e-21
3.1349784e-21
-4.8799455e-21
-3.3700274e-21
5.0621501e-21
3.5803336e-33
-3.0606336e-21
0
0
0
3.4000769e-21
1.8834268e-33
-3.6552903e-33
1.5949408e-21
-4.7319087e-21
1.5951801e-21
1.6418192e-21
-5.0945467e-21
-3.4963103e-21
1.7729594e-21
3.5302526e-21
3.4772972e-21
-5.7548847e-33
1.9591604e-33
-5.2272908e-37
-3.8248905e-21
0
-1.9326402e-21
-1.9174596e-21
1.9433073e-21
2.0082514e-21
-2.0854372e-21
-2.1365324e-21
4.2992476e-21
2.156444e-21
-2.1861456e-21
2.2361975e-21
-2.2866348e-21
-4.6260209e-21
0
0
7.082764e-21
2.3982296e-21
-4.8770815e-21
-2.4781785e-21
-2.5141404e-21
5.0703152e-21
-2.8111399e-33
-5.0451129e-21
0
2.5510979e-21
7.7532039e-21
5.7864503e-33
-1.4493142e-32
5.219005e-21
-7.8667152e-21
-2.6377156e-21
-7.5050282e-37
2.6225525e-21
-4.3248962e-33
-4.331983e-33
7.9135283e-21
-7.9946674e-21
1.3245673e-32
-4.3464641e-33
-5.1375171e-21
2.5635076e-21
-2.5950167e-21
5.2366399e-21
2.6009074e-21
-5.116207e-21
5.0328615e-21
-1.4177527e-36
-1.9278382e-32
-1.3966637e-36
-1.6032337e-32
4.6857986e-21
-6.9019955e-21
-1.5240679e-32
6.8177108e-21
-4.4470862e-21
-4.2752118e-21
4.0959264e-21
-6.6175904e-33
-5.8632367e-21
2.1484511e-33
5.7031791e-21
-1.0482757e-36
-3.5549289e-21
3.4234677e-21
5.4844984e-33
-5.2810505e-33
1.7104839e-33
-3.0347808e-21
2.9757172e-21
2.8636527e-21
0
-3.8326255e-21
-2.4912942e-21
3.7359979e-21
-2.7324402e-33
-2.5984504e-33
-1.0682574e-21
-1.9453452e-21
-5.1545972e-34
1.0214847e-33
9.0442449e-22
-8.4529888e-22
8.1599053e-34
-6.1863989e-22
-1.7916256e-33
9.8374431e-22
0
7.7335579e-22
5.7873949e-22
-3.894626e-22
-1.288519e-22
-8.1407067e-23
-5.0568248e-23
0
1.5488413e-22
4.4166526e-22
2.4314875e-22
-2.540204e-22
9.5048709e-34
-3.8232682e-34
9.0302607e-34
-4.2784745e-22
-8.3075846e-22
8.777862e-22
4.6804019e-22
-9.4928602e-22
-5.055881e-22
0
0
6.0343772e-22
6.7952212e-22
0
8.8423378e-22
9.7910825e-22
-2.1838876e-21
2.6841935e-33
1.2527831e-21
2.9615506e-33
-1.3193275e-21
-2.4079998e-21
2.189779e-21
-1.9394609e-33
-1.242195e-21
7.337957e-22
1.2925389e-22
5.0878491e-23
-7.9537976e-24
4.933806e-22
-1.5458922e-21
-3.1480362e-21
0
7.5324623e-21
4.9127248e-21
-1.1657695e-20
-6.9600166e-33
5.7981649e-21
4.4014522e-21
-2.4869203e-33
-1.0265015e-33
-7.1083973e-37
-2.147405e-32
1.4121551e-20
3.5040477e-20
-3.7439334e-20
-1.6393526e-20
1.9788119e-20
-1.7278231e-21
2.8052269e-20
3.1531058e-20
-1.0391021e-19
0
8.4827102e-20
1.7748403e-19
7.7357563e-20
-9.1935627e-20
1.3972177e-20
-1.650071e-19
-3.9112687e-19
0
0
-9.0503306e-19
-1.6493452e-18
6.5477916e-19
-3.6886343e-19
-1.354401e-19
1.1570611e-19
-4.2907153e-32
2.7251622e-20
-6.377788e-20
8.7218678e-32
3.8006615e-20
-3.2658555e-20
0
2.5063057e-20
-1.9526225e-32
-1.0314835e-20
4.2196604e-21
7.8703172e-34
-3.7753772e-33
5.649095e-33
5.6166262e-21
5.206505e-21
4.0199574e-21
-5.6449501e-21
-2.0555263e-21
1.2988442e-21
-1.0833333e-32
-1.8325564e-32
-3.5929281e-21
0
0
1.310213e-21
1.8044358e-33
-1.2524823e-22
-3.3444449e-22
4.5791451e-22
6.9705739e-22
-1.761498e-21
-1.4479532e-37
-2.4632101e-33
-1.6557543e-37
-2.6753993e-33
-1.2258356e-21
0
2.5258704e-21
2.6409438e-21
-2.7556207e-21
-6.4241249e-33
3.0843214e-21
-3.2709959e-21
-7.5831617e-33
-3.9732652e-33
-1.892716e-21
-4.3881047e-33
-2.8780825e-37
2.0679314e-21
-2.127351e-21
4.8442634e-33
4.4578687e-21
-2.2410733e-21
4.9228493e-33
4.4256155e-21
0
0
-4.5470868e-21
5.0886222e-33
-5.1566999e-33
9.0258913e-49
-6.4481806e-33
-6.2548236e-21
6.4373429e-21
3.5377141e-21
-7.7904401e-21
3.915249e-21
7.4025272e-21
0
-4.2504693e-21
-8.5465874e-21
4.1622711e-33
-7.3344136e-33
2.4888091e-49
-7.5009385e-33
-2.8507461e-21
0
1.9174743e-21
7.3772738e-22
0
0
0
8.0906004e-22
8.1351348e-22
-1.7530387e-21
9.6180891e-34
1.8925508e-21
-1.1561424e-33
-1.0848742e-21
1.0928711e-21
-1.2146597e-33
-2.1870332e-21
-1.0869698e-21
0
0
0
2.0750028e-21
4.5412127e-33
-2.0061853e-21
1.9639317e-21
1.9392457e-21
-2.8890386e-21
-1.8935725e-21
9.231432e-22
9.1275311e-22
1.8360155e-21
-9.1804631e-22
-1.8113236e-21
8.9685259e-22
1.8073376e-21
-9.1640811e-22
4.0934998e-33
1.8463246e-21
0
-9.4701157e-22
1.0682596e-33
9.7342502e-22
-1.9716129e-21
-2.0103395e-21
0
0
0
2.1347853e-21
2.3791514e-33
-2.1511334e-21
0
2.1706977e-21
1.0883487e-21
1.212024e-33
-1.0959933e-21
-1.0997369e-21
-1.2239256e-33
-1.1041789e-21
2.2132011e-21
1.1093677e-21
-2.2251195e-21
1.1163844e-21
4.977833e-33
5.0007815e-33
-1.0725935e-50
5.0610852e-33
2.295041e-21
0
-2.3291093e-21
-1.173961e-21
1.6821692e-37
-1.1940054e-21
2.4098137e-21
-1.6924006e-50
-2.4538641e-21
0
2.5004445e-21
2.5241838e-21
0
-1.2843362e-21
-1.8416849e-37
1.3073003e-21
0
0
-2.6773291e-21
-2.6979326e-21
2.7161046e-21
-3.0351347e-33
-2.7517876e-21
0
0
2.7999517e-21
1.4077334e-21
3.1418558e-33
-1.4216263e-21
6.3416711e-33
2.8689614e-21
0
0
-1.450444e-21
1.6188205e-33
-1.4615729e-21
-2.9113388e-21
0
0
0
2.9472989e-21
2.9277665e-21
0
-3.0576402e-21
-1.5308125e-21
1.5016369e-21
1.5099346e-21
1.5648091e-21
-3.1681862e-21
-3.0905508e-21
3.0664753e-21
3.1862657e-21
0
-1.6143935e-21
1.7515906e-33
1.620381e-21
0
0
-1.6484892e-21
3.6181872e-33
1.7175113e-21
-3.581786e-21
-3.5335912e-21
0
0
0
3.7278325e-21
8.0519642e-33
-3.5213969e-21
1.8146658e-21
3.8268273e-21
-4.2827995e-33
4.1301386e-33
-2.0541899e-33
4.3118413e-33
-1.9916126e-21
-3.8943441e-21
0
0
0
4.0441652e-21
3.9796911e-21
0
-4.1543077e-21
4.6271533e-33
2.0548492e-21
4.5737395e-33
2.100727e-21
-4.2401163e-21
-4.2100362e-21
0
4.220993e-21
-9.4306752e-33
-4.2460454e-21
0
4.24375e-21
4.2415182e-21
0
0
-2.1130309e-21
-2.9783544e-37
-2.0780186e-21
-4.1186566e-21
4.0778437e-21
2.0162646e-21
4.4177755e-33
1.9617156e-21
-3.8681446e-21
-1.9023584e-21
6.8511953e-51
1.8323834e-21
1.7966226e-21
1.9513207e-33
6.8073088e-50
-1.677236e-21
-1.6339518e-21
-1.5885668e-21
3.0921598e-21
-3.3444361e-33
-1.4642971e-21
2.836489e-21
-1.3747702e-21
-2.6766382e-21
2.6047495e-21
5.6014508e-33
-1.221076e-21
2.3820144e-21
1.6583045e-37
2.5234073e-33
1.5638989e-37
-2.1573274e-21
1.0729346e-21
-2.3541202e-33
6.9007597e-33
-7.5886728e-52
-2.0679709e-21
2.0920206e-21
2.0978181e-21
0
-2.1330389e-21
-2.1971666e-21
-1.1254541e-21
2.2896187e-21
3.5276853e-21
-1.2228647e-21
-1.2710228e-21
1.3152027e-21
-1.3595795e-21
3.1357197e-33
1.4733516e-21
1.7019798e-33
-1.7657496e-33
3.6692487e-33
1.720326e-21
-1.7886253e-21
4.1204449e-33
1.9217858e-21
0
-4.1187372e-21
-4.2520864e-21
0
0
0
-2.3801103e-21
-8.1249687e-33
4.9913233e-21
5.1032587e-21
3.7047626e-37
8.8575496e-33
-2.7122822e-21
-2.7657363e-21
5.6438451e-21
-2.8807871e-21
-8.7976752e-21
3.3093468e-33
3.0172942e-21
0
0
6.0761818e-21
-6.7454071e-33
6.7555731e-33
6.0862208e-21
-6.0631969e-21
1.3415386e-32
3.0208993e-21
6.6995281e-33
2.9924361e-21
-5.9354953e-21
1.3176046e-32
1.3183323e-32
1.3049162e-32
2.8968793e-21
6.4077462e-33
2.8977594e-21
-2.8825513e-21
6.2937986e-33
2.8057369e-21
0
-5.6323444e-21
-5.573018e-21
5.4944307e-21
-6.0807206e-33
-5.4967776e-21
5.4768579e-21
1.8039226e-32
-5.3805112e-21
5.3857926e-21
2.692088e-21
5.9418958e-33
-2.6589122e-21
1.1786064e-32
5.3060779e-21
-5.2883921e-21
-5.2627979e-21
0
0
0
5.2028333e-21
1.1512481e-32
-5.1669526e-21
5.150109e-21
5.1347172e-21
0
-5.1074103e-21
5.656428e-33
2.5420588e-21
8.4507018e-33
-2.5329887e-21
-2.5294816e-21
-5.6107604e-33
-2.5246926e-21
5.0470265e-21
-1.1205275e-32
-2.5238697e-21
5.0511512e-21
3.5932196e-37
5.624908e-33
2.5389394e-21
0
0
-5.1469372e-21
-5.1687331e-21
0
5.1947976e-21
5.7704277e-33
-5.1998071e-21
0
2.5999965e-21
5.1994894e-21
-2.886188e-33
-2.5987545e-21
2.5986669e-21
-5.7708834e-33
5.7731164e-33
2.6017691e-21
-2.6045075e-21
-5.2167965e-21
2.6135627e-21
1.1636553e-32
-5.2564698e-21
2.6378362e-21
-2.6489828e-21
2.661691e-21
8.0266637e-21
-5.3804195e-21
-2.7072127e-21
2.7140141e-21
2.710074e-21
3.855058e-37
6.0361279e-33
-2.7242188e-21
0
2.7500366e-21
6.1465519e-33
2.7918049e-21
-2.8201651e-21
9.5044382e-33
2.8926273e-21
0
0
-3.0458718e-21
6.9063189e-33
3.1808824e-21
-6.517885e-21
-6.6884363e-21
0
0
7.283974e-21
-1.6670131e-32
-3.8752237e-21
4.0065018e-21
4.1380148e-21
-4.7419903e-33
9.7825666e-33
-5.0332982e-33
-4.6593289e-21
4.7887458e-21
-4.9176623e-21
-1.0094132e-20
0
0
0
1.1130576e-20
1.1382389e-20
0
-1.1868011e-20
-6.0493721e-21
1.2319655e-20
-6.955684e-33
-1.2726861e-20
-6.4554695e-21
1.3080828e-20
-1.4695661e-32
2.9701069e-32
-1.9182621e-36
-1.3604773e-20
0
1.3763657e-20
1.381538e-20
0
-6.9309616e-21
1.5386068e-32
-1.3832938e-20
-1.379084e-20
6.8654939e-21
0
0
1.3451312e-20
-6.6633718e-21
-1.3190539e-20
1.3036319e-20
1.2874337e-20
-7.052697e-33
2.0878706e-32
6.1858611e-21
-6.0957718e-21
6.6612845e-33
-5.8932741e-21
-1.154481e-20
0
0
0
1.0591826e-20
1.0361096e-20
-1.5200259e-20
-9.9105067e-21
9.6940344e-21
9.484037e-21
6.5948175e-37
-9.0870669e-21
-4.4507853e-21
0
-4.2797196e-21
-1.4532359e-50
4.1295524e-21
8.1256489e-21
2.2478737e-50
-7.8937523e-21
7.7957502e-21
7.7097e-21
0
-3.7854147e-21
8.3459646e-33
-3.7361846e-21
-7.4395211e-21
7.4186082e-21
3.7049928e-21
8.2327084e-33
-7.4362349e-21
-7.4759884e-21
1.130094e-20
3.8097366e-21
-3.8593043e-21
3.8990293e-21
3.9282887e-21
0
-3.9916669e-21
-8.0563728e-21
-4.0687668e-21
8.2252358e-21
-1.8443473e-32
-4.1880701e-21
8.4421458e-21
-4.2539511e-21
-8.5727588e-21
8.6362456e-21
1.9314323e-32
-4.3795846e-21
4.4093494e-21
4.4385498e-21
6.348031e-37
-8.9880568e-21
-4.5173562e-21
9.0713807e-21
-2.0214644e-32
2.0288741e-32
2.6062299e-36
-9.2011302e-21
9.2326173e-21
9.2650976e-21
0
-9.3349219e-21
2.0813724e-32
1.338042e-36
1.0504811e-32
9.5110072e-21
-9.5650304e-21
-4.8117414e-21
-6.0717852e-51
-4.8766452e-21
0
4.9484621e-21
4.9854668e-21
5.0249221e-21
-5.626999e-33
1.1352884e-32
-1.145314e-32
1.1548451e-32
5.2358173e-21
0
-1.0586463e-20
-1.0646588e-20
0
0
0
1.0878564e-20
3.6436166e-32
2.4423063e-32
5.5327161e-21
1.2359369e-32
7.9602031e-37
-1.1277914e-20
5.6797794e-21
5.7230704e-21
-1.1572831e-20
-1.1724849e-20
1.8115937e-50
6.0508992e-21
0
0
1.2024631e-20
1.3911601e-50
-3.613603e-50
1.1824195e-20
-1.1756147e-20
1.2971945e-32
5.8029216e-21
-5.7688418e-21
-5.7378863e-21
-5.7104699e-21
1.1378553e-20
5.6758809e-21
-5.6673501e-21
-5.6847865e-21
-5.7151117e-21
1.1576168e-20
5.8823473e-21
6.4894319e-33
5.7498974e-21
0
-1.1400308e-20
-1.1337683e-20
0
0
0
1.146713e-20
5.1479776e-32
-1.1751375e-20
0
1.215178e-20
6.18176e-21
1.3928774e-32
-6.3712071e-21
-6.4890521e-21
-7.3424036e-33
-6.7466173e-21
1.3770177e-20
7.0214856e-21
-1.4306212e-20
7.2889722e-21
1.6502821e-32
-4.3087211e-36
2.197565e-36
3.5051847e-32
1.6126165e-20
-1.648199e-20
1.8711779e-32
8.6179834e-21
-1.7661464e-20
-9.0828792e-21
1.8626115e-20
1.8863853e-20
-1.9023797e-20
-1.9275118e-20
0
1.9689016e-20
1.9878273e-20
-1.003073e-20
2.2458123e-32
1.0191291e-20
0
0
-2.0824645e-20
-2.0971746e-20
2.1124051e-20
3.0274706e-36
-2.147082e-20
0
2.1528149e-20
-2.8796728e-50
-1.079997e-20
1.0825702e-20
-1.08695e-20
2.4238895e-32
2.1991559e-20
1.1112714e-20
0
-1.1067168e-20
2.4462197e-32
-1.1014891e-20
-2.2004497e-20
0
1.0990505e-20
2.1996472e-20
1.100808e-20
-3.3071423e-20
9.3247312e-50
1.1068612e-20
2.464269e-32
1.1127057e-20
2.4788489e-32
1.1207759e-20
-2.2527429e-20
-2.2675471e-20
2.285838e-20
2.318829e-20
-1.1787062e-20
-1.1826486e-20
1.1792473e-20
1.1834811e-20
0
0
-1.1979358e-20
2.674001e-32
1.2107326e-20
-2.4359556e-20
-2.4528877e-20
0
0
0
0
2.5524103e-20
-3.6422181e-36
-1.2887239e-20
2.600186e-20
1.3132074e-20
0
-1.3244059e-20
2.9628919e-32
-1.3490492e-20
-2.7135971e-20
0
0
0
2.6954209e-20
2.6962346e-20
0
-2.7017507e-20
-1.350189e-20
1.3490992e-20
1.3487254e-20
1.3480708e-20
-2.6930863e-20
-2.692367e-20
2.6929957e-20
2.7121494e-20
0
-2.7617325e-20
-2.7346212e-20
2.7096255e-20
2.7021001e-20
0
-1.3352947e-20
5.8972144e-32
1.3197959e-20
-2.620672e-20
-2.6052132e-20
0
0
0
2.5519396e-20
5.6757599e-32
-1.2666402e-20
1.2440652e-20
1.2235796e-20
3.6632657e-50
5.4257365e-32
4.1820333e-49
-1.1667094e-20
-1.1458414e-20
-1.1315709e-20
0
2.2578391e-20
1.1102042e-20
1.5390707e-36
1.0684791e-20
0
0
-2.0807791e-20
-1.0283525e-20
2.0357193e-20
-1.1232792e-32
-1.0080483e-20
0
-1.0061094e-20
1.0190846e-20
-4.6249802e-32
-2.0908006e-20
0
1.0413292e-20
-1.1669789e-32
-1.0620086e-20
0
0
0
1.0783215e-20
1.0878562e-20
1.0851928e-20
-7.2546519e-51
6.0588077e-32
1.1108397e-20
0
0
-2.1154028e-20
-1.0758007e-20
-1.1016842e-20
0
0
-1.0376248e-20
1.1757752e-32
1.0789021e-20
2.1241559e-20
-1.0386616e-20
-1.0570001e-20
2.1688334e-20
2.3593565e-32
4.6045182e-32
2.0974001e-20
-2.1675743e-20
-1.107243e-20
1.0886693e-20
0
0
0
-2.1123977e-20
-2.1753707e-20
1.068508e-20
1.0722028e-20
0
1.9167122e-20
2.0824809e-20
-2.0796735e-20
-2.0424562e-20
0
2.0508323e-20
2.3485178e-32
-1.0963283e-20
9.9991618e-21
0
0
8.9444101e-21
-8.5241868e-21
-1.4705619e-49
-1.7155727e-32
-1.9167007e-20
-4.4837209e-21
7.3111167e-21
1.2437312e-20
-4.8069554e-21
-1.148798e-20
2.6160632e-21
5.0222403e-21
-2.5731448e-21
-2.1172371e-21
0
0
-2.0701418e-21
-5.8445581e-22
1.6937895e-21
4.1802403e-21
-1.5734506e-21
-5.5977787e-21
0
0
1.8962003e-20
2.3105814e-36
-7.0716212e-21
-8.1863402e-33
-8.7155929e-21
-9.905369e-21
-9.4892151e-21
1.8946058e-20
2.3434291e-20
0
-2.5940982e-20
-2.5047658e-20
3.1359899e-20
1.7494255e-20
-1.619996e-20
0
1.9231315e-20
2.274267e-20
-4.3190926e-20
-3.4928524e-20
5.5580078e-20
5.6534759e-20
-7.545174e-20
3.7104293e-20
3.2859611e-20
-3.395606e-20
0
3.5768333e-20
-3.219252e-20
-7.7344216e-32
-4.9434472e-20
-6.2641583e-20
5.236104e-49
-1.0705657e-19
1.0808426e-19
6.4532735e-20
-1.0158594e-35
1.3499817e-19
-5.8810569e-20
1.6232049e-35
-2.7018726e-48
-1.9157613e-19
1.065829e-19
-1.028386e-19
9.8466811e-20
1.9139691e-19
-2.7053767e-19
2.0838822e-31
2.0588065e-19
0
0
-1.9297027e-19
-2.0286639e-19
0
2.5797958e-19
1.2759031e-19
-2.4990655e-19
1.2482178e-19
1.1791554e-19
-2.1068036e-19
-2.4413295e-31
2.5767757e-19
2.0353053e-35
1.4122392e-19
2.5136201e-19
-1.1895437e-19
-1.2226338e-19
0
0
8.3722239e-20
-1.6634516e-19
-8.9667356e-20
6.8250171e-20
-7.2414015e-20
1.8929762e-20
3.9334363e-21
0
-4.7318251e-36
8.279972e-20
-2.3748134e-19
5.2773855e-31
2.7714827e-31
-3.261201e-19
4.1726662e-19
-1.0917304e-30
-2.7367497e-19
5.9881416e-19
1.0926487e-30
-3.5911284e-19
0
0
9.2494021e-19
-5.0175143e-19
1.5807842e-46
1.7686324e-18
-1.2771025e-18
-2.0739161e-18
7.4807625e-19
1.6182976e-18
8.7482314e-19
-9.4541336e-19
-2.0424995e-18
1.1026852e-18
1.1900992e-18
-1.2838938e-18
-1.3844866e-18
0
0
0
-1.8640337e-18
2.0057818e-18
4.3147796e-18
0
2.4926746e-18
-2.677692e-18
-5.7504756e-18
0
6.6219382e-18
3.5507893e-18
-7.6127984e-18
9.0571495e-30
4.3687144e-18
-9.3548352e-18
5.0058862e-18
-1.8704327e-45
-1.1453151e-17
1.224239e-17
1.4523474e-29
-1.3970871e-17
7.4577555e-18
7.9587866e-18
8.4900712e-18
-9.0532108e-18
-3.214388e-29
3.0845074e-17
-2.1901078e-17
-1.1658276e-17
1.2406847e-17
0
1.4034625e-17
-1.4918126e-17
-3.1702059e-17
-1.6835665e-17
3.9681665e-29
1.8969973e-17
0
0
0
0
0
0
0
3.0107648e-17
6.3683815e-17
-3.3663163e-17
-3.5574958e-17
3.7580904e-17
-3.9684735e-17
4.1890313e-17
1.962944e-28
-4.6622501e-17
4.9157201e-17
-1.0361978e-16
5.4584851e-17
-1.5388966e-44
-6.0518994e-17
6.3687109e-17
1.4876916e-28
-7.0448446e-17
7.405092e-17
7.7807532e-17
-2.322711e-32
1.7160513e-16
-2.7015194e-16
3.1458168e-28
2.9721602e-16
-2.0771016e-16
-1.0882624e-16
1.1399023e-16
0
-2.4983136e-16
2.9012666e-28
1.3666881e-16
-2.8573386e-16
-1.6575045e-28
1.5592774e-16
0
0
0
0
0
0
0
4.3513189e-16
2.2637473e-16
-2.3543501e-16
0
0
2.6412856e-16
2.7419623e-16
0
-5.9015559e-16
-9.1765989e-16
3.1693637e-16
-1.4576012e-27
-9.6559966e-32
3.5148306e-16
-3.6344456e-16
-3.756169e-16
3.8799131e-16
-4.8076789e-45
9.1754916e-28
1.2786772e-15
-4.3930226e-16
1.004866e-27
9.3174304e-16
-9.5866742e-16
-4.9289212e-16
5.0652849e-16
0
0
0
5.6145518e-16
-1.1503467e-15
-1.1776781e-15
1.8072823e-15
1.2318244e-15
-1.2585337e-15
-1.2849272e-15
0
0
0
1.3862108e-15
1.5656999e-27
-7.1672942e-16
1.4560284e-15
-1.0500504e-31
-2.248141e-15
7.5940424e-16
7.6895097e-16
1.7276036e-27
7.8650471e-16
-2.3833795e-15
3.5608591e-27
-3.5906966e-27
8.1475106e-16
8.2025152e-16
-1.6501799e-15
-8.2924911e-16
8.3271432e-16
-6.7398549e-46
3.9638992e-46
2.5165212e-15
-8.3943261e-16
1.8634498e-27
1.6767213e-15
-8.3670026e-16
-1.6686283e-15
9.2288774e-28
8.2739706e-16
0
0
-1.6236479e-15
-1.6106119e-15
7.9815492e-16
7.9039195e-16
0
0
0
-7.5369725e-16
7.4324396e-16
7.323352e-16
7.2100066e-16
-7.0927068e-16
4.6430356e-27
6.8474783e-16
-6.720173e-16
6.5901567e-16
6.4577406e-16
-6.323233e-16
2.7473766e-27
1.209831e-15
-5.9101765e-16
-1.1540576e-15
-5.6297662e-16
-5.4888796e-16
-5.3478861e-16
5.2070336e-16
5.0665587e-16
0
-4.7876312e-16
4.6495936e-16
9.025526e-16
-4.3773165e-16
4.2434185e-16
-4.1112215e-16
-7.961731e-16
7.7049572e-16
1.0590433e-31
-3.9998645e-28
3.4802387e-16
0
-3.2437563e-16
-6.2584712e-16
3.0172686e-16
-6.4572451e-28
-5.6023202e-16
2.6970795e-16
5.1913505e-16
-2.4969584e-16
2.4009332e-16
6.9227919e-16
-4.4338851e-16
9.4544599e-28
4.0872322e-16
0
-3.7615693e-16
-1.8032326e-16
1.7282104e-16
0
0
-1.5179248e-16
-3.2254445e-28
-1.9747546e-32
-1.3288721e-16
-1.2703467e-16
-1.2139818e-16
1.1597247e-16
1.107522e-16
0
0
0
0
8.7542908e-17
8.3441519e-17
7.9507733e-17
-7.5736254e-17
-7.2121847e-17
0
7.255068e-29
6.2169785e-17
1.182656e-16
1.1245577e-16
-1.0690061e-16
1.1278132e-28
1.4477633e-16
4.1058629e-45
-8.7044987e-17
4.1314379e-17
-1.7412729e-28
1.6519142e-28
7.0563025e-17
-3.3454862e-17
1.056183e-28
3.005606e-17
0
0
-5.1085905e-17
-2.418173e-17
2.2887025e-17
0
2.0485758e-17
-2.7531743e-33
-3.6634665e-17
-1.7314043e-17
-1.6361483e-17
-4.3932428e-33
1.4599427e-17
0
0
0
0
0
1.0308906e-17
9.7193999e-18
9.161289e-18
-8.6330482e-18
-8.1332169e-18
0
7.2132534e-18
1.3581012e-17
-1.2781867e-17
-6.0133679e-18
-5.6566945e-18
5.3198484e-18
1.6658319e-29
-1.410486e-17
4.4183433e-18
8.3022042e-18
-3.8990561e-18
3.6614049e-18
1.0312159e-17
-3.2262743e-18
1.0083411e-29
2.8400416e-18
0
-7.4927267e-18
-4.6825751e-18
4.388476e-18
-2.0559173e-18
8.5524548e-30
1.8035516e-18
-1.6886114e-18
0
-1.4791484e-18
1.3838619e-18
1.2943961e-18
2.6880103e-30
-1.2564193e-30
4.6970145e-30
-2.1945258e-30
-9.2330033e-19
0
8.0521075e-19
7.5168129e-19
7.0153918e-19
-6.5458221e-19
-6.1061942e-19
5.6947052e-19
5.3096532e-19
-5.4946223e-31
-9.2250575e-19
6.1071339e-35
4.0030402e-19
3.7278402e-19
-6.9414357e-19
-9.6916419e-19
9.0188047e-19
2.7968827e-19
-7.8043551e-19
2.4190917e-19
4.4979437e-19
-2.090311e-19
-1.942375e-19
-1.8044738e-19
-4.7633636e-35
4.6686707e-19
2.889389e-19
-2.6816724e-19
-1.2441455e-19
1.1541504e-19
0
0
0
-8.5268242e-20
8.770843e-32
-3.2501023e-31
7.5253925e-32
-1.3934525e-31
5.8091061e-20
1.0752101e-19
0
-9.2022013e-20
-8.5101314e-20
7.8682437e-20
2.4225666e-31
-3.3606422e-20
6.2099111e-20
-3.1839651e-32
-2.6485842e-20
-2.4453401e-20
2.2571601e-20
4.1659418e-20
-1.921772e-20
-1.7726313e-20
-3.2693617e-20
6.6933516e-32
-6.1695638e-32
-1.2801639e-20
6.7042968e-36
1.086373e-20
2.0008448e-20
-9.2105696e-21
-8.4779005e-21
1.560339e-20
-1.5934752e-32
1.4658835e-32
-6.0713417e-21
-1.1163786e-20
1.0261422e-20
4.7149051e-21
0
0
-3.6538972e-21
-6.7093441e-21
3.0792404e-21
2.8257723e-21
-5.1851434e-21
2.3780684e-21
6.5424333e-21
1.9994574e-21
-3.6655288e-21
-3.3591661e-21
0
-1.4095912e-21
2.5817848e-21
1.1819192e-21
4.8052094e-33
4.3972803e-33
4.0225525e-33
1.6573694e-21
-1.5157334e-21
-1.3858868e-21
0
-5.7891087e-22
1.1745988e-33
4.8320687e-22
0
0
0
0
-3.0635402e-22
2.7947854e-22
5.0980681e-22
2.3243704e-22
-2.1190373e-22
8.5777229e-34
3.5200022e-22
-3.2068882e-22
-2.920974e-22
2.6599648e-22
2.4217414e-22
-1.1021834e-22
-1.0030273e-22
-1.8251816e-22
-8.3012307e-23
1.5098802e-22
1.3728326e-22
-1.2479506e-22
-5.6708877e-23
1.5458128e-22
-4.6808407e-23
-1.2753898e-22
-4.2861127e-35
7.0090802e-23
7.063352e-35
-2.8863983e-23
5.2372668e-23
-5.273017e-35
-2.1539449e-23
3.9057984e-23
-1.7702084e-23
7.125155e-35
1.4535317e-23
-2.6333403e-23
-1.1924302e-23
0
1.9548751e-23
1.7693694e-23
-1.6010937e-23
-1.4484551e-23
-6.5507633e-24
-8.4182517e-40
1.0711571e-23
1.0749341e-35
-4.3746942e-24
7.9055171e-24
7.1421419e-24
-6.4507512e-24
-2.9124501e-24
5.2582663e-24
2.3729319e-24
-2.1412321e-24
-3.8632036e-24
-1.7420348e-24
0
0
1.277176e-24
-2.5563484e-36
-1.0374509e-24
9.3458132e-25
1.1957572e-40
-7.5766019e-25
6.8245351e-25
6.1436015e-25
-5.5271134e-25
-4.9744629e-25
-4.4777462e-25
4.4655473e-37
7.2349191e-25
6.5053474e-25
4.1514548e-41
5.8400082e-37
2.3638122e-25
-4.2363795e-25
-3.8095801e-25
3.4289869e-25
-1.5387883e-25
-1.3782825e-25
1.2317602e-25
1.1046931e-25
-9.9100153e-26
-1.7825868e-25
1.6038417e-25
7.1802012e-26
6.43847e-26
5.769696e-26
-1.5485159e-25
-9.2169222e-26
4.1524788e-26
0
3.3499499e-26
-2.9851641e-26
2.6750961e-26
4.766535e-26
-4.2436753e-26
-1.9029661e-26
3.4533059e-26
-6.6963233e-38
-1.3497076e-26
1.1977135e-26
1.0396396e-26
-9.6060271e-27
1.9710952e-38
3.7469438e-55
-7.1133238e-27
3.0443919e-55
5.1070017e-27
1.0799139e-38
-9.119646e-27
0
3.039882e-27
5.7149781e-27
-3.2401564e-39
-2.6142985e-27
0
0
-3.1614773e-27
-1.8239292e-27
1.8239292e-27
2.6750961e-27
-1.2767504e-27
-3.039882e-27
3.039882e-27
1.3983457e-27
8.5116696e-28
-3.039882e-28
1.6200091e-39
8.0993543e-40
-9.7276224e-28
0
1.2159528e-27
5.4717876e-28
4.0491588e-40
-6.079764e-29
1.2159528e-28
0
-2.4319056e-28
2.6997848e-40
2.4319056e-28
6.079764e-29
-4.6836798e-56
-2.4319056e-28
-1.2159528e-28
-1.2159528e-28
4.0503684e-40
8.097972e-40
1.0127649e-39
-2.4319056e-28
6.079764e-28
0
-6.079764e-29
2.4319056e-28
-4.8638112e-28
-3.6478584e-28
6.079764e-29
6.079764e-29
-3.6478584e-28
-4.8638112e-28
-3.039882e-28
0
3.039882e-28
4.050714e-40
-1.2159528e-27
-1.2159528e-27
1.2159528e-28
8.1003911e-40
1.8734719e-55
8.5528471e-44
0
1.2159528e-28
-6.079764e-28
-6.079764e-28
3.6478584e-28
6.079764e-29
-1.3498924e-40
-1.8239292e-28
3.039882e-28
-8.0998727e-40
3.039882e-28
2.6999576e-40
-2.4319056e-28
4.2558348e-28
6.0745158e-40
3.6478584e-28
-1.2159528e-27
7.0255197e-56
1.2159528e-27
-2.4319056e-28
3.374731e-40
1.2159528e-28
-4.0566509e-43
4.8638112e-28
-6.079764e-29
-4.8638112e-28
6.079764e-28
5.4717876e-28
-5.4717876e-28
-3.039882e-28
-1.209581e-43
-1.2159528e-28
0
1.2159528e-28
3.039882e-28
0
4.2558348e-28
4.0501956e-40
1.8734719e-55
3.039882e-28
-9.7276224e-28
5.4128899e-40
1.0799139e-39
2.4319056e-28
2.4319056e-28
4.0574599e-40
3.039882e-28
-5.4717876e-28
-1.3497196e-40
1.2159528e-28
-3.039882e-28
0
0
1.2159528e-28
-6.079764e-28
7.2957168e-28
6.079764e-28
-3.374731e-40
1.6392879e-55
4.2558348e-28
-2.7080169e-40
2.7001304e-40
-1.8239292e-28
-1.2159528e-28
3.039882e-28
1.8239292e-28
6.079764e-29
-8.5116696e-28
3.039882e-28
9.0597014e-71
6.7511899e-41
-2.4319056e-28
0
9.7276224e-28
1.8239292e-28
-3.6478584e-28
-1.2159528e-28
-1.2159528e-28
6.748598e-40
5.4717876e-28
-9.7276224e-28
3.039882e-28
5.9814643e-52
1.8239292e-28
-3.6478584e-28
3.6478584e-28
1.0800521e-39
1.3497196e-40
-8.6398642e-44
-3.6478584e-28
7.2957168e-28
-1.8239292e-28
2.4319056e-28
6.079764e-29
9.7276224e-28
-7.2957168e-28
4.7422258e-55
9.119646e-28
-6.079764e-28
-4.8638112e-28
1.2159528e-28
-2.6994392e-40
4.8638112e-28
-1.0943575e-27
3.6478584e-28
3.6478584e-28
-1.2159528e-27
3.6478584e-28
1.2159528e-28
4.2558348e-28
-1.0943575e-27
-3.039882e-28
-8.1009095e-40
-6.9118914e-44
5.4717876e-28
2.4319056e-28
-1.8239292e-28
2.4319056e-28
2.4319056e-28
6.079764e-29
-1.2159528e-28
-3.374731e-40
4.8638112e-28
1.2159528e-28
-1.8239292e-28
5.4717876e-28
1.2159528e-28
4.8638112e-28
1.8239292e-28
-1.8239292e-28
3.039882e-28
-1.8239292e-28
-3.039882e-28
6.079764e-28
-6.1580499e-42
-1.2159528e-28
-1.2159528e-28
-2.4319056e-28
4.0500228e-40
1.8239292e-28
1.2159528e-28
7.2957168e-28
-7.2957168e-28
-4.3199321e-44
-5.4006063e-40
6.8270513e-41
-1.8239292e-28
4.8638112e-28
4.8638112e-28
0
-6.079764e-29
-2.5919593e-44
-8.5116696e-28
-3.6478584e-28
-2.4319056e-28
-4.0590954e-54
1.8239292e-28
-1.2159528e-28
2.0216016e-40
-1.2159528e-28
-9.7276224e-28
7.2957168e-28
-1.2159528e-28
8.5116696e-28
-3.4559457e-44
-4.8638112e-28
-5.4717876e-28
9.7276224e-28
4.8638112e-28
0
-3.6478584e-28
5.6204158e-55
3.039882e-28
6.079764e-29
-1.8239292e-28
4.0394989e-40
-2.6923327e-40
6.9118914e-44
-2.4319056e-28
-7.0255197e-56
3.039882e-28
5.4002607e-40
-5.1317082e-43
0
5.4717876e-28
4.8638112e-28
-4.8638112e-28
3.9240226e-43
5.4717876e-28
-6.079764e-28
-1.2159528e-28
-3.6478584e-28
1.2159528e-28
4.0496772e-40
-1.0943575e-27
1.2159528e-28
-1.8239292e-28
-1.2159528e-28
2.1382118e-43
-2.4319056e-28
1.8239292e-28
6.7503259e-40
1.8239292e-28
6.079764e-28
6.9118914e-44
4.0501956e-40
-6.079764e-29
1.2159528e-28
3.6478584e-28
1.2159528e-28
-4.6812035e-56
2.0250978e-40
1.2159528e-28
2.4319056e-28
-7.2957168e-28
-4.8638112e-28
3.6478584e-28
5.4002607e-40
1.8239292e-28
-1.7279728e-44
7.2957168e-28
1.214955e-39
-2.4319056e-28
0
1.8239292e-28
1.2159528e-28
1.2159528e-28
1.8239292e-28
6.7503259e-41
0
-6.079764e-29
3.6478584e-28
-1.6198709e-39
-2.4299618e-39
5.4717876e-28
-3.4559457e-44
-4.7234138e-40
-1.2159528e-27
4.7246234e-40
-8.0993543e-40
3.6478584e-28
-1.3495905e-40
1.8239292e-28
0
-6.079764e-29
1.2159528e-28
-1.8239292e-28
-6.079764e-29
-3.3142282e-43
-6.079764e-29
-5.1839185e-44
-3.375595e-40
-8.6398642e-45
-8.6398642e-45
1.1709199e-56
-2.6990936e-40
6.079764e-29
-1.2159528e-28
-4.8638112e-28
7.2957168e-28
-4.0501956e-40
4.0500228e-40
-2.4319056e-28
2.4319056e-28
1.3500652e-40
-1.2159528e-28
0
1.2159528e-28
3.6478584e-28
-2.4319056e-28
1.8239292e-28
-2.4319056e-28
2.4319056e-28
0
1.2159528e-28
-6.0728252e-52
-4.8638112e-28
-7.0255197e-56
1.2159528e-28
-4.8638112e-28
-4.050714e-40
4.2558348e-28
-8.0983176e-40
6.079764e-28
-4.2558348e-28
-1.2159528e-28
-4.2558348e-28
-3.6478584e-28
6.079764e-29
-3.6478584e-28
-4.8638112e-28
4.8638112e-28
-2.4319056e-28
1.2159528e-28
-7.6975624e-43
2.4319056e-28
-1.2159528e-28
9.119646e-28
2.4319056e-28
-5.4717876e-28
-6.654564e-41
6.7503259e-40
8.5116696e-28
-4.8638112e-28
-5.4002607e-40
6.079764e-29
-6.047905e-44
7.2957168e-28
-1.2159528e-27
-2.4319056e-28
2.0296214e-40
-6.079764e-29
3.6478584e-28
0
0
0
-1.6319699e-42
2.5919593e-44
-9.7276224e-28
-1.3375481e-27
4.8638112e-28
2.4319056e-28
4.8638112e-28
5.4006063e-40
-1.8239292e-28
4.8638112e-28
-1.2159528e-28
4.2558348e-28
-6.749462e-41
-3.6478584e-28
-2.700476e-40
-4.8638112e-28
5.7038819e-43
-4.8638112e-28
-1.0943575e-27
-3.039882e-28
2.4319056e-28
-6.9118914e-44
-6.8409646e-41
2.700476e-40
-7.9475164e-43
-1.2159528e-28
-8.5116696e-28
-2.4302729e-39
-1.2149032e-39
3.6478584e-28
-4.8638112e-28
4.0500228e-40
1.5395125e-42
7.2957168e-28
9.7276224e-28
-1.2159528e-28
2.4319056e-28
-1.7279728e-44
7.2957168e-28
-1.2159528e-28
4.8638112e-28
7.9036932e-28
-1.4591434e-27
0
-1.2159528e-28
4.2558348e-28
-6.6877404e-28
-6.079764e-28
3.6478584e-28
1.2159528e-27
5.1839185e-44
-6.079764e-29
-6.7511899e-41
-9.621953e-44
0
0
4.8638112e-28
-2.7001304e-40
1.3497196e-40
-1.2159528e-28
4.8638112e-28
3.6478584e-28
-3.6478584e-28
-5.4717876e-28
6.079764e-28
5.4717876e-28
-2.4319056e-28
-1.7279728e-44
-3.039882e-28
9.7276224e-28
-4.2558348e-28
1.6201819e-39
6.079764e-28
2.4319056e-28
1.0943575e-27
-3.039882e-28
1.2159528e-28
-4.6836798e-56
-6.079764e-29
3.039882e-28
4.7401987e-43
3.6478584e-28
-2.4319056e-28
6.079764e-29
-6.079764e-29
-2.4319056e-28
-6.079764e-28
1.2159528e-28
6.079764e-29
2.4319056e-28
2.2491579e-52
6.079764e-29
1.2159528e-28
7.4837412e-44
-1.2159528e-28
-2.4319056e-28
-8.5116696e-28
3.6478584e-28
-3.6478584e-28
-1.2159528e-28
-3.375595e-40
-2.027447e-40
0
0
2.4319056e-28
4.7240186e-40
2.4319056e-28
-2.6997848e-40
-4.8638112e-28
0
-3.039882e-28
2.700476e-40
2.5919593e-44
-1.2159528e-28
0
0
-1.2159528e-28
-1.8239292e-28
1.8239292e-28
4.8638112e-28
1.2159528e-28
7.2957168e-28
-1.2159528e-28
6.079764e-29
-6.079764e-29
1.8239292e-28
-8.1000455e-40
8.0993543e-40
-4.8638112e-28
1.2159528e-28
1.5429095e-54
0
0
7.2957168e-28
1.2159528e-28
0
-1.8239292e-28
6.749462e-41
1.2159528e-28
-3.6478584e-28
-3.039882e-28
0
0
0
-1.7105694e-43
-3.6478584e-28
3.6591248e-70
4.8638112e-28
-9.7276224e-28
0
1.2159528e-28
-2.4319056e-28
2.025357e-40
1.2159528e-28
0
-1.2159528e-28
-2.4319056e-28
-1.8734719e-55
1.2159528e-28
0
2.7811632e-43
1.4174475e-39
-1.0943575e-27
2.3418399e-56
3.6478584e-28
-6.079764e-28
1.8239292e-28
-2.4319056e-28
1.2159528e-28
0
1.2159528e-28
3.7620694e-45
2.4319056e-28
-4.6833305e-56
-1.8239292e-28
3.039882e-28
-4.0500228e-40
-1.3498924e-40
1.2159528e-28
1.3500652e-40
-3.6478584e-28
2.4319056e-28
4.0501956e-40
-4.8638112e-28
-4.3199321e-44
3.6478584e-28
-1.3500652e-40
-1.2159528e-28
0
3.039882e-28
-1.8239292e-28
-3.6478584e-28
1.2159528e-28
1.8239292e-28
-4.2558348e-28
-4.8638112e-28
7.2957168e-28
4.8638112e-28
-1.8239292e-28
0
0
-1.8239292e-28
-6.079764e-29
-2.4319056e-28
3.039882e-28
-1.7279728e-44
-5.3999152e-40
-1.3495182e-40
5.4002607e-40
-4.8638112e-28
6.079764e-28
-1.8491492e-43
2.4319056e-28
-2.6999576e-40
-2.6997848e-40
-2.188715e-27
9.7276224e-28
1.8239292e-28
2.6997848e-40
-9.3673596e-56
-2.4319056e-28
-6.7237094e-41
1.2159528e-28
1.2159528e-28
-2.0251842e-40
-2.024493e-40
-4.8638112e-28
2.4319056e-28
-8.905248e-43
-4.0500228e-40
1.2159528e-28
2.4319056e-28
1.2159528e-28
1.6036588e-43
6.4146353e-43
0
-1.8239292e-28
-6.9118914e-44
7.2957168e-28
-1.2159528e-28
-3.6478584e-28
4.8638112e-28
4.8638112e-28
3.6478584e-28
6.079764e-29
-1.6201819e-39
-9.3673596e-55
-3.6478584e-28
-1.2159528e-28
6.079764e-29
1.3500652e-40
2.4319056e-28
-8.5116696e-28
3.2398454e-39
-4.0500228e-40
5.4717876e-28
4.8638112e-28
4.8638112e-28
6.079764e-29
0
0
-7.6252967e-43
4.8638112e-28
-3.6478584e-28
-2.4319056e-28
6.7503259e-41
4.6970198e-56
6.7507835e-41
-3.6478584e-28
-2.7001304e-40
-1.2159528e-28
-4.8638112e-28
6.749462e-40
2.4319056e-28
-1.2159528e-28
0
3.039882e-28
5.3995696e-40
-6.079764e-28
-6.079764e-29
-3.6478584e-28
-1.2159528e-28
1.2159528e-28
6.079764e-29
-1.8239292e-28
-1.2159528e-28
0
0
-1.2159528e-28
-4.6850017e-56
-3.6478584e-28
-8.5116696e-28
-6.749462e-40
-5.3997424e-40
6.079764e-28
-9.7276224e-28
-7.2957168e-28
3.039882e-28
0
-6.079764e-28
-2.2464679e-52
2.4319056e-28
6.079764e-28
8.5116696e-28
6.079764e-28
2.4319056e-28
0
-1.8239292e-28
-1.3375481e-27
9.7276224e-28
6.079764e-29
-2.4319056e-28
-6.7507835e-41
6.3438575e-43
-4.8638112e-28
3.039882e-28
4.8638112e-28
-8.5116696e-28
5.4717876e-28
7.2957168e-28
-3.6478584e-28
-1.2159528e-28
-1.7563799e-56
5.3999152e-40
3.6478584e-28
-9.7276224e-28
-7.2957168e-28
0
6.079764e-28
-2.6997848e-40
9.7276224e-28
0
2.4319056e-28
8.5116696e-28
3.6478584e-28
0
6.079764e-28
-5.3997424e-40
3.6478584e-28
-7.2957168e-28
-7.2957168e-28
1.0943575e-27
7.2957168e-28
-1.2159528e-28
2.6997848e-40
4.6836798e-56
3.039882e-28
4.7246234e-40
-2.4319056e-28
-3.4559457e-44
6.079764e-29
4.0499364e-40
8.0996999e-40
-1.2159528e-28
-3.039882e-28
-1.2159528e-28
4.8638112e-28
-4.8638112e-28
-2.4319056e-28
-4.8638112e-28
-4.8638112e-28
-8.0998727e-40
3.6478584e-28
4.6757548e-42
-1.8239292e-28
2.4319056e-28
6.079764e-29
-3.6478584e-28
-6.7034597e-40
9.3673596e-56
-2.4319056e-28
2.4319056e-28
2.4319056e-28
-1.0125489e-39
-4.8638112e-28
1.2159528e-28
-7.2957168e-28
3.6478584e-28
-6.079764e-28
-2.6997848e-40
2.4319056e-28
1.2159528e-28
-1.350238e-40
-1.2159528e-28
-1.8734719e-55
2.7647566e-43
3.039882e-28
-1.3499788e-40
2.4319056e-28
-1.0800521e-39
-4.8638112e-28
0
6.079764e-28
2.4319056e-28
0
1.2159528e-28
4.8638112e-28
-2.4319056e-28
-2.4319056e-28
4.8638112e-28
1.2159528e-28
2.4319056e-28
-7.2957168e-28
-2.4319056e-28
2.0256934e-39
3.039882e-28
1.2159528e-28
-4.8638112e-28
1.2159528e-28
-4.8638112e-28
1.2159528e-28
0
2.4319056e-28
1.2159528e-28
-1.2159528e-28
-1.2159528e-28
1.3499444e-40
-1.8239292e-28
6.7503259e-41
-4.6836798e-56
2.0250114e-40
-3.374731e-40
-4.0501956e-40
-2.6990936e-40
3.039882e-28
2.0229929e-40
4.8638112e-28
-1.2159528e-28
3.6478584e-28
1.0124625e-39
-3.6478584e-28
1.079983e-39
1.3500652e-39
1.2159528e-28
5.3709116e-40
-5.4265774e-40
1.2159528e-28
1.8239292e-28
-4.8638112e-28
2.4319056e-28
6.079764e-29
0
1.8239292e-28
-1.822588e-39
-1.7023339e-27
-7.4263089e-40
3.039882e-28
-1.2159528e-28
1.2150587e-39
-1.2159528e-28
-4.0500228e-40
-1.8239292e-28
1.8239292e-28
1.2159528e-28
-2.4319056e-28
-4.2558348e-28
-5.3995696e-40
-1.2159528e-28
-4.0501956e-40
2.4319056e-28
-4.0635162e-40
-3.039882e-28
-1.8239292e-28
3.6478584e-28
8.0998727e-40
-5.4717876e-28
2.4319056e-28
5.4002607e-40
-3.039882e-28
1.8239292e-28
-1.2159528e-28
-2.4319056e-28
4.050714e-40
-3.6478584e-28
0
0
-6.079764e-29
6.079764e-29
2.696823e-40
6.079764e-29
-7.2957168e-28
-2.6998712e-39
1.8239292e-28
6.079764e-29
0
0
0
-6.079764e-28
-2.4319056e-28
1.0943575e-27
1.3375481e-27
-8.5116696e-28
6.079764e-29
-1.2159528e-28
-1.2159528e-28
-1.2159528e-28
-1.8239292e-28
4.8638112e-28
6.079764e-29
-2.4319056e-28
-4.0501956e-40
6.079764e-29
0
3.6478584e-28
-2.4319056e-28
-2.0383187e-40
3.6478584e-28
3.4559457e-44
1.3500652e-40
-4.8638112e-28
-8.6398642e-45
1.2159528e-28
-2.4319056e-28
1.2159528e-28
-1.2159528e-28
5.3995696e-40
-2.6994392e-40
5.1839185e-44
5.4002607e-40
-6.079764e-29
2.6997848e-40
6.079764e-29
0
0
-2.4319056e-28
6.079764e-29
1.2159528e-28
3.039882e-28
-5.4717876e-28
6.7503259e-40
1.2159528e-28
1.8239292e-28
7.2957168e-28
4.2558348e-28
-1.0943575e-27
-3.039882e-28
-2.4319056e-28
-2.0248386e-40
6.079764e-28
9.4504563e-40
-1.0943575e-27
7.2957168e-28
-1.8239292e-28
1.8239292e-28
1.2159528e-28
-3.8487812e-43
-2.4319056e-28
-5.4717876e-28
6.6877404e-28
3.6478584e-28
2.4319056e-28
-1.8899703e-39
-5.4717876e-28
7.2957168e-28
-1.3491945e-40
-1.6197672e-39
-4.8638112e-28
6.079764e-28
1.8239292e-28
5.6622214e-44
-1.8239292e-28
2.123333e-44
-1.8239292e-28
-1.2159528e-28
-3.6478584e-28
-5.9935321e-52
-4.8638112e-28
6.079764e-29
-2.4319056e-28
-6.7429533e-41
1.8239292e-28
4.8638112e-28
-3.039882e-28
0
-4.2558348e-28
6.079764e-29
-6.7386769e-41
1.3498924e-40
-7.2957168e-28
1.2159528e-28
-6.079764e-29
1.2159528e-28
1.8239292e-28
-2.4319056e-28
-2.4319056e-28
-1.8239292e-28
-4.8638112e-28
0
-4.2558348e-28
0
1.343459e-40
3.4559457e-44
-3.6478584e-28
0
1.8239292e-28
4.053176e-29
)
;

boundaryField
{
    leftSide
    {
        type            calculated;
        value           uniform 0;
    }
    rightSide
    {
        type            calculated;
        value           uniform -9.658821e-30;
    }
    emptywalls
    {
        type            empty;
    }
}


// ************************************************************************* //
