/*--------------------------------*- C++ -*----------------------------------*\
  =========                 |
  \\      /  F ield         | OpenFOAM: The Open Source CFD Toolbox
   \\    /   O peration     | Website:  https://openfoam.org
    \\  /    A nd           | Version:  7
     \\/     M anipulation  |
\*---------------------------------------------------------------------------*/
FoamFile
{
    version     2.0;
    format      ascii;
    class       volScalarField;
    location    "0.00202";
    object      Uz;
}
// * * * * * * * * * * * * * * * * * * * * * * * * * * * * * * * * * * * * * //

dimensions      [0 1 -1 0 0 0 0];

internalField   nonuniform List<scalar> 
5000
(
0
0
0
0
0
-4.8569891e-21
-1.0462209e-35
1.5196269e-20
5.1358635e-21
-1.0185416e-20
-1.0035311e-20
4.9561203e-21
-4.1943616e-35
-4.3393379e-35
9.8859539e-21
-9.8955816e-21
-7.9280836e-51
-4.3350717e-35
-4.8888558e-21
9.705982e-21
4.819391e-21
0
0
-4.8043648e-21
4.1124711e-35
-3.9847799e-35
-4.8393224e-21
4.8221436e-21
4.7945381e-21
-4.7710023e-21
8.2654749e-35
-3.9984423e-35
-4.6793348e-21
4.3958765e-21
4.3136967e-21
0
0
-4.6342661e-21
-4.6384715e-21
4.6768648e-21
-7.7862432e-35
-4.6203957e-21
4.6409615e-21
-7.873743e-35
-4.6291186e-21
4.5919927e-21
-1.5743534e-34
1.5618107e-34
-1.5475312e-34
7.6021099e-35
4.4721989e-21
0
0
0
0
0
0
0
0
0
0
0
0
-4.0918639e-21
-4.119984e-21
4.0608693e-21
-6.7838641e-35
8.362769e-52
3.8313257e-21
0
0
-3.8919935e-21
-3.8181202e-21
0
3.6667786e-21
1.2378042e-34
-3.5143266e-21
-3.5005994e-21
3.4973578e-21
6.8437586e-21
-6.6096971e-21
1.7949349e-36
9.2486131e-21
-6.2636473e-21
-3.3108166e-34
6.3418095e-21
-9.2005541e-21
2.9232087e-21
2.7551717e-21
-2.6485556e-21
2.6646963e-21
2.7099269e-21
9.5141741e-35
-5.3977416e-21
-1.8163507e-34
-2.5234588e-21
-2.3425933e-21
-7.9354651e-35
1.6248006e-34
4.7819212e-21
2.3942116e-21
-2.3495296e-21
3.2126441e-37
2.2034078e-21
0
-2.250701e-21
-7.9399755e-35
2.2439014e-21
-2.1436557e-21
-2.0554089e-21
3.782132e-21
1.8897455e-21
-6.1968868e-21
-2.1626273e-21
6.6034269e-21
-2.2084814e-21
-2.1810607e-21
-1.1833094e-36
-2.060101e-21
6.483248e-21
-1.5752874e-34
-4.5983125e-21
4.5727625e-21
2.2044872e-21
-2.1820027e-21
2.2703974e-21
-2.3732996e-21
-4.8671194e-21
2.4405644e-21
8.3152955e-35
2.3946933e-21
4.8785937e-21
-2.5255331e-21
-2.5756183e-21
-2.5756127e-21
-8.9053576e-35
-8.6880013e-35
8.7280421e-35
5.1977572e-21
2.6831219e-21
-2.7181378e-21
-5.3755956e-21
-2.6099306e-21
-2.5641994e-21
1.8144629e-34
5.4399922e-21
-7.9177261e-37
7.9169228e-37
4.7097243e-51
2.7253582e-21
-1.8960881e-34
3.8583619e-34
2.7959358e-21
-2.7907346e-21
2.7470752e-21
9.4769145e-35
-2.7710831e-21
2.8213163e-21
-4.0008229e-37
-2.7546533e-21
0
2.7466048e-21
1.9438856e-34
-5.6858901e-21
2.8065433e-21
-7.6863939e-37
-2.6583076e-21
2.7247795e-21
-2.8358649e-21
2.8800619e-21
-1.1895366e-33
-7.7724725e-34
2.7157215e-21
-5.3954974e-21
0
-1.9849102e-34
-6.008827e-34
2.8537684e-21
2.772072e-21
1.8882388e-34
-2.7996738e-21
2.874994e-21
1.9994447e-34
1.2245622e-36
3.8554644e-34
-5.50075e-21
2.8171949e-21
2.895127e-21
-2.0111193e-34
1.9919662e-34
-5.8437147e-34
1.9212021e-34
-2.8385321e-21
0
0
0
0
-2.8059675e-21
5.9521308e-34
2.8974302e-21
2.8790522e-21
-2.8072809e-21
-2.7847035e-21
5.671571e-21
2.006734e-34
-5.99605e-34
-2.8287428e-21
-2.7857783e-21
2.7888448e-21
0
2.8309431e-21
1.924443e-34
-2.7394396e-21
-2.7510177e-21
3.8726205e-34
2.7771877e-21
-5.457071e-21
2.6457356e-21
2.6272815e-21
-2.689628e-21
2.7500873e-21
0
0
0
2.5109819e-21
-2.5313055e-21
-5.2236096e-21
2.645386e-21
-1.8141534e-34
2.5495232e-21
2.4865129e-21
-4.9524633e-21
7.1874241e-37
-7.292815e-37
2.5285707e-21
2.4603857e-21
-4.8135707e-21
3.4317346e-37
-5.1831048e-34
2.5186864e-21
-1.3774675e-33
-3.3338754e-34
2.3151791e-21
-2.3125026e-21
0
-2.4912572e-21
2.5178253e-21
2.4773599e-21
-2.411233e-21
0
-2.3412205e-21
2.4074283e-21
2.4812987e-21
-8.7078463e-34
-4.9044155e-21
-4.7172296e-21
6.9782828e-21
4.7812395e-21
0
-5.0750099e-21
-2.4707842e-21
2.3698823e-21
2.2754254e-21
2.2992414e-21
-4.8484702e-21
-5.0012016e-21
2.4705729e-21
4.7947586e-21
6.5325411e-34
-4.733312e-21
2.3922046e-21
-3.2948044e-34
-2.3080893e-21
4.4343537e-21
-2.2124092e-21
3.1916625e-34
2.3234288e-21
-2.2658393e-21
2.154537e-21
-4.0683931e-21
8.5018184e-34
4.2875076e-21
-4.4475766e-21
-1.531121e-34
2.0863435e-21
0
0
1.9030432e-21
-2.0237043e-21
-4.1598639e-21
2.067111e-21
-5.7381937e-37
1.9645735e-21
1.9073566e-21
-1.8495827e-21
0
-1.8681248e-21
-1.9505655e-21
0
3.9852818e-21
1.9414751e-21
-3.8181269e-21
1.2954674e-34
-5.1793213e-37
1.8289822e-21
1.9146099e-21
-1.9997049e-21
2.0178606e-21
-1.9230537e-21
1.0070009e-36
3.5418653e-21
-1.9141543e-21
-2.0465302e-21
-2.0786683e-21
-2.8045727e-34
1.9292358e-21
0
0
-1.9831175e-21
2.8481107e-34
-5.6083512e-34
-2.7004328e-34
1.8785918e-21
-1.8891489e-21
2.7732312e-37
1.9244035e-21
0
0
0
0
0
0
0
-1.706901e-21
0
1.6781323e-21
0
-1.3906857e-21
-3.9701807e-34
1.5626782e-21
0
0
-1.4791403e-21
-1.8844834e-34
1.2804855e-21
0
0
-1.4813753e-21
-1.3092172e-21
1.0350223e-21
1.0489041e-21
0
-1.3759907e-21
1.9759446e-37
1.3670648e-21
-1.3691549e-21
-1.3677984e-21
1.2436051e-21
1.0652569e-21
0
-1.2700445e-21
-1.3971229e-21
1.4552158e-21
1.4284139e-21
0
-1.0718483e-21
-1.0486936e-21
1.1887322e-21
1.3258893e-21
0
0
0
0
0
0
0
0
-1.0838155e-21
-2.4990511e-49
6.1300874e-22
0
0
0
-8.9385141e-22
-1.2323367e-34
8.433536e-22
-6.1200691e-22
2.1474322e-35
-2.3008735e-40
-3.2342528e-35
4.6168214e-22
-4.8737068e-22
4.2942462e-22
-2.611817e-34
-5.6924799e-22
5.8757867e-22
0
0
-1.8442378e-22
-4.6590211e-35
5.0486977e-22
-5.7930178e-22
-5.3249202e-22
0
2.4327812e-23
1.076285e-22
-3.5468933e-22
-1.4968517e-34
-1.3380812e-50
-7.8010241e-35
1.9400417e-22
-1.0207922e-24
1.8320194e-49
-5.0776384e-35
-5.7022912e-22
0
0
5.1112854e-22
-9.6508066e-39
1.5121916e-34
-1.9129155e-22
0
0
-3.9713599e-22
1.3788159e-34
3.9676814e-22
0
0
0
-1.0693794e-22
4.3647025e-38
4.2954385e-22
-2.5461362e-22
-4.1856215e-22
2.4088684e-34
1.3655484e-21
-2.8110719e-22
-2.2532001e-35
-1.1460699e-35
5.5057392e-35
6.0512001e-22
0
0
-3.0554089e-22
-8.7291615e-35
2.7512799e-34
-1.3535149e-50
6.7170818e-22
-4.7302227e-22
-3.3712618e-22
0
6.6893876e-22
2.0623242e-34
-1.9143167e-21
0
0
8.2537349e-22
-2.0561149e-37
3.2497604e-50
1.8509493e-21
-2.1448821e-21
2.5043121e-34
-1.9953168e-34
4.2694861e-34
2.1251634e-21
-2.5825881e-21
6.9821097e-34
-6.2420121e-34
5.9400178e-34
2.1984531e-21
-2.8184782e-21
1.0463441e-33
-5.5497791e-34
0
3.2296471e-21
-3.2019649e-21
4.6392642e-34
-6.0363031e-37
7.7825598e-34
-9.1075869e-34
-6.4258123e-21
5.7491849e-21
5.6496643e-21
-5.7080546e-21
-5.8716882e-21
0
7.7628762e-21
8.9675124e-21
0
-8.5403574e-21
1.1370157e-33
-1.1948555e-36
-1.2139177e-33
9.4898503e-21
-1.0649001e-20
-1.6435002e-33
3.3630263e-33
1.183127e-20
1.1903414e-20
-2.4975097e-20
1.940739e-36
-2.0676374e-33
-1.536302e-20
1.5253764e-20
-2.1522615e-33
-1.6285889e-20
0
0
0
1.9468784e-20
2.0430434e-20
-2.1920314e-20
-2.2928363e-20
0
2.3352925e-20
2.4129796e-20
-2.5648037e-20
-2.7593813e-20
0
2.9325738e-20
2.9549369e-20
-3.0422288e-20
-8.8635062e-33
3.3899886e-20
0
0
0
0
-4.0452811e-20
1.1754079e-32
4.4429787e-20
-4.6185712e-20
-6.6045248e-33
6.7895214e-33
7.7695686e-50
-5.2674094e-20
-5.4851204e-20
1.1330078e-19
8.0711699e-33
-8.2973335e-33
6.20301e-20
0
-6.734752e-20
-6.9781444e-20
7.1703568e-20
2.033314e-32
-7.5209389e-20
0
0
8.4311208e-20
-1.2127294e-32
-9.0142876e-20
0
9.4880455e-20
-1.3932502e-35
2.8267905e-32
1.4649243e-32
-1.0897707e-19
1.119048e-19
-1.6335371e-35
3.2934094e-32
1.2289784e-19
-1.2743886e-19
-3.6591403e-32
-1.9286485e-35
1.936676e-32
1.435586e-19
-1.4815892e-19
0
8.7964732e-32
2.2687414e-32
7.0126478e-32
2.4652512e-35
1.7867282e-19
-1.8428249e-19
1.1368821e-48
2.7269441e-32
-5.6264514e-32
2.9006051e-32
-4.3078344e-19
2.220889e-19
2.2894649e-19
3.2752322e-32
-3.3736968e-32
-5.0071154e-19
2.5809192e-19
2.6616758e-19
3.9937794e-49
0
4.1239555e-49
2.9959041e-19
-3.0854323e-19
4.526089e-49
4.5460707e-32
4.796858e-35
3.471825e-19
-7.1373759e-19
-1.0191097e-31
3.778402e-19
-5.3985401e-32
5.5587889e-32
-4.1218451e-19
4.2346595e-19
-2.2775291e-48
1.8622587e-31
-1.276644e-31
1.3114454e-31
1.3489325e-31
6.4969182e-49
0
-5.2625075e-19
0
0
5.6906472e-19
1.6221059e-31
-5.9951595e-19
0
0
1.2931081e-18
5.5183423e-31
-1.359281e-18
6.9670469e-19
-1.014595e-34
1.0154456e-31
7.4905222e-19
0
0
0
8.2334852e-19
2.3374152e-31
-8.6217082e-19
0
0
9.228123e-19
-1.3409987e-34
-9.6471297e-19
0
0
1.0296973e-18
2.918471e-31
2.9860129e-31
-3.0481025e-31
-1.120825e-18
1.1442542e-18
-3.2419e-31
3.3091984e-31
-3.3756106e-31
-1.2416401e-18
0
0
1.3174655e-18
-3.1414529e-47
-1.3698731e-18
0
0
1.45038e-18
-2.1207578e-47
-1.5054741e-18
0
0
1.5906859e-18
-2.2416309e-47
-1.6489429e-18
0
0
1.7381338e-18
-2.5131839e-34
-1.799172e-18
1.8301506e-18
-5.1715054e-31
5.2593164e-31
-5.3451053e-31
-1.9569484e-18
0
0
0
0
0
2.154885e-18
-6.074862e-31
-2.2228742e-18
0
0
0
0
0
0
0
2.5045019e-18
-1.4102363e-30
-2.5770405e-18
0
0
0
0
0
0
0
2.876177e-18
-8.0886719e-31
-2.9527972e-18
0
0
3.0687218e-18
-8.6339802e-31
-3.146914e-18
0
0
0
3.3049189e-18
9.292103e-31
-3.3844005e-18
0
0
0
0
0
0
0
3.7065842e-18
-5.3251163e-34
-3.7880249e-18
0
0
0
0
0
0
0
4.1141782e-18
5.9045892e-34
-4.1957121e-18
0
0
0
4.3584768e-18
-2.4424222e-30
-4.4394704e-18
0
4.5202251e-18
1.2670389e-30
-4.6009291e-18
0
0
4.7209043e-18
4.760686e-18
-4.8004207e-18
-4.8400491e-18
0
0
0
0
-5.0358357e-18
7.2113778e-34
1.0226122e-17
5.151376e-18
-1.0379093e-17
-1.0455155e-17
5.265416e-18
5.3030067e-18
0
0
0
0
5.4878759e-18
1.5347321e-30
-5.5601617e-18
0
0
0
0
0
0
0
0
0
0
0
0
0
0
6.0693821e-18
-3.3881837e-30
-6.1320194e-18
0
0
-6.2240596e-18
1.7366441e-30
-8.9297319e-34
6.3129504e-18
6.3418255e-18
3.536976e-30
-1.7777155e-30
-6.4267466e-18
0
0
0
0
0
6.5865164e-18
-3.6710563e-30
-6.6369268e-18
0
0
0
0
0
0
0
6.8227668e-18
-3.7991376e-30
-6.865459e-18
0
0
0
0
0
0
0
7.0191792e-18
-5.8596481e-30
-7.0533166e-18
0
0
0
0
0
0
0
0
7.1867176e-18
-1.023105e-33
-7.2117537e-18
0
0
0
0
7.266397e-18
-7.2760111e-18
-7.2851823e-18
1.4587912e-17
2.0277144e-30
-7.3102919e-18
0
0
0
0
7.3430225e-18
-2.0394545e-30
-1.4706491e-17
7.3575821e-18
7.3614519e-18
-7.3649235e-18
0
0
0
7.3747267e-18
2.0460707e-30
-7.3768609e-18
-7.377356e-18
7.3774273e-18
7.3770124e-18
-7.3761337e-18
0
0
7.3708863e-18
7.3683125e-18
-7.3653201e-18
-7.361892e-18
-7.3580313e-18
-4.0839847e-30
7.3490885e-18
0
0
0
7.3263167e-18
7.319585e-18
-7.3124697e-18
-7.3049724e-18
-7.2970796e-18
-2.0229119e-30
7.2800581e-18
0
0
0
7.2414135e-18
-2.0068258e-30
-7.2198198e-18
0
0
0
0
0
0
0
7.1187185e-18
-1.9717625e-30
-1.4179767e-17
-1.9645743e-30
7.0597044e-18
0
0
7.0120088e-18
-9.9411391e-34
1.9378134e-30
-1.9320515e-30
-6.9438959e-18
-6.9260929e-18
1.9182124e-30
6.8896056e-18
0
0
6.8327069e-18
-5.6736935e-30
-1.885406e-30
9.6253593e-34
-6.7529121e-18
6.732321e-18
6.7114567e-18
-1.3380639e-17
3.6998678e-30
6.647311e-18
-6.6254701e-18
0
6.5811012e-18
1.8221116e-30
-6.5357698e-18
0
6.4895832e-18
-6.4662016e-18
7.1541217e-30
6.4188382e-18
-6.3948458e-18
0
6.3462962e-18
0
-6.2970713e-18
0
6.2471631e-18
-6.2219631e-18
3.4378322e-30
6.1711285e-18
-6.1454924e-18
0
6.0937876e-18
1.6848913e-30
-6.0415856e-18
0
5.9889184e-18
-5.9623994e-18
1.6870472e-33
5.9090472e-18
-5.8822428e-18
0
5.8283683e-18
5.8012904e-18
-5.7741302e-18
-5.7469037e-18
5.7196214e-18
-5.6922784e-18
-5.6648672e-18
5.6373912e-18
0
0
0
0
0
0
5.4439329e-18
1.3376406e-48
-1.0776846e-17
5.3606596e-18
5.3328757e-18
-5.3050704e-18
0
0
5.2216795e-18
5.1939217e-18
-5.1661755e-18
-5.13843e-18
0
5.0829722e-18
1.4044729e-30
-5.0276614e-18
0
0
4.9449955e-18
4.9174932e-18
-4.890034e-18
-4.8626346e-18
0
4.8080378e-18
-1.3275424e-30
-4.7536778e-18
4.7265655e-18
2.60992e-30
6.6400553e-34
4.6456188e-18
-4.6187967e-18
-4.5920573e-18
0
0
4.5122705e-18
-1.2449863e-30
-4.4594644e-18
0
4.4070228e-18
4.3809362e-18
-4.354936e-18
-4.3290223e-18
0
0
0
0
0
0
4.1503092e-18
-1.1448937e-30
-4.1001499e-18
0
0
0
0
0
0
3.9277783e-18
1.1640504e-48
-3.8794554e-18
-3.8554503e-18
-1.0628582e-30
3.8077717e-18
0
0
0
0
3.6903723e-18
1.0177913e-30
-3.6441562e-18
3.6211932e-18
3.5983283e-18
-3.5755679e-18
1.9721379e-30
2.9399339e-30
2.9202389e-30
-9.6836398e-31
1.9233721e-30
-9.5504208e-31
-3.419059e-18
0
3.3752239e-18
-2.7921237e-30
4.7347062e-34
3.3101565e-18
-3.2886533e-18
-3.2672409e-18
3.2459174e-18
-8.9497229e-31
2.6664e-30
1.7669674e-30
1.7539694e-30
-8.7118648e-31
1.73171e-30
3.099044e-18
-3.0784073e-18
-3.0578481e-18
3.0373553e-18
-8.3688361e-31
3.3266532e-30
8.2603638e-31
-8.2085323e-31
-8.1443569e-31
-8.0929221e-31
2.8959921e-18
0
-2.8562207e-18
7.8721904e-31
3.7906044e-48
-2.7970862e-18
0
2.7579973e-18
-2.7385359e-18
-2.7191309e-18
2.6997853e-18
0
0
0
0
2.6039406e-18
-7.1741619e-31
1.4246751e-30
-2.5470744e-18
-2.5282267e-18
2.5094261e-18
0
0
0
0
2.4161466e-18
3.4072415e-34
-2.3791596e-18
0
0
0
0
0
0
0
2.2329618e-18
2.2148764e-18
-2.1968365e-18
-2.1788396e-18
0
0
0
0
0
0
2.0539896e-18
2.0363115e-18
-2.0186747e-18
-2.0010847e-18
0
0
0
0
0
0
1.8791387e-18
1.8618914e-18
-1.8446852e-18
-1.8275206e-18
0
0
0
0
0
0
1.7086864e-18
-9.3937659e-31
-1.6751807e-18
0
0
0
0
0
0
1.5595295e-18
-4.2852416e-31
-1.5269899e-18
0
0
0
0
1.446674e-18
2.0332751e-34
-1.4149801e-18
1.3992439e-18
7.5308481e-49
-1.3679648e-18
1.3524175e-18
-7.424806e-31
-1.3215242e-18
1.3061928e-18
7.1675432e-31
7.0832803e-31
1.161281e-47
6.9141396e-31
3.4137828e-31
-1.2157642e-18
1.200961e-18
1.1862468e-18
-2.3432306e-18
6.4192789e-31
2.2851655e-18
0
-1.1138647e-18
3.0534812e-31
3.0157883e-31
8.9196889e-31
8.8050209e-31
5.7900543e-31
-8.5747562e-31
5.6390452e-31
-2.7853538e-31
-9.8906702e-19
0
9.6235003e-19
1.3487945e-34
7.7919601e-31
7.6847919e-31
-1.2932458e-34
-4.9802133e-31
2.4560428e-31
8.7185876e-19
0
-8.4689669e-19
4.6324594e-31
1.1686071e-34
-8.1021282e-19
0
7.8628607e-19
-7.7447562e-19
-7.62767e-19
7.5116556e-19
0
0
7.1700968e-19
-7.8367895e-31
3.8544184e-31
-3.7964717e-31
1.8695455e-31
-6.6219476e-19
-6.5157092e-19
6.4105192e-19
0
0
0
0
5.9001454e-19
1.610935e-31
6.3320579e-31
-5.6072517e-19
-5.5118217e-19
5.4174688e-19
0
0
0
0
4.9615434e-19
4.8736946e-19
-4.7869262e-19
-4.7012073e-19
0
0
0
0
0
0
4.1306212e-19
4.0533129e-19
-3.9769882e-19
-3.901682e-19
0
0
0
0
0
0
3.4034336e-19
-2.77826e-31
-6.5400938e-19
3.2048653e-19
9.4219204e-19
3.0773437e-19
0
-5.9069641e-19
3.2124613e-31
9.4358447e-31
2.7748574e-19
5.4343734e-19
-5.3207936e-19
2.6044631e-19
2.5494001e-19
-2.4952447e-19
2.4420019e-19
-3.3958918e-35
-2.3381484e-19
-2.287477e-19
2.2376162e-19
2.1885773e-19
-2.1403769e-19
2.0930117e-19
2.9081952e-35
-2.0007049e-19
0
0
0
-3.6509998e-19
1.7835953e-19
3.4848423e-19
-1.7019893e-19
1.6623048e-19
1.6233582e-19
-3.1702583e-19
-1.4330722e-48
1.5107199e-19
-1.4745323e-19
-2.8780728e-19
-1.404226e-19
4.1102421e-19
-1.3365763e-19
-1.6936566e-47
3.8143142e-19
-2.4796068e-19
-1.2087855e-19
-1.1783783e-19
-2.2971665e-19
2.2387917e-19
1.0908086e-19
1.0628057e-19
-1.0353481e-19
-1.008408e-19
2.9460051e-19
-9.5615292e-20
-9.3086382e-20
9.0611308e-20
8.8186986e-20
1.2194749e-35
-2.5046909e-19
8.1217485e-20
-1.3152429e-31
1.2794837e-31
2.2406997e-19
-7.2599656e-20
-7.0556906e-20
-1.371292e-19
6.6621333e-20
1.2945025e-19
-1.257404e-19
6.1049334e-20
-5.9262937e-20
-5.7517701e-20
1.674543e-19
-5.4163052e-20
-5.2549792e-20
1.019516e-19
4.9436324e-20
-4.7927505e-20
-1.3935284e-19
4.501111e-20
1.7444002e-19
-2.3449916e-32
-8.1837085e-20
-3.9624412e-20
0
-7.4244072e-20
-7.9730702e-32
1.0421883e-19
-3.3597789e-20
7.2132892e-32
-3.1406937e-20
-3.0351145e-20
5.8639469e-20
0
0
0
2.5477035e-20
-1.3649603e-32
-4.7424128e-20
2.2861166e-20
4.4068496e-20
-6.369245e-20
6.8116562e-32
3.939558e-20
-1.8964246e-20
0
0
0
-3.2474194e-20
1.560188e-20
2.9974045e-20
-4.3172965e-20
3.9262082e-36
2.6511501e-20
0
0
1.1673534e-20
-6.2066689e-33
-2.1404022e-20
1.0243503e-20
1.9600913e-20
-2.8104451e-20
1.4894336e-32
1.7072876e-20
-8.1420254e-21
7.7628482e-21
-1.479664e-20
-7.0471918e-21
2.2337446e-32
6.3780548e-21
1.2116715e-20
-1.7247837e-20
3.0987658e-36
5.1649831e-21
-2.7143522e-33
4.6251871e-21
4.3683173e-21
-2.2865832e-33
-1.163886e-20
1.0374164e-36
1.0294777e-20
-6.4440236e-21
-4.6902584e-49
5.6348451e-21
-2.6246374e-21
2.4408147e-21
-4.53565e-21
-2.1054513e-21
4.3260043e-33
1.791717e-21
3.2767686e-21
1.4916924e-21
1.3533719e-21
-3.6756592e-21
0
9.899587e-22
4.8480189e-34
-4.2137717e-34
3.6087609e-34
-5.485036e-22
5.0562243e-34
-3.698653e-22
9.5351317e-34
6.0616248e-22
-2.3872177e-22
-1.2238559e-22
3.1216041e-23
-2.8765044e-22
-3.097018e-22
6.3696018e-22
-2.7085363e-22
-9.8483646e-22
0
0
4.7264617e-22
5.0897038e-22
0
-5.8273045e-22
-6.1917493e-22
1.3106261e-21
-1.5231161e-33
-2.124802e-21
8.0693818e-34
7.4569047e-22
7.645807e-22
7.8419298e-22
-8.0533715e-22
-8.2194753e-22
8.2998966e-22
2.5031505e-21
-8.3852025e-22
-3.3699621e-21
8.4832612e-22
1.7122984e-21
8.6091497e-22
0
-8.5337989e-22
0
-8.4006371e-22
8.3588789e-22
-1.845274e-33
8.2190342e-22
-2.694658e-33
-2.3811052e-21
7.7863491e-22
7.671474e-22
-7.5765209e-22
-7.4524893e-22
7.2666123e-22
2.1150908e-21
-6.8334315e-22
-2.6519439e-21
1.0745947e-33
6.2709503e-22
1.2104242e-21
5.8017612e-22
-1.1104832e-21
-2.9558128e-34
-7.2667922e-38
4.8795553e-22
-1.0198097e-33
-4.2871354e-22
1.2012488e-21
-4.1727249e-34
-7.0773863e-22
0
0
-2.702449e-22
1.3219402e-34
4.1950189e-22
-1.8487479e-22
-3.2170767e-22
-1.3462805e-22
1.1637635e-34
2.1773293e-22
4.1169273e-23
-1.3254949e-23
-2.2474637e-23
1.9963687e-38
2.0246939e-34
8.8863704e-23
2.382014e-22
-4.4737648e-22
1.9527722e-34
3.9796364e-22
0
0
-5.4071262e-22
6.6052195e-34
3.5764651e-34
9.7583115e-38
1.0889443e-21
7.6690509e-22
-6.7694483e-34
-1.291753e-21
-4.5104243e-22
4.6670606e-22
-9.6172525e-22
-5.5102871e-34
1.7169747e-33
5.3709056e-22
1.1115022e-21
-1.7035408e-21
5.7567686e-22
5.8457609e-22
-5.9639515e-22
6.1174384e-22
-1.2557489e-21
7.0818979e-34
6.4122854e-22
9.1391297e-38
1.2947102e-21
-1.3108364e-21
1.1089533e-33
1.349248e-21
-6.7607101e-22
0
6.6749921e-22
3.6965767e-34
-2.0052268e-21
6.7264749e-22
1.3464423e-21
6.6661437e-22
6.557921e-22
-6.462365e-22
-6.3942886e-22
-6.3586336e-22
6.3355434e-22
-3.4766503e-34
3.3960849e-34
-5.9465448e-22
6.4312986e-34
-5.668023e-22
1.8569957e-33
1.6468969e-21
-1.0705095e-21
-8.356331e-51
4.9215622e-22
5.2306866e-34
-2.5188059e-34
-1.3179762e-21
4.2463158e-22
1.212442e-21
0
0
-3.247372e-22
-3.030934e-22
-5.7055409e-22
2.670862e-22
4.8504742e-22
-4.233996e-22
1.7948889e-22
4.4875094e-22
-1.2343238e-22
-1.0125985e-22
-7.9950381e-23
-5.4211899e-23
4.5662285e-23
-1.075787e-23
4.3627308e-23
2.2127804e-22
-9.9910297e-23
1.3040665e-49
-2.5288598e-34
-3.6571129e-22
4.3169725e-22
4.9801097e-22
-2.7960262e-22
-6.1252734e-22
6.6344801e-22
3.596611e-22
-1.1715565e-21
-1.2693682e-21
4.5570511e-22
9.6910071e-22
5.0864402e-22
-2.9563171e-34
-1.1180881e-21
-5.8817342e-22
6.2055425e-22
1.3075287e-21
-9.67858e-38
-1.4008884e-21
1.4378327e-21
-1.2304292e-33
-1.523838e-21
7.9185408e-22
1.6496723e-21
1.7074511e-21
0
-8.9104067e-22
-2.7221943e-21
-9.2407215e-22
9.413963e-22
0
0
0
0
-1.0439577e-21
5.8739182e-34
3.2161034e-21
-1.0855408e-21
-3.2960614e-21
-1.1096675e-21
1.8647437e-33
2.2663253e-21
1.1462801e-21
-1.1556484e-21
2.3253657e-21
1.1654215e-21
-3.8778138e-33
-1.1675459e-21
-2.3631463e-21
3.5809953e-21
-3.4083369e-37
-1.2008857e-21
1.6929746e-37
-1.1787154e-21
-1.1799621e-21
1.3264643e-33
3.6210823e-21
-3.4411301e-37
-3.6223607e-21
-2.392131e-21
6.5454933e-34
2.3441762e-21
1.1789645e-21
-1.1865704e-21
2.3763086e-21
1.1825586e-21
-3.8964366e-33
-1.1542444e-21
-2.2870437e-21
3.4304177e-21
-1.269459e-33
-1.1380517e-21
-1.1288419e-21
-1.1117003e-21
-6.0695371e-34
6.025286e-34
2.1716414e-21
6.0096828e-34
-2.1431024e-21
2.1134043e-21
-5.1795518e-33
-3.055639e-21
2.0239268e-21
-1.1236066e-33
-2.0134153e-21
9.9275643e-22
9.7606815e-22
1.9129422e-21
-9.3928108e-22
-2.79493e-21
0
0
0
2.6832537e-21
2.6303242e-21
-2.5844126e-21
-2.5581777e-21
1.6969882e-21
-2.3910783e-37
8.2868111e-22
-2.7119259e-33
-2.3953735e-21
2.3568195e-21
-3.8931501e-33
-1.5530981e-21
-4.2696985e-34
4.1944613e-34
1.479211e-21
-7.2390281e-22
7.1306551e-22
-2.3648824e-33
-2.1314983e-21
2.1268272e-21
7.0133153e-22
-1.5283461e-33
1.3511357e-21
-1.3306761e-21
-6.5819212e-22
-6.5500281e-22
-1.9608822e-21
7.2334924e-34
6.4821296e-22
1.9285194e-21
-4.2319617e-33
-1.8824198e-21
0
6.1602288e-22
1.2280352e-21
-6.1449301e-22
6.1511394e-22
-2.0430248e-33
-1.2176109e-21
1.8119379e-21
-1.3339778e-33
-6.6588483e-34
-6.656494e-34
-6.6599154e-34
5.9907853e-22
-1.7930717e-21
-1.7914893e-21
5.9781749e-22
1.1966749e-21
0
-5.9555012e-22
6.5890498e-34
-1.3183161e-33
6.6202955e-34
6.0073898e-22
-6.0330329e-22
-6.015865e-22
1.7970995e-21
-1.5971863e-50
-9.9902424e-34
6.0492242e-22
-6.776552e-34
1.2253137e-21
-1.2186561e-21
-1.2113047e-21
-6.0434176e-22
6.7261479e-34
6.1147106e-22
0
0
0
1.2368269e-21
-6.1924488e-22
-1.2450516e-21
1.8757637e-21
-6.2430972e-22
-1.8588404e-21
1.8430863e-21
-2.038559e-33
-1.23093e-21
1.8720978e-21
1.2639992e-21
0
-1.2550813e-21
-2.0639179e-33
-6.1447379e-22
-1.2244714e-21
6.1413193e-22
0
1.2459068e-21
1.7759292e-37
6.9202846e-34
-6.1910285e-22
-1.8399887e-21
1.8243434e-21
-1.0053233e-33
-1.801144e-21
1.8051048e-21
-3.0263284e-33
-1.2123811e-21
6.0031941e-22
-5.907279e-22
1.1620406e-21
5.7458687e-22
-2.5500197e-33
-5.7878479e-22
-1.1652108e-21
-5.7987086e-22
-5.6943022e-22
1.1161214e-21
5.4860115e-22
0
-5.4408278e-22
3.039671e-34
1.0811697e-51
5.4214243e-22
-1.5070626e-37
5.1895154e-22
6.3124531e-51
-1.5126412e-21
1.5132131e-21
1.5187363e-21
-1.0117365e-21
-9.992422e-22
0
9.5373425e-22
-4.6733219e-22
-1.3817587e-21
1.3734551e-21
-7.6190254e-34
-9.1356743e-22
4.5289043e-22
0
-4.318804e-22
-4.2116344e-22
4.1311851e-22
-6.8070307e-34
8.1605017e-22
2.3166365e-37
-1.2120181e-21
0
1.1533441e-21
7.4877101e-22
-1.1006548e-21
-7.2469347e-22
1.0815142e-21
3.5889887e-22
-1.4217053e-21
-3.4843456e-22
6.7722814e-22
6.5842593e-22
-3.5724626e-34
-3.1691024e-22
-3.1456638e-22
-3.1284604e-22
3.0869111e-22
-3.3433232e-34
5.8469694e-22
-9.4857533e-34
-8.4058967e-22
0
0
5.4143554e-22
-5.8145697e-34
-2.5297727e-22
7.4321677e-22
-2.4641294e-22
-4.1116397e-34
-8.1598696e-34
-7.1281922e-22
2.2577254e-22
-1.1959454e-34
2.3495949e-34
2.1346888e-22
-2.1689483e-22
3.0879083e-38
-1.1723074e-34
2.2078788e-34
1.8719219e-22
0
-1.821557e-22
3.7307131e-22
1.8945366e-22
-3.7515915e-22
0
1.6820503e-22
-1.592727e-22
-3.1292163e-22
4.7715889e-22
-5.4455435e-34
-5.5210329e-34
1.6357192e-22
-4.6867693e-22
2.0829584e-38
1.3994016e-22
1.3921583e-22
-1.4300877e-22
-1.4768696e-22
1.5006368e-22
0
-1.4196753e-22
2.6952178e-22
-2.1831531e-34
-1.3240445e-22
-3.0408271e-34
-3.142998e-34
-4.0912362e-38
-2.8549303e-22
4.1595359e-22
4.0571276e-22
0
-2.7722396e-22
-4.3140617e-22
-2.1100997e-38
1.5048311e-22
1.4917522e-22
-1.4702133e-22
-1.4755112e-22
1.5200425e-22
0
3.3197594e-22
3.4183944e-22
-5.1734249e-22
-1.7176899e-22
1.7273917e-22
-5.0489453e-38
-1.8579163e-22
-3.903302e-22
-2.031204e-22
3.4582549e-34
8.3668292e-22
-7.0493663e-34
-6.5286948e-22
2.2674292e-22
2.3761627e-22
2.4726262e-22
-2.5399666e-22
-2.5897181e-22
-2.6517833e-22
-7.7933546e-38
2.8520514e-22
-2.9572861e-22
9.1045023e-22
6.1732453e-22
-9.444585e-22
3.2516673e-22
6.7913576e-22
-7.1176907e-22
3.6919834e-22
-3.7609899e-22
-7.5637844e-22
1.145767e-21
-3.9152566e-22
1.3580827e-33
1.2835934e-21
-8.9221373e-22
-4.5904196e-22
-4.6627933e-22
-9.423239e-22
4.7846873e-22
-5.6769456e-77
1.0022847e-21
5.1763483e-22
-5.9384437e-34
-5.5056579e-22
-1.1260571e-21
1.1445318e-21
-5.7968065e-22
-1.7638057e-21
1.7916708e-21
6.0810877e-22
7.9719648e-50
6.3999491e-22
-1.9656266e-21
-6.6481701e-22
6.7064557e-22
1.3549743e-21
-6.8414857e-22
6.9223879e-22
-2.3521325e-33
-1.4470952e-21
2.2103024e-21
8.2494943e-34
-3.3154767e-33
1.6656665e-33
-1.5081008e-21
1.5237055e-21
-7.7517898e-22
-3.1521098e-21
7.9591768e-22
1.5993539e-21
0
1.6097979e-21
-1.7917094e-33
-4.6231024e-37
-9.1185505e-34
-8.253519e-22
-8.2619741e-22
8.2468251e-22
8.2240627e-22
-1.6510278e-21
1.6597005e-21
-9.2296312e-34
-1.6592919e-21
1.6459882e-21
2.7125703e-33
-9.003075e-34
-8.1515683e-22
-1.6351324e-21
8.1387791e-22
-8.0658043e-22
4.4067325e-34
7.8040606e-22
1.548674e-21
-7.7543036e-22
-1.5500428e-21
7.6899478e-22
-7.5827789e-22
1.2392694e-33
-7.2885934e-22
-1.5925671e-33
1.4213912e-21
1.4090425e-21
1.5422648e-33
-2.2669016e-33
2.2102646e-33
-6.4594954e-22
-6.3092876e-22
-6.2014537e-22
6.107401e-22
0
0
-5.5882987e-22
2.9863512e-34
7.3806181e-38
5.6182255e-34
4.9464822e-22
0
-4.6005467e-22
-8.7432358e-22
4.1388199e-22
7.8690765e-22
7.5432993e-22
7.2605711e-22
-1.0427819e-21
-1.0952224e-33
9.1992017e-22
-5.6746339e-22
-5.2525618e-22
0
-2.2679759e-22
4.1806674e-22
1.8932156e-22
-3.3555809e-22
-1.4638639e-22
1.411163e-34
3.2967209e-22
-9.3164678e-23
-2.2584464e-22
1.6694796e-22
3.5095609e-23
-4.7530319e-23
-7.3357054e-37
-1.5572775e-23
-6.1980986e-23
-5.3873618e-35
1.3647354e-22
-1.7412582e-22
1.0186918e-22
3.3897e-22
0
-1.3554895e-22
-3.013716e-22
9.3534735e-35
-1.8546037e-22
-3.9590723e-22
4.1179735e-22
4.2522547e-22
0
2.3092002e-22
2.6942855e-34
2.8115209e-34
2.8952576e-34
-7.9912163e-22
-5.4360645e-22
0
5.7137131e-22
6.4559186e-34
2.9271241e-22
8.7916881e-22
-2.9389203e-22
1.6454948e-34
-4.2780199e-38
-3.0489753e-22
-6.0888169e-22
2.9981516e-22
5.8880829e-22
-2.9047754e-22
0
-5.8042027e-22
2.8984505e-22
8.5336335e-22
-2.7481939e-22
-2.6472309e-22
-5.1285911e-22
2.5095215e-22
7.4329745e-22
-2.4335577e-22
2.5982211e-34
4.4128194e-22
-2.0657614e-22
-1.9416642e-22
-3.6891918e-22
-5.3161188e-22
3.3870551e-22
3.1465341e-22
-2.8267957e-22
-1.3798917e-34
2.1727598e-22
-1.9133338e-22
-9.5079673e-35
1.513703e-22
0
-8.7967229e-23
-4.9128449e-23
0
-2.8330183e-23
-2.1740798e-23
-9.4572697e-39
-4.7690897e-23
-6.5792733e-23
-9.5074706e-35
2.1021659e-22
2.4318854e-22
-4.4621261e-34
-2.9093646e-22
3.2024754e-22
5.9476035e-34
-3.9846171e-22
0
0
0
0
5.3228375e-22
3.127375e-34
-6.0295394e-22
-3.2310926e-22
6.8560548e-22
-1.1906814e-33
-7.3251816e-22
7.4586985e-22
4.2408069e-34
-3.9348862e-22
8.1567913e-22
-1.4156037e-33
-8.8343581e-22
9.1252657e-22
9.3459712e-22
-9.4887676e-22
-9.5911257e-22
0
0
0
0
-5.2868717e-22
5.3970939e-22
5.4390521e-22
-6.0405426e-34
-1.8275348e-77
-5.4424309e-22
-1.0996387e-21
-5.6207621e-22
1.1497682e-21
1.7469966e-21
-5.8241922e-22
-1.159067e-21
1.7303756e-21
1.1486052e-21
-1.7259127e-21
-1.1623569e-21
-5.8780096e-22
-6.5731351e-34
1.1829625e-21
0
-5.8248141e-22
5.7739917e-22
-1.271311e-33
-1.6235979e-37
-1.9071286e-33
-5.7319777e-22
-5.7002238e-22
1.6010346e-37
1.1110274e-21
1.0947921e-21
-1.8019843e-33
-1.0776282e-21
0
0
0
-5.1558005e-22
-5.0542365e-22
4.9656922e-22
4.9139072e-22
-4.8809604e-22
9.6544915e-22
1.4204723e-21
0
-9.0393971e-22
-4.9116431e-34
-4.3588976e-22
-1.2886179e-21
4.2146648e-22
-6.84637e-34
7.9938116e-22
-2.5950852e-33
-7.634896e-22
-2.0828076e-34
-5.2166702e-38
3.5529417e-22
-3.424549e-22
6.6273663e-22
3.2326483e-22
-6.3595123e-22
6.2545094e-22
8.6385789e-38
-3.2247333e-34
-2.7620513e-22
-7.9423453e-22
5.1415178e-22
3.9762439e-52
2.4823233e-22
-4.019152e-34
-4.6257721e-22
2.1995493e-22
4.1943277e-22
-2.2380022e-34
-5.8510731e-22
5.3546212e-38
1.8071566e-22
-1.7245207e-22
3.2993021e-22
1.590678e-22
-3.0811987e-22
2.9657318e-22
1.5613076e-34
-7.3161599e-34
2.7547985e-34
-2.3830909e-22
2.3278492e-22
-1.1390383e-22
-2.1934014e-22
1.0266072e-22
-9.4062704e-23
1.7431807e-22
-1.3961084e-34
-2.491264e-22
0
0
2.3158926e-22
7.1490357e-23
-1.3134232e-22
1.2305181e-22
3.3809158e-38
-2.6220009e-34
-6.5914325e-35
-1.1914029e-22
1.1795842e-22
1.1384488e-22
-5.3136252e-23
-1.4715097e-22
-4.7057812e-23
4.8050395e-23
0
0
-5.4622044e-23
2.9290752e-35
1.4759615e-22
1.3452372e-38
-9.8073667e-23
-5.3148721e-23
6.3714604e-35
1.7917591e-22
1.309819e-34
-1.1291395e-22
0
-5.819561e-23
1.258517e-22
6.7713411e-23
-1.5601417e-34
-6.9855631e-23
-1.3840016e-22
7.1084928e-23
0
0
0
0
-8.2774309e-23
4.5441743e-35
2.58303e-22
-9.4172228e-23
-3.0823968e-22
3.2599036e-22
1.0912414e-22
-2.0838303e-22
-9.9742388e-23
-1.6833632e-34
3.2558102e-22
-6.7400577e-38
-4.2313772e-34
-1.3187334e-22
-2.6489615e-22
-1.2999388e-22
-1.4156749e-34
1.2782921e-22
1.3162218e-22
1.3800509e-22
1.4511956e-22
-3.3542676e-34
-3.1018139e-22
0
0
-1.5249433e-22
-2.5440525e-34
-2.2268258e-38
2.3189316e-38
1.6999669e-22
3.5024015e-22
3.5315383e-22
-3.4820227e-22
-1.9009483e-34
-1.7102379e-22
-5.2369682e-22
0
0
1.9071561e-22
1.9067207e-22
0
-1.8525671e-22
1.0315896e-34
1.8949903e-22
-1.9531213e-22
4.0126238e-22
-6.7433243e-34
-5.9891714e-22
1.9470134e-22
1.9182534e-22
3.8662693e-22
-1.9856937e-22
-6.1501147e-22
2.0989135e-22
-1.174629e-34
4.1798233e-22
2.0407362e-22
-4.0151374e-22
4.0045325e-22
-6.513806e-51
-4.1222003e-22
0
0
4.2655491e-22
-2.3700454e-34
-7.1223917e-34
1.3492388e-51
-6.3480692e-22
-2.318366e-34
2.0691759e-22
4.1470966e-22
4.2068816e-22
-4.2951474e-22
-4.8527978e-34
-2.2019138e-22
-7.2838917e-34
2.1535585e-22
-4.2617364e-22
0
-2.1384153e-22
2.3990445e-34
2.18775e-22
4.4227522e-22
2.4757713e-34
-4.4842448e-22
0
0
-2.1883555e-22
1.2124762e-34
6.6112698e-22
2.4930371e-34
-4.583235e-22
0
2.3093521e-22
-2.2760782e-22
-2.251903e-22
-2.2510822e-22
-2.2742825e-22
4.6336615e-22
7.0715288e-22
-2.3800421e-22
-4.7586636e-22
7.0972115e-22
1.5565149e-52
-4.714279e-22
0
0
0
0
4.8945475e-22
4.882547e-22
-2.4251071e-22
-7.2428015e-22
-2.6861794e-34
2.4387436e-22
-4.9378696e-22
-4.9724718e-22
2.4783187e-22
9.8183475e-22
4.8696838e-22
-7.3014605e-22
-4.9045553e-22
7.441327e-22
5.5299421e-34
-4.9442191e-22
0
0
0
4.8544574e-22
2.716827e-34
-5.429617e-34
2.4065127e-22
-7.0798627e-22
2.3288695e-22
2.319443e-22
-6.9954418e-22
-4.6875986e-22
2.3263496e-22
4.5410836e-22
4.4194053e-22
-7.2199579e-34
2.3890369e-34
-6.1375455e-38
-4.3310848e-22
0
-2.0597812e-22
-1.9711726e-22
1.9030054e-22
1.8700095e-22
-1.8649403e-22
-1.8619408e-22
3.6724862e-22
1.7785923e-22
-1.6990582e-22
1.6216989e-22
-1.5586107e-22
-3.0122688e-22
0
0
3.9691113e-22
1.2582331e-22
-2.4168035e-22
-1.1653955e-22
-1.1094865e-22
2.0427944e-22
-1.0027437e-34
-1.5796574e-22
0
6.7630648e-23
1.945836e-22
1.3350494e-34
-2.8709123e-34
7.9020334e-23
-7.8180407e-23
-1.5294887e-23
-2.4833734e-39
4.5280866e-24
1.3612147e-37
1.1337564e-35
-4.8832226e-23
8.3977036e-23
-2.0015262e-34
8.3829386e-35
1.1576826e-22
-6.3532429e-23
6.9045173e-23
-1.5190224e-22
-8.4802923e-23
1.9144936e-22
-2.1519041e-22
6.6771375e-38
9.630269e-34
7.3060796e-38
8.9117942e-34
-2.82127e-22
4.5326819e-22
1.0854901e-33
-5.1903183e-22
3.5793383e-22
3.6442973e-22
-3.7194093e-22
6.3994578e-34
6.0447734e-22
-2.3671007e-34
-6.7074687e-22
1.3020901e-37
4.6113611e-22
-4.6410446e-22
-7.8660804e-34
8.1033898e-34
-2.8083841e-34
5.2650025e-22
-5.3952956e-22
-5.4341323e-22
0
8.2181551e-22
5.5600097e-22
-8.5294373e-22
6.4751035e-34
6.5902133e-34
2.987794e-22
5.9836796e-22
1.6664261e-34
-3.3647713e-34
-3.0743349e-22
3.1157828e-22
-3.4754187e-34
3.1185139e-22
1.0338795e-33
-6.2059804e-22
0
-6.3323632e-22
-6.3798238e-22
6.3380877e-22
3.1168989e-22
3.0697059e-22
6.0944097e-22
0
3.0932115e-22
6.2384241e-22
3.0890037e-22
-3.0084371e-22
9.73819e-34
-3.1801817e-34
6.3022764e-34
-2.8408269e-22
-5.7164296e-22
5.7065522e-22
2.7952009e-22
-5.3963382e-22
-2.6019121e-22
0
0
2.4430803e-22
2.4222265e-22
0
2.3378098e-22
2.2458643e-22
-4.2829099e-22
4.5404565e-34
1.9644374e-22
4.2217092e-34
-1.8526781e-22
-3.6165511e-22
3.4917662e-22
-3.6746693e-34
-3.0939112e-22
2.8820602e-22
1.3473408e-22
-2.5355579e-22
1.2008271e-22
2.279492e-22
-2.1413821e-22
-1.9708439e-22
0
1.5879151e-22
7.0474473e-23
-1.2514176e-22
-6.1977014e-35
4.9455707e-23
4.2293292e-23
-3.7939937e-35
2.8601342e-35
2.5261297e-39
2.3992132e-35
-5.2364302e-24
-4.7128853e-25
-1.1437668e-23
-1.2975997e-23
4.1477126e-23
5.6219709e-23
-6.8647202e-23
-3.9037733e-23
8.6369668e-23
0
-5.4381323e-23
-1.2196669e-22
-6.7322317e-23
1.4523701e-22
1.5357146e-22
-1.617984e-22
-1.7168382e-22
0
0
1.0263052e-22
2.1299289e-22
1.0893791e-22
-2.2269718e-22
-2.2937616e-22
2.3769433e-22
-2.7388398e-34
-2.5520122e-22
2.6120784e-22
-2.9320422e-34
-1.3268851e-22
1.3358546e-22
0
-1.3634115e-22
1.5307091e-34
1.3907534e-22
-1.3967237e-22
3.099612e-34
-1.5435615e-34
1.5347745e-34
1.3759647e-22
1.3707677e-22
1.367959e-22
-2.73385e-22
-2.7288108e-22
2.7114199e-22
-2.9741794e-34
-8.8105068e-34
2.6159955e-22
0
0
-2.5726123e-22
-5.6660837e-34
1.2597637e-22
-2.4791746e-22
1.2179993e-22
1.1964939e-22
-2.3483156e-22
-1.6321056e-38
-2.481831e-34
-1.5378404e-38
-2.3186906e-34
-1.0062604e-22
0
1.8630313e-22
1.7817811e-22
-1.6934094e-22
-3.5515534e-34
1.5030035e-22
-1.4069504e-22
-2.9158043e-34
-1.356538e-34
-5.6617494e-23
-1.1609229e-34
-6.8428546e-39
4.431157e-23
-4.082351e-23
8.3765371e-35
7.0063173e-23
-3.2747523e-23
6.8588546e-35
5.8946005e-23
0
0
-5.6126348e-23
6.3288915e-35
-6.5130508e-35
1.9830707e-51
-7.0808097e-35
-6.7051764e-23
7.0718333e-23
3.7356166e-23
-7.8916364e-23
4.1599e-23
8.734258e-23
0
-4.6814426e-23
-9.4795868e-23
5.2197843e-35
-1.0097422e-34
-2.7267065e-51
-8.5243227e-35
-3.2713577e-23
0
3.4529778e-23
1.5804733e-23
0
0
0
6.4983208e-23
4.1683782e-23
-1.0028478e-22
6.3690729e-35
1.3691465e-22
-8.6045847e-35
-8.7153225e-23
1.0611806e-22
-1.214801e-34
-1.9176004e-22
-9.4515592e-23
0
0
0
2.2462377e-22
4.3523389e-34
-1.398716e-22
5.3839534e-23
-8.6172839e-23
-9.9459131e-23
1.3674746e-22
-3.0959915e-22
-3.5812325e-22
-8.8615732e-22
5.3062614e-22
1.131565e-21
-5.3152389e-22
-8.4608436e-22
2.2853259e-22
2.1362776e-34
7.7824282e-22
0
-1.0127796e-21
1.3465351e-33
1.3855555e-21
-2.5513322e-21
-1.5257295e-21
0
0
0
-7.190416e-21
-1.0615147e-32
1.1003706e-20
0
-8.190121e-21
-1.5191321e-21
2.4236243e-33
-6.7057065e-21
-1.2570395e-20
-2.0495716e-32
-2.3306144e-20
5.1609254e-20
2.4287431e-20
-3.4179645e-20
3.1514211e-21
-8.0316809e-32
-2.2832149e-31
8.7395067e-47
-8.9061304e-31
4.8696947e-19
0
3.7059949e-19
5.0157993e-20
-2.3543156e-36
1.4143055e-20
-5.5021842e-21
-8.4760557e-48
-1.974826e-20
0
2.0617913e-20
1.9573129e-20
0
-6.0153578e-21
-5.4409146e-37
1.90024e-21
0
0
2.6730407e-21
3.2486462e-21
-3.283625e-21
3.2714886e-33
2.4045782e-21
0
0
-7.1262083e-22
-1.9218565e-22
-1.9983249e-34
2.8553105e-23
-1.1694711e-34
-1.3696376e-22
0
0
3.1473909e-22
-4.3469796e-34
4.4939953e-22
9.6358874e-22
0
0
0
-5.1410687e-22
1.8767828e-22
0
2.4147133e-21
9.7617567e-22
2.8436604e-22
-1.3087793e-22
-1.8839921e-22
3.3920484e-22
3.8116036e-22
-4.1232585e-22
-4.2385098e-22
0
2.1283365e-22
-2.3609138e-34
-2.0994485e-22
0
0
2.1190964e-22
-4.79862e-34
-2.217615e-22
4.5915139e-22
4.7733305e-22
0
0
0
-5.4080874e-22
-1.2246948e-33
5.5918146e-22
-2.8195652e-22
-5.6606155e-22
6.2803064e-34
-6.2465462e-34
3.0928772e-34
-6.1056705e-34
2.7044285e-22
5.3052646e-22
0
0
0
-4.8461883e-22
-4.742303e-22
0
4.5348867e-22
-4.9263734e-34
-2.1716245e-22
-4.7244492e-34
-2.0865903e-22
4.0980054e-22
4.0302117e-22
0
-3.9170485e-22
8.5960426e-34
3.8332745e-22
0
-3.7761593e-22
-3.7562512e-22
0
0
1.8611166e-22
2.6410549e-38
1.8567223e-22
3.710825e-22
-3.7083849e-22
-1.8527963e-22
-4.1104361e-34
-1.8483121e-22
3.6893821e-22
1.8399448e-22
-1.2744816e-52
-1.8266504e-22
-1.8179322e-22
-2.0074886e-34
-2.0948626e-51
1.7837581e-22
1.7699196e-22
1.7550378e-22
-3.4785229e-22
3.8249833e-34
1.7055859e-22
-3.3759775e-22
1.6700865e-22
3.3040358e-22
-3.2678407e-22
-7.1766087e-34
1.5981537e-22
-3.1614317e-22
-2.2221756e-38
-3.435529e-34
-2.1760626e-38
3.0316832e-22
-1.5008837e-22
3.3000352e-34
-9.8053969e-34
-5.518249e-52
2.8865757e-22
-2.8571687e-22
-2.826752e-22
0
2.7613485e-22
2.7256535e-22
1.3438106e-22
-2.6472018e-22
-3.907029e-22
1.2805178e-22
1.2589501e-22
-1.2380487e-22
1.217121e-22
-2.6543599e-34
-1.1734264e-22
-1.2778087e-34
1.2522811e-34
-2.4512125e-34
-1.0790019e-22
1.0532328e-22
-2.2794883e-34
-9.9860225e-23
0
1.8787393e-22
1.804477e-22
0
0
0
7.3103791e-23
2.3327376e-34
-1.346894e-22
-1.289035e-22
-8.7158037e-39
-1.9378738e-34
5.4841487e-23
5.1135605e-23
-9.4290955e-23
4.2800915e-23
1.1547726e-22
-3.8978803e-35
-3.2422601e-23
0
0
-4.7210577e-23
4.5640159e-35
-3.8504563e-35
-2.7970177e-23
2.0986421e-23
-3.0300547e-35
-2.9635445e-24
2.366044e-36
5.3197159e-24
-1.9630823e-23
6.4367662e-35
8.5933165e-35
1.0808668e-34
2.9555092e-23
7.8906316e-35
4.243588e-23
-4.965306e-23
1.2652674e-34
6.397046e-23
0
-1.501745e-22
-1.6102962e-22
1.7223719e-22
-2.0366296e-34
-1.9480447e-22
2.0637364e-22
7.2619104e-34
-2.2982111e-22
2.4193017e-22
1.2733483e-22
2.9769927e-34
-1.4134359e-22
6.6186978e-34
3.1266629e-22
-3.2571565e-22
-3.3843925e-22
0
0
0
3.9130167e-22
8.9897697e-34
-4.1858792e-22
4.3248051e-22
4.4654454e-22
0
-4.7519729e-22
5.4373754e-34
2.5227445e-22
8.6512633e-34
-2.6728567e-22
-2.7490587e-22
-6.2751731e-34
-2.9032168e-22
5.9617614e-22
-1.3584336e-33
-3.1373325e-22
6.4321498e-22
4.6826485e-38
7.4937144e-34
3.4539731e-22
0
0
-7.3868693e-22
-7.5466484e-22
0
7.8656355e-22
8.9111201e-34
-8.1876221e-22
0
4.276924e-22
8.7525031e-22
-4.9793175e-34
-4.5904788e-22
4.665822e-22
-1.0479586e-33
1.0613288e-33
4.8409916e-22
-4.896973e-22
-9.9063903e-22
5.0087974e-22
2.2480838e-33
-1.022821e-21
5.165588e-22
-5.2170393e-22
5.2671682e-22
1.5937233e-21
-1.0710435e-21
-5.3966935e-22
5.4285405e-22
5.4510862e-22
7.7547115e-38
1.208946e-33
-5.4340903e-22
0
5.4086164e-22
1.1966206e-33
5.3689706e-22
-5.3452014e-22
1.7715115e-33
5.2906324e-22
0
0
-5.2035739e-22
1.1499231e-33
5.1635893e-22
-1.0301118e-21
-1.0268806e-21
0
0
1.0087339e-21
-2.2079327e-33
-4.9186701e-22
4.8636324e-22
4.8093936e-22
-5.287774e-34
1.0480138e-33
-5.1967061e-34
-4.6469503e-22
4.6183031e-22
-4.5939796e-22
-9.1527626e-22
0
0
0
8.8888746e-22
8.8266159e-22
0
-8.725482e-22
-4.340345e-22
8.6411577e-22
-4.7781442e-34
-8.5758485e-22
-4.2740291e-22
8.5231624e-22
-9.4372985e-34
1.8825052e-33
-1.2016286e-37
-8.4338317e-22
0
8.3890955e-22
8.3661394e-22
0
-4.1601564e-22
9.213968e-34
-8.2770848e-22
-8.2577963e-22
4.1204007e-22
0
0
8.2083547e-22
-4.1056981e-22
-8.2340673e-22
8.2463572e-22
8.2037164e-22
-4.5165032e-34
1.3464593e-33
4.0152086e-22
-3.9843334e-22
4.3909173e-34
-3.9258559e-22
-7.7935178e-22
0
0
0
7.5794553e-22
7.5302613e-22
-1.1224915e-21
-7.4395082e-22
7.4064092e-22
7.3763121e-22
5.2099243e-38
-7.2837836e-22
-3.6401067e-22
0
-3.665016e-22
-1.0712198e-51
3.5622424e-22
7.0473318e-22
1.1030078e-51
-6.9562004e-22
6.9404136e-22
6.8943061e-22
0
-3.3690496e-22
7.4578194e-34
-3.3280888e-22
-6.5446169e-22
6.4903814e-22
3.2470628e-22
7.1185933e-34
-6.2448095e-22
-6.0977464e-22
8.9634497e-22
2.9220786e-22
-2.8570522e-22
2.7976392e-22
2.7402115e-22
0
-2.6337358e-22
-5.1730519e-22
-2.5434116e-22
5.0261203e-22
-1.1067513e-33
-2.453852e-22
4.7756239e-22
-2.3145981e-22
-4.4939329e-22
4.3579029e-22
9.3690756e-34
-2.0438049e-22
1.9819645e-22
1.9274742e-22
2.7271068e-38
-3.8793916e-22
-1.9001616e-22
3.620829e-22
-7.7207036e-34
7.508705e-34
9.5003453e-38
-3.3295978e-22
3.2325063e-22
3.0843561e-22
0
-2.8674244e-22
5.9859805e-34
3.5806365e-38
2.6229143e-34
2.1973282e-22
-2.0282247e-22
-9.3112204e-23
1.3739018e-51
-8.0703808e-23
0
6.9314513e-23
5.7338308e-23
4.5944635e-23
-3.8293074e-35
5.0006815e-35
-2.3590392e-35
-3.2886154e-36
-1.4023653e-23
0
8.0517625e-23
1.0764945e-22
0
0
0
-2.2156023e-22
-8.2642334e-34
-6.0362219e-34
-1.4563535e-22
-3.3547603e-34
-2.168628e-38
3.1592505e-22
-1.7126879e-22
-1.8592045e-22
3.8915631e-22
3.9658591e-22
-2.8735258e-51
-2.2183445e-22
0
0
-5.3357048e-22
1.4122225e-50
-2.217065e-50
-6.6439632e-22
7.1340601e-22
-8.3957762e-34
-3.9987187e-22
4.2587299e-22
4.5873922e-22
4.9124757e-22
-1.0241363e-21
-5.2922997e-22
5.5443192e-22
5.8319455e-22
6.0423503e-22
-1.265674e-21
-6.8575556e-22
-8.1510542e-34
-7.9272533e-22
0
1.6240873e-21
1.682261e-21
0
0
0
-1.7687785e-21
-7.3527816e-33
1.6579683e-21
0
-1.4794023e-21
-7.1799064e-22
-1.6381607e-33
7.9982794e-22
7.749289e-22
7.6386859e-34
5.963109e-22
-1.1504055e-21
-5.5063065e-22
8.3542535e-22
-2.4141845e-22
-3.3367667e-34
8.4289801e-38
-4.220825e-38
-5.4810415e-34
-1.5984358e-22
9.171755e-23
-8.5397753e-35
-4.3071697e-23
8.7606733e-23
4.1226665e-23
-7.9395546e-23
-7.8644812e-23
7.7530453e-23
7.5968344e-23
0
-7.0850232e-23
-6.7361595e-23
3.182876e-23
-6.6423013e-35
-2.7806541e-23
0
0
3.9874385e-23
3.3874458e-23
-2.7460979e-23
-2.9127571e-39
1.2888167e-23
0
4.0258635e-24
-7.3315848e-51
-1.1457091e-23
1.6561859e-23
-2.198289e-23
6.1481174e-35
6.7203e-23
3.9679334e-23
0
-5.2515516e-23
1.3158865e-34
-6.6138903e-23
-1.4622618e-22
0
8.7521686e-23
1.8987128e-22
1.0240505e-22
-3.297304e-22
3.9779031e-50
1.2519815e-22
2.9527263e-34
1.407268e-22
3.2988311e-34
1.5649209e-22
-3.2904395e-22
-3.4508914e-22
3.6013057e-22
3.7418423e-22
-1.9511444e-22
-2.0218503e-22
2.0447124e-22
2.0788234e-22
0
0
-2.2482665e-22
4.9986308e-34
2.4079839e-22
-5.0386722e-22
-4.8752866e-22
0
0
0
0
5.0390812e-22
-7.7857585e-38
-2.9026482e-22
5.4765705e-22
2.6252638e-22
0
-3.0429841e-22
6.3345928e-34
-2.6990008e-22
-5.8692357e-22
0
0
0
5.8606368e-22
6.4287029e-22
0
-5.7862441e-22
-2.8906104e-22
3.1840504e-22
3.2483653e-22
3.0120726e-22
-5.9106096e-22
-6.3955013e-22
6.5749571e-22
6.1982567e-22
0
-6.4178092e-22
-6.6159868e-22
6.3259336e-22
6.179308e-22
0
-3.3355858e-22
1.4296009e-33
3.1728187e-22
-6.6249847e-22
-6.7534116e-22
0
0
0
6.86521e-22
1.4859709e-33
-3.3381078e-22
3.4580525e-22
3.5041936e-22
1.3798983e-50
1.5251272e-33
-2.084683e-50
-3.5927466e-22
-3.5385488e-22
-3.5474212e-22
0
7.4053438e-22
3.6639901e-22
5.2274069e-38
3.7780515e-22
0
0
-7.6504653e-22
-3.9183892e-22
7.9513476e-22
-4.4026217e-34
-3.9858576e-22
0
-4.1328866e-22
4.138113e-22
-1.8463912e-33
-8.4624938e-22
0
4.319379e-22
-4.8167164e-34
-4.3999004e-22
0
0
0
4.5759956e-22
4.6447929e-22
4.688741e-22
-2.0509956e-51
2.640031e-33
4.8191982e-22
0
0
-9.8679633e-22
-4.9881789e-22
-5.0364191e-22
0
0
-5.1483892e-22
5.7664223e-34
5.2315486e-22
1.0528706e-21
-5.299741e-22
-5.3381614e-22
1.074937e-21
1.200955e-33
2.4166106e-33
1.0945524e-21
-1.100553e-21
-5.5312594e-22
5.5581595e-22
0
0
0
-1.1307675e-21
-1.1348182e-21
5.6923753e-22
5.7093817e-22
0
1.1480594e-21
1.1505435e-21
-1.1525595e-21
-1.1543008e-21
0
1.1571075e-21
1.2855348e-33
-5.7903668e-22
5.790166e-22
0
0
5.779383e-22
-5.7713364e-22
-3.7211012e-52
-1.2773308e-33
-1.7214987e-21
-5.7224936e-22
1.1409941e-21
1.7059024e-21
-5.6659151e-22
-1.6928748e-21
5.6176744e-22
1.1182155e-21
-5.5631928e-22
-5.5331259e-22
0
0
1.086176e-21
1.0788305e-21
-1.0710365e-21
-1.5941981e-21
5.2714275e-22
1.0455909e-21
0
0
-1.0175555e-21
-1.4318454e-37
4.9871618e-22
5.4791131e-34
4.8822381e-22
4.8274323e-22
4.7715915e-22
-9.4304141e-22
-9.3163764e-22
0
9.0817752e-22
8.9616802e-22
-8.8409491e-22
-4.359942e-22
4.2990442e-22
0
-4.1754948e-22
-4.1132063e-22
8.102182e-22
7.9785751e-22
-1.1782921e-21
-7.7319163e-22
7.6084712e-22
-3.7427046e-22
-3.6817292e-22
3.6215387e-22
0
-3.5029273e-22
3.4442454e-22
7.52036e-34
3.3290496e-22
3.2727894e-22
-5.2811049e-52
6.326315e-22
-6.219909e-22
-3.0578685e-22
4.2730242e-38
-5.9141267e-22
2.9085737e-22
-8.1325074e-38
-4.3724539e-52
5.5413818e-22
-2.7274944e-22
2.6856931e-22
-2.6451867e-22
-5.2123151e-22
7.7062002e-22
-5.6241391e-34
-4.9960947e-22
0
0
4.8071667e-22
4.7499456e-22
0
-4.6450077e-22
-2.2985816e-22
4.552303e-22
-2.2553235e-22
-2.2360173e-22
4.436209e-22
4.8886507e-34
-4.3734697e-22
-3.0883132e-38
-2.1609198e-22
-4.2999059e-22
2.1404588e-22
2.132336e-22
0
0
-2.114837e-22
4.2228915e-22
2.1091084e-22
-2.1077382e-22
4.2147617e-22
-2.1080533e-22
-2.1096794e-22
0
-3.006283e-38
2.119582e-22
-4.2488325e-22
9.458753e-34
4.7432439e-34
-4.2853519e-22
4.2995992e-22
-9.5811396e-34
-2.1652495e-22
4.3469521e-22
7.2676258e-34
-2.1907384e-22
0
0
4.4360348e-22
-2.227292e-22
3.3613336e-51
6.7376743e-22
-4.5102945e-22
-6.7929836e-22
2.273407e-22
4.5647135e-22
2.2911538e-22
-2.2997639e-22
-4.6163398e-22
2.316352e-22
2.3242912e-22
-2.3320247e-22
-2.3395639e-22
0
0
0
-2.3722596e-22
2.3829043e-22
4.7879178e-22
0
2.4124694e-22
-2.4169867e-22
-4.8332162e-22
0
4.8219447e-22
2.4077564e-22
-4.8065167e-22
5.3236138e-34
2.3899127e-22
-4.760772e-22
2.3691047e-22
6.4702322e-51
-4.6877998e-22
4.6604043e-22
5.1423135e-34
-4.6008951e-22
2.2843563e-22
2.2676135e-22
2.2502765e-22
-2.2323225e-22
-7.3741079e-34
6.5840328e-22
-4.3502579e-22
-2.1551623e-22
2.1348188e-22
0
2.0932547e-22
-2.0721675e-22
-4.1019331e-22
-2.0297145e-22
4.4588739e-34
1.9873483e-22
0
0
0
0
0
0
0
1.8306528e-22
3.6275487e-22
-1.7977658e-22
-1.782706e-22
1.7686741e-22
-1.7557547e-22
1.7440294e-22
7.6986381e-34
-1.7244894e-22
1.7168482e-22
-3.4214739e-22
1.7062419e-22
1.0177167e-51
-1.7024494e-22
1.7033323e-22
3.7887542e-34
-1.7111233e-22
1.71822e-22
1.7275863e-22
-4.9434573e-38
3.5070915e-22
-5.3111116e-22
5.9602392e-34
5.436984e-22
-3.6754732e-22
-1.8662921e-22
1.8981093e-22
0
-3.9433484e-22
4.4694343e-34
2.0579662e-22
-4.2121669e-22
-2.3957418e-34
2.2130978e-22
0
0
0
0
0
0
0
5.6281507e-22
2.9129185e-22
-3.018068e-22
0
0
3.3751012e-22
3.5093656e-22
0
-7.6073067e-22
-1.1894341e-21
4.1360423e-22
-1.9176283e-33
-1.2823112e-37
4.7176823e-22
-4.9368376e-22
-5.1701423e-22
5.4186177e-22
-1.0522932e-50
1.3243839e-33
1.8800286e-21
-6.588244e-22
1.5392617e-33
1.4598565e-21
-1.538605e-21
-8.1157275e-22
8.5707773e-22
0
0
0
1.0830239e-21
-2.2949774e-21
-2.3482256e-21
3.4914653e-21
2.4431582e-21
-2.3464648e-21
-2.1924059e-21
0
0
0
2.8926882e-21
3.2338028e-33
-1.3021357e-21
2.5757137e-21
-2.0585467e-37
-4.1609502e-21
1.3953655e-21
1.3934813e-21
2.8612332e-33
1.3860352e-21
-4.7016878e-21
6.7455833e-33
-6.6032551e-33
1.524557e-21
1.5544898e-21
-3.5316314e-21
-1.9368816e-21
1.9161177e-21
-3.5179431e-50
4.4632732e-50
6.746287e-21
-2.2220307e-21
4.9487434e-33
4.7865073e-21
-2.6106758e-21
-5.5217236e-21
3.1026298e-33
2.8329048e-21
0
0
-6.8815226e-21
-7.2074678e-21
3.6846774e-21
3.7868095e-21
0
0
0
-4.6814109e-21
4.8260893e-21
5.0551921e-21
5.3678504e-21
-5.6851405e-21
3.9509013e-32
6.1296087e-21
-6.3942152e-21
6.7753093e-21
7.1328688e-21
-7.3686569e-21
3.394737e-32
1.609665e-20
-8.5207243e-21
-1.789222e-20
-9.26372e-21
-9.6174619e-21
-1.0110518e-20
1.0667452e-20
1.1164532e-20
0
-1.2135053e-20
1.2666162e-20
2.6424593e-20
-1.3834421e-20
1.4521464e-20
-1.5193047e-20
-3.1705074e-20
3.3131263e-20
4.9207612e-36
-2.005038e-32
1.8854192e-20
0
-2.069257e-20
-4.3189235e-20
2.2497942e-20
-5.2130818e-32
-4.9078964e-20
2.566413e-20
5.3688734e-20
-2.8086728e-20
2.9339848e-20
9.1648284e-20
-6.3604009e-20
1.4751208e-31
6.9576209e-20
0
-7.607588e-20
-3.9563147e-20
4.1174921e-20
0
0
-4.7026964e-20
-1.0897208e-31
-7.2682783e-36
-5.3289086e-20
-5.5560509e-20
-5.797208e-20
6.0496266e-20
6.311427e-20
0
0
0
0
7.7693983e-20
8.102688e-20
8.4536079e-20
-8.8121576e-20
-9.175526e-20
0
1.105492e-31
1.038211e-19
2.1636097e-19
2.2520259e-19
-2.343636e-19
2.7096317e-31
3.8149216e-19
-9.1843625e-48
-2.7574648e-19
1.4346484e-19
-6.6312827e-31
6.9022245e-31
3.2348448e-19
-1.6825197e-19
5.8285729e-31
1.8210046e-19
0
0
-4.0997546e-19
-2.1307437e-19
2.2149264e-19
0
2.3949488e-19
-3.5383381e-35
-5.1748718e-19
-2.687974e-19
-2.7924048e-19
-8.2462679e-35
3.0148699e-19
0
0
0
0
0
3.7790792e-19
3.922955e-19
4.0717113e-19
-4.2254786e-19
-4.3844383e-19
0
4.7184011e-19
9.787612e-19
-1.0150562e-18
-5.2630846e-19
-5.4572708e-19
5.657796e-19
1.9532189e-30
-1.8234872e-18
6.2988786e-19
1.3053658e-18
-6.7623601e-19
7.0055242e-19
2.1768885e-18
-7.5147846e-19
2.5917828e-30
8.0566922e-19
0
-2.5902292e-18
-1.7872072e-18
1.8494097e-18
-9.5676917e-19
4.395745e-30
1.0239027e-18
-1.0589824e-18
0
-1.1323369e-18
1.1706781e-18
1.2101296e-18
2.7774818e-30
-1.4350116e-30
5.9305757e-30
-3.063521e-30
-1.4251845e-18
0
1.5200291e-18
1.5694339e-18
1.6201884e-18
-1.6723325e-18
-1.7259315e-18
1.7810367e-18
1.8376475e-18
-2.1045509e-30
-3.9105836e-18
2.865466e-34
2.0791265e-18
2.1435432e-18
-4.4192565e-18
-6.8320615e-18
7.0402293e-18
2.4178754e-18
-7.4724757e-18
2.5656062e-18
5.2843738e-18
-2.7205616e-18
-2.8007906e-18
-2.8829606e-18
-8.4330456e-34
9.1597036e-18
6.2826036e-18
-6.4626948e-18
-3.32344e-18
3.417626e-18
0
0
0
-3.8153454e-18
4.3520024e-30
-1.7884511e-29
4.592693e-30
-9.4322172e-30
4.3615724e-18
8.9551112e-18
0
-9.4328645e-18
-9.6785891e-18
9.9289354e-18
3.3921669e-29
-5.2218928e-18
1.0708303e-17
-6.0933591e-30
-5.6257326e-18
-5.7650862e-18
5.9068274e-18
1.2101887e-17
-6.1974253e-18
-6.3462829e-18
-1.299507e-17
2.9539072e-29
-3.0231966e-29
-6.9655466e-18
4.0507825e-33
7.2892033e-18
1.4909069e-17
-7.622198e-18
-7.7921576e-18
1.5928739e-17
-1.8068304e-29
1.8462819e-29
-8.4942856e-18
-1.7350589e-17
1.7716872e-17
9.0436707e-18
0
0
-9.6115858e-18
-1.9609662e-17
9.9999761e-18
1.019697e-17
-2.0791504e-17
1.0596257e-17
3.2395301e-17
1.1002245e-17
-2.2415302e-17
-2.2829171e-17
0
-1.1832683e-17
2.4087374e-17
1.225592e-17
5.5382024e-29
5.6331139e-29
5.7277252e-29
2.6231504e-17
-2.666595e-17
-2.710187e-17
0
-1.3988762e-17
3.1551105e-29
1.4428497e-17
0
0
0
0
-1.5530776e-17
1.5750936e-17
3.1941482e-17
1.6190079e-17
-1.6408835e-17
7.3842972e-29
3.3688291e-17
-3.4120953e-17
-3.4551547e-17
3.497982e-17
3.5405506e-17
-1.7914178e-17
-1.8124072e-17
-3.6664654e-17
-1.8538823e-17
3.7486852e-17
3.7891996e-17
-3.8292813e-17
-1.9344529e-17
5.8620742e-17
-1.9733444e-17
-5.9772004e-17
-2.233001e-29
4.0593399e-17
4.5474463e-29
-2.0657265e-17
4.1665357e-17
-4.6630867e-29
-2.1173251e-17
4.2676359e-17
-2.1499349e-17
9.6187027e-29
2.1809885e-17
-4.3918113e-17
-2.2104048e-17
0
4.4762051e-17
4.5025493e-17
-4.5279611e-17
-4.5524251e-17
-2.2879635e-17
-3.2673946e-33
4.6199694e-17
5.1519512e-29
-2.3299587e-17
4.6783124e-17
4.6956375e-17
-4.7118787e-17
-2.36351e-17
4.7410454e-17
2.3769705e-17
-2.3828475e-17
-4.7762972e-17
-2.3928686e-17
0
0
2.4034937e-17
-5.342386e-29
-2.4075894e-17
2.4087318e-17
3.4237645e-33
-2.4091349e-17
2.4083514e-17
2.4069449e-17
-2.4049252e-17
-2.4022928e-17
-2.3990484e-17
2.6586878e-29
4.781456e-17
4.7713109e-17
3.3821514e-33
5.2706649e-29
2.3668157e-17
-4.718678e-17
-4.7025415e-17
4.6852313e-17
-2.3333785e-17
-2.3235649e-17
2.3131807e-17
2.3022327e-17
-2.2907276e-17
-4.5573451e-17
4.5321501e-17
2.2529429e-17
2.2392848e-17
2.2251098e-17
-6.6312821e-17
-4.3904941e-17
2.1795785e-17
0
2.1468179e-17
-2.1297476e-17
2.1122325e-17
4.1885682e-17
-4.1518286e-17
-2.057135e-17
4.0759176e-17
-8.9640624e-29
-1.9984662e-17
1.9781757e-17
1.95754e-17
-1.9365727e-17
4.2530649e-29
8.3846202e-47
-1.8718194e-17
4.2984843e-47
1.8272461e-17
4.0067172e-29
-3.5633636e-17
0
1.7352434e-17
3.4234642e-17
-1.8742263e-29
-1.6641964e-17
0
0
-3.1836609e-17
-1.5674836e-17
1.5430476e-17
3.037073e-17
-1.4939643e-17
-2.9386906e-17
2.8893874e-17
1.4200231e-17
1.3953471e-17
-1.3706784e-17
8.9665532e-29
2.9339441e-29
-2.593695e-17
0
2.4958015e-17
1.2235461e-17
1.3312196e-29
-1.1751331e-17
-2.3021966e-17
0
2.2068539e-17
-2.3975081e-29
-2.1127089e-17
-1.033068e-17
-4.4340798e-47
1.9740874e-17
1.9286481e-17
-1.8836213e-17
3.0629143e-29
-2.988354e-29
-2.9170975e-29
8.5397618e-18
-1.6652202e-17
0
7.9063567e-18
1.5400779e-17
-7.4971018e-18
-7.2965468e-18
7.0987739e-18
6.9038291e-18
-1.3423507e-17
-1.3045173e-17
6.3363599e-18
0
-5.9728529e-18
-6.4356731e-30
1.1242904e-17
1.0900705e-17
-5.2823452e-18
2.2727452e-29
2.4692243e-46
-4.7969591e-18
-5.1539739e-30
-4.4889603e-18
8.6793096e-18
8.3869549e-18
-8.1008386e-18
-3.9104708e-18
8.3785854e-30
-3.6398569e-18
3.5091651e-18
-7.5085021e-30
3.2569317e-18
1.3923767e-29
-6.0335438e-18
2.9011602e-18
3.0956476e-30
-5.3574692e-18
5.1437315e-18
5.9276969e-47
-4.7333362e-18
4.5365426e-18
2.4119493e-30
-2.0797076e-18
1.9894688e-18
3.8037471e-18
-1.8168831e-18
-1.7344573e-18
1.6545569e-18
1.5771405e-18
-1.5021637e-18
-1.4295841e-18
-3.8635319e-34
-1.2914501e-18
0
1.1624005e-18
1.1011653e-18
1.0420578e-18
-9.8503575e-19
-2.0652759e-30
8.0090337e-47
-8.260705e-19
1.5539349e-18
-7.2972606e-19
1.5193468e-30
6.4063721e-19
-1.1974127e-18
5.5846404e-19
5.1986642e-19
-1.4486023e-18
9.9328557e-31
4.1348421e-19
-3.8101446e-19
0
0
2.920195e-19
5.3004193e-19
-4.7857101e-19
-4.2954143e-19
2.1252776e-31
-4.1630118e-48
1.4819322e-19
2.5640854e-19
4.8521325e-31
-9.1304267e-20
1.4864002e-19
-5.8267387e-20
-1.2935856e-19
2.885888e-20
3.1477093e-20
-3.4874007e-21
-1.8914946e-48
-1.8877535e-32
2.7579086e-20
0
-9.3207238e-20
-5.5302701e-20
6.3226382e-20
7.0582909e-20
-7.7417037e-20
1.8597564e-31
8.9561284e-20
-1.8979215e-19
9.9721273e-20
-4.6233092e-31
-1.081074e-19
2.2338052e-19
-1.1488613e-19
-5.2283662e-31
-2.6697702e-31
3.4804804e-35
1.2429932e-19
-2.5164498e-19
1.2709054e-19
2.5622515e-19
-1.2888686e-19
-2.5887254e-19
2.5955776e-19
1.8364896e-50
-3.8946611e-19
2.5908422e-19
2.5820948e-19
-2.5704059e-19
-2.8370847e-31
1.2693269e-19
-2.5187164e-19
1.2481921e-19
1.2360346e-19
-2.4460122e-19
1.2091294e-19
2.3888845e-19
1.1790395e-19
-2.3260447e-19
-1.146466e-19
-5.016333e-31
-3.1604458e-35
3.2824667e-19
-2.1518952e-19
-3.1720166e-19
1.0384015e-19
2.0386322e-19
1.0002146e-19
9.8109551e-20
1.0678748e-31
-1.8853773e-19
-9.2345025e-20
9.0424473e-20
-8.8511943e-20
-8.6612702e-20
8.4730018e-20
8.2861939e-20
8.1002414e-20
-7.9151335e-20
7.7320407e-20
7.5520714e-20
-1.475009e-19
-1.4400473e-19
1.4055204e-19
1.3715451e-19
-1.3382181e-19
-2.1742409e-31
-6.3677119e-20
6.2105984e-20
1.211232e-19
-1.1807902e-19
-8.176829e-36
-1.2451794e-31
-5.4643954e-20
-5.3256621e-20
5.1898958e-20
1.0113538e-19
0
4.8000227e-20
-6.6460381e-36
-9.1136478e-20
-8.8805594e-20
8.6535055e-20
-2.8078555e-31
-1.2316908e-19
3.9980546e-20
3.8942363e-20
3.794686e-20
7.3967293e-20
-7.2082942e-20
-7.0236738e-20
6.843596e-20
-4.7383766e-36
-6.4992384e-20
-3.1677521e-20
6.1773451e-20
6.0240654e-20
0
-5.7285302e-20
-1.0989724e-48
2.7220311e-20
-2.6542861e-20
2.5897872e-20
2.527706e-20
-4.9336484e-20
-6.8409273e-36
2.3486942e-20
-1.0586131e-49
-2.2386417e-20
-9.7105174e-32
2.1356469e-20
0
-2.0364189e-20
-1.9877781e-20
1.9406961e-20
1.8959681e-20
1.8531773e-20
-3.6224816e-20
1.769849e-20
3.4591744e-20
-3.3818448e-20
-1.8358971e-32
3.2353125e-20
-3.164735e-20
-4.6428871e-20
1.5131398e-20
1.4783979e-20
1.4445585e-20
-1.4129721e-20
3.0713819e-32
1.3536456e-20
-2.6484946e-20
-1.8409156e-36
-4.2214699e-32
-1.2405432e-20
1.2148097e-20
1.1898016e-20
1.1650383e-20
1.6201634e-36
3.712934e-32
-1.0895714e-20
-1.0660307e-20
2.0880767e-20
1.0233257e-20
-2.0051662e-20
4.3562058e-32
2.87855e-20
2.6696712e-36
-2.7606101e-20
-6.0078039e-32
8.8409395e-21
0
-8.4819454e-21
-8.2962715e-21
8.1088669e-21
7.9247929e-21
8.6063183e-33
-1.5178831e-20
-7.4357762e-21
1.4571163e-20
-3.1662947e-32
-3.0978652e-32
6.8312759e-21
-9.5115508e-37
-7.2784409e-33
-1.2841105e-20
6.9695365e-33
-1.3616338e-32
1.1974622e-20
1.1697808e-20
-5.7176349e-21
0
-5.488536e-21
-1.0759432e-20
5.2598624e-21
5.1415293e-21
-5.0317477e-21
4.9298634e-21
6.8589419e-37
5.2354003e-33
6.5349521e-37
6.3686813e-37
5.225645e-51
4.7312622e-33
-4.1639472e-21
4.0757053e-21
7.990639e-21
-1.1719586e-20
8.4615089e-33
-2.477211e-32
-7.2770176e-21
7.1445357e-21
-7.7681335e-33
-6.8179551e-21
0
3.2226598e-21
6.2723139e-21
-3.0521247e-21
2.9740313e-21
5.8300762e-21
-2.8659901e-21
0
2.7319876e-21
-5.918317e-33
-5.2112819e-21
-1.1730861e-50
2.488266e-21
-4.8269141e-21
-5.1866061e-33
2.2621603e-21
-2.4299783e-33
2.1143621e-21
-2.0691829e-21
-4.1291323e-21
2.0400075e-21
1.9750212e-21
-1.9050928e-21
3.6891948e-21
1.8112116e-21
-3.6013293e-21
-3.5420264e-21
1.7156914e-21
3.3175088e-21
-3.2056746e-21
-3.0984651e-21
4.497296e-21
1.4405908e-21
-4.1433581e-21
1.3622686e-21
-3.0744312e-33
-2.7524106e-21
2.6472003e-21
-5.6149195e-33
-1.2238499e-21
1.7353388e-37
-1.2059249e-21
2.3042105e-21
1.0954893e-21
1.0503396e-21
1.0043973e-21
-9.3897467e-22
0
0
0
9.3390727e-22
1.240351e-37
-1.6080846e-21
-1.5485325e-21
8.050942e-22
1.6439231e-21
-1.5572882e-21
-3.2011843e-33
2.020737e-21
-1.2271419e-21
-5.6050406e-22
5.7748928e-22
7.1502144e-34
1.3125468e-21
-6.5415461e-34
-1.0044304e-21
-8.9724872e-22
4.6631409e-22
1.0370512e-21
5.0905311e-22
-8.8653421e-22
-2.162769e-37
3.1511811e-22
-6.0169802e-34
2.9846781e-22
-3.7807475e-22
-8.424317e-22
-1.6077174e-33
-1.6058839e-33
-2.7000772e-22
2.3806476e-22
-1.387089e-33
-6.0402233e-22
5.4880749e-22
3.1072868e-22
9.2641736e-24
3.4801178e-22
2.6952745e-38
-1.3228674e-22
-6.8491416e-23
1.6151091e-22
1.9760714e-22
-1.205267e-22
0
-4.3617237e-22
3.9655466e-22
-2.637549e-22
-3.9681763e-22
3.4092955e-22
1.1496232e-21
1.825903e-37
-5.6321994e-22
-5.1363087e-34
-4.0979548e-22
0
0
1.498861e-21
-3.2148273e-33
1.3694442e-33
1.139942e-21
-1.2716208e-21
-1.5626962e-21
8.1752684e-22
7.4974493e-22
-6.8822454e-22
-6.7696052e-22
1.3715608e-21
-2.1750319e-37
-8.7800228e-22
1.8302646e-21
-8.6365231e-22
3.5403169e-33
1.5253974e-21
-1.4910807e-21
-1.6830632e-21
9.8033433e-22
-1.0934845e-21
-5.4612611e-51
9.580902e-22
9.6121349e-22
-9.6298691e-22
-1.8700652e-21
1.812136e-21
9.6832979e-22
-1.0254911e-21
9.8052488e-22
1.8558363e-21
-1.8091274e-21
-9.2509829e-22
2.015999e-21
-1.2124804e-33
-1.0280874e-21
9.5238093e-22
-9.6172599e-22
-1.9570866e-21
1.9736256e-21
2.0609415e-21
-2.2445502e-21
-2.1362609e-21
9.6906755e-22
1.0663024e-33
-9.8053017e-22
0
0
1.0815463e-21
1.1032911e-33
9.8522302e-22
-2.2349675e-33
-2.1097407e-21
0
1.1277073e-21
-1.1577563e-33
-4.3214745e-37
1.0252288e-21
0
0
-2.3695636e-21
-1.1406031e-21
1.0556499e-21
2.0761765e-21
-1.0525471e-21
-2.1792541e-21
2.3797869e-21
1.2075823e-21
1.11549e-21
-1.0772651e-21
7.2590356e-33
4.948175e-33
-2.2883963e-21
2.4080238e-21
2.5548499e-21
0
0
-2.2993345e-21
-2.3805943e-21
0
1.2311875e-21
-1.3651138e-33
-1.2627034e-21
1.3239259e-21
1.2723723e-21
0
0
0
1.2873119e-21
-2.7213028e-21
-1.1301321e-49
1.2195876e-21
-2.449016e-21
0
1.3074646e-21
2.7670493e-21
-1.5165357e-33
-1.2824191e-21
0
-1.2819753e-21
1.3056986e-21
-8.6029773e-50
-2.8804446e-21
0
-1.3005391e-21
-4.3277529e-33
2.6634928e-21
-9.0748484e-51
-1.4667826e-21
2.8330469e-21
-1.3136905e-21
-2.6472276e-21
1.369697e-21
0
2.8413195e-21
1.4585305e-21
-3.0402815e-21
2.0932228e-37
1.3946724e-21
-1.3945384e-21
4.7174533e-33
-1.6316493e-33
1.5479613e-21
3.3206842e-33
-2.8185692e-21
1.4151013e-21
3.2002536e-33
-2.990912e-21
-2.2277447e-37
4.5681437e-21
-3.2044196e-33
-1.4430133e-21
0
-1.5254421e-21
1.6066175e-21
3.0461601e-21
-1.4316043e-21
-1.4602331e-21
1.5212855e-21
1.5803531e-21
-3.1685549e-21
-3.10141e-21
1.5314538e-21
0
0
1.5818825e-21
1.5332433e-21
1.5211285e-21
-1.5684757e-21
4.6824231e-37
7.03025e-33
-1.4954426e-21
1.6750712e-33
-1.5488085e-21
3.1609038e-21
3.2321003e-21
-3.342463e-21
7.1565314e-33
-3.3700689e-33
-4.5600493e-21
3.1161639e-21
1.5825544e-21
3.6133143e-33
-1.9904156e-50
-3.2339076e-21
1.5245721e-21
3.0920884e-21
-3.181214e-21
5.3933307e-33
-5.525967e-33
-3.4410676e-21
1.63243e-21
3.0779855e-21
1.0446339e-32
-1.6025879e-21
3.3017533e-21
1.7088328e-21
-1.6720266e-21
-1.5997812e-21
0
-1.6053301e-21
-4.6994854e-37
3.4547936e-21
-1.651771e-21
-3.1120732e-21
1.5722529e-21
1.6082161e-21
1.6326487e-21
-1.6460749e-21
7.3983172e-33
-5.9390983e-50
-5.2166589e-21
3.3282874e-21
1.5713352e-21
3.5028463e-33
3.2061467e-21
-3.2483438e-21
1.4592685e-32
1.1156365e-32
-5.1240239e-21
1.652157e-21
1.578163e-21
-1.5792599e-21
0
0
1.6962941e-21
3.2835449e-21
-3.1226253e-21
-3.1172212e-21
1.7564359e-33
-4.6011189e-37
1.666399e-21
3.3379606e-21
7.1092531e-33
-3.099141e-21
3.1084282e-21
-3.4933369e-33
-1.6024543e-21
1.6436477e-21
0
-1.6513106e-21
-1.7542779e-33
3.129528e-21
-1.5799183e-21
-3.2003624e-21
3.2279728e-21
-1.6377151e-21
-1.6690396e-21
1.6454605e-21
-1.5948919e-21
0
0
-1.6449938e-21
2.3935099e-37
1.649059e-21
3.1799413e-21
3.5227739e-33
1.4247951e-32
3.2962171e-21
-3.4249426e-21
-3.3556838e-21
1.6002079e-21
0
-3.2342951e-21
-1.8315445e-33
3.3712613e-21
3.4636691e-21
-3.4905104e-21
-3.3695806e-21
3.2713605e-21
5.4950641e-33
1.6824541e-21
3.4429945e-21
-3.5302159e-21
-1.785408e-21
3.4877329e-21
-1.6993684e-21
-1.7103459e-21
3.4824754e-21
-1.7782779e-21
-3.6232894e-21
3.5935563e-21
-1.7562419e-21
-3.4838751e-21
3.5186155e-21
3.5698997e-21
-2.2442844e-51
4.1763589e-33
1.8352277e-21
-3.5140625e-21
-3.5514905e-21
0
3.7658536e-21
4.1831261e-33
-3.7475086e-21
0
1.8802691e-21
3.7623755e-21
1.8810314e-21
0
-3.7680935e-21
1.6739864e-32
3.7717833e-21
-5.6617638e-21
-3.777393e-21
3.7803738e-21
3.7839203e-21
-1.894428e-21
8.4262887e-33
-1.0158733e-51
-1.9058548e-21
-2.1244405e-33
1.9214659e-21
1.0987146e-36
-1.9439624e-21
-4.322452e-33
6.4813722e-33
-1.9514511e-21
1.9589453e-21
1.9627497e-21
-3.9221196e-21
3.9181318e-21
-1.9582355e-21
-3.9078827e-21
3.9049018e-21
4.3449484e-33
-3.9113285e-21
3.8902564e-21
5.829328e-21
-1.9536823e-21
-1.9545324e-21
-1.9384182e-21
-3.8712816e-21
1.8663417e-51
1.950617e-21
3.8641277e-21
1.931238e-21
6.4885504e-33
1.9436025e-21
-1.9264608e-21
-5.7931243e-21
-1.9446415e-21
3.8650486e-21
-2.1329632e-33
1.9350427e-21
1.9424464e-21
-2.1352214e-33
-1.9172556e-21
6.0403512e-51
-1.1025038e-36
-1.9178816e-21
-4.2519745e-33
1.9349482e-21
-8.5935925e-33
-3.8285271e-21
0
3.861652e-21
3.8567295e-21
0
-3.8261364e-21
-3.8564316e-21
3.8443036e-21
3.8138432e-21
-3.8254802e-21
-1.9262575e-21
3.834717e-21
-3.8066387e-21
-3.8236809e-21
5.7733537e-21
1.9132815e-21
-3.8015463e-21
1.9121508e-21
-1.9239983e-21
-3.8224475e-21
1.8996417e-21
0
1.9237101e-21
3.8204781e-21
-1.9001522e-21
-1.9139719e-21
1.9237633e-21
-1.9103769e-21
2.1121983e-33
-2.9939e-51
6.4065139e-33
2.1197785e-33
4.2299088e-33
-2.1308671e-33
1.9243866e-21
-1.9098122e-21
-3.81492e-21
1.9233534e-21
-1.9260374e-21
-6.364482e-33
5.7302527e-21
8.5561772e-33
8.5646739e-33
3.8248007e-21
-3.8213008e-21
-1.9270865e-21
1.9292725e-21
1.9131844e-21
-3.8219634e-21
-3.8522548e-21
1.9284685e-21
0
-1.9134778e-21
6.4249834e-33
3.861641e-21
2.1284145e-33
-1.9142287e-21
3.8554137e-21
1.2860864e-32
-1.9188246e-21
6.3834457e-33
-1.9277941e-21
1.9304754e-21
3.8419198e-21
-1.9177398e-21
-1.9263855e-21
-4.2860069e-33
1.9243989e-21
4.2645211e-33
-1.925767e-21
1.9304395e-21
-1.9281819e-21
-1.9249608e-21
3.8534166e-21
8.5721629e-33
-5.792366e-21
1.9274539e-21
4.2749175e-33
-1.9266439e-21
5.7855939e-21
3.8542218e-21
-3.8443039e-21
4.2646167e-33
3.8464934e-21
0
0
-1.915797e-21
-1.9159567e-21
-3.8397514e-21
-1.9194859e-21
5.741025e-21
1.6965917e-32
-1.9129172e-21
1.9155709e-21
0
0
0
-3.821074e-21
-1.910938e-21
5.7207797e-21
3.8085678e-21
-3.8112718e-21
-1.9070456e-21
3.811013e-21
-1.9029669e-21
-1.9022903e-21
1.903886e-21
-3.8067357e-21
-1.9020176e-21
3.8055086e-21
4.2254436e-33
-1.9027495e-21
0
3.8044577e-21
3.8043444e-21
-5.7063882e-21
-3.8041606e-21
-2.7032576e-37
-2.112208e-33
3.8050898e-21
2.70382e-37
-1.9026503e-21
3.805629e-21
3.8059891e-21
-3.8067127e-21
8.4545213e-33
-4.2279318e-33
-5.4146009e-37
-8.4641537e-33
-1.9066396e-21
-4.2352903e-33
-1.9085005e-21
0
0
-1.9119186e-21
1.9132285e-21
3.8292459e-21
1.9160983e-21
-1.9176506e-21
4.2618924e-33
-1.9209498e-21
-1.9227202e-21
5.7738377e-21
1.9266851e-21
-3.8578276e-21
-1.9312624e-21
3.8674685e-21
6.4489674e-33
-3.8783177e-21
-4.3126545e-33
3.8903596e-21
-3.8963434e-21
-1.9509711e-21
5.8605663e-21
-1.955849e-21
-3.916176e-21
1.9603844e-21
1.9627577e-21
-1.9651379e-21
-1.9674804e-21
3.9395808e-21
-8.7577989e-33
-1.9743514e-21
3.9531964e-21
-1.978824e-21
8.7964236e-33
1.9832338e-21
-3.9708652e-21
-1.9876447e-21
3.9797646e-21
-1.9921319e-21
-1.9944123e-21
1.9966232e-21
-1.9985417e-21
-1.9996383e-21
-4.4411306e-33
4.0005662e-21
2.0005892e-21
-2.0006588e-21
2.0005157e-21
-2.0002632e-21
-3.9998088e-21
1.999424e-21
0
1.998216e-21
1.997544e-21
1.9968623e-21
2.2161048e-33
-3.9913482e-21
1.995331e-21
1.9950017e-21
-3.9894618e-21
-1.9957302e-21
1.9977023e-21
4.0036185e-21
-2.0066304e-21
-4.0303149e-21
0
2.0468854e-21
0
2.055853e-21
5.7633434e-37
-4.0003806e-21
0
1.8906255e-21
1.661079e-21
)
;

boundaryField
{
    leftSide
    {
        type            calculated;
        value           uniform 0;
    }
    rightSide
    {
        type            calculated;
        value           uniform 1.661748e-21;
    }
    emptywalls
    {
        type            empty;
    }
}


// ************************************************************************* //
