-1.25 	300 	0.0451050264670234 	101343.4062276343
-1.247497497497497 	300.010037637145 	0.04371488027509603 	101342.7752992924
-1.244994994994995 	300.0142659353613 	0.04186227109038882 	101342.1394378697
-1.242492492492492 	300.0139569157721 	0.04049562809892163 	101341.5004195395
-1.23998998998999 	300.0134145823517 	0.03882806904701341 	101340.8579883708
-1.237487487487487 	300.0128685513464 	0.03727427008324941 	101340.2135662626
-1.234984984984985 	300.0123208468926 	0.03569202907543499 	101339.5660226891
-1.232482482482482 	300.0117700236956 	0.03409518402296335 	101338.9147903373
-1.22997997997998 	300.0112189496111 	0.03249798989663794 	101338.2632620813
-1.227477477477477 	300.0106634894912 	0.03088990616466144 	101337.6065500517
-1.224974974974975 	300.0101053523047 	0.02927438641222889 	101336.9466834842
-1.222472472472472 	300.0095498093216 	0.02766300690688425 	101336.2898796889
-1.21996996996997 	300.0089931570388 	0.02604840959705642 	101335.6317620696
-1.217467467467467 	300.0084289415694 	0.02441654160417098 	101334.9647151392
-1.214964964964965 	300.0078607085973 	0.02277160919448119 	101334.2929248969
-1.212462462462462 	300.0072949077547 	0.02113150212018734 	101333.6240076295
-1.20995995995996 	300.00673064498 	0.01949690678358737 	101332.9569114354
-1.207457457457457 	300.0061670449116 	0.01786572456862476 	101332.2906044218
-1.204954954954955 	300.0056050568933 	0.01623768120107742 	101331.6262031781
-1.202452452452452 	300.0050399940781 	0.01459727099257856 	101330.9581664079
-1.19994994994995 	300.0044657872518 	0.01293321148608844 	101330.2793242601
-1.197447447447447 	300.0038845728267 	0.01125185912095597 	101329.5922069305
-1.194944944944945 	300.0033044433721 	0.009573798645481104 	101328.906379631
-1.192442442442442 	300.0027303574208 	0.007911665741659926 	101328.2276967342
-1.18993993993994 	300.0021610169213 	0.006259913942419426 	101327.5546236591
-1.187437437437437 	300.0015925589272 	0.004611581462297431 	101326.8825959747
-1.184934934934935 	300.0010224358713 	0.002960129720723828 	101326.2086008954
-1.182432432432432 	300.0004502283904 	0.001303438829338496 	101325.5321445747
-1.17992992992993 	299.999876672398 	0.0008475626129856439 	101324.8541000993
-1.177427427427427 	299.9993026220233 	0.002020004269341968 	101324.1754783201
-1.174924924924925 	299.9987286212637 	0.003683537834143372 	101323.4969169949
-1.172422422422422 	299.998154913959 	0.005346123358374838 	101322.8187018102
-1.16991991991992 	299.9975815931954 	0.007007071478543175 	101322.1409468079
-1.167417417417417 	299.9970087186151 	0.008666378652927634 	101321.4637267396
-1.164914914914915 	299.9964363582199 	0.01032461420266421 	101320.7871227334
-1.162412412412412 	299.995864594957 	0.0119809498782213 	101320.1112279114
-1.15990990990991 	299.9952935310912 	0.01363508276139083 	101319.4361574109
-1.157407407407407 	299.9947232916266 	0.01528646144879931 	101318.7620583203
-1.154904904904904 	299.9941540166818 	0.01693514388117812 	101318.0891008309
-1.152402402402403 	299.9935858453479 	0.01858104551885 	101317.4174554636
-1.1498998998999 	299.9930189020578 	0.0202235525666105 	101316.7472713332
-1.147397397397397 	299.9924532859135 	0.02186249016518303 	101316.0786632985
-1.144894894894895 	299.9918890737848 	0.02349708756770372 	101315.4117171137
-1.142392392392392 	299.9913263359613 	0.0251275516069253 	101314.7465108517
-1.13988988988989 	299.990765147328 	0.02675321023256693 	101314.0831321867
-1.137387387387387 	299.990205594498 	0.02837378879137129 	101313.4216849969
-1.134884884884885 	299.9896477855153 	0.02998924009882926 	101312.7623003154
-1.132382382382382 	299.9890918583399 	0.03159910172183895 	101312.1051433823
-1.12987987987988 	299.9885379612795 	0.03320441962272577 	101311.450390337
-1.127377377377377 	299.9879862210997 	0.03480288178481843 	101310.7981927127
-1.124874874874875 	299.987436737268 	0.03639431705159241 	101310.1486676803
-1.122372372372372 	299.9868895889489 	0.03798026460968234 	101309.5019088561
-1.11986986986987 	299.9863448457928 	0.03955869082459989 	101308.8579979114
-1.117367367367367 	299.9858025785638 	0.04113000758760907 	101308.2170167617
-1.114864864864865 	299.9852628674557 	0.04269227973524672 	101307.5790610595
-1.112362362362362 	299.9847258144006 	0.04424660276364049 	101306.9442505785
-1.10985985985986 	299.9841915444575 	0.04579556065370433 	101306.3127337202
-1.107357357357357 	299.9836601975062 	0.04733525812744536 	101305.6846749224
-1.104854854854855 	299.9831319021766 	0.0488659865691156 	101305.0602249992
-1.102352352352353 	299.9826067601618 	0.05038647663690175 	101304.4395055335
-1.09984984984985 	299.9820848540555 	0.05189752139041014 	101303.822613266
-1.097347347347347 	299.9815662515589 	0.05340156918187851 	101303.2096289084
-1.094844844844845 	299.9810510204193 	0.0548947638721405 	101302.6006324675
-1.092342342342342 	299.9805392383324 	0.05637730126453371 	101301.9957147129
-1.08983983983984 	299.9800309928906 	0.0578487418547929 	101301.3949800373
-1.087337337337337 	299.979526388498 	0.0593098883788352 	101300.7985517608
-1.084834834834835 	299.979025542126 	0.06076198644112434 	101300.2065683952
-1.082332332332332 	299.9785285708675 	0.06220179450214121 	101299.6191670979
-1.07982982982983 	299.9780355816995 	0.06362981545548202 	101299.0364743281
-1.077327327327327 	299.9775466701967 	0.06504614875488131 	101298.4586041689
-1.074824824824825 	299.9770619223649 	0.06644948158384564 	101297.88565769
-1.072322322322323 	299.9765814174013 	0.06784135017558424 	101297.3177287468
-1.06981981981982 	299.9761052306016 	0.0692218303022029 	101296.7549056187
-1.067317317317317 	299.9756334322817 	0.07058904683196664 	101296.1972713103
-1.064814814814815 	299.9751660982556 	0.07194264572544931 	101295.6449159684
-1.062312312312312 	299.9747033160875 	0.07328215360007212 	101295.0979427804
-1.05980980980981 	299.9742451784152 	0.07460881891896132 	101294.5564613768
-1.057307307307307 	299.9737917806694 	0.07592350182978459 	101294.020584018
-1.054804804804805 	299.9733432170311 	0.07722377292866658 	101293.490421968
-1.052302302302302 	299.9728995785142 	0.07850884226477869 	101292.9660830607
-1.0497997997998 	299.9724609524878 	0.07977894774401578 	101292.4476704546
-1.047297297297297 	299.972027417404 	0.08103456482762438 	101291.9352769127
-1.044794794794795 	299.9715990431261 	0.08227615770520251 	101291.428984245
-1.042292292292292 	299.9711758969174 	0.08350249103863927 	101290.9288727146
-1.03978978978979 	299.9707580532053 	0.0847127299524886 	101290.435030476
-1.037287287287287 	299.9703455958107 	0.08590736762021611 	101289.9475553361
-1.034784784784785 	299.969938608925 	0.08708633710729706 	101289.4665470805
-1.032282282282283 	299.9695371686253 	0.08824958901955611 	101288.9920960352
-1.02977977977978 	299.96914134015 	0.08939670831238691 	101288.5242799377
-1.027277277277277 	299.9687511877448 	0.09052681437637786 	101288.0631736903
-1.024774774774775 	299.9683667822036 	0.09164030411726498 	101287.60885951
-1.022272272272272 	299.9679881982501 	0.09273653812599195 	101287.161427547
-1.01976976976977 	299.9676155134455 	0.09381589091834955 	101286.7209703512
-1.017267267267267 	299.9672488049613 	0.09487850414472235 	101286.2875778189
-1.014764764764765 	299.9668881464436 	0.09592326950862143 	101285.8613344455
-1.012262262262262 	299.9665336029125 	0.09695096279405796 	101285.4423181171
-1.00975975975976 	299.9661852319698 	0.09795957351059198 	101285.0306013369
-1.007257257257257 	299.9658430942116 	0.09895023292003305 	101284.6262542605
-1.004754754754755 	299.9655072578742 	0.09992373865147117 	101284.2293537642
-1.002252252252252 	299.9651777961362 	0.1008780011427344 	101283.8399838381
-0.9997497497497498 	299.9648547677978 	0.1018146102574849 	101283.4582174349
-0.9972472472472473 	299.9645382112279 	0.1027305854185136 	101283.0841069507
-0.9947447447447449 	299.9642281646232 	0.1036276246838141 	101282.7176953672
-0.9922422422422421 	299.9639246831894 	0.1045081198139568 	101282.3590399283
-0.9897397397397399 	299.9636278466481 	0.1053682938729861 	101282.0082293566
-0.9872372372372376 	299.9633377362949 	0.1062090718925972 	101281.6653651799
-0.9847347347347346 	299.9630544091235 	0.1070287160006714 	101281.3305271187
-0.9822322322322323 	299.9627779115749 	0.1078288444445634 	101281.0037723455
-0.9797297297297296 	299.9625082966649 	0.1086114567768001 	101280.6851537844
-0.9772272272272275 	299.9622456192464 	0.1093727701379936 	101280.3747222164
-0.9747247247247248 	299.9619899168484 	0.1101134984523788 	101280.0725207308
-0.9722222222222224 	299.9617412093297 	0.1108335314070008 	101279.7785866978
-0.9697197197197196 	299.9614995245762 	0.1115332482324033 	101279.4929665392
-0.9672172172172175 	299.9612649214544 	0.1122134467648163 	101279.2157323051
-0.9647147147147147 	299.9610374768222 	0.1128727254202837 	101278.9469616174
-0.9622122122122124 	299.9608172421881 	0.1135111094461103 	101278.6866986595
-0.9597097097097099 	299.9606042393974 	0.1141280835325507 	101278.4349630662
-0.9572072072072073 	299.9603984887069 	0.114724064406834 	101278.1917876772
-0.9547047047047047 	299.9602000207225 	0.1152990710857956 	101277.9572266459
-0.9522022022022023 	299.9600088767044 	0.1158523009909536 	101277.7313425243
-0.9496996996996998 	299.9598251066393 	0.1163843636039093 	101277.5141930435
-0.9471971971971973 	299.9596487601778 	0.1168950491279141 	101277.3058223857
-0.9446946946946947 	299.9594798861606 	0.1173837644658003 	101277.106269547
-0.9421921921921923 	299.9593185291583 	0.1178512979713427 	101276.9155756658
-0.93968968968969 	299.9591647097965 	0.1182979894830946 	101276.7337693263
-0.9371871871871872 	299.959018421885 	0.1187225527134667 	101276.5608590963
-0.9346846846846848 	299.9588796573653 	0.1191246642559113 	101276.3968518249
-0.9321821821821823 	299.95874842474 	0.1195036593592607 	101276.2417673899
-0.9296796796796799 	299.9586247466667 	0.1198609423483348 	101276.0956340752
-0.9271771771771771 	299.9585086568326 	0.1201979603966648 	101275.9584841806
-0.9246746746746748 	299.9584002018174 	0.1205124648614156 	101275.8303596572
-0.9221721721721724 	299.9582994373726 	0.1208040364257123 	101275.7113123414
-0.9196696696696698 	299.9582064196601 	0.1210727601138713 	101275.601397506
-0.9171671671671672 	299.9581211925101 	0.1213192888995711 	101275.5006643668
-0.9146646646646649 	299.9580437607136 	0.1215448236860689 	101275.4091225275
-0.9121621621621623 	299.9579740834491 	0.1217477611451924 	101275.3267312163
-0.9096596596596597 	299.9579121280109 	0.1219273096463989 	101275.2534591775
-0.9071571571571573 	299.9578578921415 	0.1220843642033582 	101275.1893096757
-0.9046546546546547 	299.9578113651279 	0.122218586864125 	101275.1342741699
-0.9021521521521524 	299.9577725495893 	0.1223308933480836 	101275.0883582154
-0.8996496496496498 	299.9577415025291 	0.1224212491027436 	101275.051630872
-0.8971471471471473 	299.9577182856593 	0.1224884139908284 	101275.0241645775
-0.894644644644645 	299.9577029192907 	0.1225333833340911 	101275.0059828811
-0.892142142142142 	299.9576954023864 	0.1225542647265459 	101274.9970863393
-0.8896396396396397 	299.9576957208403 	0.1225530513609271 	101274.9974538132
-0.8871371371371374 	299.9577038245164 	0.1225306478286835 	101275.0070249331
-0.8846346346346349 	299.9577196658198 	0.1224846466024369 	101275.0257410539
-0.8821321321321324 	299.9577432414715 	0.1224168853614747 	101275.0535979556
-0.8796296296296297 	299.9577745748232 	0.122324658334383 	101275.090625669
-0.8771271271271271 	299.957813671338 	0.1222104685679574 	101275.136831094
-0.8746246246246248 	299.957860535425 	0.1220760144315592 	101275.1922181857
-0.8721221221221224 	299.9579152123011 	0.1219178386310054 	101275.2568379771
-0.8696196196196196 	299.9579777283657 	0.1217374673145832 	101275.3307191117
-0.8671171171171175 	299.9580480247268 	0.1215331025647262 	101275.4137924984
-0.8646146146146148 	299.958126031835 	0.1213066494953187 	101275.5059779929
-0.8621121121121121 	299.958211738914 	0.1210595424951843 	101275.6072650542
-0.8596096096096097 	299.9583051315329 	0.1207889704690417 	101275.7176368331
-0.857107107107107 	299.9584061536557 	0.1204961285696445 	101275.837027687
-0.8546046046046049 	299.9585147818774 	0.1201807568297337 	101275.965408406
-0.8521021021021022 	299.9586310577981 	0.1198435285959725 	101276.1028251883
-0.8495995995995997 	299.9587550075775 	0.1194849331917436 	101276.2493081885
-0.8470970970970974 	299.9588865839003 	0.1191040117102619 	101276.4048008121
-0.8445945945945946 	299.9590257345343 	0.1187011946873795 	101276.569243386
-0.8420920920920922 	299.9591724629056 	0.1182759957010655 	101276.7426430238
-0.8395895895895897 	299.9593267603726 	0.1178289290770929 	101276.9249908981
-0.8370870870870872 	299.9594885380202 	0.1173604123317254 	101277.1161817956
-0.8345845845845846 	299.9596577037712 	0.1168702442448852 	101277.316105811
-0.8320820820820823 	299.9598342471786 	0.1163587489795745 	101277.5247497629
-0.8295795795795798 	299.9600181926546 	0.1158255801333425 	101277.7421403033
-0.8270770770770772 	299.9602095092343 	0.1152712287628162 	101277.9682391712
-0.8245745745745746 	299.9604081321682 	0.1146958875452633 	101278.2029701757
-0.8220720720720721 	299.9606140379866 	0.1140994775782529 	101278.4463063864
-0.8195695695695699 	299.9608272439305 	0.1134820581942785 	101278.6982703307
-0.817067067067067 	299.9610477249918 	0.1128433393358321 	101278.9588331676
-0.8145645645645651 	299.9612753885074 	0.1121833958745778 	101279.2278855839
-0.8120620620620621 	299.9615101364701 	0.1115029862097767 	101279.5053123859
-0.8095595595595597 	299.9617519311516 	0.1108028267144676 	101279.7910698048
-0.8070570570570572 	299.9620007701644 	0.1100821893483741 	101280.0851551037
-0.8045545545545546 	299.9622566376806 	0.1093409580821007 	101280.3875484284
-0.8020520520520523 	299.9625194615165 	0.1085786013883775 	101280.6981633112
-0.7995495495495494 	299.9627891445858 	0.107796677719087 	101281.0168841444
-0.7970470470470474 	299.9630656353023 	0.1069968703511707 	101281.3436481516
-0.7945445445445446 	299.9633489493256 	0.1061768170043921 	101281.678475274
-0.7920420420420423 	299.9636390804267 	0.1053361650226203 	101282.0213598518
-0.7895395395395397 	299.9639359232889 	0.1044755483551152 	101282.3721775619
-0.7870370370370371 	299.9642393099215 	0.103595842466052 	101282.7307301042
-0.7845345345345348 	299.9645491632334 	0.1026988201063339 	101283.0969264185
-0.7820320320320323 	299.9648655651656 	0.1017829732081505 	101283.4708633998
-0.7795295295295296 	299.9651886049461 	0.1008470876867566 	101283.852646225
-0.7770270270270272 	299.965518158753 	0.09989274250728046 	101284.2421284773
-0.7745245245245247 	299.9658539276944 	0.09891901530115682 	101284.6389566328
-0.7720220220220222 	299.9661957231539 	0.097928463798323 	101285.0429082406
-0.7695195195195199 	299.9665436688062 	0.0969214317907688 	101285.4541303681
-0.767017017017017 	299.9668980251344 	0.09589469397997348 	101285.8729301204
-0.7645145145145147 	299.9672587672488 	0.09485006878358132 	101286.2992780669
-0.7620120120120122 	299.9676254604075 	0.09378633040781699 	101286.7326608815
-0.7595095095095097 	299.9679976742696 	0.09270741760291837 	101287.17256929
-0.7570070070070072 	299.9683754486992 	0.09161375182514642 	101287.6190517724
-0.7545045045045048 	299.9687592197406 	0.09050165156516098 	101288.0726227312
-0.7520020020020022 	299.9691492806788 	0.08937276424054792 	101288.5336288705
-0.7494994994994997 	299.9695453212206 	0.08822475843767111 	101289.0017028339
-0.7469969969969972 	299.96994662558 	0.08706175227230564 	101289.475998999
-0.7444944944944945 	299.9703528066214 	0.08588594135807251 	101289.9560618485
-0.7419919919919924 	299.9707641889446 	0.08469387038679238 	101290.4422740615
-0.7394894894894897 	299.9711813937473 	0.0834852326103693 	101290.9353698259
-0.7369869869869872 	299.9716046546577 	0.0822587251230535 	101291.4356242145
-0.7344844844844846 	299.9720334284864 	0.08101673399261299 	101291.9423949525
-0.7319819819819822 	299.9724667822077 	0.07976189889776028 	101292.4545805551
-0.7294794794794797 	299.9729042572039 	0.07849442153011829 	101292.9716395207
-0.7269769769769773 	299.9733462489617 	0.07721377494416107 	101293.4940396462
-0.7244744744744747 	299.9737936106737 	0.07591711125926175 	101294.0227893899
-0.721971971971972 	299.9742468635736 	0.07460379068912813 	101294.5585033371
-0.7194694694694695 	299.9747056182372 	0.07327509765925549 	101295.1007208966
-0.7169669669669674 	299.9751687907893 	0.07193353746732029 	101295.6481610906
-0.7144644644644647 	299.9756354329119 	0.07058193207066271 	101296.1997039801
-0.711961961961962 	299.9761054174156 	0.069220129967015 	101296.7552012598
-0.7094594594594597 	299.976579506691 	0.0678465737023819 	101297.3155545201
-0.7069569569569573 	299.977058776932 	0.06645834016416863 	101297.8820339574
-0.7044544544544545 	299.9775436652895 	0.06505403383289317 	101298.4551537906
-0.7019519519519523 	299.9780335596514 	0.06363538174902542 	101299.0341907346
-0.6994494494494495 	299.9785271885824 	0.06220535178157853 	101299.6176435606
-0.6969469469469471 	299.979023444514 	0.06076734317801438 	101300.2042048494
-0.6944444444444446 	299.9795220529761 	0.05932207743147781 	101300.7935517662
-0.6919419419419421 	299.9800237752816 	0.05786797725756387 	101301.3865822935
-0.6894394394394396 	299.980529776779 	0.05640196926027506 	101301.984673493
-0.6869369369369374 	299.9810408475593 	0.05492150845056853 	101302.5887580604
-0.6844344344344344 	299.9815569263497 	0.05342675377832122 	101303.1987624853
-0.6819319319319321 	299.9820770360537 	0.05192054969334639 	101303.813532499
-0.6794294294294296 	299.9825998454525 	0.05040709688097254 	101304.4314959613
-0.6769269269269272 	299.9831243661167 	0.04888815790463812 	101305.0514868185
-0.6744244244244245 	299.9836503662015 	0.04736406471007339 	101305.6732317223
-0.6719219219219222 	299.9841783908686 	0.0458326896346927 	101306.2973748458
-0.6694194194194195 	299.9847094320189 	0.04429268282292001 	101306.9250841422
-0.6669169169169172 	299.9852443901896 	0.04274360540073645 	101307.5574234685
-0.6644144144144146 	299.9857836394523 	0.04118219404810765 	101308.1948376136
-0.661911911911912 	299.9863268725784 	0.03960848603341004 	101308.8369617542
-0.6594094094094097 	299.9868732346554 	0.03802600859510254 	101309.4827873172
-0.656906906906907 	299.9874216646498 	0.03643696097777924 	101310.13106267
-0.6544044044044046 	299.9879713033582 	0.03484534224127615 	101310.7807701741
-0.6519019019019021 	299.988521697469 	0.03325190293595547 	101311.4313754772
-0.6493993993993996 	299.989072943526 	0.03165447646038014 	101312.0829925009
-0.6468968968968971 	299.9896254596815 	0.03005367967809686 	101312.7361126707
-0.6443943943943946 	299.9901798194998 	0.02844566443867003 	101313.3914146612
-0.6418918918918921 	299.9907365273392 	0.02683233767005979 	101314.0494934005
-0.6393893893893897 	299.9912959187249 	0.02521360832740387 	101314.7107449161
-0.6368868868868871 	299.9918579856899 	0.02358569152683087 	101315.3751603031
-0.6343843843843846 	299.9924224665929 	0.02195126326643765 	101316.0424314486
-0.6318818818818821 	299.9929889054627 	0.02030907002562302 	101316.7120197392
-0.6293793793793795 	299.9935568263789 	0.01866358083384947 	101317.383363652
-0.6268768768768773 	299.9941257819488 	0.01701606812480597 	101318.0559409833
-0.6243743743743745 	299.9946954829934 	0.01536532285551844 	101318.7293781355
-0.6218718718718721 	299.9952656487851 	0.01371430743870243 	101319.4033814353
-0.6193693693693696 	299.9958361160263 	0.01206119593003376 	101320.0777852863
-0.6168668668668671 	299.9964069203952 	0.01040761510634279 	101320.7525682877
-0.6143643643643645 	299.9969780379632 	0.008753821766278317 	101321.4277177159
-0.6118618618618621 	299.9975494652999 	0.007098646573009224 	101322.1032366152
-0.6093593593593596 	299.9981211895314 	0.005442748480469577 	101322.779107664
-0.6068568568568571 	299.9986931299999 	0.003785606984762852 	101323.455235342
-0.6043543543543546 	299.9992652002585 	0.002128211913080573 	101324.1315167607
-0.6018518518518521 	299.9998373794634 	0.0004707298157774786 	101324.8079282067
-0.5993493493493496 	300.0004096319624 	0.001221732649109531 	101325.4844304019
-0.5968468468468471 	300.0009819305621 	0.002845015992145733 	101326.1609934167
-0.5943443443443446 	300.001554192325 	0.004503025688392577 	101326.8375185185
-0.591841841841842 	300.0021263098004 	0.0061603673653923 	101327.5138782844
-0.5893393393393397 	300.00269816861 	0.007816770871829245 	101328.1899375868
-0.5868368368368371 	300.0032696462327 	0.009472014866325585 	101328.8655501285
-0.5843343343343346 	300.0038406079721 	0.01112571560149766 	101329.5405562562
-0.5818318318318321 	300.0044109118129 	0.01277790323000224 	101330.2147866913
-0.5793293293293297 	300.004980416552 	0.01442782078135548 	101330.8880737765
-0.5768268268268271 	300.0055489926857 	0.01607508808318054 	101331.5602646584
-0.5743243243243245 	300.0061165280285 	0.01771911561710829 	101332.2312270354
-0.5718218218218221 	300.0066829252381 	0.01935973014865896 	101332.900846077
-0.5693193193193196 	300.0072480955766 	0.02099702711036764 	101333.5690169421
-0.5668168168168171 	300.0078119492975 	0.02263052430909822 	101334.2356345646
-0.5643143143143147 	300.0083743891967 	0.02425992944945642 	101334.9005838803
-0.5618118118118121 	300.0089353073322 	0.02588442273956014 	101335.5637363893
-0.5593093093093094 	300.0094945853077 	0.0275041657539278 	101336.2249549609
-0.5568068068068072 	300.0100521096239 	0.02911926198367305 	101336.8841041365
-0.5543043043043046 	300.0106077751528 	0.03072947049890725 	101337.5410589435
-0.551801801801802 	300.0111614849766 	0.03233407271546961 	101338.1957048017
-0.5492992992992995 	300.0117131467114 	0.03393156636489457 	101338.8479312947
-0.5467967967967969 	300.0122626647805 	0.03552282163602016 	101339.4976264896
-0.5442942942942947 	300.0128099396631 	0.03710803129156245 	101340.144672462
-0.5417917917917919 	300.0133548644967 	0.03868764738826189 	101340.7889433684
-0.5392892892892895 	300.0138973304211 	0.04026029915071679 	101341.4303099338
-0.536786786786787 	300.014437232567 	0.0418230401348653 	101342.0686468589
-0.5342842842842846 	300.0149744695976 	0.04337820540903164 	101342.703836683
-0.531781781781782 	300.0155089492122 	0.0449269883529767 	101343.3357686526
-0.5292792792792794 	300.0160405788027 	0.04646702927309414 	101343.9643336156
-0.526776776776777 	300.0165692632745 	0.04800004268910467 	101344.5894196799
-0.5242742742742745 	300.0170949068967 	0.0495225763150786 	101345.2109120487
-0.521771771771772 	300.0176174106444 	0.05103407519209322 	101345.8286952944
-0.5192692692692695 	300.0181366792569 	0.05253821353383541 	101346.4426564075
-0.516766766766767 	300.0186526202074 	0.05403248146733075 	101347.0526849588
-0.5142642642642645 	300.0191651378194 	0.05551909222174056 	101347.6586694689
-0.511761761761762 	300.0196741382846 	0.05699385978123599 	101348.2604966707
-0.5092592592592596 	300.0201795239149 	0.05845620608849045 	101348.8580531521
-0.506756756756757 	300.020681199291 	0.05990953565090889 	101349.4512250363
-0.5042542542542544 	300.0211790681436 	0.06135147585650312 	101350.0398979186
-0.5017517517517521 	300.0216730346241 	0.06278313877524964 	101350.623959601
-0.4992492492492494 	300.0221630107709 	0.06420251692409286 	101351.2033049759
-0.496746746746747 	300.0226489122804 	0.06560964507958963 	101351.7778358338
-0.4942442442442445 	300.0231306588983 	0.06700528955108465 	101352.3474561455
-0.4917417417417421 	300.0236081701199 	0.06838831392846079 	101352.9120699362
-0.4892392392392395 	300.0240813644527 	0.0697595497930244 	101353.4715816314
-0.486736736736737 	300.0245501590053 	0.07111759815198007 	101354.0258929882
-0.4842342342342345 	300.0250144632573 	0.07246229363664158 	101354.5748979817
-0.481731731731732 	300.0254741845526 	0.07379386575837403 	101355.1184853024
-0.4792292292292296 	300.025929231735 	0.07511169527970973 	101355.6565476973
-0.4767267267267268 	300.0263795195249 	0.07641612521087567 	101356.1889845594
-0.4742242242242246 	300.0268249635392 	0.07770629871770666 	101356.7156952022
-0.471721721721722 	300.0272654726874 	0.07898220258252343 	101357.2365740557
-0.4692192192192195 	300.0277009589411 	0.08024378086920528 	101357.7515152741
-0.4667167167167169 	300.0281313392293 	0.08149062947374357 	101358.2604202871
-0.4642142142142145 	300.0285565393861 	0.08272285096114193 	101358.7632004734
-0.461711711711712 	300.0289764913646 	0.08393962720623613 	101359.259776669
-0.4592092092092094 	300.0293911334676 	0.08514084341952849 	101359.7500771151
-0.456706706706707 	300.029800406912 	0.08632618765928952 	101360.2340316093
-0.4542042042042045 	300.0302042470104 	0.08749556424408807 	101360.7115633067
-0.451701701701702 	300.0306025821002 	0.08864922606963963 	101361.182584906
-0.4491991991991995 	300.0309953275375 	0.08978664713374396 	101361.6469976871
-0.4466966966966969 	300.0313823860035 	0.09090779821362124 	101362.1046880993
-0.4441941941941945 	300.031763651252 	0.09201206554829172 	101362.5555306425
-0.441691691691692 	300.0321390250368 	0.09309942863928443 	101362.9994092463
-0.4391891891891895 	300.0325084441237 	0.09417002026407524 	101363.4362463375
-0.436686686686687 	300.0328718797831 	0.09522330878310359 	101363.8660071399
-0.4341841841841846 	300.0332293117885 	0.09625918177497415 	101364.2886693744
-0.431681681681682 	300.0335807020137 	0.09727668650280379 	101364.7041895916
-0.4291791791791794 	300.0339259896595 	0.09827622606818714 	101365.1124978506
-0.426676676676677 	300.0342651045998 	0.09925819153287088 	101365.5135082829
-0.4241741741741744 	300.0345979611176 	0.1002224666093442 	101365.9071170225
-0.421671671671672 	300.0349244529111 	0.1011687007530174 	101366.2931971064
-0.4191691691691694 	300.0352444690897 	0.1020950558286942 	101366.6716192524
-0.4166666666666669 	300.0355579285124 	0.1030025764663936 	101367.0422918542
-0.4141641641641645 	300.0358647997398 	0.1038917675304765 	101367.4051787227
-0.411661661661662 	300.0361650818405 	0.1047627148819526 	101367.7602754802
-0.4091591591591594 	300.03645876751 	0.1056153875599626 	101368.1075706583
-0.406656656656657 	300.0367458270948 	0.1064457300693869 	101368.4470257183
-0.4041541541541545 	300.0370262037059 	0.1072559612865883 	101368.7785762592
-0.401651651651652 	300.0372998211873 	0.1080485787027273 	101369.1021374563
-0.3991491491491494 	300.037566590591 	0.1088211880204405 	101369.4176056861
-0.396646646646647 	300.0378264176917 	0.1095759945699355 	101369.7248700774
-0.3941441441441444 	300.0380792345841 	0.1103085419492421 	101370.0238419417
-0.3916416416416419 	300.0383250065918 	0.1110187523559823 	101370.3144786917
-0.3891391391391395 	300.0385637283717 	0.111710525276664 	101370.5967728233
-0.3866366366366368 	300.0387953902977 	0.1123814376356052 	101370.8707185153
-0.3841341341341344 	300.0390199661541 	0.1130328923516138 	101371.1362908064
-0.381631631631632 	300.0392374185998 	0.1136623834261103 	101371.3934467378
-0.3791291291291294 	300.0394477047288 	0.1142707581796441 	101371.6421313027
-0.3766266266266269 	300.039650776024 	0.1148589960129521 	101371.8822801066
-0.3741241241241244 	300.0398465731371 	0.1154255532748335 	101372.1138187803
-0.371621621621622 	300.0400350286855 	0.115972080637782 	101372.3366701957
-0.3691191191191194 	300.0402160859675 	0.1164966777295523 	101372.5507726118
-0.366616616616617 	300.040389707252 	0.1169995402419456 	101372.7560897344
-0.3641141141141143 	300.0405558762088 	0.1174810651570457 	101372.9526035114
-0.3616116116116119 	300.0407145886336 	0.1179406373425185 	101373.1403038682
-0.3591091091091095 	300.0408658427027 	0.1183790040453193 	101373.3191805989
-0.356606606606607 	300.0410096296067 	0.1187952365220762 	101373.489216594
-0.3541041041041044 	300.0411459263692 	0.1191896465477155 	101373.6503851429
-0.3516016016016019 	300.0412746958669 	0.1195624212932151 	101373.8026491393
-0.3490990990990994 	300.0413958896094 	0.1199132699817876 	101373.9459616421
-0.346596596596597 	300.0415094578759 	0.1202425614800672 	101374.0802690743
-0.3440940940940944 	300.0416153571028 	0.1205495017179606 	101374.2055172415
-0.3415915915915919 	300.0417135614031 	0.1208342011833135 	101374.3216671049
-0.3390890890890895 	300.0418040767722 	0.1210964987316312 	101374.4287146979
-0.3365865865865869 	300.0418869298397 	0.1213363387021875 	101374.5266869598
-0.3340840840840844 	300.0419621350156 	0.1215541574795803 	101374.6156044379
-0.3315815815815819 	300.0420296636516 	0.1217494795470087 	101374.6954419237
-0.3290790790790794 	300.0420894507398 	0.1219225385284377 	101374.7661339257
-0.3265765765765769 	300.0421414491319 	0.1220730094258811 	101374.8276301026
-0.3240740740740744 	300.0421856663139 	0.1222010413702754 	101374.8799374101
-0.3215715715715718 	300.0422221427712 	0.1223070438877646 	101374.9230947383
-0.3190690690690695 	300.0422508924384 	0.1223905191856314 	101374.9571068823
-0.3165665665665668 	300.0422718790846 	0.1224515624079051 	101374.981921921
-0.3140640640640644 	300.0422850587632 	0.1224894480075327 	101374.9974876727
-0.311561561561562 	300.0422904375508 	0.1225045847313589 	101375.0038204277
-0.3090590590590593 	300.0422880705577 	0.1224976776721052 	101375.0009951871
-0.3065565565565568 	300.0422779795848 	0.1224685033885172 	101374.9890510959
-0.3040540540540545 	300.0422601133938 	0.1224172259608821 	101374.9679302573
-0.3015515515515518 	300.0422343892262 	0.1223424584622236 	101374.9375299376
-0.2990490490490494 	300.0422007937891 	0.1222447470756035 	101374.8978268696
-0.2965465465465469 	300.0421594287571 	0.1221250101258904 	101374.8489285129
-0.2940440440440444 	300.0421104183499 	0.1219833647485487 	101374.7909734605
-0.2915415415415418 	300.042053781385 	0.1218202447251354 	101374.7239810152
-0.2890390390390395 	300.0419894060186 	0.1216330022608244 	101374.647820828
-0.2865365365365368 	300.04191716881 	0.1214226853156453 	101374.5623574354
-0.2840340340340343 	300.0418370866782 	0.1211907331126046 	101374.4676216436
-0.2815315315315318 	300.0417493203402 	0.1209372528488685 	101374.3638141008
-0.2790290290290295 	300.0416540209172 	0.1206636565469493 	101374.2511181963
-0.2765265265265269 	300.0415511719145 	0.1203647604532674 	101374.1295102199
-0.2740240240240244 	300.0414405980976 	0.1200423920858936 	101373.9987789007
-0.2715215215215219 	300.0413221676255 	0.119699707867818 	101373.8587579684
-0.2690190190190194 	300.0411959658818 	0.1193341293257874 	101373.7095393293
-0.2665165165165169 	300.0410622600425 	0.1189488754213015 	101373.5514324282
-0.2640140140140144 	300.0409212698941 	0.1185400747035656 	101373.3846925326
-0.2615115115115119 	300.0407729574976 	0.1181083379620703 	101373.209276166
-0.2590090090090094 	300.0406170652852 	0.117656784101217 	101373.0248819241
-0.2565065065065068 	300.0404533789472 	0.1171825679770054 	101372.8312619929
-0.2540040040040044 	300.0402819713324 	0.1166869131722898 	101372.6285117786
-0.2515015015015019 	300.0401031870052 	0.1161689068524445 	101372.4170456877
-0.2489989989989994 	300.0399173506436 	0.1156307969909477 	101372.1972562657
-0.2464964964964968 	300.0397244797689 	0.1150720315963303 	101371.9691665827
-0.2439939939939944 	300.0395242665425 	0.1144910490951792 	101371.7324126812
-0.2414914914914919 	300.039316372996 	0.1138892559362268 	101371.4865933775
-0.2389889889889893 	300.0391007722149 	0.1132648747730077 	101371.2316724925
-0.2364864864864869 	300.0388778268838 	0.1126193969601198 	101370.9680777808
-0.2339839839839843 	300.0386480344167 	0.1119542979519118 	101370.6963945563
-0.2314814814814819 	300.0384116370224 	0.1112697536357578 	101370.4169049846
-0.2289789789789792 	300.0381684321985 	0.1105656850420513 	101370.1293651761
-0.2264764764764769 	300.0379179647027 	0.1098399906454253 	101369.8332298675
-0.2239739739739743 	300.0376599350832 	0.1090923708346115 	101369.5281430746
-0.2214714714714718 	300.0373945051433 	0.108323406522376 	101369.2142960269
-0.2189689689689693 	300.0371222343358 	0.1075346056617542 	101368.892352854
-0.2164664664664669 	300.0368436823853 	0.1067279194986534 	101368.5629780664
-0.2139639639639643 	300.0365589865881 	0.10590307492912 	101368.2263334389
-0.2114614614614618 	300.0362677514797 	0.1050594071573558 	101367.8819482019
-0.2089589589589593 	300.0359693628076 	0.104195117693316 	101367.5290935478
-0.2064564564564568 	300.035663504169 	0.1033094349604861 	101367.1673974796
-0.2039539539539543 	300.0353504676151 	0.1024034129033501 	101366.7972102605
-0.2014514514514518 	300.0350310034133 	0.1014783754910174 	101366.4194238909
-0.1989489489489494 	300.0347058276793 	0.1005365194345452 	101366.03488959
-0.1964464464464468 	300.0343751550295 	0.09957797784420212 	101365.6438580809
-0.1939439439439443 	300.0340385694621 	0.09860205586978507 	101365.2458337354
-0.1914414414414418 	300.0336953429833 	0.09760744378827658 	101364.8399516946
-0.1889389389389393 	300.0333449597277 	0.09659240226150898 	101364.4256011759
-0.1864364364364368 	300.0329874933694 	0.09555759231391615 	101364.0028765209
-0.1839339339339343 	300.0326236159123 	0.09450389408450396 	101363.5725774601
-0.1814314314314318 	300.0322542106483 	0.0934339988374792 	101363.1357517229
-0.1789289289289293 	300.031879853231 	0.09234992039786934 	101362.6930780627
-0.1764264264264268 	300.0315004987396 	0.09125094676356738 	101362.2444950035
-0.1739239239239243 	300.0311155499023 	0.09013605828207928 	101361.789292603
-0.1714214214214218 	300.0307242660293 	0.0890017257665085 	101361.3265913237
-0.1689189189189193 	300.0303262432595 	0.08784781072634579 	101360.8559202927
-0.1664164164164168 	300.029921696956 	0.08667606645445909 	101360.3775392367
-0.1639139139139143 	300.0295113701442 	0.08548786456184705 	101359.8923332195
-0.1614114114114118 	300.0290961433108 	0.08428733112429536 	101359.4013442048
-0.1589089089089093 	300.0286765916285 	0.08307163740815646 	101358.9052454061
-0.1564064064064068 	300.0282527027789 	0.08184188809306527 	101358.4040172094
-0.1539039039039043 	300.0278239440573 	0.08059974111537659 	101357.8970236875
-0.1514014014014018 	300.027389583072 	0.07934185748147701 	101357.383398854
-0.1488988988988993 	300.0269491158526 	0.07806813358867581 	101356.8625526249
-0.1463963963963968 	300.0265025605003 	0.0767733666082125 	101356.3345100946
-0.1438938938938943 	300.0260504801412 	0.07546196552937012 	101355.7999456672
-0.1413913913913918 	300.0255937304842 	0.07413967215238583 	101355.2598702242
-0.1388888888888893 	300.0251330810621 	0.07280582274244352 	101354.7151908235
-0.1363863863863868 	300.0246688982005 	0.07146253696179242 	101354.1663370837
-0.1338838838838843 	300.0242010550536 	0.07010678907927509 	101353.613150566
-0.1313813813813818 	300.023729027357 	0.06873841642411471 	101353.0550102185
-0.1288788788788793 	300.0232521779745 	0.06735688236825647 	101352.4911631747
-0.1263763763763768 	300.0227700517875 	0.06595986048352209 	101351.9210745142
-0.1238738738738743 	300.0222826056999 	0.06454824917174926 	101351.3446998972
-0.1213713713713717 	300.0217902394302 	0.06312171134918168 	101350.762514748
-0.1188688688688693 	300.0212936394047 	0.06168329829307827 	101350.1753358538
-0.1163663663663668 	300.0207935325228 	0.06023487206883012 	101349.5840216905
-0.1138638638638643 	300.0202904550947 	0.05877743936390533 	101348.9892021752
-0.1113613613613618 	300.0197846145519 	0.0573126535451162 	101348.3911184558
-0.1088588588588592 	300.0192758772167 	0.05583882373210304 	101347.7896049626
-0.1063563563563568 	300.0187638736968 	0.05435549813037816 	101347.1842221241
-0.1038538538538543 	300.0182481698515 	0.05286142933391615 	101346.574454406
-0.1013513513513517 	300.0177284271525 	0.05135545697542659 	101345.959905292
-0.09884884884884926 	300.0172045236774 	0.04983777468954991 	101345.3404382358
-0.09634634634634676 	300.0166765875397 	0.04830812636228857 	101344.7162111079
-0.09384384384384425 	300.0161449675189 	0.04676813483819566 	101344.0876446807
-0.09134134134134177 	300.0156101567617 	0.04521908120409142 	101343.4553235651
-0.08883883883883925 	300.0150726684618 	0.04366236164107945 	101342.8198546209
-0.08633633633633674 	300.0145329402616 	0.0420994668499109 	101342.1817479733
-0.08383383383383426 	300.0139912597313 	0.04053045051347409 	101341.5413322576
-0.08133133133133173 	300.0134477124894 	0.03895594582102654 	101340.8987002689
-0.07882882882882926 	300.0129022128547 	0.03737535406226949 	101340.2537424246
-0.07632632632632676 	300.0123545772125 	0.03578840026613375 	101339.606240489
-0.07382382382382424 	300.011804595108 	0.03419503482291488 	101338.9559507694
-0.07132132132132173 	300.0112521005674 	0.03259435419717156 	101338.3026862933
-0.06881881881881925 	300.0106970274433 	0.03098664877969012 	101337.6463825564
-0.06631631631631671 	300.010139431592 	0.02937130154617625 	101336.9871158847
-0.06381381381381425 	300.0095794627049 	0.02774897945855169 	101336.3250716902
-0.06131131131131173 	300.0090173337588 	0.02612077869242757 	101335.6605032875
-0.05880880880880923 	300.0084532798172 	0.02448690003523667 	101334.9936844448
-0.05630630630630672 	300.0078875522201 	0.02284871641982727 	101334.3249023883
-0.05380380380380424 	300.0073204039504 	0.02120572039542222 	101333.6544428693
-0.05130130130130173 	300.0067520635923 	0.01955903752882518 	101332.9825649661
-0.04879879879879922 	300.006182713406 	0.01790990621080394 	101332.3094735233
-0.04629629629629672 	300.0056124923096 	0.01625803965620802 	101331.6353267728
-0.04379379379379422 	300.0050414893025 	0.01460484514251295 	101330.9602308926
-0.04129129129129173 	300.0044697789976 	0.01294809751576556 	101330.2842777463
-0.03878878878878922 	300.0038974215274 	0.01128887829261537 	101329.6075490151
-0.03628628628628671 	300.003324470796 	0.009629006914907541 	101328.9301175088
-0.03378378378378422 	300.0027509740108 	0.007967421456424635 	101328.2520495955
-0.03128128128128172 	300.0021770036645 	0.006306944118721308 	101327.5734391523
-0.02877877877877922 	300.0016025975212 	0.004642199368698501 	101326.8943342693
-0.0262762762762767 	300.0010278686681 	0.002974913378235714 	101326.214872975
-0.02377377377377422 	300.0004528770737 	0.00130960847804724 	101325.5351218509
-0.0212712712712717 	299.9998777014382 	0.0003778433007067639 	101324.855172384
-0.01876876876876921 	299.9993024634912 	0.002019954719289505 	101324.1751622351
-0.01626626626626671 	299.9987272733833 	0.003687363583727184 	101323.4952152719
-0.0137637637637642 	299.998152243461 	0.005354965760271431 	101322.8154617747
-0.0112612612612617 	299.9975774874218 	0.007019623149358905 	101322.1360289998
-0.008758758758759198 	299.9970031181817 	0.008683298491079326 	101321.4570495617
-0.006256256256256697 	299.9964292620339 	0.01034483261638294 	101320.7786708594
-0.003753753753754195 	299.9958560514916 	0.01200578898929914 	101320.1010444344
-0.001251251251251693 	299.9952835720268 	0.01366432435626615 	101319.4243050664
0.00125125125125081 	299.9947119730429 	0.01532002696303964 	101318.748569933
0.003753753753753312 	299.9941413370541 	0.01697329265821527 	101318.0739630318
0.006256256256255817 	299.9935717641094 	0.01862288043690739 	101317.4006323191
0.008758758758758317 	299.993003405401 	0.02026990936212586 	101316.7287335326
0.01126126126126082 	299.9924363639154 	0.02191304609180866 	101316.0583956517
0.01376376376376332 	299.9918707186329 	0.02355194210806142 	101315.3897122036
0.01626626626626582 	299.9913065432473 	0.02518649949026827 	101314.7227710564
0.01876876876876833 	299.9907439321844 	0.02681582280193782 	101314.0576853554
0.02127127127127083 	299.9901830008503 	0.02844066567173037 	101313.3945902894
0.02377377377377332 	299.9896238608551 	0.03006018293425868 	101312.7336186264
0.02627627627627583 	299.9890666177233 	0.03167424130612039 	101312.0748948762
0.02877877877877833 	299.9885113886024 	0.03328262984886935 	101311.4185570366
0.03128128128128083 	299.9879583111262 	0.03488465037369545 	101310.7647685766
0.03378378378378333 	299.9874075260063 	0.03648063810430364 	101310.1136945826
0.03628628628628584 	299.9868591410466 	0.03806970782525892 	101309.4654627206
0.03878878878878834 	299.9863132232474 	0.03965177336015613 	101308.8201510409
0.04129129129129084 	299.9857698187698 	0.04122641988617428 	101308.1778151074
0.04379379379379333 	299.9852289860078 	0.04279301263949881 	101307.5385230211
0.04629629629629585 	299.9846908076446 	0.04435188129768767 	101306.9023721391
0.04879879879879834 	299.9841553924215 	0.04590233352508728 	101306.2694910852
0.05130130130130085 	299.9836228759839 	0.04744465584616198 	101305.6400389413
0.05380380380380335 	299.9830934119639 	0.04897835765318397 	101305.0141988344
0.05630630630630584 	299.9825671563426 	0.05050271258949456 	101304.3921544645
0.05880880880880836 	299.9820442354236 	0.05201789158652385 	101303.774054642
0.06131131131131085 	299.9815247257345 	0.05352302278754991 	101303.1599898254
0.06381381381381336 	299.9810086641798 	0.05501865057273196 	101302.5500033099
0.06631631631631586 	299.9804960795145 	0.05650412660175486 	101301.9441294781
0.06881881881881835 	299.979987024208 	0.05797866264729246 	101301.342429827
0.07132132132132088 	299.9794815858251 	0.05944261268916296 	101300.7450077273
0.07382382382382337 	299.9789798836471 	0.06089503357905286 	101300.1520052429
0.07632632632632587 	299.9784820647289 	0.06233718852949307 	101299.5635942543
0.07882882882882837 	299.9779882827698 	0.06376814501929835 	101298.9799579986
0.08133133133133086 	299.9774986730462 	0.06518660092995827 	101298.4012553513
0.08383383383383337 	299.9770133222907 	0.0665929935945918 	101297.8275890957
0.08633633633633589 	299.9765322762365 	0.0679852058824803 	101297.2590142892
0.08883883883883838 	299.9760555761272 	0.06936676404837891 	101296.6955767049
0.09134134134134086 	299.9755832721282 	0.07073647850259029 	101296.1373388781
0.09384384384384339 	299.9751154356425 	0.07209140082272242 	101295.5843835198
0.09634634634634588 	299.9746521550483 	0.0734330660944687 	101295.0368140528
0.09884884884884838 	299.9741935354162 	0.0747591459151781 	101294.4947566628
0.1013513513513509 	299.9737396939551 	0.07607483722898079 	101293.9583477994
0.1038538538538534 	299.9732907394999 	0.07737785205318189 	101293.4277188607
0.1063563563563559 	299.972846779487 	0.07866380089016548 	101292.9029939936
0.1088588588588584 	299.972407907072 	0.07993450867460698 	101292.3842840661
0.1113613613613609 	299.9719741904667 	0.08118992460134587 	101291.8716710362
0.1138638638638634 	299.971545680367 	0.08243234946974021 	101291.3652123984
0.1163663663663659 	299.9711224242396 	0.08365907956599121 	101290.8649659808
0.1188688688688684 	299.9707044811829 	0.08486936954247778 	101290.3710001075
0.1213713713713709 	299.9702919188225 	0.08606406745903666 	101289.8833956644
0.1238738738738734 	299.9698848223011 	0.08724265352494934 	101289.4022537774
0.1263763763763759 	299.969483286961 	0.08840615528596463 	101288.9276851454
0.1288788788788784 	299.969087404061 	0.0895525739452709 	101288.4597996371
0.1313813813813809 	299.9686972750085 	0.09068276340891233 	101287.9987155382
0.1338838838838834 	299.9683129953854 	0.09179662175392309 	101287.5445466349
0.1363863863863859 	299.9679346293667 	0.09289225011432926 	101287.0973683379
0.1388888888888884 	299.9675622059428 	0.09397103639299713 	101286.6572145021
0.1413913913913909 	299.9671957386412 	0.09503206221639662 	101286.2241022577
0.1438938938938934 	299.9668352597549 	0.09607528616188024 	101285.798068439
0.1463963963963959 	299.9664808417851 	0.09710067954471799 	101285.3791990776
0.1488988988988985 	299.9661325794909 	0.09810768989073199 	101284.9676065758
0.1514014014014009 	299.9657905471324 	0.09909681552845609 	101284.563377353
0.1539039039039035 	299.9654547824778 	0.1000673096002939 	101284.1665575005
0.1564064064064059 	299.9651253073746 	0.1010190999048323 	101283.7771718442
0.1589089089089084 	299.9648021471882 	0.1019518253300026 	101283.3952502628
0.1614114114114109 	299.9644853370143 	0.1028647838902242 	101283.0208351378
0.1639139139139134 	299.9641749009685 	0.1037581550283758 	101282.6539542632
0.166416416416416 	299.9638708376302 	0.1046312701166515 	101282.2946053215
0.1689189189189185 	299.9635731363222 	0.1054843468739179 	101281.9427761694
0.1714214214214209 	299.9632817956744 	0.1063170384126089 	101281.5984656486
0.1739239239239235 	299.9629968271881 	0.1071286072710682 	101281.2616868897
0.1764264264264259 	299.9627182303365 	0.1079189570930847 	101280.9324391726
0.1789289289289284 	299.9624459608589 	0.1086871300527714 	101280.6106698447
0.181431431431431 	299.9621799295174 	0.1094333409953026 	101280.296274048
0.1839339339339334 	299.9619200333361 	0.1101570463190678 	101279.9891295322
0.186436436436436 	299.9616661907509 	0.1108574461793653 	101279.6891399926
0.1889389389389385 	299.9614183566133 	0.1115344320481035 	101279.3962520663
0.191441441441441 	299.9611764941823 	0.1121868562838042 	101279.1104224602
0.1939439439439434 	299.9609405310763 	0.112815142280265 	101278.8315653953
0.196446446446446 	299.9607103428271 	0.1134184891364121 	101278.5595335896
0.1989489489489485 	299.9604857964223 	0.1139959587385865 	101278.294169565
0.2014514514514509 	299.9602668231391 	0.1145477181683562 	101278.0353929636
0.2039539539539535 	299.9600534547076 	0.1150725013875866 	101277.7832405998
0.2064564564564559 	299.9598457785647 	0.115571803227183 	101277.5378159433
0.2089589589589585 	299.9596438538712 	0.1160448280209015 	101277.2991886655
0.211461461461461 	299.9594476891041 	0.1164905840126271 	101277.0673689167
0.2139639639639635 	299.9592573279509 	0.1169104643777324 	101276.8424076685
0.2164664664664659 	299.9590729659588 	0.1173026933883266 	101276.6245364787
0.2189689689689684 	299.95889498664 	0.1176729217838628 	101276.414208325
0.221471471471471 	299.9587238732481 	0.1180205353102757 	101276.2119951857
0.2239739739739735 	299.9585600950895 	0.1183423202524833 	101276.0184503581
0.226476476476476 	299.9584040694336 	0.1186417557306742 	101275.8340666955
0.2289789789789785 	299.9582562305563 	0.1189197082156654 	101275.6593580907
0.231481481481481 	299.9581171135443 	0.1191826430640555 	101275.4949564162
0.2339839839839835 	299.957987364185 	0.119429438924815 	101275.3416259993
0.236486486486486 	299.9578676681853 	0.1196582526477536 	101275.2001753186
0.2389889889889885 	299.9577586235823 	0.119872171932948 	101275.0713124016
0.241491491491491 	299.9576606402677 	0.120072812556278 	101274.955521991
0.2439939939939935 	299.9575738995114 	0.1202627749364696 	101274.8530163409
0.246496496496496 	299.9574983892323 	0.1204406090109369 	101274.7637836099
0.2489989989989985 	299.9574339971655 	0.1206059363521106 	101274.6876900801
0.251501501501501 	299.9573805451291 	0.120757970148719 	101274.6245259235
0.2540040040040035 	299.9573377038914 	0.1208946222119105 	101274.573900549
0.256506506506506 	299.957304826655 	0.1210145875372449 	101274.5350483256
0.2590090090090086 	299.9572809012311 	0.1211143414650735 	101274.5067797039
0.261511511511511 	299.957264716636 	0.1211921949904444 	101274.4876592929
0.2640140140140135 	299.9572551287745 	0.1212455538030295 	101274.4763354969
0.2665165165165161 	299.9572512483119 	0.1212705479811851 	101274.4717572047
0.2690190190190185 	299.9572524453725 	0.1212652304956398 	101274.4731793852
0.271521521521521 	299.9572582507236 	0.1212266205094022 	101274.4800482594
0.2740240240240235 	299.9572683039303 	0.1211538705819675 	101274.4919370151
0.276526526526526 	299.957282408468 	0.1210476323052965 	101274.5086134082
0.2790290290290286 	299.9573006765492 	0.1209094793344525 	101274.53020998
0.281531531531531 	299.9573236900637 	0.1207423176694405 	101274.5574135421
0.2840340340340335 	299.9573525477684 	0.1205481916834821 	101274.5915229041
0.2865365365365361 	299.9573887160578 	0.1203299880048205 	101274.6342713549
0.2890390390390385 	299.9574337058871 	0.1200906311659323 	101274.6874435664
0.291541541541541 	299.9574887272664 	0.1198332397863886 	101274.7524704221
0.2940440440440436 	299.957554503004 	0.1195615915423985 	101274.8302056002
0.296546546546546 	299.9576312749703 	0.1192778306579605 	101274.9209355928
0.2990490490490486 	299.9577189109156 	0.1189831777467276 	101275.024504557
0.3015515515515511 	299.957816993529 	0.1186760379061839 	101275.14041909
0.3040540540540535 	299.9579248389061 	0.1183527017486458 	101275.2678726698
0.3065565565565562 	299.9580414609666 	0.1180091343671469 	101275.4056995749
0.3090590590590585 	299.9581655544345 	0.1176406601097599 	101275.5523569926
0.3115615615615611 	299.9582956107986 	0.1172446319475627 	101275.7060623478
0.3140640640640635 	299.9584302237206 	0.1168187225461289 	101275.8651523008
0.316566566566566 	299.9585684701478 	0.1163615623155969 	101276.028537252
0.3190690690690687 	299.9587101881673 	0.1158734377370446 	101276.1960253022
0.3215715715715711 	299.9588560061385 	0.1153545022373051 	101276.3683578816
0.3240740740740735 	299.9590071353016 	0.1148075674988889 	101276.5469672694
0.326576576576576 	299.9591650313898 	0.1142351963717069 	101276.7335733778
0.3290790790790786 	299.9593310291478 	0.1136408895104237 	101276.9297521864
0.3315815815815811 	299.9595061008974 	0.1130298049856546 	101277.1366541649
0.3340840840840836 	299.9596908035186 	0.1124048088756571 	101277.3549376834
0.3365865865865861 	299.9598853303164 	0.1117703549914395 	101277.5848309084
0.3390890890890886 	299.9600895763057 	0.1111250224184019 	101277.826211705
0.3415915915915911 	299.9603031599504 	0.1104641222282221 	101278.0786288576
0.3440940940940935 	299.9605253424635 	0.1097845131407395 	101278.3412098709
0.3465965965965962 	299.9607549424176 	0.1090798792379984 	101278.612557648
0.3490990990990985 	299.9609904305236 	0.1083514842682222 	101278.8908653525
0.3516016016016011 	299.9612302620572 	0.1075960762095726 	101279.1743079036
0.3541041041041035 	299.9614733523229 	0.1068096531406857 	101279.4616014643
0.3566066066066061 	299.9617195215054 	0.1059951973074183 	101279.7525342051
0.3591091091091085 	299.9619696324558 	0.1051565175632337 	101280.0481252666
0.3616116116116112 	299.9622252897931 	0.1042983788887585 	101280.3502708387
0.3641141141141137 	299.9624883203394 	0.1034202115910478 	101280.6611309484
0.3666166166166161 	299.9627602723461 	0.1025240812072742 	101280.9825340719
0.3691191191191185 	299.9630420245938 	0.1016131452518144 	101281.3155190347
0.371621621621621 	299.9633335657445 	0.1006898114240523 	101281.6600739875
0.3741241241241237 	299.9636340290355 	0.09975568729550591 	101282.0151738277
0.3766266266266261 	299.9639419369256 	0.09880805912011026 	101282.3790739286
0.3791291291291286 	299.9642555540917 	0.0978436120524578 	101282.74972319
0.3816316316316311 	299.9645734091926 	0.0968581573579707 	101283.1253835277
0.3841341341341336 	299.9648947802584 	0.0958477302992161 	101283.5052002131
0.3866366366366362 	299.965219797721 	0.09481071785008029 	101283.8893282162
0.3891391391391387 	299.9655491425367 	0.09374651761043314 	101284.2785713665
0.391641641641641 	299.9658836298575 	0.09265751572632579 	101284.6738919115
0.3941441441441436 	299.9662241201074 	0.0915482288566476 	101285.0763072615
0.3966466466466462 	299.9665715254888 	0.09042414843473537 	101285.4868952171
0.3991491491491486 	299.9669264514846 	0.08929039986412124 	101285.9063721241
0.4016516516516512 	299.9672889220212 	0.08814859508539857 	101286.334766633
0.4041541541541536 	299.9676586089624 	0.08699827171154227 	101286.7716911942
0.4066566566566561 	299.9680349698893 	0.08583616432861442 	101287.2165063097
0.4091591591591587 	299.9684170919072 	0.08465726410457428 	101287.6681326281
0.4116616616616612 	299.9688039845832 	0.08345735659299142 	101288.125399911
0.4141641641641635 	299.9691949328245 	0.08223302537904272 	101288.5874624289
0.4166666666666662 	299.9695893783328 	0.08098390608079525 	101289.0536599203
0.4191691691691687 	299.9699873458685 	0.07971237002732698 	101289.5240208404
0.421671671671671 	299.9703895685921 	0.07842303008464925 	101289.9994106774
0.4241741741741737 	299.9707967434147 	0.07712106051400522 	101290.4806544689
0.4266766766766761 	299.9712095629576 	0.07581034300632294 	101290.9685705069
0.4291791791791785 	299.9716287740924 	0.07449323558238127 	101291.4640418242
0.4316816816816812 	299.9720544766939 	0.07316856154373483 	101291.967188156
0.4341841841841836 	299.9724863237341 	0.07183326212674822 	101292.4775993013
0.4366866866866862 	299.9729235976168 	0.07048376109588725 	101292.9944279924
0.4391891891891885 	299.973365239696 	0.06911584154320261 	101293.5164212784
0.4416916916916913 	299.9738103018267 	0.06772755921632102 	101294.0424594195
0.4441941941941936 	299.9742583667687 	0.06631874932094166 	101294.5720483976
0.4466966966966961 	299.9747094807924 	0.06489162732119623 	101295.105242605
0.4491991991991987 	299.9751641100005 	0.06345074580024865 	101295.6425922232
0.4517017017017012 	299.9756230257343 	0.06200066183762191 	101296.185009723
0.4542042042042035 	299.9760867934708 	0.06054336737898353 	101296.7331632415
0.4567067067067062 	299.9765558956094 	0.05908046678146418 	101297.2876239487
0.4592092092092087 	299.9770299894781 	0.05761268832325744 	101297.8479874027
0.4617117117117112 	299.9775085774471 	0.05613656024511369 	101298.4136653034
0.4642142142142137 	299.977990616785 	0.05464757520117931 	101298.9834264439
0.4667167167167162 	299.9784755338244 	0.05314391322018633 	101299.5565909492
0.4692192192192187 	299.9789628884898 	0.05162340443203008 	101300.1326401079
0.4717217217217212 	299.9794529275367 	0.0500857675100022 	101300.7118636132
0.4742242242242236 	299.9799460955206 	0.04853428352033935 	101301.2947877597
0.4767267267267262 	299.9804431911371 	0.04697125663019065 	101301.8823555707
0.4792292292292287 	299.9809447752648 	0.04540456820275928 	101302.4752297511
0.4817317317317312 	299.9814509185705 	0.04383486764457387 	101303.0734956685
0.4842342342342336 	299.9819611060674 	0.04225878672996418 	101303.6765443807
0.4867367367367362 	299.9824743690718 	0.04067650614888061 	101304.2832312774
0.4892392392392387 	299.9829896321739 	0.03908778872319751 	101304.892285209
0.4917417417417412 	299.9835061021852 	0.03749123220091523 	101305.5027693146
0.4942442442442437 	299.9840235101158 	0.03588260844864838 	101306.1143657609
0.4967467467467462 	299.9845421845251 	0.03426277484124622 	101306.7274609535
0.4992492492492487 	299.9850631058687 	0.03263392749216952 	101307.3432142328
0.5017517517517511 	299.9855872161696 	0.03099904842407538 	101307.9627389346
0.5042542542542537 	299.9861150999113 	0.02936067932582693 	101308.5867259409
0.5067567567567562 	299.9866469969025 	0.02771804002110247 	101309.2154601189
0.5092592592592589 	299.9871823676646 	0.02607059672878755 	101309.8483028423
0.5117617617617611 	299.9877200704964 	0.02441733471744138 	101310.483905669
0.5142642642642637 	299.9882592022963 	0.0227565358975622 	101311.1212012449
0.5167667667667663 	299.9887992164664 	0.02108756229764029 	101311.7595429348
0.5192692692692688 	299.9893397797694 	0.01941076139428052 	101312.3985369081
0.5217717717717714 	299.9898810893869 	0.01772846705549618 	101313.0384147109
0.5242742742742736 	299.9904239182525 	0.01604300672141399 	101313.6800908767
0.5267767767767763 	299.990968962007 	0.0143562611817987 	101314.3243871849
0.5292792792792789 	299.9915162298993 	0.0126698516659373 	101314.9713152159
0.5317817817817813 	299.9920651762949 	0.01098343363919635 	101315.6202306515
0.5342842842842837 	299.9926151321317 	0.009295856292657235 	101316.2703422877
0.5367867867867864 	299.9931655428546 	0.007605022184731125 	101316.9209957943
0.5392892892892888 	299.9937159221087 	0.005909549849337648 	101317.5716156865
0.5417917917917912 	299.9942662984216 	0.004209744000793814 	101318.2222347266
0.5442942942942938 	299.9948169126077 	0.00250658818534633 	101318.8731379764
0.5467967967967964 	299.9953684152207 	0.001033137626761336 	101319.5250941145
0.5492992992992988 	299.9959212696031 	0.0009011319513170578 	101320.1786508811
0.5518018018018012 	299.9964755501554 	0.002603407984729001 	101320.8338964726
0.5543043043043039 	299.9970308923423 	0.004304454482693208 	101321.4904000665
0.5568068068068063 	299.9975866271884 	0.00600560475842877 	101322.1473721016
0.5593093093093087 	299.9981420573585 	0.00770750317538902 	101322.8039861532
0.5618118118118114 	299.9986967402226 	0.00941085531710768 	101323.4597142025
0.5643143143143137 	299.999250641746 	0.01111540024050868 	101324.1145257191
0.5668168168168163 	299.999804112063 	0.01281946305297638 	101324.7688326756
0.5693193193193188 	300.0003576401872 	0.01452159591831963 	101325.4232088973
0.5718218218218213 	300.000911548086 	0.01621974422621847 	101326.0780373086
0.5743243243243239 	300.0014657732698 	0.01791396203182017 	101326.7332442264
0.5768268268268262 	300.002019851913 	0.01960533082991114 	101327.3882820058
0.5793293293293288 	300.0025731362123 	0.0212945727819823 	101328.0423842336
0.5818318318318314 	300.0031250911412 	0.02298274941975826 	101328.6949140139
0.5843343343343338 	300.003675494939 	0.02466809690853329 	101329.3456131817
0.5868368368368363 	300.004224481678 	0.02635027800580725 	101329.9946444669
0.5893393393393387 	300.0047724035356 	0.02802886386619882 	101330.6424177308
0.5918418418418413 	300.0053195805758 	0.02970227259085488 	101331.289312186
0.5943443443443439 	300.0058660967507 	0.03137099951459205 	101331.9354286928
0.5968468468468463 	300.00641170932 	0.03303118888141658 	101332.5804790471
0.5993493493493487 	300.0069559401914 	0.0346852243067703 	101333.2238951612
0.6018518518518514 	300.0074983015397 	0.03633702527884185 	101333.8651055595
0.6043543543543537 	300.0080385247725 	0.03798481221819149 	101334.5037943129
0.6068568568568564 	300.0085766394484 	0.03962798792063427 	101335.1399915953
0.6093593593593587 	300.0091128637739 	0.04126281880792132 	101335.7739566216
0.6118618618618614 	300.0096474058099 	0.04288957173443695 	101336.4059354741
0.6143643643643638 	300.0101802921713 	0.04450956230600338 	101337.0359566248
0.6168668668668662 	300.0107113080491 	0.04612221231555549 	101337.6637697276
0.6193693693693688 	300.0112400811352 	0.04772583922501492 	101338.288939368
0.6218718718718714 	300.0117662787951 	0.04932086790393854 	101338.9110369419
0.6243743743743737 	300.012289731577 	0.05091015861610092 	101339.5298333193
0.6268768768768762 	300.0128103270364 	0.05249234058555348 	101340.1453792159
0.629379379379379 	300.0133283374341 	0.05406597311070266 	101340.7579059571
0.6318818818818812 	300.0138440281928 	0.05562950824382393 	101341.367614864
0.6343843843843838 	300.0143573084839 	0.0571819826234976 	101341.974480632
0.6368868868868864 	300.0148679166527 	0.0587243905253734 	101342.5781895672
0.6393893893893888 	300.0153754501477 	0.0602571232498266 	101343.178266062
0.6418918918918912 	300.0158795679844 	0.06178044364417343 	101343.774304192
0.6443943943943939 	300.0163801438197 	0.06329416001239574 	101344.366157206
0.6468968968968963 	300.0168772874037 	0.06479727415363642 	101344.9539569478
0.6493993993993988 	300.0173712120242 	0.06628929462636092 	101345.5379526828
0.6519019019019012 	300.0178620382798 	0.06776934766524975 	101346.1182868402
0.6544044044044038 	300.0183496692158 	0.06923707244815896 	101346.694843969
0.6569069069069065 	300.018833802656 	0.07069288242930152 	101347.2672671573
0.6594094094094087 	300.0193140825651 	0.0721368939817103 	101347.8351387298
0.6619119119119113 	300.0197902894032 	0.07356910815185233 	101348.398196757
0.664414414414414 	300.0202624102702 	0.07498937151741304 	101348.9564250137
0.6669169169169162 	300.0207305566734 	0.07639632815923095 	101349.5099544321
0.6694194194194188 	300.0211948049547 	0.07778958123643492 	101350.0588769056
0.6719219219219214 	300.0216550990993 	0.07916923224614419 	101350.6031280905
0.674424424424424 	300.0221112729314 	0.08053493476332509 	101351.142508945
0.6769269269269262 	300.0225631284839 	0.08188665206341521 	101351.6767854944
0.679429429429429 	300.0230105054251 	0.08322451505302644 	101352.205766804
0.6819319319319311 	300.0234532937228 	0.0845486497823747 	101352.7293254853
0.6844344344344341 	300.0238914485811 	0.08585856246682122 	101353.2474083352
0.686936936936936 	300.0243250028021 	0.08715387778726719 	101353.7600527113
0.6894394394394392 	300.0247540110976 	0.08843358199144556 	101354.2673227381
0.6919419419419413 	300.0251784319669 	0.08969863692084586 	101354.7691697745
0.694444444444444 	300.0255980681568 	0.09094495516333061 	101355.2653620959
0.6969469469469463 	300.0260126663215 	0.09217413255725701 	101355.7555990628
0.6994494494494489 	300.0264220817346 	0.0933907070281908 	101356.2397087999
0.7019519519519515 	300.0268263280762 	0.09459053481354242 	101356.7177068476
0.7044544544544538 	300.027225471264 	0.09577337671501743 	101357.1896728671
0.7069569569569564 	300.0276195291972 	0.09693961590720182 	101357.6556276549
0.7094594594594589 	300.0280084484219 	0.09808898918997078 	101358.1155079302
0.7119619619619615 	300.0283921078235 	0.09922187701978562 	101358.5691695592
0.7144644644644638 	300.0287703200371 	0.1003361244442686 	101359.0163907698
0.7169669669669665 	300.0291428924729 	0.1014324569684108 	101359.4569455713
0.7194694694694688 	300.0295097455119 	0.1025117423639769 	101359.890737997
0.7219719719719715 	300.029870929228 	0.1035732678762087 	101360.317827699
0.7244744744744737 	300.0302265169922 	0.1046177047455122 	101360.7383014295
0.7269769769769764 	300.0305765142974 	0.1056410313452074 	101361.1521657475
0.7294794794794791 	300.0309208412727 	0.1066458044039154 	101361.5593268546
0.7319819819819813 	300.0312593296653 	0.1076352733301715 	101361.9595845786
0.7344844844844839 	300.0315917728342 	0.1086027247928885 	101362.3526943503
0.7369869869869864 	300.0319180727878 	0.1095500518115582 	101362.7385410788
0.739489489489489 	300.0322383021002 	0.1104789562079656 	101363.1172101492
0.7419919919919914 	300.0325525401882 	0.1113876407755312 	101363.4887955833
0.7444944944944939 	300.0328607226515 	0.1122772969471758 	101363.8532202979
0.7469969969969963 	300.0331627150242 	0.1131473153851655 	101364.2103269413
0.7494994994994989 	300.0334584397735 	0.1139976811293904 	101364.5600232239
0.7520020020020015 	300.0337478507669 	0.1148266980586478 	101364.9022531094
0.7545045045045039 	300.0340308906181 	0.1156348041213201 	101365.2369500372
0.7570070070070062 	300.0343075585884 	0.1164225665084319 	101365.5641128721
0.7595095095095092 	300.0345779638424 	0.1171894406244292 	101365.883870837
0.7620120120120112 	300.0348421985041 	0.1179354695004993 	101366.1963317672
0.7645145145145138 	300.0351001235715 	0.1186598279030198 	101366.5013322264
0.7670170170170165 	300.0353514545747 	0.1193625962166783 	101366.7985364264
0.7695195195195191 	300.0355961187917 	0.120042765609694 	101367.0878566123
0.7720220220220213 	300.0358343022483 	0.1207000560732475 	101367.3695133178
0.7745245245245239 	300.0360661743964 	0.1213351298253102 	101367.6437074469
0.7770270270270263 	300.0362918560949 	0.1219473351985723 	101367.9105814277
0.779529529529529 	300.0365115319074 	0.1225364034865902 	101368.1703534906
0.7820320320320313 	300.0367252941352 	0.1231010418953992 	101368.4231326481
0.784534534534534 	300.0369330647602 	0.1236406402863722 	101368.6688264957
0.7870370370370364 	300.0371348729396 	0.1241549963482441 	101368.9074701176
0.7895395395395389 	300.0373309800594 	0.1246427679755585 	101369.1393717946
0.7920420420420413 	300.0375216303506 	0.1251036134475526 	101369.3648208602
0.794544544544544 	300.0377069196806 	0.1255371558044918 	101369.5839306675
0.7970470470470463 	300.0378868570334 	0.1259435512491904 	101369.7967114227
0.799549549549549 	300.038061215209 	0.1263237251000578 	101370.0028953551
0.8020520520520515 	300.0382293461184 	0.1266784656490576 	101370.2017154267
0.8045545545545539 	300.0383902830831 	0.1270103411130484 	101370.3920296553
0.8070570570570563 	300.0385428274324 	0.1273224896106079 	101370.5724195332
0.8095595595595589 	300.038685551052 	0.1276187729113118 	101370.7411974066
0.8120620620620614 	300.0388170073436 	0.127904241559495 	101370.8966518718
0.8145645645645638 	300.0389359715384 	0.1281826160835518 	101371.0373341785
0.8170670670670666 	300.0390417289796 	0.1284555040467552 	101371.1623989824
0.8195695695695689 	300.0391345675533 	0.1287205549557707 	101371.2721858609
0.8220720720720714 	300.0392160929362 	0.1289720802065462 	101371.3685925237
0.8245745745745739 	300.039289059231 	0.1292027019614092 	101371.454875039
0.8270770770770765 	300.0393567563765 	0.1294039311532098 	101371.534925438
0.8295795795795788 	300.0394219877331 	0.1295687411956106 	101371.6120596341
0.8320820820820815 	300.0394858800067 	0.1296938799107965 	101371.6876093902
0.834584584584584 	300.0395471555213 	0.1297836860223735 	101371.7600588124
0.8370870870870865 	300.0396023685387 	0.129847804579884 	101371.8253393292
0.8395895895895891 	300.0396472136307 	0.1298971708504438 	101371.8783775087
0.8420920920920915 	300.0396785580433 	0.1299391317054968 	101371.9154445863
0.844594594594594 	300.0396961195196 	0.1299708267226732 	101371.9362125356
0.8470970970970964 	300.0397028978285 	0.1299866437708879 	101371.9442237858
0.8495995995995991 	300.039703656855 	0.1299768501918722 	101371.9451071264
0.8521021021021015 	300.0397021396079 	0.1299315498098084 	101371.943307678
0.8546046046046039 	300.0396987688638 	0.1298502040421079 	101371.9393158303
0.8571071071071066 	300.0396902977681 	0.1297374526279997 	101371.9292897812
0.8596096096096089 	300.0396719668677 	0.1296069526079487 	101371.9076051381
0.8621121121121116 	300.0396408838272 	0.1294675319151717 	101371.8708462816
0.8646146146146139 	300.0395981948991 	0.1293141681683079 	101371.820359478
0.8671171171171166 	300.0395482169206 	0.1291362834719808 	101371.7612499273
0.8696196196196189 	300.0394950475568 	0.12892337602058 	101371.6983644056
0.8721221221221216 	300.0394391639718 	0.1286759110381341 	101371.6322707476
0.874624624624624 	300.0393770091708 	0.1284045071305597 	101371.558763465
0.8771271271271264 	300.039304123082 	0.1281199247923979 	101371.4725642926
0.879629629629629 	300.0392191217549 	0.1278227067702145 	101371.3720390505
0.8821321321321317 	300.0391248286772 	0.1275056930609736 	101371.2605259645
0.8846346346346339 	300.0390253131227 	0.1271602861047803 	101371.1428340602
0.8871371371371364 	300.0389217876843 	0.1267825963435418 	101371.0204001496
0.8896396396396391 	300.0388116614961 	0.1263798068821 	101370.8901639012
0.8921421421421414 	300.0386916504672 	0.125961254427901 	101370.7482382589
0.8946446446446441 	300.0385614968475 	0.1255279451529026 	101370.5943149147
0.8971471471471464 	300.038424260146 	0.1250727056410511 	101370.432017026
0.8996496496496489 	300.0382827739627 	0.1245881923877746 	101370.2646932738
0.9021521521521517 	300.0381363371098 	0.1240756204148502 	101370.0915160347
0.9046546546546541 	300.0379817028714 	0.1235422102767982 	101369.9086473033
0.9071571571571564 	300.037817105881 	0.1229903937883144 	101369.7139960665
0.9096596596596589 	300.0376442430903 	0.1224181811725441 	101369.5095667947
0.9121621621621616 	300.0374658075094 	0.1218204102912886 	101369.2985493655
0.9146646646646639 	300.0372820143992 	0.1211976509821513 	101369.0811983343
0.9171671671671666 	300.0370906483554 	0.1205549299618731 	101368.854893644
0.9196696696696689 	300.0368903182959 	0.1198957897983134 	101368.6179882245
0.9221721721721714 	300.0366822413735 	0.1192185353686567 	101368.3719190941
0.9246746746746741 	300.0364682658633 	0.1185166525336829 	101368.1188746583
0.9271771771771765 	300.0362482445803 	0.117790122423816 	101367.8586835317
0.9296796796796791 	300.0360205131839 	0.1170426587004601 	101367.5893762168
0.9321821821821816 	300.0357845832322 	0.1162758256843118 	101367.3103741939
0.9346846846846838 	300.0355420441776 	0.115487191741929 	101367.0235546627
0.9371871871871866 	300.0352943146588 	0.1146746525629882 	101366.7305970083
0.9396896896896891 	300.0350406278328 	0.1138413093953671 	101366.430598691
0.9421921921921914 	300.0347794756175 	0.1129910608137974 	101366.1217737859
0.9446946946946939 	300.0345111084281 	0.1121221332752134 	101365.8044164222
0.9471971971971965 	300.0342367496499 	0.111232025438463 	101365.4799724243
0.9496996996996991 	300.0339560075494 	0.1103212789198771 	101365.1479810696
0.9522022022022016 	300.0336675397604 	0.1093918069654245 	101364.806856946
0.9547047047047038 	300.0333715930757 	0.1084435823681982 	101364.4568893295
0.9572072072072064 	300.0330695117125 	0.1074740971788664 	101364.0996671138
0.9597097097097093 	300.0327616706233 	0.1064834183844217 	101363.7356339217
0.9622122122122114 	300.0324475981928 	0.1054740426107759 	101363.3642345751
0.964714714714714 	300.0321273060953 	0.1044466581246373 	101362.9854823962
0.9672172172172167 	300.0318015456215 	0.1034004717404062 	101362.6002640799
0.969719719719719 	300.0314704560897 	0.1023355723097474 	101362.2087442111
0.9722222222222214 	300.031133068277 	0.1012532995523994 	101361.8097781885
0.9747247247247239 	300.0307890621654 	0.100155060983994 	101361.4029883723
0.9772272272272267 	300.0304389205197 	0.09903870534748657 	101360.9889441285
0.9797297297297292 	300.030082627062 	0.09790070696245134 	101360.5676257789
0.9822322322322313 	300.0297199129598 	0.09674563448158838 	101360.1387161198
0.9847347347347344 	300.0293510962262 	0.0955753220722222 	101359.7025926612
0.9872372372372363 	300.0289768943783 	0.09438564256993237 	101359.2601029952
0.9897397397397389 	300.0285974673313 	0.09317783742505571 	101358.8114353304
0.9922422422422417 	300.0282126733254 	0.09195440515897274 	101358.3564227935
0.9947447447447441 	300.027822805275 	0.09071532409161702 	101357.8954122092
0.9972472472472468 	300.0274279828508 	0.08946008793578532 	101357.428545539
0.999749749749749 	300.0270278540693 	0.08818979563234333 	101356.9554055574
1.002252252252252 	300.0266221215772 	0.08690425623878642 	101356.4756403296
1.004754754754754 	300.026211006684 	0.08560341638168545 	101355.9895127708
1.007257257257256 	300.0257945780984 	0.0842897756507191 	101355.4971045248
1.009759759759759 	300.0253727797923 	0.08296125636882526 	101354.9983480047
1.012262262262261 	300.0249459654983 	0.08161212863146244 	101354.4936611322
1.014764764764764 	300.0245144464254 	0.0802472172607054 	101353.9834137688
1.017267267267267 	300.0240780329198 	0.07887021519305734 	101353.4673815451
1.019769769769769 	300.023636750134 	0.07747766428761581 	101352.9455929415
1.022272272272272 	300.0231909583847 	0.07607068281806723 	101352.4184748426
1.024774774774774 	300.022740700296 	0.07465071983367783 	101351.8860784655
1.027277277277277 	300.0222859059218 	0.07321869744522029 	101351.3483205212
1.029779779779779 	300.0218267387198 	0.07177529915596828 	101350.8053937357
1.032282282282282 	300.021363430098 	0.07032034799810483 	101350.2575724396
1.034784784784784 	300.0208961606723 	0.06885363630026037 	101349.7050703038
1.037287287287286 	300.0204250283587 	0.06737495812983829 	101349.1480028021
1.039789789789789 	300.0199501620187 	0.06588429574512004 	101348.5865218862
1.042292292292291 	300.0194714483996 	0.06438136422497118 	101348.0204943049
1.044794794794794 	300.0189887139927 	0.06286587225572757 	101347.4497151192
1.047297297297296 	300.0185019067524 	0.06133867416976752 	101346.8741224874
1.049799799799799 	300.0180109350493 	0.05980026971826774 	101346.2936087616
1.052302302302302 	300.0175157759592 	0.05825057234187925 	101345.7081466193
1.054804804804804 	300.0170166253439 	0.05669005423740459 	101345.1179673064
1.057307307307306 	300.0165137797124 	0.05511892462125906 	101344.5234215328
1.059809809809809 	300.0160075438043 	0.05353777737758053 	101343.9248697858
1.062312312312312 	300.0154982692438 	0.05194722361121894 	101343.3227282208
1.064814814814814 	300.014986332169 	0.05034782032800585 	101342.71744128
1.067317317317317 	300.0144719445463 	0.04874117817265337 	101342.1092599105
1.069819819819819 	300.0139549809363 	0.04712767972475408 	101341.498035654
1.072322322322321 	300.0134354692179 	0.04550623552676978 	101340.883800981
1.074824824824824 	300.0129134553936 	0.04387847986215244 	101340.2666109176
1.077327327327327 	300.0123890016299 	0.04224528325197623 	101339.6465389035
1.079829829829829 	300.0118622542057 	0.04060551038438688 	101339.0237577189
1.082332332332332 	300.0113331872394 	0.03895900332052687 	101338.3982368143
1.084834834834834 	300.010801688269 	0.03730528079908799 	101337.7698433791
1.087337337337337 	300.0102679164896 	0.03564415184281134 	101337.13876563
1.089839839839839 	300.0097318292298 	0.03397594012242552 	101336.504952993
1.092342342342342 	300.0091931317563 	0.03230065763445594 	101335.8680570285
1.094844844844844 	300.008651533302 	0.03061806896482309 	101335.2277344375
1.097347347347347 	300.0081073143359 	0.02892893757358156 	101334.5843170501
1.099849849849849 	300.0075608959762 	0.0272343157399478 	101333.9383027466
1.102352352352352 	300.0070123867366 	0.02553432206557921 	101333.2898192995
1.104854854854854 	300.0064619724889 	0.02382902840954814 	101332.6390830163
1.107357357357357 	300.0059099487196 	0.02211886539545368 	101331.9864478506
1.109859859859859 	300.0053565600018 	0.02040415508055646 	101331.3322065854
1.112362362362362 	300.0048019265786 	0.01868586628619998 	101330.6764953062
1.114864864864865 	300.0042460811291 	0.01696528683266128 	101330.0193573371
1.117367367367367 	300.0036893020068 	0.01524340209474714 	101329.3611150803
1.119869869869869 	300.0031320621969 	0.01352132932655403 	101328.7023258918
1.122372372372372 	300.002574931466 	0.01179992018307048 	101328.0436781466
1.124874874874874 	300.0020182382659 	0.01007973895395769 	101327.3855498727
1.127377377377377 	300.0014616046043 	0.008360084749488621 	101326.7274880409
1.129879879879879 	300.0009045173267 	0.006639301667628584 	101326.0689003117
1.132382382382382 	300.000346559416 	0.00491676569189778 	101325.4092831429
1.134884884884884 	299.9997879029213 	0.003193452050155028 	101324.7488455649
1.137387387387387 	299.9992292418967 	0.00147092648436516 	101324.0884009879
1.139889889889889 	299.9986710769922 	0.0008301050537151947 	101323.4285430585
1.142392392392392 	299.9981133875474 	0.001967884400635525 	101322.7692613956
1.144894894894894 	299.9975559978561 	0.003684311869496022 	101322.1103312596
1.147397397397397 	299.9969988323897 	0.005399561520065842 	101321.4516712132
1.149899899899899 	299.9964418535076 	0.007113854128846713 	101320.793233206
1.152402402402402 	299.9958850484072 	0.008827020499803898 	101320.135006749
1.154904904904904 	299.9953284566246 	0.01053851757543657 	101319.4770330001
1.157407407407407 	299.9947721660684 	0.01224777939580039 	101318.8194146937
1.159909909909909 	299.9942163232334 	0.01395459778141994 	101318.1623296917
1.162412412412412 	299.9936611225641 	0.0156588590654606 	101317.5060128267
1.164914914914914 	299.9931067843564 	0.01735989157292085 	101316.8507162547
1.167417417417417 	299.9925534869433 	0.01905705242319295 	101316.1966525558
1.169919919919919 	299.9920013434369 	0.02075010594973931 	101315.5439583008
1.172422422422422 	299.9914504197862 	0.02243879193439869 	101314.8927043068
1.174924924924925 	299.9909007542768 	0.02412261002597955 	101314.2429395689
1.177427427427427 	299.9903524120892 	0.02580093034889722 	101313.5947478845
1.179929929929929 	299.9898055196053 	0.02747384629845114 	101312.9482712699
1.182432432432432 	299.9892602339773 	0.02914165896847842 	101312.3036971588
1.184934934934934 	299.9887167154769 	0.0308034856783457 	101311.6612159983
1.187437437437437 	299.9881750998229 	0.03245868076521723 	101311.0209831633
1.189939939939939 	299.9876354764902 	0.03410717388414501 	101310.3831084921
1.192442442442442 	299.9870979125176 	0.03574845526988492 	101309.7476753774
1.194944944944944 	299.9865624892979 	0.03738208700515344 	101309.1147744361
1.197447447447447 	299.9860293032289 	0.03900786908083705 	101308.4845209674
1.199949949949949 	299.9854984691782 	0.04062562772248446 	101307.857048311
1.202452452452452 	299.9849700914681 	0.04223516545262337 	101307.232481339
1.204954954954955 	299.9844442518627 	0.04383634071286951 	101306.6109199687
1.207457457457457 	299.9839210240007 	0.04542882978864281 	101305.9924487031
1.20995995995996 	299.9834004933206 	0.04701219954707538 	101305.3771686365
1.212462462462462 	299.9828827812351 	0.04858605419479885 	101304.7652207779
1.214964964964964 	299.9823680327662 	0.05014950791729418 	101304.1567779781
1.217467467467467 	299.9818563871499 	0.05170260612304302 	101303.5520078552
1.219969969969969 	299.9813479503373 	0.05324597216910608 	101302.9510337917
1.222472472472472 	299.9808427818081 	0.05477863226742608 	101302.35392484
1.224974974974975 	299.9803409160987 	0.05630007468313011 	101301.7607203383
1.227477477477477 	299.9798423953455 	0.0578103629516318 	101301.1714726034
1.229979979979979 	299.9793472992391 	0.05930915318870927 	101300.5862771946
1.232482482482482 	299.9788557476757 	0.06079601546970442 	101300.005273925
1.234984984984984 	299.9783678759758 	0.06226987657115225 	101299.4286215992
1.237487487487487 	299.9778838068623 	0.06373445538876821 	101298.8564650757
1.239989989989989 	299.9774036293402 	0.06521259300572706 	101298.2889163586
1.242492492492492 	299.9769265552559 	0.06654120350983092 	101297.7262004197
1.244994994994994 	299.9764680941578 	0.06801896934581185 	101297.1682980357
1.247497497497497 	299.9769580027446 	0.0698806441117765 	101296.6123194341
1.249999999999999 	300 	0.07084435633338165 	101296.0668650258
