/*--------------------------------*- C++ -*----------------------------------*\
  =========                 |
  \\      /  F ield         | OpenFOAM: The Open Source CFD Toolbox
   \\    /   O peration     | Website:  https://openfoam.org
    \\  /    A nd           | Version:  7
     \\/     M anipulation  |
\*---------------------------------------------------------------------------*/
FoamFile
{
    version     2.0;
    format      ascii;
    class       volScalarField;
    location    "0.00073";
    object      Uz;
}
// * * * * * * * * * * * * * * * * * * * * * * * * * * * * * * * * * * * * * //

dimensions      [0 1 -1 0 0 0 0];

internalField   nonuniform List<scalar> 
5000
(
0
0
0
0
0
-5.06647e-29
-6.3582322e-57
-3.039882e-28
-1.519941e-28
3.039882e-28
3.039882e-28
-1.519941e-28
-3.7812935e-55
-8.9278597e-43
1.013294e-28
-3.0651249e-42
-1.1709199e-55
4.0175369e-42
4.053176e-28
-2.026588e-28
1.013294e-28
0
0
1.013294e-28
-4.3199321e-43
-3.7208449e-56
-5.06647e-29
-5.06647e-29
-5.06647e-29
1.013294e-28
-8.8558609e-43
1.2959796e-42
5.06647e-29
2.7498126e-42
-2.026588e-28
0
0
-2.026588e-28
-1.519941e-28
1.013294e-28
8.4958665e-43
-1.013294e-28
5.06647e-29
8.5678654e-43
2.026588e-28
-1.519941e-28
-3.4847452e-42
1.7351727e-42
3.4847452e-42
1.7279728e-42
3.546529e-28
0
0
0
0
0
0
0
0
0
0
0
0
1.013294e-28
1.013294e-28
1.7960979e-42
-2.1692435e-56
-4.8788331e-57
-2.533235e-28
0
0
4.053176e-28
3.039882e-28
0
-1.519941e-28
-3.499145e-42
1.7458516e-42
1.013294e-28
-1.519941e-28
-7.093058e-28
5.06647e-28
9.7234614e-58
4.559823e-28
-6.079764e-28
-1.0540634e-41
-1.013294e-28
-1.519941e-28
2.533235e-28
2.533235e-28
-5.06647e-29
8.1252047e-43
5.06647e-29
3.5279446e-42
-3.039882e-28
-7.0126898e-42
-1.013294e-28
-2.026588e-28
1.5391143e-55
-1.0583834e-41
1.013294e-28
2.533235e-28
-3.039882e-28
2.8799547e-44
-1.5513088e-42
0
-5.06647e-29
-5.2919169e-42
-5.06647e-29
-1.7635461e-42
-1.013294e-28
-3.5388884e-44
-5.06647e-29
-3.039882e-28
-5.06647e-29
-3.039882e-28
5.06647e-29
5.06647e-29
2.8799547e-44
5.06647e-29
-1.519941e-28
3.5423443e-42
2.026588e-28
1.013294e-28
1.519941e-28
5.06647e-29
-6.3719051e-43
-2.533235e-28
-2.026588e-28
4.835089e-42
-1.7495725e-42
5.06647e-29
6.079764e-28
-1.013294e-28
5.06647e-29
2.72622e-42
-1.7639723e-42
-3.5135448e-42
-7.3609095e-56
-1.6218732e-42
1.013294e-28
-2.533235e-28
-6.079764e-28
5.06647e-29
1.519941e-28
3.2622213e-56
-1.013294e-28
2.8799547e-44
1.4399774e-44
2.6345699e-55
-3.546529e-28
2.1081269e-41
-2.8223557e-41
-1.519941e-28
1.013294e-28
1.453984e-42
1.7567724e-42
-2.2419546e-42
-1.013294e-28
7.1998869e-45
6.7353671e-43
0
-1.013294e-28
-1.0519035e-41
5.06647e-28
-2.533235e-28
1.4399774e-44
-1.519941e-28
2.026588e-28
-1.519941e-28
5.06647e-29
2.1110068e-41
2.8108358e-41
5.06647e-29
-1.013294e-28
0
7.0270896e-42
-1.0540634e-41
1.013294e-28
1.519941e-28
-3.4919451e-42
1.013294e-28
1.519941e-28
6.9694905e-42
-1.079983e-43
-3.5099449e-41
1.013294e-28
4.7434312e-56
-1.013294e-28
1.3938981e-41
-6.9838903e-42
-1.0533434e-41
6.99829e-42
5.06647e-29
0
0
0
0
5.06647e-29
-2.1124468e-41
-2.533235e-28
-1.519941e-28
1.013294e-28
1.013294e-28
-1.453984e-42
4.9572941e-56
1.0519035e-41
5.06647e-29
0
-5.06647e-29
0
-5.06647e-29
-3.5063449e-42
-5.06647e-29
-1.013294e-28
2.1167667e-41
5.5434292e-42
-1.013294e-28
3.039882e-28
1.519941e-28
1.3470734e-42
1.519941e-28
0
0
0
-5.06647e-29
-1.013294e-28
-3.039882e-28
-1.013294e-28
2.1124468e-41
-3.039882e-28
-2.026588e-28
4.053176e-28
-1.4399774e-44
2.8799547e-44
-3.039882e-28
-4.559823e-28
9.119646e-28
-2.1599661e-44
-3.1665102e-41
1.519941e-28
-2.8137158e-41
-2.1081269e-41
1.519941e-28
-3.9311419e-42
0
-2.533235e-28
1.013294e-28
1.013294e-28
-1.8474528e-41
0
1.7694442e-44
-1.013294e-28
1.013294e-28
-8.7946618e-41
-3.039882e-28
-1.013294e-28
-3.039882e-28
-2.026588e-28
0
2.026588e-28
5.06647e-29
-5.06647e-29
5.06647e-29
5.06647e-29
-1.013294e-28
-4.1011362e-41
-5.06647e-29
2.026588e-28
4.2930162e-54
4.053176e-28
-2.026588e-28
3.5135448e-41
2.533235e-28
-1.013294e-28
-5.06647e-29
1.4111778e-41
-1.1796295e-44
1.519941e-28
-1.013294e-28
1.013294e-28
4.2277736e-41
2.026588e-28
-1.013294e-28
-1.7531725e-41
2.533235e-28
0
0
-5.573117e-28
6.586411e-28
8.106352e-28
-1.519941e-28
1.4399774e-44
5.06647e-29
1.013294e-28
-3.039882e-28
0
-2.533235e-28
-1.519941e-28
0
1.013294e-28
-5.06647e-29
-1.013294e-28
3.5063449e-42
1.4399774e-44
-5.06647e-29
-1.519941e-28
1.519941e-28
-1.519941e-28
1.013294e-28
-7.292596e-58
-5.0314323e-55
1.013294e-28
1.013294e-28
5.06647e-29
1.4054179e-41
-1.013294e-28
0
0
1.519941e-28
-7.0342895e-42
-1.4061379e-41
2.1124468e-41
-3.039882e-28
2.533235e-28
-2.1599661e-44
5.06647e-29
0
0
0
0
0
0
0
5.06647e-29
0
1.013294e-28
0
-2.533235e-28
-5.6216717e-41
-1.2187807e-42
0
0
2.026588e-28
7.0342895e-42
-2.026588e-28
0
0
-1.013294e-28
-1.013294e-28
-7.790762e-42
-2.1168297e-42
0
-1.013294e-28
7.1998869e-45
-5.06647e-29
1.013294e-28
7.8431121e-42
1.013294e-28
9.468153e-42
0
-2.026588e-28
1.5709817e-41
-5.06647e-29
1.519941e-28
0
-1.013294e-28
1.519941e-28
5.06647e-29
5.06647e-29
0
0
0
0
0
0
0
0
1.013294e-28
7.806133e-56
-1.013294e-28
0
0
0
3.039882e-28
4.2162538e-41
-1.013294e-28
-4.2539362e-42
-7.0342895e-42
7.1998869e-45
2.1102868e-41
-1.519941e-28
1.013294e-28
6.0801926e-42
9.1209623e-54
5.06647e-29
1.519941e-28
0
0
-1.519941e-28
-7.0342895e-42
5.06647e-29
-2.533235e-28
-2.533235e-28
0
-1.519941e-28
-5.06647e-29
1.519941e-28
1.4061379e-41
3.9030665e-56
3.5171447e-41
-3.039882e-28
3.546529e-28
-7.806133e-56
2.8137158e-41
-2.026588e-28
0
0
3.2073177e-44
-7.1998869e-45
4.2162538e-41
5.06647e-29
0
0
-2.026588e-28
7.0234896e-41
2.026588e-28
0
0
0
1.013294e-28
-1.4399774e-44
-2.2451224e-43
-1.519941e-28
4.053176e-28
-1.1266383e-40
-3.039882e-28
4.2316504e-59
-4.2205737e-41
-2.1102868e-41
2.1102868e-41
1.1796295e-44
0
0
-5.06647e-29
7.0342895e-42
-2.8122758e-41
-6.7655694e-70
-2.026588e-28
2.026588e-28
1.519941e-28
0
5.06647e-29
2.1102868e-41
-1.519941e-28
0
0
2.026588e-28
-8.6398642e-44
-4.8788331e-57
3.546529e-28
-2.533235e-28
2.1059669e-41
-2.1102868e-41
-1.4061379e-41
-1.519941e-28
-2.7067267e-41
2.8137158e-41
-2.8151558e-41
5.6303115e-41
3.546529e-28
-3.546529e-28
8.4411474e-41
-2.8194757e-41
0
2.026588e-28
-2.533235e-28
2.1102868e-41
-6.1190912e-59
-7.0342895e-42
2.1124468e-41
3.039882e-28
-2.533235e-28
-5.06647e-29
-1.519941e-28
-1.013294e-28
0
3.039882e-28
2.026588e-28
0
-3.039882e-28
2.1102868e-41
-2.1599661e-44
-2.8108358e-41
1.013294e-28
5.06647e-29
1.4054179e-41
-2.8137158e-41
-1.519941e-28
-5.06647e-29
-1.013294e-28
7.1998869e-45
7.0270896e-42
2.026588e-28
-5.06647e-29
9.3356107e-55
1.519941e-28
0
0
0
-2.026588e-28
-4.559823e-28
3.039882e-28
1.013294e-28
0
5.06647e-29
2.026588e-28
-2.026588e-28
-5.06647e-29
0
1.013294e-28
2.026588e-28
-1.519941e-28
-4.0228366e-54
-1.519941e-28
0
0
0
0
-1.013294e-28
1.4054179e-41
-1.519941e-28
2.026588e-28
1.4068579e-41
7.0414894e-42
-9.7576662e-57
-5.06647e-29
-1.519941e-28
-1.013294e-28
-4.2205737e-41
4.9189627e-41
-2.026588e-28
0
5.06647e-29
-2.180976e-42
1.013294e-28
1.4054179e-41
8.2066081e-42
0
0
-5.8981473e-45
-1.4054179e-41
-2.026588e-28
0
-1.013294e-28
1.4399774e-44
-2.8137158e-41
-7.0270896e-42
5.06647e-29
-1.013294e-28
2.8799547e-44
-1.4068579e-41
1.013294e-28
-1.519941e-28
-4.2205737e-41
-7.1998869e-45
-1.4068579e-41
-1.013294e-28
1.519941e-28
0
-5.6259916e-41
-8.1555532e-56
4.2162538e-41
2.1599661e-44
5.06647e-29
-1.519941e-28
-5.8545997e-56
1.4068579e-41
2.8137158e-41
-4.2205737e-41
3.039882e-28
-5.06647e-29
-5.06647e-29
1.0117898e-54
-7.0342895e-42
2.026588e-28
-1.519941e-28
-5.06647e-29
-9.7576662e-57
0
9.7576662e-57
-3.039882e-28
3.546529e-28
2.4394166e-56
1.4054179e-41
-7.1998869e-45
-6.6339172e-42
4.0316344e-42
-2.8137158e-41
1.519941e-28
7.0270896e-42
-1.4054179e-41
1.013294e-28
-6.0849855e-42
5.7601072e-69
-4.2220137e-41
5.6303115e-41
-2.8122758e-41
1.4068579e-41
-1.9515332e-56
0
-1.519941e-28
0
0
-5.06647e-29
2.8137158e-41
-1.519941e-28
0
0
2.026588e-28
1.6870775e-40
-3.039882e-28
1.013294e-28
-2.1599661e-44
1.4068579e-41
-3.2500819e-42
0
0
0
4.053176e-28
4.2162538e-41
-2.533235e-28
0
0
2.026588e-28
-1.4399774e-44
1.519941e-28
0
0
-2.533235e-28
-5.6216717e-41
4.2227337e-41
-9.8480053e-41
-3.039882e-28
1.519941e-28
-4.2184137e-41
7.0306895e-41
-7.0270896e-41
-2.533235e-28
0
0
1.013294e-28
-1.2197083e-55
-1.519941e-28
0
0
2.026588e-28
2.3418399e-55
2.026588e-28
0
0
-1.013294e-28
-7.806133e-56
-1.519941e-28
0
0
-2.026588e-28
2.1599661e-44
3.7418706e-43
-5.06647e-29
4.2227337e-41
-1.4075779e-41
4.2359536e-54
1.519941e-28
0
0
0
0
0
-2.026588e-28
1.1249103e-40
3.039882e-28
0
0
0
0
0
0
0
-5.06647e-29
1.1249103e-40
-2.0313012e-43
0
0
0
0
0
0
0
2.533235e-28
-4.2184137e-41
-1.013294e-28
0
0
-5.06647e-29
-1.4075779e-41
-1.013294e-28
0
0
0
2.533235e-28
5.6303115e-41
-2.533235e-28
0
0
0
0
0
0
0
-5.06647e-29
1.4399774e-44
1.013294e-28
0
0
0
0
0
0
0
-1.013294e-28
-9.5559402e-57
-2.026588e-28
0
0
0
-2.026588e-28
1.6877975e-40
4.053176e-28
0
-1.013294e-28
6.772087e-55
-5.06647e-29
0
0
1.013294e-28
1.013294e-28
-1.2829271e-43
1.013294e-28
0
0
0
0
-1.013294e-28
3.5999434e-44
3.039882e-28
-5.06647e-29
-2.026588e-28
1.013294e-28
-5.06647e-29
2.026588e-28
0
0
0
0
1.0845899e-42
2.8151558e-41
-5.06647e-29
0
0
0
0
0
0
0
0
0
0
0
0
0
0
2.026588e-28
-8.4411474e-41
-1.519941e-28
0
0
-4.559823e-28
5.6274316e-41
-2.8799547e-44
2.533235e-28
1.519941e-28
1.4064979e-40
-1.4075779e-41
-5.06647e-29
0
0
0
0
0
5.573117e-28
-3.0942954e-40
-4.559823e-28
0
0
0
0
0
0
0
1.2159528e-27
-8.1555999e-40
-1.6212704e-27
0
0
0
0
0
0
0
4.2558348e-27
-3.881603e-39
-5.1171347e-27
0
0
0
0
0
0
0
0
1.3983457e-26
-2.1815657e-42
-1.682068e-26
0
0
0
0
2.8777549e-26
-3.202009e-26
-3.5414625e-26
7.8124967e-26
1.1986429e-38
-4.7827477e-26
0
0
0
0
7.9999561e-26
-2.4565229e-38
-1.9597106e-25
1.0862512e-25
1.20278e-25
-1.3274151e-25
0
0
0
1.9794698e-25
6.0685946e-38
-2.4167062e-25
-2.6659765e-25
2.9441257e-25
3.2531804e-25
-3.5885807e-25
0
0
4.8136531e-25
5.3121938e-25
-5.8598792e-25
-6.4592426e-25
-7.118897e-25
-4.3545066e-37
8.6332648e-25
0
0
0
1.2694041e-24
1.3970284e-24
-1.5371163e-24
-1.6908837e-24
-1.8597491e-24
-5.6758757e-37
2.2484994e-24
0
0
0
3.27907e-24
-9.9953907e-37
-3.9547345e-24
0
0
0
0
0
0
0
8.2989791e-24
-2.5245238e-36
-1.993585e-23
-3.0325103e-36
1.1962341e-23
0
0
1.5703169e-23
-2.4423744e-39
5.2222706e-36
-5.7103823e-36
-2.2504398e-23
-2.460977e-23
7.4714424e-36
2.9411821e-23
0
0
3.8366655e-23
-3.4895189e-35
-1.2699056e-35
7.0986997e-39
-5.4522411e-23
5.9497634e-23
6.4913285e-23
-1.416129e-22
4.2840061e-35
8.4192774e-23
-9.1777533e-23
0
1.0898838e-22
3.2986011e-35
-1.2931582e-22
0
1.5330267e-22
-1.6686196e-22
2.0163458e-34
1.9755651e-22
-2.1489042e-22
0
2.5408889e-22
0
-3.0017619e-22
0
3.54314e-22
-3.8481476e-22
2.3181947e-34
4.5362056e-22
-4.9234557e-22
0
5.7961308e-22
1.7457148e-34
-6.8174658e-22
0
8.0116779e-22
-8.6821903e-22
2.6735536e-37
1.0189466e-21
-1.1034875e-21
0
1.2933282e-21
1.3996959e-21
-1.5144724e-21
-1.6382933e-21
1.7718394e-21
-1.9158408e-21
-2.071079e-21
2.2383909e-21
0
0
0
0
0
0
3.8313881e-21
-1.5070555e-50
-8.9163692e-21
4.8073967e-21
5.1827751e-21
-5.5861825e-21
0
0
6.9851214e-21
7.5218837e-21
-8.0980209e-21
-8.7162689e-21
0
1.0090945e-20
3.0154215e-33
-1.1671566e-20
0
0
1.4493224e-20
1.5570659e-20
-1.6724268e-20
-1.7959125e-20
0
2.0694478e-20
-6.1663787e-33
-2.3823947e-20
2.555284e-20
1.5217257e-32
4.1744682e-36
3.1484512e-20
-3.3737236e-20
-3.6142519e-20
0
0
4.437331e-20
-1.3180657e-32
-5.0816295e-20
0
5.8138764e-20
6.2164133e-20
-6.6452126e-20
-7.1018685e-20
0
0
0
0
0
0
1.1232013e-19
-3.325031e-32
-1.2775625e-19
0
0
0
0
0
0
1.9894826e-19
-6.334959e-49
-2.2528317e-19
-2.3964058e-19
-7.0694121e-32
2.7095511e-19
0
0
0
0
3.6671471e-19
1.0804579e-31
-4.1317342e-19
4.3839847e-19
4.6504523e-19
-4.9318595e-19
2.9024703e-31
4.6155851e-31
4.8894601e-31
-1.7287384e-31
3.6601298e-31
-1.9368314e-31
-7.3876284e-19
0
8.2725576e-19
-7.2858832e-31
1.3150574e-34
9.7835768e-19
-1.0340885e-18
-1.0927091e-18
1.1543511e-18
-3.3836088e-31
1.0714184e-30
7.5443051e-31
7.9554258e-31
-4.1965931e-31
8.8572352e-31
1.6825961e-18
-1.7737774e-18
-1.8694044e-18
1.9696639e-18
-5.7552677e-31
2.4255247e-30
6.3839228e-31
-6.7225779e-31
-7.0664423e-31
-7.4373221e-31
2.8181944e-18
0
-3.1143985e-18
9.0828618e-31
-3.2545177e-47
-3.6107756e-18
0
3.9795167e-18
-4.1760763e-18
-4.3811529e-18
4.5950488e-18
0
0
0
0
5.8078973e-18
-1.6878353e-30
3.5346023e-30
-6.6623391e-18
-6.9703864e-18
7.2906651e-18
0
0
0
0
9.0890098e-18
1.3487309e-33
-9.907702e-18
0
0
0
0
0
0
0
1.3834257e-17
1.440563e-17
-1.4996399e-17
-1.5607018e-17
0
0
0
0
0
0
2.047556e-17
2.1261435e-17
-2.2071263e-17
-2.2905492e-17
0
0
0
0
0
0
2.946499e-17
3.050997e-17
-3.158314e-17
-3.2684884e-17
0
0
0
0
0
0
4.12271e-17
-2.3635581e-29
-4.3944207e-17
0
0
0
0
0
0
5.4465615e-17
-1.557776e-29
-5.7766873e-17
0
0
0
0
6.6602786e-17
9.7301889e-33
-7.0370787e-17
7.2304731e-17
-9.5302087e-47
-7.6272065e-17
7.8305209e-17
-4.463493e-29
-8.246966e-17
8.4600576e-17
4.8172751e-29
4.9391446e-29
-1.7223474e-45
5.186807e-29
2.6555697e-29
-9.8051707e-17
1.0040156e-16
1.0278129e-16
-2.1038095e-16
5.9711496e-29
2.2019079e-16
0
-1.151125e-16
3.2672346e-29
3.3404674e-29
1.0226021e-28
1.0446488e-28
7.1078665e-29
-1.0890036e-28
7.4079396e-29
-3.7843258e-29
-1.3895759e-16
0
1.4450801e-16
2.093448e-32
1.2498539e-28
1.2737354e-28
-2.2146259e-32
-8.8100146e-29
4.4875875e-29
1.6451773e-16
0
-1.7037503e-16
9.620736e-29
2.5051227e-32
-1.7925257e-16
0
1.8522175e-16
-1.8821892e-16
-1.9122327e-16
1.9423389e-16
0
0
2.0329421e-16
-2.290767e-28
1.1614507e-28
-1.1791605e-28
5.9844762e-29
-2.1843437e-16
-2.2146004e-16
2.2448276e-16
0
0
0
0
2.3952021e-16
6.7339119e-29
2.7252311e-28
-2.4844913e-16
-2.5140449e-16
2.5434792e-16
0
0
0
0
2.6885596e-16
2.7170985e-16
-2.7454591e-16
-2.7736334e-16
0
0
0
0
0
0
2.9649796e-16
2.9913852e-16
-3.0175364e-16
-3.0434265e-16
0
0
0
0
0
0
3.2167777e-16
-2.6984123e-28
-6.5271635e-16
3.2864991e-16
9.9272569e-16
3.3313357e-16
0
-6.7496083e-16
3.7710544e-28
1.1378735e-27
3.4373477e-16
6.9149316e-16
-6.9544213e-16
3.4965775e-16
3.5155616e-16
-3.5341582e-16
3.5523629e-16
-5.0735182e-32
-3.5875784e-16
-3.6045807e-16
3.6211737e-16
3.6373532e-16
-3.6531152e-16
3.6684558e-16
5.2343852e-32
-3.6978574e-16
0
0
0
-7.5028755e-16
3.763724e-16
7.5511197e-16
-3.786942e-16
3.7978672e-16
3.8083324e-16
-7.6366684e-16
3.0860694e-46
3.8369361e-16
-3.8455301e-16
-7.707298e-16
-3.86129e-16
1.1605351e-15
-3.875127e-16
2.3989101e-45
1.1661059e-15
-7.7844607e-16
-3.8969473e-16
-3.901168e-16
-7.8097803e-16
7.8162227e-16
3.9108293e-16
3.9130418e-16
-3.9147467e-16
-3.9159419e-16
1.1749876e-15
-3.9167927e-16
-3.9164248e-16
3.9155171e-16
3.914084e-16
5.5594685e-32
-1.1728945e-15
3.9066431e-16
-6.4984596e-28
6.4939146e-28
1.1683376e-15
-3.8893363e-16
-3.8836815e-16
-7.7549862e-16
3.87077e-16
7.7270222e-16
-7.7114315e-16
3.8473831e-16
-3.8385125e-16
-3.8291033e-16
1.1457466e-15
-3.8086678e-16
-3.7976409e-16
7.5721491e-16
3.7739686e-16
-3.7613234e-16
-1.1244417e-15
3.7344164e-16
1.4880623e-15
-2.0567554e-28
-7.3800489e-16
-3.6741558e-16
0
-7.2816376e-16
-8.0439168e-28
1.081608e-15
-3.5868399e-16
7.9215902e-28
-3.5482291e-16
-3.5281439e-16
7.0150851e-16
0
0
0
3.4200437e-16
-1.8860284e-28
-6.7465846e-16
3.3491816e-16
6.6491746e-16
-9.8985445e-16
1.0903812e-27
6.495916e-16
-3.2214856e-16
0
0
0
-6.22225e-16
3.0824534e-16
6.1067298e-16
-9.0716036e-16
8.5093774e-32
5.927367e-16
0
0
2.8705722e-16
-1.5761637e-28
-5.6134513e-16
2.7743028e-16
5.4831243e-16
-8.1255458e-16
4.4540146e-28
5.2831029e-16
-2.6076595e-16
2.5735116e-16
-5.0782415e-16
-2.5045008e-16
8.2244098e-28
2.4346288e-16
4.798811e-16
-7.0920302e-16
1.3235749e-31
2.2927629e-16
-1.2527741e-28
2.2210093e-16
2.1849818e-16
-1.1927889e-28
-6.3381145e-16
5.9017334e-32
6.1207209e-16
-4.0079574e-16
-8.4585244e-45
3.8629597e-16
-1.8952759e-16
1.8591247e-16
-3.6460857e-16
-1.7870472e-16
3.8885926e-28
1.715381e-16
3.3594875e-16
1.6442591e-16
1.6089432e-16
-4.7214373e-16
0
1.50417e-16
8.1578946e-29
-7.9678789e-29
7.7773317e-29
-1.3677964e-16
1.4813837e-28
-1.3013045e-16
4.2247902e-28
3.7082805e-16
-2.4080036e-16
-3.5168089e-16
-1.1409092e-16
3.3297969e-16
2.1587006e-16
-3.147522e-16
1.0194138e-16
2.9702384e-16
0
0
-9.0472259e-17
-8.7717983e-17
0
8.235023e-17
7.973801e-17
-1.5434862e-16
1.6576704e-28
2.1658304e-16
-7.7465168e-29
-6.7413537e-17
-6.5098563e-17
-6.2834156e-17
6.0620462e-17
5.8457568e-17
-5.6345502e-17
-1.6285273e-16
5.2273712e-17
2.0125515e-16
-4.8404283e-17
-9.308994e-17
-4.4735576e-17
0
4.1265187e-17
0
3.7989985e-17
-3.6424418e-17
7.7502305e-29
-3.3434676e-17
1.0660565e-28
9.1888446e-17
-2.9294472e-17
-2.8003607e-17
2.6756155e-17
2.5551363e-17
-2.4388466e-17
-6.979999e-17
2.2185146e-17
8.4572327e-17
-3.3542798e-29
-1.9173933e-17
-3.649023e-17
-1.7352306e-17
3.298923e-17
8.6986812e-30
2.1147209e-33
-1.4123332e-17
2.9745814e-29
1.2701665e-17
-3.6107687e-17
1.2654598e-29
2.1580056e-17
0
0
9.1222202e-18
-4.7827671e-30
-1.6268547e-17
7.6749499e-18
1.4475264e-17
6.8215176e-18
-7.1317985e-30
-1.8149219e-17
-5.6925418e-18
5.3534767e-18
-1.0063626e-17
2.6868985e-33
1.4781413e-29
4.164231e-18
7.8105118e-18
-1.0980923e-17
3.8074278e-30
6.4200617e-18
0
0
-5.2497878e-18
5.443547e-30
2.5400388e-30
6.0681801e-34
5.9718035e-18
3.7095684e-18
-2.876625e-30
-4.8219847e-18
-1.4948498e-18
1.3893471e-18
-2.5808916e-18
-1.3293884e-30
3.6999203e-30
1.0298495e-18
1.9078577e-18
-2.6489105e-18
8.1669204e-19
7.5482202e-19
-6.9710949e-19
6.4330251e-19
-1.1863581e-18
6.0671635e-31
5.0310667e-19
6.576185e-35
8.5056161e-19
-7.8102104e-19
5.965082e-31
6.5685343e-19
-3.0081926e-19
0
2.5178988e-19
1.2770023e-31
-6.3058861e-19
1.9191233e-19
3.5033483e-19
1.5986802e-19
1.4591997e-19
-1.3324329e-19
-1.2174363e-19
-1.1134793e-19
1.0197062e-19
-5.1912743e-32
4.7679881e-32
-7.923864e-20
8.3523008e-32
-7.4371064e-20
2.4270718e-31
2.0971018e-19
-1.4658865e-19
3.6124911e-48
8.2261276e-20
8.5716379e-32
-4.5428948e-32
-2.7263061e-19
8.8083413e-20
2.3195464e-19
0
0
-8.3654311e-20
-7.1402687e-20
-1.3416805e-19
7.3985417e-20
1.4711404e-19
-1.2046714e-19
5.343375e-20
1.8616301e-19
-6.809202e-20
-5.6553158e-20
-4.8596438e-20
-6.2351163e-20
1.4928834e-19
6.2252668e-20
-5.0520798e-20
-1.8951189e-19
7.9591133e-20
1.1927965e-46
1.0278485e-31
1.3787118e-19
-1.6499273e-19
-1.5897104e-19
6.6779671e-20
1.3321758e-19
-1.5269495e-19
-7.7973353e-20
2.0827171e-19
2.0308137e-19
-7.6002293e-20
-1.5739455e-19
-6.904074e-20
3.4152204e-32
1.3375411e-19
7.2444377e-20
-6.4755007e-20
-1.0241815e-19
6.8217513e-36
1.0658629e-19
-1.0738819e-19
7.6030124e-32
8.5491629e-20
-4.9112944e-20
-1.0320384e-19
-8.8209843e-20
0
4.9475914e-20
1.6592746e-19
4.5927997e-20
-3.9270477e-20
0
0
0
0
3.962608e-20
-2.8156544e-32
-1.583552e-19
4.1882537e-20
1.1586352e-19
4.5876839e-20
-7.9093055e-32
-8.1151065e-20
-3.8554095e-20
4.4275042e-20
-9.2684528e-20
-4.0948578e-20
1.3174072e-31
4.705835e-20
1.0291578e-19
-1.3449118e-19
1.1316068e-35
4.5872829e-20
-7.372002e-36
4.666022e-20
3.8273216e-20
-4.4157911e-32
-1.3964976e-19
1.3125306e-35
1.1527216e-19
7.3540167e-20
-2.3338068e-32
-8.5608011e-20
-3.6848706e-20
3.2501202e-20
-6.3746886e-20
-3.1341117e-20
1.0113635e-31
3.0304193e-20
6.4403692e-20
-1.0025478e-19
3.545298e-32
3.0790756e-20
3.1554521e-20
3.217752e-20
1.775236e-32
-1.8002432e-32
-6.8026906e-20
-1.9664956e-32
7.1968997e-20
-7.4821391e-20
2.0003894e-31
1.3833194e-19
-1.0194117e-19
5.2954054e-32
7.8742618e-20
-3.8085932e-20
-4.005914e-20
-6.5612588e-20
2.4183471e-20
7.1364101e-20
0
0
0
-4.511849e-20
-4.9577203e-20
6.1638023e-20
7.0703427e-20
-5.0441519e-20
8.138075e-36
-3.2504211e-20
1.0471085e-31
7.6609355e-20
-6.7528347e-20
1.2667007e-31
5.5134899e-20
1.336107e-32
-1.0325267e-32
-2.9640311e-20
1.2012205e-20
-9.3687669e-21
2.4712742e-32
1.9789753e-20
-1.9691364e-20
-7.2449482e-21
1.9409719e-32
-2.209238e-20
2.7616999e-20
1.6352761e-20
1.7858807e-20
5.330977e-20
-1.8911434e-32
-1.7377439e-20
-5.744246e-20
1.4228364e-31
6.9198239e-20
0
-1.7578341e-20
-2.7786135e-20
1.4371977e-20
-1.6100396e-20
4.8091253e-32
1.9338381e-20
-1.77756e-20
1.3458702e-32
7.9295479e-33
6.9489092e-33
5.514983e-33
-5.6786175e-21
2.643573e-20
3.3545938e-20
-1.2061792e-20
-2.6114839e-20
0
1.2662763e-20
-1.379041e-32
3.2858626e-32
-1.7942634e-32
-1.4388146e-20
1.225345e-20
1.2212483e-20
-3.6396579e-20
-1.6131445e-47
1.3677284e-32
-6.2710325e-21
5.1078046e-33
-6.9572156e-21
4.57235e-21
-2.088796e-22
-1.9371908e-21
2.5573053e-33
4.0199378e-21
0
0
0
1.8325546e-20
-9.3705155e-21
-2.045182e-20
3.3552488e-20
-1.0010889e-20
-2.4413356e-20
2.1284414e-20
-2.3260888e-32
-1.5808453e-20
2.1693406e-20
1.1532588e-20
0
-1.0487685e-20
-1.7848176e-32
-4.3735718e-21
-6.5325921e-21
3.1988247e-21
0
6.6049962e-21
1.1459267e-36
4.8043738e-33
-2.5867491e-21
-3.7876081e-21
6.0420336e-21
-4.8134158e-33
-4.3518019e-21
9.2768702e-23
-3.9867943e-33
-3.7751872e-21
1.2219023e-21
-1.007549e-22
5.2626637e-23
7.7345103e-22
-7.4865889e-33
-1.2300471e-21
1.9708569e-21
1.905145e-21
6.6376209e-22
1.8007622e-21
7.9607913e-22
0
-3.2994616e-23
7.1823948e-34
-6.2186137e-50
2.3604145e-21
-6.6385671e-37
2.5892514e-21
-1.4936748e-48
-1.1284374e-20
1.4208067e-20
1.6591376e-20
-1.2051974e-20
-1.2898815e-20
0
1.595322e-20
-8.6321278e-21
-2.6829422e-20
2.8412157e-20
-1.7215322e-32
-2.1447319e-20
1.0160795e-20
0
-1.1679803e-20
-1.2281748e-20
1.1786512e-20
-1.9199487e-32
2.4488746e-20
7.3889286e-36
-3.9197269e-20
0
3.596623e-20
2.6212495e-20
-4.0945041e-20
-2.7845065e-20
4.2150881e-20
1.3740675e-20
-5.4334581e-20
-1.4035938e-20
2.6195896e-20
2.4177898e-20
-1.4246591e-32
-1.40645e-20
-1.4729445e-20
-1.3712879e-20
1.3268016e-20
-1.5799055e-32
2.9848829e-20
-4.5910345e-32
-4.054526e-20
0
0
2.828571e-20
-3.1991292e-32
-1.3411873e-20
3.6808564e-20
-1.2434519e-20
-2.2018185e-32
-4.3658665e-32
-3.4459578e-20
1.064441e-20
-6.1171825e-33
1.2625653e-32
1.105221e-20
-9.8760375e-21
1.3145399e-36
-5.2179775e-33
1.0421772e-32
8.8682627e-21
0
-6.3236783e-21
1.3274694e-20
7.0874704e-21
-1.4484478e-20
0
6.5626991e-21
-5.8966003e-21
-1.1019139e-20
1.6680915e-20
-1.9353175e-32
-1.914305e-32
5.4973358e-21
-1.6681202e-20
8.4023637e-37
6.1761971e-21
5.990941e-21
-5.5961519e-21
-5.3395536e-21
5.6179872e-21
0
-6.8041218e-21
1.4233746e-20
-1.2180322e-32
-7.4666176e-21
-1.6941085e-32
-1.718684e-32
-2.2039096e-36
-1.5495844e-20
2.3104287e-20
2.3424705e-20
0
-1.7099475e-20
-2.5644112e-20
-1.1711878e-36
8.0518381e-21
8.2517033e-21
-8.669151e-21
-8.8677865e-21
8.6659639e-21
0
1.5805778e-20
1.5594899e-20
-2.4061623e-20
-8.1507738e-21
8.0434087e-21
-2.2007208e-36
-7.5745413e-21
-1.5199722e-20
-7.6382358e-21
1.2377458e-32
2.831992e-20
-2.2666454e-32
-2.0149708e-20
6.8157483e-21
6.7816359e-21
6.5840276e-21
-6.4788752e-21
-6.4781878e-21
-6.4801623e-21
-1.8151321e-36
6.2350109e-21
-6.1766176e-21
1.8698281e-20
1.2414311e-20
-1.8208203e-20
6.0258708e-21
1.2109162e-20
-1.2133869e-20
5.9643073e-21
-5.7845638e-21
-1.1582454e-20
1.7894881e-20
-6.0638714e-21
1.9608246e-32
1.6729954e-20
-1.0924313e-20
-5.6134285e-21
-5.8207794e-21
-1.1718111e-20
5.6743752e-21
2.8868743e-76
1.0656736e-20
5.4528684e-21
-6.2331984e-33
-5.5749875e-21
-1.0831875e-20
1.0684899e-20
-5.4207407e-21
-1.658445e-20
1.6420864e-20
5.3316394e-21
8.1512945e-49
5.3266617e-21
-1.6635469e-20
-5.6474595e-21
5.580277e-21
1.089182e-20
-5.4927178e-21
5.7055825e-21
-1.9707145e-32
-1.1973673e-20
1.7895134e-20
6.6888062e-33
-2.7403221e-32
1.3918094e-32
-1.256385e-20
1.2556145e-20
-6.3271924e-21
-2.5930608e-20
6.547016e-21
1.2956039e-20
0
1.3100486e-20
-1.4872944e-32
-3.8503302e-36
-7.4262921e-33
-6.4577407e-21
-6.3527863e-21
6.5015513e-21
6.7405365e-21
-1.3657442e-20
1.3477575e-20
-7.2875858e-33
-1.268241e-20
1.2467237e-20
2.1073257e-32
-7.134815e-33
-6.4324995e-21
-1.265948e-20
6.1356305e-21
-6.0537953e-21
3.3985277e-33
6.2141868e-21
1.2308264e-20
-5.980087e-21
-1.1767055e-20
5.9302436e-21
-6.0592477e-21
1.0080238e-32
-5.9364252e-21
-1.3038611e-32
1.1819862e-20
1.2083968e-20
1.3474337e-32
-1.9931956e-32
1.9829496e-32
-6.0480034e-21
-6.1578344e-21
-6.1902957e-21
6.1012039e-21
0
0
-6.1370564e-21
3.5720835e-33
9.3117969e-37
7.2103179e-33
6.3919235e-21
0
-6.2265306e-21
-1.288015e-20
6.6224814e-21
1.335865e-20
1.3242636e-20
1.2987355e-20
-1.9294731e-20
-2.1608564e-32
1.9757465e-20
-1.3252541e-20
-1.3263762e-20
0
-6.5014515e-21
1.2763623e-20
6.1201537e-21
-1.2027155e-20
-6.1643716e-21
6.9805912e-33
1.8816635e-20
-6.1234715e-21
-1.7654511e-20
1.7209313e-20
5.7659117e-21
-1.763411e-20
6.5217906e-33
5.7225701e-21
1.1028548e-20
5.8465537e-33
-1.0351232e-20
1.055513e-20
-5.3637522e-21
-1.6047094e-20
0
5.0588149e-21
9.8765807e-21
-2.7223223e-33
4.9118655e-21
9.7725846e-21
-9.599327e-21
-9.3513526e-21
0
-4.6597836e-21
-5.2033884e-33
-5.1195594e-33
-4.970004e-33
1.3231576e-20
8.8927988e-21
0
-9.008665e-21
-9.8584027e-33
-4.3639409e-21
-1.3046066e-20
4.3865581e-21
-2.449049e-33
6.2437989e-37
4.3451909e-21
8.6651385e-21
-4.3239364e-21
-8.5443437e-21
4.1832758e-21
0
8.1249814e-21
-4.1787856e-21
-1.271389e-20
4.1788505e-21
4.0395499e-21
7.7585582e-21
-3.819995e-21
-1.1629525e-20
3.9381623e-21
-4.3684053e-33
-7.7428587e-21
3.7843587e-21
3.7185313e-21
7.2873457e-21
1.0582618e-20
-6.7732528e-21
-6.4944591e-21
6.3778539e-21
3.5704141e-33
-6.486034e-21
6.4383343e-21
3.4673823e-33
-5.9278716e-21
0
5.4175238e-21
5.4031717e-21
0
-8.2265199e-21
-2.6325463e-21
-7.0398437e-37
-2.3525853e-21
-2.3457279e-21
-2.688723e-33
4.92775e-21
4.8225438e-21
-7.556788e-33
-4.2668263e-21
4.2464525e-21
7.3924244e-33
-4.6534526e-21
0
0
0
0
4.3686241e-21
2.5498623e-33
-4.7141637e-21
-2.3306639e-21
4.5439771e-21
-7.4824424e-33
-4.5928458e-21
4.7985984e-21
2.7431796e-33
-2.4657729e-21
4.8554631e-21
-8.0364661e-33
-4.89423e-21
5.0142037e-21
5.0900413e-21
-5.1040215e-21
-5.1066577e-21
0
0
0
0
-2.5613869e-21
2.5816272e-21
2.628085e-21
-2.9406163e-33
2.450267e-76
-2.5642772e-21
-5.1373883e-21
-2.6234917e-21
5.3269378e-21
7.848142e-21
-2.5351093e-21
-5.0110838e-21
7.6293204e-21
5.2086949e-21
-7.8463218e-21
-5.0932098e-21
-2.4617294e-21
-2.7178577e-33
5.0135297e-21
0
-2.5605912e-21
2.5003764e-21
-5.4189637e-33
-6.9828823e-37
-8.4491098e-33
-2.5909618e-21
-2.5708871e-21
7.1037128e-37
4.87704e-21
4.9392131e-21
-8.5733299e-33
-5.3293735e-21
0
0
0
-2.5814106e-21
-2.6379857e-21
2.7271046e-21
2.7880578e-21
-2.7920012e-21
5.5548164e-21
8.3546918e-21
0
-5.6757616e-21
-3.1719212e-33
-2.8842029e-21
-8.7805026e-21
2.9637807e-21
-4.9241744e-33
5.868106e-21
-1.9491734e-32
-5.9015839e-21
-1.6661801e-33
-4.3147333e-37
3.0198649e-21
-2.9745753e-21
5.9404164e-21
3.0262422e-21
-6.2216751e-21
6.2855662e-21
8.7555778e-37
-3.3285877e-33
-2.9336366e-21
-8.822465e-21
6.0700633e-21
-2.2473821e-51
3.1527524e-21
-5.1469361e-33
-5.9822045e-21
2.8693899e-21
5.7095595e-21
-3.2902548e-33
-9.2173768e-21
8.8383673e-37
3.0604539e-21
-2.9823568e-21
5.8392072e-21
2.896094e-21
-5.8459761e-21
5.9222583e-21
3.2799979e-33
-1.616772e-32
6.391589e-33
-5.7441447e-21
5.7157462e-21
-2.7897316e-21
-5.3977197e-21
2.6026129e-21
-2.5929402e-21
5.3467247e-21
-4.5261528e-33
-8.0974885e-21
0
0
7.5421226e-21
2.4694295e-21
-4.8413129e-21
4.7035522e-21
1.3124676e-36
-1.0270961e-32
-2.5784226e-33
-4.5764309e-21
4.360612e-21
4.0999844e-21
-1.9879946e-21
-6.037211e-21
-2.0660452e-21
2.0833602e-21
0
0
-1.8114888e-21
9.6577376e-34
5.1845879e-21
5.0139226e-37
-3.588942e-21
-1.781811e-21
1.9106222e-33
4.9479957e-21
3.5556856e-33
-3.1932945e-21
0
-1.6380946e-21
3.2186107e-21
1.5683575e-21
-3.4623006e-33
-1.5859845e-21
-3.2454509e-21
1.634812e-21
0
0
0
0
-1.7423559e-21
9.8016871e-34
5.2559042e-21
-1.7441961e-21
-5.3525348e-21
5.5916568e-21
1.9474058e-21
-4.0070772e-21
-2.032677e-21
-3.4339969e-33
6.3398169e-21
-1.2382592e-36
-7.470574e-33
-2.290603e-21
-4.664832e-21
-2.383781e-21
-2.7090652e-33
2.5009782e-21
2.5636059e-21
2.6304086e-21
2.6850833e-21
-6.0365236e-33
-5.4769104e-21
0
0
-2.8686791e-21
-4.8981361e-33
-4.2276468e-37
4.2389486e-37
2.9963165e-21
6.0632379e-21
6.1585407e-21
-6.207822e-21
-3.4168287e-33
-3.0215487e-21
-9.0152309e-21
0
0
3.1718585e-21
3.1312434e-21
0
-2.9510763e-21
1.6183034e-33
2.958583e-21
-3.0240541e-21
6.0818077e-21
-9.952579e-33
-8.6540558e-21
2.7757627e-21
2.7126018e-21
5.4343783e-21
-2.7557646e-21
-8.2605608e-21
2.692101e-21
-1.4389886e-33
4.9788447e-21
2.4300675e-21
-4.8440417e-21
4.868986e-21
1.3529308e-49
-4.6018191e-21
0
0
4.1162312e-21
-2.3047021e-33
-6.9606927e-33
1.5204985e-49
-5.8001382e-21
-2.0143007e-33
1.7331904e-21
3.4131112e-21
3.4407228e-21
-3.4562677e-21
-3.7574945e-33
-1.6024143e-21
-5.0112131e-33
1.438758e-21
-2.8311021e-21
0
-1.4162374e-21
1.5271142e-33
1.3040709e-21
2.4738808e-21
1.3361595e-33
-2.3955762e-21
0
0
-1.0901998e-21
5.7541967e-34
3.0627324e-21
1.1453684e-33
-2.0688065e-21
0
9.1801908e-22
-8.476477e-22
-8.2929623e-22
-8.5155548e-22
-8.783697e-22
1.7501988e-21
2.505564e-21
-7.8284823e-22
-1.4954176e-21
2.2118012e-21
-1.2893628e-51
-1.4792613e-21
0
0
0
0
1.3302653e-21
1.2804904e-21
-6.1143821e-22
-1.7792362e-21
-6.5498867e-34
5.9678842e-22
-1.2146604e-21
-1.2303479e-21
6.1274155e-22
2.365154e-21
1.1075815e-21
-1.5842849e-21
-1.0738623e-21
1.7120362e-21
1.341551e-33
-1.2074897e-21
0
0
0
1.0841413e-21
6.6548508e-34
-1.4023257e-33
6.1343757e-22
-1.6476227e-21
4.9439213e-22
4.9404461e-22
-1.6239542e-21
-1.1969974e-21
6.326934e-22
1.2796358e-21
1.2444215e-21
-1.9598083e-33
6.2430111e-34
-1.5972963e-37
-1.1782346e-21
0
-6.6150447e-22
-6.6361869e-22
6.3286894e-22
6.0361256e-22
-6.0525191e-22
-6.3728209e-22
1.3602784e-21
7.0224328e-22
-6.9112503e-22
6.657799e-22
-6.5589702e-22
-1.3430489e-21
0
0
2.1169124e-21
6.8885361e-22
-1.3836463e-21
-7.1539712e-22
-7.4807363e-22
1.5437052e-21
-8.6163339e-34
-1.523321e-21
0
7.3327786e-22
2.2181202e-21
1.6864794e-33
-4.3597161e-33
1.6032197e-21
-2.4056778e-21
-7.942886e-22
-2.2493525e-37
7.9788156e-22
-1.3409166e-33
-1.335949e-33
2.3849231e-21
-2.3972054e-21
4.0811137e-33
-1.3923937e-33
-1.6764537e-21
8.174146e-22
-7.9887134e-22
1.6171582e-21
8.409318e-22
-1.7480565e-21
1.7686267e-21
-4.9212261e-37
-6.5760521e-33
-4.8336579e-37
-5.8266941e-33
1.8019038e-21
-2.7333299e-21
-6.050652e-33
2.727909e-21
-1.8546051e-21
-1.9103476e-21
1.9350235e-21
-3.152448e-33
-2.7583072e-21
1.0192577e-33
2.8336327e-21
-5.5811388e-37
-2.0017455e-21
1.976897e-21
3.1899552e-33
-3.1117318e-33
1.0284175e-33
-1.8589865e-21
1.8744605e-21
1.8854769e-21
0
-2.7528768e-21
-1.7761057e-21
2.6009284e-21
-1.9284765e-33
-1.9712604e-33
-9.0699672e-22
-1.8088115e-21
-4.8582307e-34
9.4609244e-34
8.6405631e-22
-9.0577691e-22
1.0609673e-33
-9.8117856e-22
-3.2272271e-33
1.8993368e-21
0
1.9875745e-21
2.0931034e-21
-2.1674739e-21
-1.0904005e-21
-1.0780735e-21
-2.1375221e-21
0
-1.0754071e-21
-2.1266522e-21
-1.025623e-21
9.7981608e-22
-3.1434335e-33
1.0159893e-33
-1.9533246e-33
8.2178591e-22
1.4936686e-21
-1.3549308e-21
-6.262432e-22
1.1731708e-21
5.4347194e-22
0
0
-3.854597e-22
-3.663527e-22
0
-3.4630664e-22
-3.2108326e-22
7.1856635e-22
-9.0677874e-34
-4.4895727e-22
-1.1210056e-33
5.7954925e-22
1.3312324e-21
-1.53632e-21
1.95994e-33
1.9931655e-21
-2.148464e-21
-1.105529e-21
2.2292007e-21
-1.0748299e-21
-1.91387e-21
1.4365991e-21
8.3484339e-22
0
3.2872655e-22
4.1001543e-22
-1.1043787e-21
-6.0373977e-34
3.5853997e-22
-1.9826543e-23
6.47461e-34
-1.4374169e-33
-2.9366086e-37
-6.1353171e-33
3.2152466e-21
6.4314232e-21
-5.1366008e-21
-1.1571496e-21
-1.9541559e-21
-7.01424e-21
1.2589572e-20
9.6340633e-21
-2.4996665e-20
0
1.3119983e-20
1.8689419e-20
2.0542503e-21
1.4798277e-20
4.0204171e-20
-6.9225854e-20
-9.7712791e-20
0
0
5.7412645e-20
6.9791797e-20
4.1180252e-21
6.9947977e-20
1.6346132e-19
-2.4613199e-19
3.1236719e-31
1.0592908e-19
-3.4914872e-19
-2.2743187e-31
-4.5932845e-19
6.5098786e-20
0
1.0811209e-19
-4.9459191e-32
-2.571458e-20
1.1602873e-20
1.3603455e-32
-2.2137745e-32
2.9813075e-32
2.9148095e-20
2.7827422e-20
2.4068669e-20
-3.8026397e-20
-2.7253355e-20
1.7275307e-20
-9.3130406e-33
-7.6517989e-33
-1.8781244e-21
0
0
6.0962656e-21
1.2530285e-32
-2.4335792e-21
5.7975818e-21
-2.8011106e-21
2.8147619e-21
-4.9026127e-21
1.7352967e-37
-9.7086479e-34
-1.1226183e-37
-1.9508786e-33
-9.9034152e-22
0
1.7062933e-21
1.620441e-21
-1.5553623e-21
-3.3254277e-33
1.4640147e-21
-1.4367387e-21
-3.0198418e-33
-1.468141e-33
-6.9345754e-22
-1.6020691e-33
-9.9212619e-38
6.4442177e-22
-5.9620262e-22
1.209935e-33
9.2824312e-22
-3.5197352e-22
5.0845121e-34
2.2553645e-22
0
0
4.393028e-22
-7.0896643e-34
9.0794082e-34
-1.1082693e-49
1.2294898e-33
1.2166702e-21
-1.3013215e-21
-6.8158763e-22
1.4066919e-21
-7.1733025e-22
-1.4488056e-21
0
7.2697973e-22
1.4518579e-21
-8.052994e-34
1.6146726e-33
-4.7497845e-51
1.647441e-33
7.6677186e-22
0
-1.673492e-21
-1.6730484e-21
0
0
0
1.7305362e-21
8.8493729e-22
-1.8150477e-21
1.0368692e-33
1.9277126e-21
-1.1060532e-33
-1.0307043e-21
1.0670107e-21
-1.2261712e-33
-2.2862674e-21
-1.18268e-21
0
0
0
2.7625885e-21
6.1899722e-33
-2.7915347e-21
2.8030749e-21
2.8032994e-21
-4.1894081e-21
-2.7799249e-21
1.3807979e-21
1.3694052e-21
2.7143478e-21
-1.3447122e-21
-2.6654591e-21
1.3221842e-21
2.627703e-21
-1.3087265e-21
5.8114746e-33
2.6067871e-21
0
-1.2786159e-21
1.4164612e-33
1.2740908e-21
-2.5533403e-21
-2.5725583e-21
0
0
0
2.6187291e-21
2.92171e-33
-2.6439986e-21
0
2.6890425e-21
1.366382e-21
1.5592189e-33
-1.4415201e-21
-1.4310825e-21
-1.5518526e-33
-1.3751745e-21
2.6979205e-21
1.3169288e-21
-2.5758825e-21
1.2594409e-21
5.4693536e-33
5.3532852e-33
1.6423192e-50
5.3319619e-33
2.4594768e-21
0
-2.3271099e-21
-1.145573e-21
1.6049618e-37
-1.1129314e-21
2.1963401e-21
3.0320364e-50
-2.1292998e-21
0
2.1107915e-21
2.1127621e-21
0
-1.0652147e-21
-1.5379679e-37
1.1283468e-21
0
0
-2.213263e-21
-2.2179578e-21
2.2234789e-21
-2.3446207e-33
-1.8988517e-21
0
0
1.2894991e-21
4.892147e-22
7.5474627e-34
-2.322404e-22
1.0717604e-33
4.5899945e-22
0
0
3.6448014e-22
-6.596014e-34
8.5338168e-22
2.2695629e-21
0
0
0
-2.9024959e-21
-3.2164374e-21
0
3.4958111e-21
1.7453638e-21
-2.2062209e-21
-2.597765e-21
-2.4496745e-21
4.3348936e-21
5.0533221e-21
-5.9969002e-21
-6.2643272e-21
0
3.4228095e-21
-3.5097498e-33
-2.809914e-21
0
0
3.4160475e-21
-6.1628813e-33
-2.8692447e-21
6.6183805e-21
5.9636653e-21
0
0
0
-2.0019488e-21
-1.1509605e-33
3.5292496e-22
-3.3561904e-22
1.3005686e-21
-4.8259065e-33
6.444731e-33
-3.1553865e-33
5.8101736e-33
-2.8459575e-21
-6.4326002e-21
0
0
0
6.0739056e-21
5.9039579e-21
0
-5.5471584e-21
5.9709387e-33
2.6103708e-21
5.6428509e-33
2.4796334e-21
-4.8450991e-21
-4.7401472e-21
0
4.5698492e-21
-9.9955911e-33
-4.4415223e-21
0
4.3451536e-21
4.3103779e-21
0
0
-2.1205577e-21
-3.0042377e-37
-2.1099462e-21
-4.2152025e-21
4.2135266e-21
2.1074544e-21
4.6843724e-33
2.112068e-21
-4.2288661e-21
-2.1159794e-21
-7.2771965e-52
2.1193595e-21
2.1124149e-21
2.3406374e-33
-2.079992e-50
-2.1162395e-21
-2.0930638e-21
-2.078066e-21
4.186686e-21
-4.6608148e-33
-2.0641513e-21
4.0583302e-21
-2.0392925e-21
-4.1204913e-21
4.0727935e-21
8.7925168e-33
-1.9642297e-21
3.9906972e-21
2.830147e-37
4.2806173e-33
2.6829657e-37
-3.8228341e-21
1.9169613e-21
-4.1291491e-33
1.2058542e-32
-1.3268756e-50
-3.6661064e-21
3.5717439e-21
3.4670984e-21
0
-3.5006462e-21
-3.4290841e-21
-1.6658236e-21
3.3246441e-21
5.027675e-21
-1.6511372e-21
-1.6082253e-21
1.6015767e-21
-1.6183248e-21
3.5718454e-33
1.5763277e-21
1.7372925e-33
-1.7543625e-33
3.5227474e-33
1.5730637e-21
-1.5621675e-21
3.4883281e-33
1.586282e-21
0
-3.1872263e-21
-3.1992926e-21
0
0
0
-1.6532656e-21
-5.5572015e-33
3.3696e-21
3.4047932e-21
2.4462824e-37
5.8026185e-33
-1.7645395e-21
-1.7901671e-21
3.6372629e-21
-1.8487199e-21
-5.6470804e-21
2.129878e-33
1.950071e-21
0
0
4.0512389e-21
-4.5475297e-33
4.5969866e-33
4.1815969e-21
-4.2205355e-21
9.4497086e-33
2.1426927e-21
4.7852681e-33
2.160763e-21
-4.3225502e-21
9.6173726e-33
9.6615639e-33
9.6562195e-33
2.1584944e-21
4.7780464e-33
2.1638395e-21
-2.1617775e-21
4.7305229e-33
2.1070443e-21
0
-4.2277326e-21
-4.1636611e-21
4.087837e-21
-4.5181029e-33
-4.0721703e-21
4.0242182e-21
1.3129109e-32
-3.8950295e-21
3.8837662e-21
1.925803e-21
4.2063508e-33
-1.867381e-21
8.2247828e-33
3.6756737e-21
-3.6362538e-21
-3.5962674e-21
0
0
0
3.4918888e-21
7.7125766e-33
-3.4594926e-21
3.4496082e-21
3.4437664e-21
0
-3.4447523e-21
3.8317057e-33
1.7312271e-21
5.7913105e-33
-1.7481697e-21
-1.7592825e-21
-3.9345874e-33
-1.7856723e-21
3.6007446e-21
-8.0650127e-33
-1.8331836e-21
3.7040884e-21
2.6619805e-37
4.2114341e-33
1.9216183e-21
0
0
-4.0110623e-21
-4.068321e-21
0
4.1764866e-21
4.6952006e-33
-4.2814617e-21
0
2.193154e-21
4.437954e-21
-2.492317e-33
-2.2695099e-21
2.2940937e-21
-5.1473206e-33
5.1994307e-33
2.3644461e-21
-2.3866162e-21
-4.8162077e-21
2.4288734e-21
1.0876015e-32
-4.9363701e-21
2.4866997e-21
-2.5044234e-21
2.5213285e-21
7.6121693e-21
-5.1051549e-21
-2.5668523e-21
2.5801801e-21
2.5925447e-21
3.7004234e-37
5.8050928e-33
-2.623902e-21
0
2.6404266e-21
5.8784013e-33
2.654057e-21
-2.6599817e-21
8.8778292e-33
2.6704596e-21
0
0
-2.6837842e-21
5.9687261e-33
2.6913747e-21
-5.3895214e-21
-5.3960934e-21
0
0
5.4231473e-21
-1.2077966e-32
-2.7288208e-21
2.7386977e-21
2.7514203e-21
-3.0681339e-33
6.1444029e-33
-3.0703033e-33
-2.765499e-21
2.7648248e-21
-2.7599479e-21
-5.507874e-21
0
0
0
5.4631352e-21
5.4466037e-21
0
-5.4176471e-21
-2.6967098e-21
5.3693626e-21
-2.9690764e-33
-5.325237e-21
-2.6489706e-21
5.2697703e-21
-5.820921e-33
1.1579481e-32
-7.367248e-37
-5.1532666e-21
0
5.0926962e-21
5.0615819e-21
0
-2.5001122e-21
5.5196389e-33
-4.9426085e-21
-4.9153372e-21
2.4448863e-21
0
0
4.8266214e-21
-2.4055294e-21
-4.7986498e-21
4.7895685e-21
4.7840756e-21
-2.6556529e-33
7.9666929e-33
2.3885269e-21
-2.3899068e-21
2.6588469e-33
-2.3949841e-21
-4.7899831e-21
0
0
0
4.8269643e-21
4.8428599e-21
-7.2925293e-21
-4.8831999e-21
4.9068295e-21
4.9326439e-21
3.5245204e-37
-4.9895411e-21
-2.5100628e-21
0
-2.5421211e-21
3.199589e-51
2.5753188e-21
5.184073e-21
-6.3553943e-51
-5.2502407e-21
5.282474e-21
5.3137759e-21
0
-2.6861576e-21
5.9947917e-33
-2.7118301e-21
-5.4467411e-21
5.4675744e-21
2.7427873e-21
6.1094329e-33
-5.518904e-21
-5.5361145e-21
8.3383362e-21
2.7947235e-21
-2.810221e-21
2.8249881e-21
2.8379288e-21
0
-2.842078e-21
-5.675203e-21
-2.8327333e-21
5.6532461e-21
-1.2513899e-32
-2.8058565e-21
5.5856356e-21
-2.780635e-21
-5.5368199e-21
5.5126041e-21
1.219024e-32
-2.7345186e-21
2.7251182e-21
2.7171735e-21
3.8524054e-37
-5.4130195e-21
-2.7042968e-21
5.4089187e-21
-1.2022388e-32
1.2046888e-32
1.5468111e-36
-5.4654713e-21
5.495046e-21
5.5313063e-21
0
-5.6245809e-21
1.2616202e-32
8.1658964e-37
6.4594626e-33
5.8964365e-21
-5.9820435e-21
-3.0372141e-21
-9.8140296e-51
-3.1392291e-21
0
3.2529034e-21
3.3135916e-21
3.3765524e-21
-3.8211523e-33
7.7907791e-33
-7.9429338e-33
8.097867e-33
3.7182891e-21
0
-7.7287909e-21
-7.8778382e-21
0
0
0
8.4885409e-21
2.8791885e-32
1.9536455e-32
4.4785669e-21
1.0119724e-32
6.5896431e-37
-9.4348629e-21
4.7990987e-21
4.8828766e-21
-9.9392407e-21
-1.0122633e-20
2.0605567e-50
5.2668089e-21
0
0
1.0984693e-20
-3.2529699e-50
3.9000874e-50
1.1203322e-20
-1.1270277e-20
1.258823e-32
5.7024275e-21
-5.7332273e-21
-5.7624692e-21
-5.7908871e-21
1.1636284e-20
5.8442001e-21
-5.8705695e-21
-5.8944716e-21
-5.9389378e-21
1.1995208e-20
6.0421066e-21
6.7516768e-33
6.0979604e-21
0
-1.2099059e-20
-1.2076003e-20
0
0
0
1.1928218e-20
5.27854e-32
-1.1841695e-20
0
1.1749453e-20
5.8505738e-21
1.2936264e-32
-5.8009823e-21
-5.7758148e-21
-6.3833057e-33
-5.7257438e-21
1.1402492e-20
5.6774128e-21
-1.1308955e-20
5.6326844e-21
1.2460968e-32
-3.1795417e-36
1.5849626e-36
2.4698899e-32
1.1097655e-20
-1.1075611e-20
1.2273999e-32
5.5236211e-21
-1.1055175e-20
-5.5359809e-21
1.111164e-20
1.11629e-20
-1.1173562e-20
-1.1151594e-20
0
1.1126141e-20
1.111045e-20
-5.5485401e-21
1.2309549e-32
5.5373404e-21
0
0
-1.1049077e-20
-1.1042412e-20
1.1036402e-20
1.5675036e-36
-1.1023597e-20
0
1.1004818e-20
1.1307014e-50
-5.4880863e-21
5.4804921e-21
-5.4740768e-21
1.2165392e-32
1.0990719e-20
5.5090164e-21
0
-5.5155554e-21
1.217169e-32
-5.4408303e-21
-1.0814963e-20
0
5.3263292e-21
1.0567621e-20
5.2393533e-21
-1.5578334e-20
-2.5052816e-49
5.0967825e-21
1.1208918e-32
4.9964902e-21
1.0980856e-32
4.892503e-21
-9.6794057e-21
-9.5710107e-21
9.4931077e-21
9.4378973e-21
-4.6876434e-21
-4.6527082e-21
4.5870225e-21
4.4932857e-21
0
0
-4.2471117e-21
9.2573534e-33
4.0951222e-21
-8.0487977e-21
-7.9153285e-21
0
0
0
0
7.4190251e-21
-1.0461178e-36
-3.6593511e-21
7.2881024e-21
3.6380858e-21
0
-3.6712751e-21
8.1992959e-33
-3.7121896e-21
-7.4734789e-21
0
0
0
7.7245072e-21
7.8211534e-21
0
-8.0703696e-21
-4.1120983e-21
4.1986721e-21
4.2956325e-21
4.4024623e-21
-9.0356269e-21
-9.2783498e-21
9.5350214e-21
9.8113765e-21
0
-1.0464884e-20
-1.0809076e-20
1.1058902e-20
1.1259751e-20
0
-5.8621696e-21
2.6511946e-32
6.0822856e-21
-1.239368e-20
-1.2620843e-20
0
0
0
1.3547887e-20
3.058147e-32
-7.0119534e-21
7.1402385e-21
7.2451872e-21
-1.3924739e-49
3.2931606e-32
-1.7464291e-49
-7.6033595e-21
-7.6534377e-21
-7.6994979e-21
0
1.5650937e-20
7.8793983e-21
1.1212034e-36
7.8906524e-21
0
0
-1.588832e-20
-7.9642686e-21
1.597856e-20
-8.9000792e-33
-8.0492999e-21
0
-8.1327424e-21
8.1832676e-21
-3.6619073e-32
-1.6628609e-20
0
8.3404446e-21
-9.2537408e-33
-8.3535291e-21
0
0
0
8.4553137e-21
8.4963483e-21
8.5452464e-21
-4.151636e-50
4.8120298e-32
8.7372689e-21
0
0
-1.794857e-20
-9.0265521e-21
-9.1046151e-21
0
0
-9.3006842e-21
1.0403188e-32
9.4433766e-21
1.9019063e-20
-9.5713618e-21
-9.6341627e-21
1.9395021e-20
2.1670582e-32
4.3610737e-32
1.9762297e-20
-1.989039e-20
-1.0015265e-20
1.0070465e-20
0
0
0
-2.0347633e-20
-2.0449019e-20
1.0272077e-20
1.0353636e-20
0
2.0840558e-20
2.0643355e-20
-2.0585302e-20
-2.0587544e-20
0
2.0573575e-20
2.2909889e-32
-1.0353624e-20
1.0441245e-20
0
0
1.0536591e-20
-1.0537591e-20
1.0213949e-50
-2.352244e-32
-3.1849328e-20
-1.0658001e-20
2.1428311e-20
3.2356066e-20
-1.0866621e-20
-3.2961467e-20
1.1139509e-20
2.2520683e-20
-1.1338101e-20
-1.1411509e-20
0
0
2.3270625e-20
2.3473104e-20
-2.3771109e-20
-3.6177263e-20
1.2197688e-20
2.4616914e-20
0
0
-2.5069496e-20
-3.5621852e-36
1.2576942e-20
1.4019013e-32
1.267552e-20
1.2740318e-20
1.2835756e-20
-2.5847114e-20
-2.6135635e-20
0
2.6464064e-20
2.6253211e-20
-2.6195167e-20
-1.3105949e-20
1.3095208e-20
0
-1.3099669e-20
-1.3030046e-20
2.5845532e-20
2.5665923e-20
-3.8559132e-20
-2.5873161e-20
2.5727174e-20
-1.2661272e-20
-1.2519502e-20
1.2466463e-20
0
-1.2324906e-20
1.2242241e-20
2.7300512e-32
1.2431097e-20
1.2359374e-20
-1.342705e-50
2.4128597e-20
-2.4389303e-20
-1.2398891e-20
1.7751711e-36
-2.4910545e-20
1.2413361e-20
-3.5806795e-36
2.1229175e-50
2.5768615e-20
-1.267099e-20
1.2571563e-20
-1.2528888e-20
-2.4927111e-20
3.7392417e-20
-2.7877583e-32
-2.5578199e-20
0
0
2.5354092e-20
2.5646246e-20
0
-2.5996514e-20
-1.2661286e-20
2.5097462e-20
-1.2714844e-20
-1.2906276e-20
2.5536778e-20
2.7823191e-32
-2.4853811e-20
-1.7463455e-36
-1.207342e-20
-2.3830285e-20
1.202752e-20
1.2258869e-20
0
0
-1.1655391e-20
2.3706895e-20
1.2146975e-20
-1.1988596e-20
2.3379165e-20
-1.1721865e-20
-1.1739048e-20
0
-1.5799036e-36
1.1172292e-20
-2.2670507e-20
4.8473855e-32
2.3014736e-32
-2.0768831e-20
2.1270044e-20
-4.6327311e-32
-9.9694088e-21
1.9721167e-20
3.3613896e-32
-9.9454637e-21
0
0
1.7179439e-20
-8.156992e-21
-1.6873802e-48
2.1249953e-20
-1.1925577e-20
-1.9817293e-20
6.78338e-21
1.3266135e-20
7.468376e-21
-8.8668752e-21
-1.7212086e-20
7.4498134e-21
7.2325962e-21
-8.0539558e-21
-8.8951106e-21
0
0
0
-6.9864328e-21
5.5776767e-21
9.742475e-21
0
4.063218e-21
-4.0148367e-21
-4.2835029e-21
0
1.6293843e-21
1.0753503e-22
1.5346105e-21
-1.7798222e-33
-1.0081546e-21
2.9508139e-21
-2.4505334e-21
2.2315042e-47
1.4195788e-20
-1.3858243e-20
-1.4591496e-32
1.2790737e-20
-5.1632931e-21
-5.0880441e-21
-7.339018e-21
9.2515866e-21
2.8400423e-32
-1.8699951e-20
1.1264871e-20
7.4458816e-21
-9.346292e-21
0
-8.5198196e-21
1.0193278e-20
2.6283826e-20
1.4637334e-20
-3.0948581e-32
-1.4529203e-20
0
0
0
0
0
0
0
-3.3387766e-20
-6.82584e-20
3.2826807e-20
3.5825115e-20
-4.2229883e-20
4.5766978e-20
-4.5022238e-20
-2.0521008e-31
5.4037049e-20
-6.1284178e-20
1.2559139e-19
-6.2432504e-20
3.4096045e-48
5.4700906e-20
-5.8632953e-20
-1.5250947e-31
7.7725375e-20
-7.4291603e-20
-6.6934325e-20
2.11157e-35
-1.6552248e-19
2.4780824e-19
-2.5293795e-31
-2.236217e-19
1.6844615e-19
9.0161607e-20
-8.3647956e-20
0
1.8665043e-19
-2.2796471e-31
-9.8321684e-20
1.9556631e-19
1.256284e-31
-1.275838e-19
0
0
0
0
0
0
0
-2.4164151e-19
-1.199038e-19
1.3051277e-19
0
0
-1.188458e-19
-1.091334e-19
0
2.2816418e-19
2.717346e-19
-5.1338688e-20
1.8437219e-31
1.7405908e-35
-6.9459107e-20
6.182977e-20
4.7045663e-20
-2.1236036e-20
-1.0021622e-47
6.2891602e-32
9.2587965e-20
-4.6435118e-20
1.99747e-31
2.4192933e-19
-2.9325575e-19
-1.8326632e-19
2.1320089e-19
0
0
0
3.1700765e-19
-6.8946771e-19
-7.4757158e-19
1.2140772e-18
8.7536328e-19
-9.4592896e-19
-1.0214958e-18
0
0
0
1.3818869e-18
1.6528123e-30
-8.0146019e-19
1.7252606e-18
-1.3188853e-34
-2.9942789e-18
1.0729477e-18
1.1529482e-18
2.7500078e-30
1.3296887e-18
-4.2814047e-18
6.7995828e-30
-7.2917661e-30
1.7603545e-18
1.8864444e-18
-4.0416117e-18
-2.1639275e-18
2.3163162e-18
-6.4360597e-47
6.8464772e-47
8.5038314e-18
-3.0297445e-18
7.1874055e-30
6.9148905e-18
-3.6914214e-18
-7.8796128e-18
4.6669947e-30
4.4829909e-18
0
0
-1.0853667e-17
-1.1559164e-17
6.1530848e-18
6.5484341e-18
0
0
0
-8.3712979e-18
8.8936161e-18
9.4452536e-18
1.0027627e-17
-1.0642227e-17
7.5192925e-29
1.197439e-17
-1.2695224e-17
1.3454844e-17
1.4255054e-17
-1.5097717e-17
7.0982006e-29
3.3836288e-17
-1.7899985e-17
-3.7864852e-17
-2.0017663e-17
-2.1157952e-17
-2.2355657e-17
2.3613243e-17
2.4933237e-17
0
-2.7770759e-17
2.9293685e-17
6.1779658e-17
-3.2562091e-17
3.4313425e-17
-3.6146884e-17
-7.613125e-17
8.0145755e-17
1.1985981e-32
-4.9265738e-29
4.6658922e-17
0
-5.1554567e-17
-1.0832923e-16
5.6887775e-17
-1.3263103e-28
-1.2537759e-16
6.5774377e-17
1.3797716e-16
-7.2335463e-17
7.581914e-17
2.3833105e-16
-1.6642635e-16
3.8694284e-28
1.8240746e-16
0
-1.9964887e-16
-1.043815e-16
1.0910863e-16
0
0
-1.2435162e-16
-2.882137e-28
-1.9246963e-32
-1.4127106e-16
-1.4730135e-16
-1.5353289e-16
1.5996915e-16
1.6661342e-16
0
0
0
0
2.030534e-16
2.1100167e-16
2.1917412e-16
-2.2757194e-16
-2.3619591e-16
0
2.821512e-28
2.6342529e-16
5.4590462e-16
5.6540473e-16
-5.8534645e-16
6.7244594e-28
9.3979715e-16
-1.8372667e-44
-6.6940036e-16
3.4572074e-16
-1.5852136e-27
1.6357481e-27
7.5983904e-16
-3.9167217e-16
1.344069e-27
4.1565167e-16
0
0
-9.05278e-16
-4.6518838e-16
4.7782398e-16
0
5.0328979e-16
-7.3340168e-32
-1.057798e-15
-5.4171061e-16
-5.5450023e-16
-1.6122119e-31
5.7992802e-16
0
0
0
0
0
6.5334325e-16
6.6490348e-16
6.7620264e-16
-6.8721459e-16
-6.9791322e-16
0
7.1826704e-16
1.4557415e-15
-1.4741175e-15
-7.4580628e-16
-7.5409015e-16
7.6188618e-16
2.5616975e-27
-2.3277896e-15
7.8213564e-16
1.5755461e-15
-7.9282318e-16
7.9727177e-16
2.4033125e-15
-8.0430692e-16
2.6874783e-27
8.087863e-16
0
-2.4319372e-15
-1.6211397e-15
1.6196092e-15
-8.0836172e-16
3.5805124e-27
8.0350528e-16
-8.0010567e-16
0
-7.9140945e-16
7.8613681e-16
7.8026676e-16
1.7184358e-27
-8.5137503e-28
3.3717177e-27
-1.6679154e-27
-7.4258027e-16
0
7.2400687e-16
7.1406467e-16
7.0371961e-16
-6.9299806e-16
-6.819269e-16
6.7053334e-16
6.5884481e-16
-7.1814492e-28
-1.2693859e-15
8.8431937e-32
6.0969044e-16
5.9693769e-16
-1.1681049e-15
-1.7131812e-15
1.67396e-15
5.4485561e-16
-1.5950724e-15
5.1851497e-16
1.0107e-15
-4.9221674e-16
-4.7913517e-16
-4.661242e-16
-1.2880768e-31
1.3211538e-15
8.5537723e-16
-8.3025705e-16
-4.0271802e-16
3.9046974e-16
0
0
0
-3.4331615e-16
3.6860744e-28
-1.4253827e-27
3.4433006e-28
-6.6504738e-28
2.8912876e-16
5.5796548e-16
0
-5.1881773e-16
-4.9996899e-16
4.8160623e-16
1.5446297e-27
-2.2316969e-16
4.2943304e-16
-2.29251e-28
-1.9853091e-16
-1.9079465e-16
1.8329293e-16
3.5204593e-16
-1.6898165e-16
-1.6216564e-16
-3.1114267e-16
6.6260099e-28
-6.3523222e-28
-1.3707967e-16
7.4653801e-32
1.2578608e-16
2.4087266e-16
-1.1527851e-16
-1.1030796e-16
2.1104001e-16
-2.2402197e-28
2.1419918e-28
-9.2204283e-17
-1.7619858e-16
1.6830643e-16
8.036137e-17
0
0
-6.9864999e-17
-1.3328824e-16
6.3554779e-17
6.0592632e-17
-1.1550682e-16
5.5032923e-17
1.572812e-16
4.9931826e-17
-9.5086536e-17
-9.0515111e-17
0
-4.0979775e-17
7.7960992e-17
3.706964e-17
1.5653412e-28
1.4877861e-28
1.4135505e-28
6.0488995e-17
-5.7454233e-17
-5.4558714e-17
0
-2.4581557e-17
5.1797809e-29
2.2129696e-17
0
0
0
0
-1.6948019e-17
1.6056335e-17
3.041614e-17
1.4401319e-17
-1.3634246e-17
5.7313765e-29
2.4424283e-17
-2.3107558e-17
-2.1856861e-17
2.0669177e-17
1.9541614e-17
-9.2356972e-18
-8.7279262e-18
-1.6492433e-17
-7.7893423e-18
1.471226e-17
1.3890908e-17
-1.3112474e-17
-6.1874475e-18
1.7514293e-17
-5.5072432e-18
-1.5581941e-17
-5.437604e-30
9.2336228e-18
9.6624245e-30
-4.1001289e-18
7.7252129e-18
-8.0765118e-30
-3.425762e-18
6.4503176e-18
-3.0356297e-18
1.2687502e-29
2.6875448e-18
-5.05586e-18
-2.3772692e-18
0
4.2019139e-18
3.9488688e-18
-3.7102437e-18
-3.4852697e-18
-1.6366077e-18
-2.1837721e-34
2.8851204e-18
3.0062522e-30
-1.270401e-18
2.3835867e-18
2.2356076e-18
-2.0963545e-18
-9.8267178e-19
1.8421155e-18
8.6311743e-19
-8.0864447e-19
-1.5148865e-18
-7.0932841e-19
0
0
5.8179264e-19
-1.2087961e-30
-5.0922157e-19
4.7624848e-19
6.3282799e-35
-4.1629622e-19
3.8908512e-19
3.6357329e-19
-3.3966013e-19
-3.1725061e-19
-2.96255e-19
3.0701609e-31
5.1634305e-19
4.8185665e-19
3.194428e-35
4.6559012e-31
1.9555088e-19
-3.6466299e-19
-3.3993771e-19
3.1682013e-19
-1.4760532e-19
-1.3750774e-19
1.2807319e-19
1.1926013e-19
-1.110295e-19
-2.066891e-19
1.9234147e-19
8.9475574e-20
8.3228549e-20
7.7400984e-20
-2.1589783e-19
-1.3379627e-19
6.2173811e-20
0
5.3667852e-20
-4.9845685e-20
4.6285788e-20
8.5941825e-20
-7.9769773e-20
-3.7012556e-20
6.8679446e-20
-1.4146519e-31
-2.9540202e-20
2.7389403e-20
2.5389779e-20
-2.353112e-20
4.8417426e-32
5.9537624e-49
-1.870847e-20
2.5673563e-49
1.603885e-20
3.2962088e-32
-2.7476988e-20
0
1.1758083e-20
2.1748394e-20
-1.1163592e-32
-9.2948596e-21
0
0
-1.4667401e-20
-6.773816e-21
6.2553575e-21
1.1550731e-20
-5.3310829e-21
-9.839888e-21
9.0791182e-21
4.1877048e-21
3.8623126e-21
-3.5614578e-21
2.1871975e-32
6.7193662e-33
-5.5776823e-21
0
4.7336662e-21
2.1797352e-21
2.2278001e-33
-1.8475861e-21
-3.4009456e-21
0
2.879115e-21
-2.9399234e-33
-2.435332e-21
-1.1195483e-21
-1.6703618e-50
1.8916146e-21
1.7381136e-21
-1.596739e-21
2.4425756e-33
-2.2422116e-33
-2.0596166e-33
5.6745647e-22
-1.0415292e-21
0
4.3832082e-22
8.0401449e-22
-3.6862679e-22
-3.3794897e-22
3.0976075e-22
2.8386564e-22
-5.2016478e-22
-4.7648667e-22
2.1819379e-22
0
-1.8290259e-22
-1.8589597e-34
3.0638995e-22
2.8032041e-22
-1.2820872e-22
5.2073904e-34
1.4796869e-50
-9.8009565e-23
-9.9472775e-35
-8.1858854e-23
1.495763e-22
1.3662835e-22
-1.2477682e-22
-5.6965078e-23
1.154617e-34
-4.7463197e-23
4.3311448e-23
-8.7740926e-35
3.604382e-23
1.4597699e-34
-5.9943554e-23
2.7322642e-23
2.7645931e-35
-4.5385438e-23
4.1349083e-23
1.0159604e-51
-3.4301299e-23
3.1232477e-23
1.5782267e-35
-1.2939258e-23
1.1774618e-23
2.1425696e-23
-9.7448889e-24
-8.8624719e-24
8.0585447e-24
7.3258724e-24
-6.6584967e-24
-6.0507027e-24
-1.5624676e-39
-4.9941613e-24
0
4.1186145e-24
3.7389332e-24
3.3936635e-24
-3.0797652e-24
-6.2050346e-36
3.803148e-52
-2.2991843e-24
4.1697453e-24
-1.8900162e-24
3.8038618e-36
1.5527717e-24
-2.8135932e-24
1.2745009e-24
1.1544256e-24
-3.1358815e-24
2.1013784e-36
8.5694273e-25
-7.7553469e-25
0
0
5.743553e-25
1.0390317e-24
-9.3968832e-25
-8.4909984e-25
4.2589105e-37
-6.7679173e-54
3.1329024e-25
5.6614762e-25
1.1354048e-36
-2.3072704e-25
4.1695021e-25
-1.8835109e-25
-5.0960582e-25
1.5327085e-25
2.7662926e-25
-1.2487835e-25
-2.3184215e-54
1.123398e-37
-9.1257257e-26
0
1.4883262e-25
6.6998999e-26
-6.0372056e-26
-5.4413888e-26
4.8881302e-26
-9.7584727e-38
-3.9700859e-26
7.1376429e-26
-3.1918761e-26
1.2741353e-37
2.5960592e-26
-4.6935778e-26
2.1096781e-26
8.3704042e-38
3.7792149e-38
-4.3544916e-42
-1.3618671e-26
2.4319056e-26
-1.106517e-26
-2.0671197e-26
9.3628365e-27
1.6415363e-26
-1.4348243e-26
-9.4844516e-55
1.7144934e-26
-1.0578789e-26
-9.7276224e-27
8.7548601e-27
8.2332895e-39
-3.2830725e-27
6.5661451e-27
-2.9182867e-27
-2.4319056e-27
4.2558348e-27
-1.8239292e-27
-3.1614773e-27
-1.4591434e-27
2.6750961e-27
1.0943575e-27
4.5905154e-39
3.1103511e-43
-3.1006796e-27
1.9455245e-27
2.5535009e-27
-6.079764e-28
-1.0943575e-27
-6.079764e-28
-5.4717876e-28
-4.0496772e-40
4.8638112e-28
6.079764e-29
-1.8239292e-28
4.2558348e-28
4.2558348e-28
-2.4319056e-28
-6.079764e-29
6.7347469e-41
1.2159528e-28
-2.4319056e-28
-6.079764e-29
4.7040659e-43
1.2159528e-28
1.5253569e-42
1.2159528e-28
2.4319056e-28
1.3501389e-51
-1.2159528e-28
-6.079764e-29
-1.3506566e-40
-1.2159528e-28
1.7279728e-44
5.4006063e-40
1.2159528e-28
6.079764e-29
-6.7315396e-41
-1.2159528e-28
0
6.079764e-29
-1.7279728e-44
-7.2957168e-28
-6.079764e-28
1.2159528e-28
4.0496772e-40
-1.8239292e-28
1.8239292e-28
-2.0275886e-40
-6.079764e-29
-6.8422777e-43
2.4319056e-28
4.8638112e-28
-3.6478584e-28
-1.1709859e-56
-2.4319056e-28
-6.079764e-29
-1.2159528e-28
-1.2159528e-28
0
2.4319056e-28
1.8734719e-55
6.079764e-29
-6.079764e-29
2.3739559e-56
1.2159528e-28
-6.079764e-28
-6.9118914e-44
6.079764e-29
0
1.8239292e-28
1.0800521e-39
-1.2159528e-28
0
-6.079764e-29
6.079764e-29
-6.079764e-29
6.079764e-29
1.2159528e-28
-3.6478584e-28
2.4319056e-28
4.8638112e-28
-1.2159528e-28
2.0248386e-40
-3.6478584e-28
2.4319056e-28
3.6478584e-28
6.7443689e-41
-2.0245243e-40
6.079764e-29
-6.079764e-29
1.3500652e-40
1.2159528e-28
1.2159528e-28
1.7279728e-44
-2.0250978e-40
-1.2159528e-28
6.079764e-29
1.2159528e-28
6.079764e-29
0
-2.0250978e-40
1.8239292e-28
2.4319056e-28
-6.079764e-28
-3.039882e-28
-1.2159528e-28
5.4002607e-40
-1.8239292e-28
1.7279728e-44
2.0215278e-40
1.3492372e-51
1.2159528e-28
0
-6.079764e-29
-6.079764e-29
1.2159528e-28
1.2159528e-28
2.0250978e-40
-6.079764e-28
-2.4319056e-28
6.079764e-28
-1.0799139e-39
-5.3999152e-40
6.079764e-29
-1.7279728e-44
-1.3495468e-40
-3.6478584e-28
2.0248386e-40
6.409098e-55
2.4319056e-28
6.079764e-28
-1.2159528e-28
0
-6.079764e-29
2.4319056e-28
-3.039882e-28
-1.8239292e-28
1.2159528e-28
-1.8239292e-28
8.6398642e-45
3.375595e-40
2.5919593e-44
-8.6398642e-45
-1.1709199e-56
1.3495468e-40
-6.079764e-29
6.079764e-29
1.2159528e-28
-1.8239292e-28
5.4002607e-40
-2.4300137e-39
-6.079764e-28
3.6478584e-28
1.5017669e-52
1.2159528e-28
0
1.2159528e-28
2.4319056e-28
-6.079764e-29
1.8239292e-28
3.6478584e-28
-1.8239292e-28
0
6.079764e-29
-2.7001304e-40
-1.3500151e-40
-2.3418399e-56
-2.4319056e-28
4.8638112e-28
2.700476e-40
0
-6.748598e-41
6.079764e-29
-6.079764e-29
-1.2159528e-28
-3.2073177e-44
6.079764e-29
6.7500757e-41
-1.2159528e-28
6.079764e-29
-1.2159528e-28
0
-2.1382118e-44
2.3520329e-43
2.4319056e-28
2.4319056e-28
3.8487812e-43
6.079764e-29
-1.8239292e-28
-1.8239292e-28
1.3500652e-40
-2.4319056e-28
-1.2159528e-28
-5.9882691e-52
-6.079764e-29
-8.6398642e-45
1.2159528e-28
-2.5658541e-43
-1.3499444e-40
-6.079764e-29
-1.2159528e-28
1.8239292e-28
0
0
0
1.2159528e-28
4.3199321e-44
-4.8638112e-28
-3.6478584e-28
1.2159528e-28
0
-2.4319056e-28
-1.3501516e-39
3.6478584e-28
1.2159528e-28
1.2159528e-28
-1.2159528e-28
-6.749462e-41
-3.6478584e-28
2.025357e-40
1.2159528e-28
1.2159528e-28
-6.079764e-29
-5.6970958e-55
-6.079764e-29
2.4319056e-28
5.6218763e-55
1.2159528e-28
-2.700476e-40
-6.079764e-29
1.8239292e-28
2.4319056e-28
5.994368e-52
-4.0496772e-40
-1.2159528e-28
2.4319056e-28
4.0500228e-40
2.4319056e-28
1.2159528e-28
3.6478584e-28
-6.079764e-29
-4.0530419e-40
-1.7279728e-44
2.4319056e-28
-1.2159528e-28
-1.2159528e-28
-2.4319056e-28
-1.2159528e-28
0
-1.3500151e-40
1.8239292e-28
-1.8239292e-28
-2.4319056e-28
6.079764e-29
-2.4319056e-28
-6.9118914e-44
6.079764e-29
-6.7511899e-41
6.079764e-29
0
0
2.8311107e-44
-5.4002607e-40
1.3497196e-40
-1.2159528e-28
-2.6983197e-40
-3.6478584e-28
1.8239292e-28
1.2159528e-28
-6.079764e-29
0
-1.2159528e-28
1.7279728e-44
-6.079764e-29
2.4319056e-28
-1.2159528e-28
5.4006063e-40
2.4319056e-28
1.2159528e-28
6.079764e-28
-3.039882e-28
6.079764e-29
-2.3418399e-56
-6.079764e-29
-1.2159528e-28
3.039882e-28
3.6478584e-28
2.4319056e-28
6.079764e-29
1.2159528e-28
-1.8239292e-28
-3.6478584e-28
2.4319056e-28
1.8239292e-28
-3.6478584e-28
-7.5074469e-53
-6.079764e-29
-6.079764e-29
-6.079764e-29
-6.079764e-28
6.079764e-28
6.079764e-28
-4.8638112e-28
-2.4319056e-28
3.039882e-28
2.700476e-40
-1.2829271e-43
0
0
-1.2159528e-28
-2.6994392e-40
-1.8239292e-28
2.6997848e-40
2.4319056e-28
0
1.2159528e-28
-6.7511899e-41
2.5919593e-44
-1.8239292e-28
0
0
-1.2159528e-28
6.079764e-29
-6.079764e-29
-1.2159528e-28
1.2159528e-28
1.3461664e-40
2.4319056e-28
1.3521895e-40
6.079764e-29
1.3482699e-40
-2.0250114e-39
-1.0799139e-39
1.2159528e-28
-6.4146353e-44
-2.4319056e-28
0
0
-1.2159528e-28
-1.2159528e-28
0
1.2159528e-28
-6.749462e-41
-1.8239292e-28
6.079764e-29
-1.8239292e-28
0
0
0
1.7105694e-43
-1.2159528e-28
7.863984e-70
1.2159528e-28
-4.8638112e-28
0
6.079764e-29
-5.3994914e-40
6.7511899e-41
-1.2159528e-28
0
-1.2159528e-28
1.8239292e-28
1.8734719e-55
-4.8638112e-28
0
-1.2159528e-28
-6.074775e-40
3.6478584e-28
4.6836798e-56
6.079764e-29
2.4319056e-28
-2.4319056e-28
-3.6478584e-28
1.2159528e-28
0
1.2159528e-28
6.079764e-29
-4.8638112e-28
5.1839185e-44
2.4319056e-28
-1.2159528e-28
6.0750341e-40
-2.0248386e-40
-2.0275178e-40
-1.3500652e-40
-1.2159528e-28
-6.7721805e-41
2.7001304e-40
-2.4319056e-28
8.6398642e-45
-3.6478584e-28
4.0501956e-40
-2.7000303e-40
0
2.4319056e-28
-1.8239292e-28
-1.2159528e-28
6.079764e-29
-1.2159528e-28
2.4319056e-28
1.2159528e-28
-2.4319056e-28
-2.4319056e-28
1.2159528e-28
0
0
2.7024546e-40
-3.6478584e-28
-4.2558348e-28
1.2159528e-28
-2.105219e-55
-2.6999576e-40
6.079764e-29
-1.3500652e-40
2.4319056e-28
-3.6478584e-28
-2.5658541e-43
0
3.1636015e-67
4.0496772e-40
1.2767504e-27
-8.5116696e-28
-2.4319056e-28
1.4962468e-52
7.7705751e-68
-1.2159528e-28
-1.2159528e-28
-1.2159528e-28
-3.6478584e-28
-4.4965403e-52
6.073479e-40
3.6478584e-28
-1.8239292e-28
-3.6478584e-28
-1.6200091e-39
6.079764e-29
-2.4319056e-28
-2.4319056e-28
6.079764e-29
-6.079764e-29
0
3.039882e-28
1.7279728e-44
2.4319056e-28
-1.2159528e-28
-4.8638112e-28
3.039882e-28
-2.6998887e-40
-1.2159528e-28
1.8239292e-28
-1.6201819e-39
3.7469438e-55
9.119646e-28
-1.2159528e-28
-1.2159528e-28
1.5200672e-52
3.6478584e-28
-3.6478584e-28
5.3997424e-40
4.0500228e-40
-3.6478584e-28
3.039882e-28
3.039882e-28
-6.079764e-29
0
0
2.4319056e-28
2.4319056e-28
-1.2159528e-28
-2.4319056e-28
6.7503259e-41
-1.7279728e-44
1.8239292e-28
6.079764e-28
8.1003911e-40
4.8638112e-28
-9.7276224e-28
5.3995696e-40
-2.1382118e-44
2.4319056e-28
0
-6.079764e-29
-2.37374e-56
-2.1382118e-44
1.2159528e-28
4.8638112e-28
-3.6478584e-28
6.079764e-29
6.4146353e-44
-6.079764e-29
1.2159528e-28
0
0
2.4319056e-28
-8.6398642e-45
-1.2159528e-28
-2.4319056e-28
1.3498924e-40
5.3997424e-40
-2.4319056e-28
4.8638112e-28
6.079764e-28
-3.039882e-28
0
3.6478584e-28
2.0250978e-40
-3.6478584e-28
-3.6478584e-28
2.4319056e-28
-1.3790226e-40
1.2159528e-28
4.0500228e-40
1.8239292e-28
1.2159528e-28
2.5658541e-43
-6.079764e-29
-1.2159528e-28
1.2159528e-28
-1.2159528e-28
7.2957168e-28
-2.4319056e-28
-1.2159528e-28
1.2159528e-28
6.079764e-29
2.4319056e-28
-2.4319056e-28
1.3530839e-40
5.8545997e-57
1.3499788e-40
1.2159528e-28
-3.6478584e-28
-3.6478584e-28
0
-3.6478584e-28
-4.0496772e-40
1.2159528e-28
0
6.4146353e-43
3.6478584e-28
3.039882e-28
0
2.4319056e-28
-1.6199227e-39
-3.6478584e-28
3.6478584e-28
1.2159528e-28
-1.2159528e-28
-2.4319056e-28
-1.3500859e-40
-2.6997848e-40
-1.8734719e-55
-1.2159528e-28
-1.424244e-55
-6.079764e-29
-3.4559457e-44
-1.8239292e-28
-6.7498939e-40
8.0996999e-40
-1.2159528e-28
4.2764235e-44
-6.079764e-29
2.4319056e-28
-2.4319056e-28
1.8239292e-28
-5.3950794e-40
1.2159528e-28
-4.0499364e-40
4.8638112e-28
-4.8638112e-28
-5.4717876e-28
6.079764e-29
-1.2159528e-28
-1.2159528e-28
1.2159528e-28
-2.3418399e-56
-1.8239292e-28
1.2159528e-28
1.8239292e-28
-6.7456711e-52
-1.2159528e-28
-6.7304705e-41
2.0245273e-40
1.2159528e-28
1.2159528e-28
-1.3498924e-40
1.2159528e-28
3.039882e-28
-2.700476e-40
1.3500151e-40
-4.6836798e-56
1.3823783e-43
2.4319056e-28
5.3999152e-40
-6.079764e-29
-8.1003911e-40
-3.6478584e-28
0
-1.2159528e-28
4.0500454e-40
0
-3.6478584e-28
-4.8638112e-28
4.8638112e-28
3.6478584e-28
-4.8638112e-28
-3.039882e-28
4.8638112e-28
-2.4319056e-28
-3.6478584e-28
5.4717876e-28
6.079764e-29
-3.6478584e-28
2.4319056e-28
-2.4319056e-28
-3.6478584e-28
6.079764e-29
0
2.4319056e-28
1.2159528e-28
1.2159528e-28
-6.7026737e-41
-1.3499444e-40
-3.5280494e-43
-7.4516569e-53
-4.6836798e-56
4.0500228e-40
1.3498924e-40
2.7001304e-40
-6.747734e-41
-6.079764e-29
-6.7237094e-41
1.2159528e-28
-2.4319056e-28
1.2159528e-28
2.024925e-40
-1.8239292e-28
-8.0998727e-40
-8.1003911e-40
2.4319056e-28
5.3961425e-40
1.8239292e-28
-1.2159528e-28
-6.079764e-29
1.4243735e-54
1.2159528e-28
-6.079764e-29
0
-1.2159528e-28
-2.0250978e-40
-3.6478584e-28
-6.7511899e-41
-6.079764e-29
3.6478584e-28
8.1003911e-40
1.2159528e-28
-8.1000455e-40
1.8239292e-28
-6.7372465e-41
1.2159528e-28
0
6.079764e-29
4.0496772e-40
-3.039882e-28
-5.4002607e-40
6.079764e-29
6.4146353e-44
6.079764e-29
6.079764e-29
0
-2.6999576e-40
3.6478584e-28
-2.024452e-40
2.7001304e-40
-1.2159528e-28
1.8239292e-28
-2.4319056e-28
2.4319056e-28
1.350238e-40
1.2159528e-28
0
0
1.8239292e-28
6.079764e-29
-1.2159528e-28
-3.039882e-28
9.119646e-28
1.0799485e-39
-6.079764e-29
1.8239292e-28
0
0
0
-4.8638112e-28
-2.4319056e-28
5.4717876e-28
3.6478584e-28
-1.2159528e-28
1.2159528e-28
-6.079764e-28
2.4319056e-28
-3.63496e-43
6.079764e-29
1.2159528e-28
1.8239292e-28
-2.4319056e-28
-2.9965287e-52
-1.3488753e-40
0
-2.5658541e-43
2.4319056e-28
-9.119646e-28
-3.6478584e-28
8.6398642e-45
2.0250978e-40
-4.8638112e-28
-2.5919593e-44
1.8239292e-28
-2.4319056e-28
1.2159528e-28
-1.2159528e-28
0
0
3.4559457e-44
8.1003911e-40
6.079764e-29
1.3498924e-40
1.8239292e-28
0
0
2.4319056e-28
-3.039882e-28
-4.8638112e-28
-6.079764e-29
-6.079764e-29
2.7001304e-40
-1.2159528e-28
6.079764e-29
-3.6478584e-28
-6.079764e-29
3.4211388e-43
1.7105694e-43
1.2159528e-28
1.0124193e-39
-6.079764e-28
-1.3500652e-40
1.2159528e-28
-2.6958984e-40
1.2159528e-28
-1.8239292e-28
1.2159528e-28
-5.4000606e-40
1.8239292e-28
1.8239292e-28
-1.2829271e-43
3.039882e-28
-6.079764e-28
1.079983e-39
2.4319056e-28
-1.2159528e-28
-1.2159528e-28
5.399224e-40
1.2159528e-28
-3.6478584e-28
-2.4319056e-28
3.6478584e-28
6.079764e-29
6.079764e-29
6.079764e-29
-4.2764235e-44
-6.079764e-29
-2.7001304e-40
1.3488015e-40
1.2159528e-28
-2.4319056e-28
6.079764e-29
6.079764e-29
1.3495875e-40
-6.079764e-29
0
6.079764e-29
1.8239292e-28
2.4319056e-28
2.0248386e-40
-1.2159528e-28
-6.079764e-29
-1.2159528e-28
-2.4319056e-28
-2.4319056e-28
1.2159528e-28
4.8638112e-28
-3.039882e-28
-3.6478584e-28
0
2.4319056e-28
0
-2.4319056e-28
-5.1839185e-44
2.4319056e-28
0
-1.8239292e-28
-4.053176e-29
)
;

boundaryField
{
    leftSide
    {
        type            calculated;
        value           uniform 0;
    }
    rightSide
    {
        type            calculated;
        value           uniform -3.4274611e-29;
    }
    emptywalls
    {
        type            empty;
    }
}


// ************************************************************************* //
