-1.25 	300 	0.116569116872146 	101277.4471741852
-1.247497497497497 	299.9564171241454 	0.1167556854699213 	101277.2372495142
-1.244994994994995 	299.9593349494677 	0.1174706823173171 	101277.0415203703
-1.242492492492492 	299.9592684708988 	0.118074844833237 	101276.8537887777
-1.23998998998999 	299.9591157556969 	0.118413591530028 	101276.674944078
-1.237487487487487 	299.9589718398908 	0.118868353636024 	101276.5050637218
-1.234984984984985 	299.9588355979446 	0.119256729654266 	101276.3440716521
-1.232482482482482 	299.9587068583065 	0.1196292103564441 	101276.191946837
-1.22997997997998 	299.9585856509762 	0.1199769240557712 	101276.0487223411
-1.227477477477477 	299.9584720425615 	0.1203041413645876 	101275.9144785534
-1.224974974974975 	299.9583661137852 	0.1206129510868762 	101275.7893140377
-1.222472472472472 	299.9582679537392 	0.1208989717230083 	101275.6733246664
-1.21996996996997 	299.9581775729984 	0.1211598825918063 	101275.5665274274
-1.217467467467467 	299.9580949364787 	0.1213965664433543 	101275.468889424
-1.214964964964965 	299.9580200316786 	0.1216153284821757 	101275.3803890262
-1.212462462462462 	299.9579528285724 	0.121813324292662 	101275.3009858228
-1.20995995995996 	299.9578933086007 	0.1219867267737473 	101275.2306621033
-1.207457457457457 	299.9578414989348 	0.1221344879782276 	101275.16945143
-1.204954954954955 	299.9577974439767 	0.1222577925275549 	101275.1174034853
-1.202452452452452 	299.957761190115 	0.1223632519102712 	101275.074575035
-1.19994994994995 	299.9577327798071 	0.1224483774112205 	101275.0410180241
-1.197447447447447 	299.9577122061355 	0.1225095325441357 	101275.016724521
-1.194944944944945 	299.9576994454547 	0.1225451656890807 	101275.0016645663
-1.192442442442442 	299.9576944703992 	0.1225572046809821 	101274.9958023239
-1.18993993993994 	299.9576972565245 	0.1225508415146215 	101274.9991106036
-1.187437437437437 	299.9577078286246 	0.1225220146918475 	101275.0116196633
-1.184934934934935 	299.9577262149014 	0.1224688952282839 	101275.0333618507
-1.182432432432432 	299.9577524182168 	0.1223922614886002 	101275.0643417735
-1.17992992992993 	299.9577863986418 	0.1222924685456233 	101275.1045147306
-1.177427427427427 	299.9578281246709 	0.1221718040308818 	101275.1538451409
-1.174924924924925 	299.9578776046692 	0.1220292251481032 	101275.2123371341
-1.172422422422422 	299.9579348592117 	0.1218638945792505 	101275.280012604
-1.16991991991992 	299.9579998992336 	0.1216753604567133 	101275.3568888058
-1.167417417417417 	299.95807268097 	0.1214639040799578 	101275.4429182305
-1.164914914914915 	299.9581531858041 	0.121230537265767 	101275.5380797994
-1.162412412412412 	299.9582414251743 	0.1209749713715729 	101275.6423819636
-1.15990990990991 	299.9583373877944 	0.1206972784376057 	101275.7558056679
-1.157407407407407 	299.9584410340934 	0.1203970094575787 	101275.8783033896
-1.154904904904904 	299.9585522812112 	0.1200745482691592 	101276.0097816865
-1.152402402402403 	299.958671102684 	0.1197301244087298 	101276.1502153996
-1.1498998998999 	299.9587975380158 	0.1193636125633639 	101276.2996535042
-1.147397397397397 	299.9589316054352 	0.1189754046831044 	101276.4581156314
-1.144894894894895 	299.959073282918 	0.1185649136297037 	101276.6255704836
-1.142392392392392 	299.9592224973836 	0.1181327632561689 	101276.801926531
-1.13988988988989 	299.9593792109089 	0.1176784171410755 	101276.9871382048
-1.137387387387387 	299.9595434523632 	0.1172020608176594 	101277.1812410136
-1.134884884884885 	299.9597151908586 	0.1167042912234904 	101277.384201739
-1.132382382382382 	299.9598943550662 	0.1161849431542181 	101277.5959386731
-1.12987987987988 	299.9600808712063 	0.1156457447142583 	101277.8163656656
-1.127377377377377 	299.9602746855379 	0.1150841069897462 	101278.0454204264
-1.124874874874875 	299.9604758303655 	0.1145003993700698 	101278.2831409968
-1.122372372372372 	299.9606843013826 	0.1138974449998111 	101278.5295226735
-1.11986986986987 	299.9608999915108 	0.1132729894239818 	101278.7844382866
-1.117367367367367 	299.9611228519263 	0.1126276738618291 	101279.0478285563
-1.114864864864865 	299.9613528749306 	0.1119593255784295 	101279.3196847827
-1.112362362362362 	299.9615900300882 	0.111270258197252 	101279.5999706104
-1.10985985985986 	299.9618343223388 	0.1105648527502508 	101279.8886928647
-1.107357357357357 	299.9620856830844 	0.1098381011266188 	101280.1857696328
-1.104854854854855 	299.9623439684206 	0.1090903742528921 	101280.4910295781
-1.102352352352353 	299.9626091656389 	0.1083204504808338 	101280.804458819
-1.09984984984985 	299.962881287567 	0.1075301767469185 	101281.1260720745
-1.097347347347347 	299.9631602147396 	0.1067241400651707 	101281.4557291073
-1.094844844844845 	299.9634459030503 	0.1058975666477559 	101281.7933776779
-1.092342342342342 	299.9637383335423 	0.1050502920192171 	101282.1389944202
-1.08983983983984 	299.9640373504376 	0.1041823424867756 	101282.4923959005
-1.087337337337337 	299.9643429504445 	0.103294795555403 	101282.8535784592
-1.084834834834835 	299.9646552889076 	0.1023912166151397 	101283.2227261614
-1.082332332332332 	299.9649742295536 	0.1014692648659223 	101283.5996770281
-1.07982982982983 	299.9652995027314 	0.1005277499404092 	101283.9841124704
-1.077327327327327 	299.965631148389 	0.09956636666103225 	101284.3760805351
-1.074824824824825 	299.9659691925625 	0.0985845172601667 	101284.7756113634
-1.072322322322323 	299.9663134200039 	0.09758638756405197 	101285.1824511638
-1.06981981981982 	299.9666638321038 	0.09657331751453058 	101285.5966015886
-1.067317317317317 	299.9670205058521 	0.09554138302403888 	101286.0181532035
-1.064814814814815 	299.9673831134679 	0.09449045159074816 	101286.44671882
-1.062312312312312 	299.9677514915924 	0.09342104998302302 	101286.8821057278
-1.05980980980981 	299.9681260342639 	0.09233532667751018 	101287.3247798995
-1.057307307307307 	299.9685067224925 	0.09123504425929353 	101287.7747184487
-1.054804804804805 	299.9688929574332 	0.09011732860509644 	101288.2312135978
-1.052302302302302 	299.9692847527147 	0.08898157877663922 	101288.6942818081
-1.0497997997998 	299.9696825431984 	0.08782807965248604 	101289.1644373393
-1.047297297297297 	299.9700860335778 	0.08665837655189525 	101289.6413307094
-1.044794794794795 	299.9704946228978 	0.08547516800143044 	101290.1242512029
-1.042292292292292 	299.9709083879366 	0.08427696577749086 	101290.6132911005
-1.03978978978979 	299.9713277813426 	0.0830618580382442 	101291.1089853389
-1.037287287287287 	299.9717527234849 	0.08183105383329511 	101291.6112384299
-1.034784784784785 	299.9721825812243 	0.0805858844247197 	101292.1193025363
-1.032282282282283 	299.9726172838097 	0.07932677216848973 	101292.6330949926
-1.02977977977978 	299.9730574274762 	0.07805234478731521 	101293.1533212347
-1.027277277277277 	299.9735029544612 	0.07676168288739166 	101293.6799115014
-1.024774774774775 	299.9739531040153 	0.07545712162975141 	101294.2119653765
-1.022272272272272 	299.9744075720306 	0.07413908790965316 	101294.7491256801
-1.01976976976977 	299.9748666411352 	0.07280803243182619 	101295.2917277359
-1.017267267267267 	299.9753306211968 	0.07146406952553772 	101295.8401363943
-1.014764764764765 	299.9757993398232 	0.07010643256962781 	101296.3941452698
-1.012262262262262 	299.9762724371888 	0.06873718080407053 	101296.9533301893
-1.00975975975976 	299.9767496335649 	0.06735430451451919 	101297.517365215
-1.007257257257257 	299.9772309315026 	0.06595956097229255 	101298.0862524705
-1.004754754754755 	299.9777165049406 	0.06455379226984703 	101298.6601938381
-1.002252252252252 	299.9782066475012 	0.06313349322402657 	101299.2395336869
-0.9997497497497498 	299.9787012349162 	0.06170127670242862 	101299.8241282352
-0.9972472472472473 	299.979199500031 	0.06025559368715497 	101300.4130776039
-0.9947447447447449 	299.9797005575687 	0.05880144483462665 	101301.0053341478
-0.9922422422422421 	299.9802045859298 	0.05734253346487518 	101301.6011015856
-0.9897397397397399 	299.9807127964977 	0.05587082651129211 	101302.2018065985
-0.9872372372372376 	299.9812262503012 	0.05438483720602742 	101302.8087076413
-0.9847347347347346 	299.9817442525757 	0.05288410834857647 	101303.4209949057
-0.9822322322322323 	299.9822646747343 	0.0513762854744752 	101304.0361553345
-0.9797297297297296 	299.9827859562545 	0.04986815584453253 	101304.6523358423
-0.9772272272272275 	299.9833088892205 	0.04835258711713339 	101305.2704600933
-0.9747247247247248 	299.9838359708168 	0.04682417326391394 	101305.8934781053
-0.9722222222222224 	299.9843689180952 	0.04527901331100342 	101306.5234316863
-0.9697197197197196 	299.9849069201334 	0.0437203260357327 	101307.159375097
-0.9672172172172175 	299.985447132335 	0.04215698042493819 	101307.7979484748
-0.9647147147147147 	299.9859870254353 	0.04059377803564254 	101308.4361505422
-0.9622122122122124 	299.9865264699148 	0.03903099797793113 	101309.0738128123
-0.9597097097097099 	299.9870675587419 	0.03746253797801902 	101309.7134033797
-0.9572072072072073 	299.987612950746 	0.03588143601845373 	101310.3580733564
-0.9547047047047047 	299.9881640368253 	0.03428515947424077 	101311.0094836763
-0.9522022022022023 	299.9887199296733 	0.03267585842588895 	101311.6665988023
-0.9496996996996998 	299.9892781902338 	0.03105958150678673 	101312.3265344748
-0.9471971971971973 	299.9898364245483 	0.0294425807186826 	101312.9864467603
-0.9446946946946947 	299.9903933946572 	0.02782775779673749 	101313.6448544415
-0.9421921921921923 	299.9909494052228 	0.02621580386856679 	101314.3021067961
-0.93968968968969 	299.9915061200471 	0.02460351155219098 	101314.9601748821
-0.9371871871871872 	299.9920654771251 	0.02298364832772686 	101315.6213651901
-0.9346846846846848 	299.992628594588 	0.02135252832209546 	101316.2870152664
-0.9321821821821823 	299.9931953436216 	0.01970923700141331 	101316.9569828256
-0.9296796796796799 	299.9937648387221 	0.01805838483608997 	101317.630222351
-0.9271771771771771 	299.9943359994793 	0.01640555343653653 	101318.3054490172
-0.9246746746746748 	299.9949079303788 	0.01475021789407729 	101318.9815918049
-0.9221721721721724 	299.9954798139881 	0.01309374045755575 	101319.6576704158
-0.9196696696696698 	299.9960511934781 	0.01143732308418352 	101320.3331339151
-0.9171671671671672 	299.9966220338451 	0.009782313177522308 	101321.007937996
-0.9146646646646649 	299.9971926961579 	0.008130130056016536 	101321.6825135436
-0.9121621621621623 	299.9977635780402 	0.006477509130208489 	101322.3573382397
-0.9096596596596597 	299.9983350200295 	0.004822426422510073 	101323.0328219173
-0.9071571571571573 	299.9989069988877 	0.00316532273686242 	101323.7089433664
-0.9046546546546547 	299.9994795386662 	0.001505698790864438 	101324.3857347664
-0.9021521521521524 	300.000052605171 	0.0008077279622930821 	101325.0631579445
-0.8996496496496498 	300.000625933536 	0.0018136984291728 	101325.7409017651
-0.8971471471471473 	300.00119922675 	0.003473998686692887 	101326.4186148456
-0.894644644644645 	300.0017722754695 	0.005133977067142099 	101327.0960497419
-0.892142142142142 	300.0023449950368 	0.006795237244291033 	101327.7731069773
-0.8896396396396397 	300.0029173494304 	0.008454160538316912 	101328.449739611
-0.8871371371371374 	300.0034892267367 	0.01010828906058279 	101329.1258145324
-0.8846346346346349 	300.0040604491355 	0.01176219419794214 	101329.8011197467
-0.8821321321321324 	300.0046308735853 	0.01341449556623337 	101330.4754851731
-0.8796296296296297 	300.0052004255634 	0.01506679779031641 	101331.1488254153
-0.8771271271271271 	300.0057690399894 	0.01671511364469471 	101331.821063723
-0.8746246246246248 	300.0063366090274 	0.01835652563525252 	101332.4920709613
-0.8721221221221224 	300.0069029991728 	0.01999638945538983 	101333.1616875649
-0.8696196196196196 	300.007468097303 	0.02163334855574937 	101333.8297769082
-0.8671171171171175 	300.0080318211434 	0.02326827771884993 	101334.4962424225
-0.8646146146146148 	300.008594090591 	0.0248979989476226 	101335.1609907605
-0.8621121121121121 	300.0091547885157 	0.02652014645940926 	101335.8238856982
-0.8596096096096097 	300.0097137697717 	0.0281387083560371 	101336.484756428
-0.857107107107107 	300.0102709098849 	0.02975265063392946 	101337.1434561267
-0.8546046046046049 	300.0108261364713 	0.03136181316342184 	101337.7998976806
-0.8521021021021022 	300.0113793942617 	0.03296483623668349 	101338.4540123285
-0.8495995995995997 	300.0119305875278 	0.03456070996655918 	101339.1056859499
-0.8470970970970974 	300.0124795957887 	0.03615078371386385 	101339.7547758775
-0.8445945945945946 	300.0130263182223 	0.03773452523675061 	101340.4011647181
-0.8420920920920922 	300.0135706598409 	0.03931193536086856 	101341.0447431233
-0.8395895895895897 	300.0141124990094 	0.04088195853000542 	101341.6853685519
-0.8370870870870872 	300.0146516993615 	0.04244367601525159 	101342.3228794275
-0.8345845845845846 	300.0151881411616 	0.04399736106185742 	101342.9571333737
-0.8320820820820823 	300.0157217487766 	0.04554285117063902 	101343.5880399398
-0.8295795795795798 	300.0162524830051 	0.04708038098467567 	101344.2155504949
-0.8270770770770772 	300.0167802775463 	0.04860950540804853 	101344.839584891
-0.8245745745745746 	300.0173050227274 	0.05012951553577405 	101345.4600135652
-0.8220720720720721 	300.0178266207543 	0.05164006339669459 	101346.0767216881
-0.8195695695695699 	300.0183449785379 	0.05314129487515729 	101346.689601239
-0.817067067067067 	300.0188599648625 	0.05463331506056775 	101347.2984976265
-0.8145645645645651 	300.0193714329554 	0.0561158899632177 	101347.9032375046
-0.8120620620620621 	300.0198792616059 	0.057587556176826 	101348.5036781908
-0.8095595595595597 	300.0203833724025 	0.05904701726669267 	101349.0997274166
-0.8070570570570572 	300.0208837250374 	0.06049546919727422 	101349.6913374858
-0.8045545545545546 	300.0213802670571 	0.06193339735423281 	101350.2784455321
-0.8020520520520523 	300.0218729118127 	0.0633619351166534 	101350.8609482274
-0.7995495495495494 	300.022361580746 	0.06477853212540788 	101351.4387508489
-0.7970470470470474 	300.0228461962618 	0.06618047543160811 	101352.011759317
-0.7945445445445446 	300.0233266396169 	0.0675710458268302 	101352.5798353215
-0.7920420420420423 	300.0238027700731 	0.06895069692005566 	101353.1428139073
-0.7895395395395397 	300.024274458656 	0.07031876590979041 	101353.700542832
-0.7870370370370371 	300.0247416155825 	0.07167377979843738 	101354.2529158851
-0.7845345345345348 	300.0252041904857 	0.07301283665299513 	101354.7998728698
-0.7820320320320323 	300.0256621271338 	0.07433759681056373 	101355.3413476836
-0.7795295295295296 	300.0261153573269 	0.07564977141533438 	101355.8772594922
-0.7770270270270272 	300.0265638255596 	0.07694823949675417 	101356.4075424491
-0.7745245245245247 	300.0270074751901 	0.0782348254691439 	101356.9321296748
-0.7720220220220222 	300.0274462200039 	0.07950604244500548 	101357.4509184459
-0.7695195195195199 	300.0278799305096 	0.0807605498839129 	101357.9637562651
-0.767017017017017 	300.0283084624983 	0.08200225563255872 	101358.470472698
-0.7645145145145147 	300.0287317170021 	0.08322914890321527 	101358.9709501869
-0.7620120120120122 	300.0291496487872 	0.08444301866568753 	101359.4651362893
-0.7595095095095097 	300.0295622202348 	0.08563911995869639 	101359.9529846337
-0.7570070070070072 	300.0299693706448 	0.08681531892506716 	101360.434424389
-0.7545045045045048 	300.0303710385725 	0.08797736003210629 	101360.909383116
-0.7520020020020022 	300.0307671720741 	0.08912380686774601 	101361.3777985261
-0.7494994994994997 	300.0311576994218 	0.09025627643527222 	101361.8395862173
-0.7469969969969972 	300.0315425071923 	0.09137150458667327 	101362.2946113422
-0.7444944944944945 	300.0319214640259 	0.09246786600141182 	101362.7427197423
-0.7419919919919924 	300.0322944896204 	0.09354915359553108 	101363.183816163
-0.7394894894894897 	300.0326615701574 	0.09461357196571843 	101363.6178836105
-0.7369869869869872 	300.0330226890406 	0.0956609188586407 	101364.0449022164
-0.7344844844844846 	300.0333777765307 	0.09668956999340515 	101364.4647890315
-0.7319819819819822 	300.0337267338707 	0.09769903828083527 	101364.8774282244
-0.7294794794794797 	300.0340694847949 	0.09869094111634226 	101365.2827298184
-0.7269769769769773 	300.0344059821613 	0.09966492016057778 	101365.6806376774
-0.7244744744744747 	300.0347361584352 	0.1006215047325714 	101366.0710722148
-0.721971971971972 	300.0350599107423 	0.1015598142946395 	101366.4539105965
-0.7194694694694695 	300.0353771784343 	0.1024793022731392 	101366.8290810553
-0.7169669669669674 	300.0356879910736 	0.1033800774041223 	101367.1966184874
-0.7144644644644647 	300.0359923622935 	0.1042615449029633 	101367.5565393827
-0.711961961961962 	300.0362901776273 	0.105124031467049 	101367.9087098023
-0.7094594594594597 	300.036581248442 	0.1059671021804127 	101368.252906737
-0.7069569569569573 	300.0368654722388 	0.1067905237038453 	101368.5890075783
-0.7044544544544545 	300.0371429005187 	0.1075940951267369 	101368.9170711758
-0.7019519519519523 	300.0374135988114 	0.1083776881519543 	101369.2371752804
-0.6994494494494495 	300.0376774843598 	0.1091418269798071 	101369.5492234985
-0.6969469469469471 	300.0379343897794 	0.1098863936745248 	101369.8530190862
-0.6944444444444446 	300.0381842535556 	0.1106108896209041 	101370.1484901508
-0.6919419419419421 	300.0384271415291 	0.1113143946793698 	101370.4357124918
-0.6894394394394396 	300.0386630808486 	0.1119971106754175 	101370.7147178038
-0.6869369369369374 	300.038891942515 	0.1126596649811969 	101370.9853529337
-0.6844344344344344 	300.0391135496554 	0.1133023908111397 	101371.2474080762
-0.6819319319319321 	300.0393278797218 	0.1139242335165666 	101371.500856797
-0.6794294294294296 	300.0395350433371 	0.1145235822809488 	101371.7458308359
-0.6769269269269272 	300.0397350496295 	0.1151017719191593 	101371.9823431745
-0.6744244244244245 	300.0399277527693 	0.1156596161686868 	101372.21022186
-0.6719219219219222 	300.0401130274076 	0.1161983045187658 	101372.4293180278
-0.6694194194194195 	300.040290888005 	0.1167152701685375 	101372.639644584
-0.6669169169169172 	300.0404614008523 	0.1172074474669458 	101372.8412785359
-0.6644144144144146 	300.0406245385278 	0.1176783528018035 	101373.0341905509
-0.661911911911912 	300.0407801872477 	0.1181290089867685 	101373.2182452623
-0.6594094094094097 	300.0409282866549 	0.1185586952611644 	101373.3933727522
-0.656906906906907 	300.0410688516729 	0.1189678274495295 	101373.5595930563
-0.6544044044044046 	300.0412018919209 	0.1193527739650145 	101373.7169149794
-0.6519019019019021 	300.0413273920387 	0.119714194760265 	101373.8653220009
-0.6493993993993996 	300.0414452955378 	0.1200552706805921 	101374.0047471287
-0.6468968968968971 	300.0415555123276 	0.1203744951206993 	101374.1350810635
-0.6443943943943946 	300.041658063306 	0.120674545428443 	101374.2563493713
-0.6418918918918921 	300.0417530324498 	0.1209501515798927 	101374.3686486627
-0.6393893893893897 	300.0418403645046 	0.12120005854341 	101374.4719135732
-0.6368868868868871 	300.041919967888 	0.1214301892681079 	101374.5660370506
-0.6343843843843846 	300.0419918500465 	0.1216383740207501 	101374.6510280482
-0.6318818818818821 	300.04205601159 	0.1218267864868393 	101374.7268888496
-0.6293793793793795 	300.0421124442273 	0.1219907274018051 	101374.7936094114
-0.6268768768768773 	300.0421611270711 	0.1221289738156453 	101374.8511690705
-0.6243743743743745 	300.0422019317133 	0.1222469190707679 	101374.8994839358
-0.6218718718718721 	300.0422349928789 	0.1223428486525068 	101374.9385734534
-0.6193693693693696 	300.0422603963911 	0.1224171759292208 	101374.9685561606
-0.6168668668668671 	300.0422780613052 	0.1224682361363916 	101374.989424473
-0.6143643643643645 	300.0422879508021 	0.1224959633050923 	101375.0011129484
-0.6118618618618621 	300.0422900641963 	0.1225020390443469 	101375.0036038193
-0.6093593593593596 	300.0422843894611 	0.1224856913544512 	101374.9968824157
-0.6068568568568571 	300.0422709319207 	0.1224472387013293 	101374.9809555384
-0.6043543543543546 	300.0422496556415 	0.122385539833383 	101374.95577896
-0.6018518518518521 	300.0422205025556 	0.1223006715143718 	101374.9212851803
-0.5993493493493496 	300.0421835374865 	0.1221934645884876 	101374.8775536231
-0.5968468468468471 	300.0421388684331 	0.1220637880231073 	101374.8247139847
-0.5943443443443446 	300.0420865336191 	0.1219122892571916 	101374.7628110381
-0.591841841841842 	300.0420265070014 	0.1217383413366702 	101374.6918141298
-0.5893393393393397 	300.0419587438568 	0.1215419636093056 	101374.6116705045
-0.5868368368368371 	300.0418832583482 	0.1213232944784099 	101374.5223954329
-0.5843343343343346 	300.0418000887811 	0.1210822389645689 	101374.4240333403
-0.5818318318318321 	300.0417092043506 	0.1208191843697258 	101374.3165466443
-0.5793293293293297 	300.041610523256 	0.1205335551804583 	101374.1998376902
-0.5768268268268271 	300.0415040567138 	0.1202252837349998 	101374.0739203876
-0.5743243243243245 	300.0413899425618 	0.1198942900984507 	101373.9389583062
-0.5718218218218221 	300.0412683111808 	0.1195412475887324 	101373.7951056041
-0.5693193193193196 	300.0411392118173 	0.1191670205606393 	101373.6424207133
-0.5668168168168171 	300.0410025758715 	0.1187713703325987 	101373.4808233574
-0.5643143143143147 	300.0408583269993 	0.1183540047633046 	101373.3102232417
-0.5618118118118121 	300.0407065154063 	0.1179141141563413 	101373.1306793449
-0.5593093093093094 	300.0405472345921 	0.1174525093825958 	101372.9423048055
-0.5568068068068072 	300.0403805065096 	0.1169699768175373 	101372.7451243318
-0.5543043043043046 	300.0402062748906 	0.1164663823611479 	101372.5390706586
-0.551801801801802 	300.0400245030231 	0.1159406606862567 	101372.3241004955
-0.5492992992992995 	300.0398352593055 	0.1153913252547004 	101372.1002939566
-0.5467967967967969 	300.0396387732566 	0.1148206729072171 	101371.8679234562
-0.5442942942942947 	300.0394351985771 	0.1142303221878486 	101371.6271707087
-0.5417917917917919 	300.0392244880803 	0.1136213681366922 	101371.3779801719
-0.5392892892892895 	300.039006457438 	0.1129915120114338 	101371.1201333475
-0.536786786786787 	300.038781001451 	0.1123369789570554 	101370.8535048788
-0.5342842842842846 	300.0385482112678 	0.1116617497924822 	101370.5782045415
-0.531781781781782 	300.0383084154761 	0.1109680623530637 	101370.2946202787
-0.5292792792792794 	300.0380618327936 	0.1102545394377107 	101370.0030104647
-0.526776776776777 	300.0378083557477 	0.1095231951572277 	101369.7032487305
-0.5242742742742745 	300.0375476986844 	0.1087674999104518 	101369.3949955994
-0.521771771771772 	300.0372797850428 	0.1079875962616605 	101369.0781623902
-0.5192692692692695 	300.0370049326914 	0.1071906770527429 	101368.753125593
-0.516766766766767 	300.0367236394938 	0.1063754100718847 	101368.4204724548
-0.5142642642642645 	300.0364360082037 	0.1055449587245525 	101368.0803259454
-0.511761761761762 	300.0361416158804 	0.1046928066390466 	101367.7321835715
-0.5092592592592596 	300.0358400436377 	0.1038172218741126 	101367.3755517931
-0.506756756756757 	300.0355313687255 	0.1029239315861808 	101367.0105222554
-0.5042542542542544 	300.0352161719574 	0.1020114241575382 	101366.6377810336
-0.5017517517517521 	300.0348950411255 	0.1010817713257621 	101366.2580242145
-0.4992492492492494 	300.0345680091084 	0.100133269922093 	101365.8712897419
-0.496746746746747 	300.0342345813257 	0.0991655784495335 	101365.4769936644
-0.4942442442442445 	300.0338943456989 	0.09817970396525881 	101365.0746482992
-0.4917417417417421 	300.0335473161956 	0.09717441612757226 	101364.6642696057
-0.4892392392392395 	300.0331938833045 	0.09615152932612113 	101364.2463205499
-0.486736736736737 	300.0328346218191 	0.09511151544981993 	101363.8214805906
-0.4842342342342345 	300.0324698701876 	0.09405550153479736 	101363.3901507265
-0.481731731731732 	300.0320996102199 	0.09298353464285471 	101362.9523078274
-0.4792292292292296 	300.0317234972694 	0.09189325998462325 	101362.5075442813
-0.4767267267267268 	300.0313408798395 	0.09078406987394569 	101362.0550906132
-0.4742242242242246 	300.0309514584265 	0.08965582407266053 	101361.5945927342
-0.471721721721722 	300.0305559230273 	0.08851068254449268 	101361.1268686401
-0.4692192192192195 	300.0301554158958 	0.08735103935252797 	101360.6532676572
-0.4667167167167169 	300.0297505382987 	0.08617775191865404 	101360.1744996376
-0.4642142142142145 	300.0293409555672 	0.08499055882417887 	101359.690168017
-0.461711711711712 	300.0289256056526 	0.08378719914301697 	101359.1990180733
-0.4592092092092094 	300.0285037580118 	0.08256618442306431 	101358.7001876329
-0.456706706706707 	300.0280757795436 	0.08132676053368681 	101358.1941105538
-0.4542042042042045 	300.0276424163748 	0.08007088028092241 	101357.6816688751
-0.451701701701702 	300.027204332391 	0.07880200155924796 	101357.163645664
-0.4491991991991995 	300.0267621651014 	0.07752112436200219 	101356.6407952162
-0.4466966966966969 	300.0263158512516 	0.07622827061676041 	101356.1130445005
-0.4441941941941945 	300.0258647772728 	0.07492150840417905 	101355.5796682948
-0.441691691691692 	300.0254085434331 	0.07359908532055803 	101355.0401935633
-0.4391891891891895 	300.0249466696358 	0.07226085781699496 	101354.4940507643
-0.436686686686687 	300.0244791060113 	0.07090738350418338 	101353.9411803783
-0.4341841841841846 	300.0240067758118 	0.0695403605850302 	101353.3826760889
-0.431681681681682 	300.0235307118297 	0.06816107826058086 	101352.8197613509
-0.4291791791791794 	300.0230514328974 	0.06677188700183138 	101352.2530505497
-0.426676676676677 	300.0225688572849 	0.0653733400688512 	101351.6824442671
-0.4241741741741744 	300.0220821521696 	0.06396421269026918 	101351.106954895
-0.421671671671672 	300.0215908739864 	0.06254222711245601 	101350.5260571762
-0.4191691691691694 	300.0210947433594 	0.06110398828567459 	101349.9394231561
-0.4166666666666669 	300.0205938268059 	0.05965163524823734 	101349.3471359844
-0.4141641641641645 	300.0200884455753 	0.05818802417551532 	101348.7495770449
-0.411661661661662 	300.0195794219381 	0.05671536944489955 	101348.147715181
-0.4091591591591594 	300.0190673621406 	0.05523503850086258 	101347.5422643596
-0.406656656656657 	300.0185527888049 	0.0537427351706371 	101346.9338390297
-0.4041541541541545 	300.0180356987121 	0.05224178053771966 	101346.3224383793
-0.401651651651652 	300.017515659796 	0.05073504529766255 	101345.7075565094
-0.3991491491491494 	300.0169920228483 	0.04921852175483792 	101345.0884275984
-0.396646646646647 	300.0164647302727 	0.04769401375689297 	101344.4649837919
-0.3941441441441444 	300.0159336447587 	0.04615529942268018 	101343.8370555014
-0.3916416416416419 	300.0153990139488 	0.04460347003103245 	101343.2049333417
-0.3891391391391395 	300.0148610317171 	0.04304513513168724 	101342.568846205
-0.3866366366366368 	300.0143201119428 	0.04147846846922922 	101341.9292888888
-0.3841341341341344 	300.0137767182363 	0.03990619587659112 	101341.2868159329
-0.381631631631632 	300.0132312976726 	0.03832583928301755 	101340.6419566746
-0.3791291291291294 	300.0126839288081 	0.03673862523439127 	101339.9947998311
-0.3766266266266269 	300.0121345742544 	0.03514747068946995 	101339.3452940861
-0.3741241241241244 	300.0115832853831 	0.03355056260968686 	101338.6934959874
-0.371621621621622 	300.0110301797724 	0.03194887704346082 	101338.0395472843
-0.3691191191191194 	300.0104751172154 	0.0303407610706871 	101337.3832881538
-0.366616616616617 	300.0099182442195 	0.0287267771563322 	101336.7248998187
-0.3641141141141143 	300.0093595207378 	0.02710817325758436 	101336.0643363647
-0.3616116116116119 	300.0087988372207 	0.02548384860960322 	101335.4014627145
-0.3591091091091095 	300.0082361244606 	0.02385404465104113 	101334.736189213
-0.356606606606607 	300.0076714847037 	0.02221821959147629 	101334.0686300628
-0.3541041041041044 	300.0071049069766 	0.02057684668304962 	101333.3987730477
-0.3516016016016019 	300.0065363456681 	0.01892972026670775 	101332.7265714652
-0.3490990990990994 	300.0059657226762 	0.01727669532509716 	101332.05194334
-0.346596596596597 	300.0053933929658 	0.01561925411929098 	101331.3753138769
-0.3440940940940944 	300.0048198511196 	0.01395772393423391 	101330.6972647136
-0.3415915915915919 	300.0042453433836 	0.01229347107935891 	101330.0180784798
-0.3390890890890895 	300.0036701921883 	0.01062721465386001 	101329.3381255182
-0.3365865865865869 	300.0030948144466 	0.00895982699071494 	101328.6578941354
-0.3340840840840844 	300.002519465164 	0.007293204420088984 	101327.9776896002
-0.3315815815815819 	300.0019443946029 	0.005627734129980748 	101327.2978164099
-0.3290790790790794 	300.0013700094628 	0.003964008113710627 	101326.6187668627
-0.3265765765765769 	300.0007962476065 	0.002301921049472209 	101325.9404730285
-0.3240740740740744 	300.0002232395031 	0.0006415228401327126 	101325.26308638
-0.3215715715715718 	299.999650526546 	0.001127320043078455 	101324.5860553943
-0.3190690690690695 	299.9990775829902 	0.002677528194112963 	101323.9087467515
-0.3165665665665668 	299.9985044068124 	0.004337854910279423 	101323.231150189
-0.3140640640640644 	299.9979311662395 	0.005998936783737399 	101322.5534644728
-0.311561561561562 	299.9973580176562 	0.007660418342932528 	101321.8758831936
-0.3090590590590593 	299.9967850680986 	0.009320355860144531 	101321.1985440052
-0.3065565565565568 	299.9962124325347 	0.01097914133291139 	101320.521593355
-0.3040540540540545 	299.995640261724 	0.01263539741758891 	101319.8452141666
-0.3015515515515518 	299.9950687114983 	0.01429040714572342 	101319.1695861124
-0.2990490490490494 	299.9944979357236 	0.01594407473199039 	101318.4948822978
-0.2965465465465469 	299.9939280966915 	0.01759425546418632 	101317.8212819047
-0.2940440440440444 	299.9933593670748 	0.01924176677210001 	101317.1489802911
-0.2915415415415418 	299.9927919222 	0.02088443632733913 	101316.4781822952
-0.2890390390390395 	299.992225875485 	0.02252508883195067 	101315.8090248408
-0.2865365365365368 	299.9916612568728 	0.02416326954007957 	101315.1415534356
-0.2840340340340343 	299.9910980978707 	0.02579510134861898 	101314.4758159447
-0.2815315315315318 	299.9905364834024 	0.02742192569678 	101313.8119223032
-0.2790290290290295 	299.9899765394367 	0.02903984950384654 	101313.1500263382
-0.2765265265265269 	299.9894184008398 	0.03065578716284154 	101312.4902846401
-0.2740240240240244 	299.9888621910537 	0.03226971766302993 	101311.832838289
-0.2715215215215219 	299.9883080595518 	0.03387452648091958 	101311.1778531361
-0.2690190190190194 	299.9877561819455 	0.03547341465318342 	101310.5255270383
-0.2665165165165169 	299.9872066758026 	0.03706267611855827 	101309.8759920783
-0.2640140140140144 	299.9866595595346 	0.03864835607886968 	101309.2292665187
-0.2615115115115119 	299.9861148373683 	0.04022990639345253 	101308.5853571831
-0.2590090090090094 	299.9855726056509 	0.04180064175849767 	101307.9443809712
-0.2565065065065068 	299.9850330453875 	0.04336366900991717 	101307.3065572
-0.2540040040040044 	299.9844963026844 	0.04491741760982531 	101306.6720668425
-0.2515015015015019 	299.9839624166708 	0.04646403750854249 	101306.0409631458
-0.2489989989989994 	299.9834314145007 	0.04800298038141465 	101305.4132864989
-0.2464964964964968 	299.9829034480728 	0.04953198181461449 	101304.7892198576
-0.2439939939939944 	299.9823787320965 	0.05105231762030259 	101304.1690174503
-0.2414914914914919 	299.9818573679557 	0.05256262263302645 	101303.5527968029
-0.2389889889889893 	299.9813393132202 	0.05406385391205578 	101302.9405029501
-0.2364864864864869 	299.980824554482 	0.05555522899312126 	101302.3321176516
-0.2339839839839843 	299.980313268321 	0.05703562914188477 	101301.7278467553
-0.2314814814814819 	299.9798057201663 	0.05850593613647644 	101301.1280008973
-0.2289789789789792 	299.9793020202474 	0.05996494662541001 	101300.5327065583
-0.2264764764764769 	299.9788021129369 	0.06141320627128401 	101299.9418915688
-0.2239739739739743 	299.9783060166764 	0.06284994467480512 	101299.3555741897
-0.2214714714714718 	299.977813943889 	0.06427479341779943 	101298.7740040979
-0.2189689689689693 	299.9773261185497 	0.0656883776476421 	101298.1974483075
-0.2164664664664669 	299.9768425687611 	0.06708943690267574 	101297.625943268
-0.2139639639639643 	299.9763632045315 	0.06847833717792905 	101297.0593833382
-0.2114614614614618 	299.9758880800837 	0.06985430239409315 	101296.4978302639
-0.2089589589589593 	299.9754174359719 	0.07121743700767394 	101295.9415655209
-0.2064564564564568 	299.9749514540285 	0.07256798190895887 	101295.3908041566
-0.2039539539539543 	299.9744901390888 	0.07390443107775864 	101294.8455556497
-0.2014514514514518 	299.9740334917494 	0.07522719033044632 	101294.3058254206
-0.1989489489489494 	299.9735816459862 	0.07653552718917442 	101293.7717767896
-0.1964464464464468 	299.9731347767116 	0.0778300434849222 	101293.2436154755
-0.1939439439439443 	299.9726929391236 	0.0791108282621643 	101292.7214031493
-0.1914414414414418 	299.9722560912135 	0.08037635602985371 	101292.2050857334
-0.1889389389389393 	299.9718242632801 	0.08162728709527003 	101291.694696898
-0.1864364364364368 	299.971397605975 	0.08286263597307651 	101291.1904196534
-0.1839339339339343 	299.9709762711732 	0.08408335094466082 	101290.6924387369
-0.1814314314314318 	299.9705603469537 	0.08528913999439809 	101290.2008620378
-0.1789289289289293 	299.9701498991286 	0.08647803071696034 	101289.7157666362
-0.1764264264264268 	299.9697450098685 	0.08765084479936527 	101289.2372431808
-0.1739239239239243 	299.969345786676 	0.08880615679070575 	101288.7654142709
-0.1714214214214218 	299.9689522981279 	0.08994624641992749 	101288.3003566648
-0.1689189189189193 	299.9685645117003 	0.0910709545008925 	101287.8420358505
-0.1664164164164168 	299.9681824229065 	0.09217769843669649 	101287.3904507361
-0.1639139139139143 	299.9678061350609 	0.09326779902241902 	101286.94572956
-0.1614114114114118 	299.9674357646956 	0.09433782048399936 	101286.5080117933
-0.1589089089089093 	299.9670714357401 	0.09539337746969734 	101286.0774401225
-0.1564064064064068 	299.9667132822848 	0.09643393557806655 	101285.6541684122
-0.1539039039039043 	299.966361365581 	0.09745332865851707 	101285.2382623066
-0.1514014014014018 	299.966015736916 	0.09845457259341996 	101284.829780783
-0.1488988988988993 	299.965676482129 	0.09943378591330945 	101284.4288286755
-0.1463963963963968 	299.9653435747847 	0.1003984376558979 	101284.0353787653
-0.1438938938938943 	299.9650169582706 	0.1013481196112693 	101283.6493714304
-0.1413913913913918 	299.9646967081152 	0.1022756392557985 	101283.2708960389
-0.1388888888888893 	299.9643829156598 	0.1031847799249224 	101282.9000596849
-0.1363863863863868 	299.9640756745339 	0.1040731328536616 	101282.5369700521
-0.1338838838838843 	299.9637751285492 	0.1049440084700896 	101282.1817903914
-0.1313813813813818 	299.9634813469291 	0.1057967455339971 	101281.8345996895
-0.1288788788788793 	299.9631943919027 	0.1066278852241838 	101281.4954697845
-0.1263763763763768 	299.9629143646296 	0.1074393767458715 	101281.1645219447
-0.1238738738738743 	299.9626412487272 	0.1082298518286142 	101280.8417420355
-0.1213713713713717 	299.9623749863856 	0.1090012181433588 	101280.5270655057
-0.1188688688688693 	299.9621155975427 	0.1097532214199289 	101280.2205214125
-0.1163663663663668 	299.9618631159721 	0.1104843999980715 	101279.9221504895
-0.1138638638638643 	299.9616176269871 	0.1111957042630798 	101279.632050731
-0.1113613613613618 	299.9613792367161 	0.1118858781696529 	101279.3503436471
-0.1088588588588592 	299.9611479852031 	0.1125559429323978 	101279.077068891
-0.1063563563563568 	299.9609239482736 	0.113205312250944 	101278.8123114081
-0.1038538538538543 	299.9607072334059 	0.1138332253414964 	101278.556194966
-0.1013513513513517 	299.9604978648767 	0.1144402170444947 	101278.3087501044
-0.09884884884884926 	299.9602958241122 	0.1150252095707652 	101278.069961822
-0.09634634634634676 	299.9601010872946 	0.1155892871243513 	101277.8398090488
-0.09384384384384425 	299.9599136408258 	0.1161321021202941 	101277.6182844777
-0.09134134134134177 	299.9597335448185 	0.1166536073880663 	101277.4054630637
-0.08883883883883925 	299.9595608756413 	0.1171541756384473 	101277.201435156
-0.08633633633633674 	299.959395664428 	0.1176325673570773 	101277.0062312745
-0.08383383383383426 	299.9592379573357 	0.1180895715682441 	101276.8198948894
-0.08133133133133173 	299.9590878214435 	0.118524613267379 	101276.6424954721
-0.07882882882882926 	299.9589452829606 	0.1189379284012345 	101276.4740553329
-0.07632632632632676 	299.9588103453594 	0.1193295662509613 	101276.314575588
-0.07382382382382424 	299.9586830126943 	0.1196981691398434 	101276.1640652408
-0.07132132132132173 	299.9585632961242 	0.1200446172215501 	101276.022545995
-0.06881881881881925 	299.9584512331761 	0.1203684034171894 	101275.8900755918
-0.06631631631631671 	299.9583468333348 	0.1206706578887171 	101275.7666766523
-0.06381381381381425 	299.9582500522 	0.1209515255880406 	101275.6523054367
-0.06131131131131173 	299.9581609283799 	0.1212094824040506 	101275.5470102162
-0.05880880880880923 	299.9580796016214 	0.1214454248657779 	101275.4509524662
-0.05630630630630672 	299.9580061466369 	0.1216581337555747 	101275.3642113842
-0.05380380380380424 	299.9579404952483 	0.1218491392038947 	101275.2866938154
-0.05130130130130173 	299.9578824682332 	0.1220182876560688 	101275.2181761566
-0.04879879879879922 	299.9578319781623 	0.1221636047130775 	101275.1585441097
-0.04629629629629672 	299.9577891861147 	0.1222865465768082 	101275.1079816317
-0.04379379379379422 	299.957754348623 	0.1223852461418614 	101275.0667919159
-0.04129129129129173 	299.9577275045469 	0.1224630227280534 	101275.035024535
-0.03878878878878922 	299.957708510692 	0.1225196393329745 	101275.012519436
-0.03628628628628671 	299.9576972438886 	0.1225520195049884 	101274.9991396025
-0.03378378378378422 	299.9576937278746 	0.122562739157529 	101274.9949258778
-0.03128128128128172 	299.9576980776099 	0.1225475581928674 	101275.0000190203
-0.02877877877877922 	299.9577102728286 	0.1225135839094306 	101275.0144017729
-0.0262762762762767 	299.9577301540234 	0.1224595018949376 	101275.0378884383
-0.02377377377377422 	299.957757721087 	0.1223780885940464 	101275.0704747906
-0.0212712712712717 	299.9577931018472 	0.1222749303403901 	101275.1123104039
-0.01876876876876921 	299.9578362915947 	0.1221468915212591 	101275.1633832409
-0.01626626626626671 	299.9578871610508 	0.1220001179104996 	101275.2235366449
-0.0137637637637642 	299.9579456995913 	0.1218331325621564 	101275.2927536631
-0.0112612612612617 	299.9580121105678 	0.1216396201444995 	101275.3712680772
-0.008758758758759198 	299.9580866053454 	0.1214241609013287 	101275.4593281872
-0.006256256256256697 	299.9581689463479 	0.1211856048175931 	101275.5566514782
-0.003753753753754195 	299.9582585982926 	0.1209264844993114 	101275.6626077964
-0.001251251251251693 	299.9583555551678 	0.1206462243654526 	101275.7770579325
0.00125125125125081 	299.9584600229805 	0.1203425965761289 	101275.9005137802
0.003753753753753312 	299.958572437589 	0.1200167851897959 	101276.0334646201
0.006256256256255817 	299.9586930804638 	0.1196672039996855 	101276.1760169738
0.008758758758758317 	299.9588214780542 	0.1192955551576163 	101276.3277326544
0.01126126126126082 	299.9589571755803 	0.1189023826694979 	101276.4880752484
0.01376376376376332 	299.9591001035211 	0.1184880936738956 	101276.6569637755
0.01626626626626582 	299.9592503141926 	0.1180537868480054 	101276.8344607914
0.01876876876876833 	299.9594078115694 	0.1175971771726747 	101277.0205724884
0.02127127127127083 	299.9595729989999 	0.1171184538847342 	101277.2157749578
0.02377377377377332 	299.9597461512604 	0.1166170560533601 	101277.4203929045
0.02627627627627583 	299.9599269257113 	0.1160932153871736 	101277.6340216073
0.02877877877877833 	299.960114959272 	0.1155489261473635 	101277.8562310824
0.03128128128128083 	299.9603099342718 	0.1149840737471725 	101278.0866468973
0.03378378378378333 	299.96051165337 	0.1143991828980691 	101278.3250355153
0.03628628628628584 	299.9607206414465 	0.1137931891915587 	101278.5720166661
0.03878878878878834 	299.9609373987997 	0.1131655763533713 	101278.8281815864
0.04129129129129084 	299.9611617400043 	0.1125161974223822 	101279.093311196
0.04379379379379333 	299.9613934177771 	0.1118448973201067 	101279.3671121418
0.04629629629629585 	299.9616319818791 	0.1111540503799975 	101279.6490526997
0.04879879879879834 	299.9618768883862 	0.1104439956337286 	101279.9384895226
0.05130130130130085 	299.9621282821564 	0.1097155842341909 	101280.2355942349
0.05380380380380335 	299.9623865639799 	0.1089678624298094 	101280.5408411276
0.05630630630630584 	299.9626521183417 	0.1081978658484723 	101280.8546842424
0.05880880880880836 	299.9629254283845 	0.1074059634445865 	101281.1776941645
0.06131131131131085 	299.9632062980407 	0.1065921026627516 	101281.5096383654
0.06381381381381336 	299.9634939026581 	0.1057592201484524 	101281.8495427432
0.06631631631631586 	299.9637874927043 	0.104909561283917 	101282.1965215368
0.06881881881881835 	299.9640866340965 	0.1040426066377194 	101282.5500617575
0.07132132132132088 	299.964391561093 	0.1031587444237621 	101282.9104408309
0.07382382382382337 	299.9647031000032 	0.1022550473485925 	101283.2786358409
0.07632632632632587 	299.9650218777312 	0.1013317210399845 	101283.6553870625
0.07882882882882837 	299.9653481232373 	0.1003876077959576 	101284.0409655088
0.08133133133133086 	299.9656816122119 	0.09942134794217483 	101284.4351049467
0.08383383383383337 	299.9660216341941 	0.09843665940294721 	101284.8369659787
0.08633633633633589 	299.966367121611 	0.09743341103640116 	101285.2452872382
0.08883883883883838 	299.9667175723767 	0.09641849100513401 	101285.6594749871
0.09134134134134086 	299.9670729400503 	0.09539104787830152 	101286.0794762702
0.09384384384384339 	299.9674340134068 	0.09434418378339166 	101286.5062226888
0.09634634634634588 	299.9678017297669 	0.09327864948210809 	101286.9408214218
0.09884884884884838 	299.9681767054284 	0.09218908761112009 	101287.3840010918
0.1013513513513509 	299.9685586001173 	0.09108326833171496 	101287.8353594116
0.1038538538538534 	299.9689468366057 	0.0899624179448788 	101288.2942147211
0.1063563563563559 	299.9693403471925 	0.0888222348697274 	101288.7593034911
0.1088588588588584 	299.9697384122791 	0.08766922554340878 	101289.2297764599
0.1113613613613609 	299.9701406152233 	0.08650231137824393 	101289.7051417444
0.1138638638638634 	299.97054725051 	0.08532416412156077 	101290.1857475294
0.1163663663663659 	299.9709590009776 	0.08413202858950659 	101290.6724014097
0.1188688688688684 	299.9713770978741 	0.08292037579179838 	101291.1665579766
0.1213713713713709 	299.9718020295865 	0.0816897631140004 	101291.6687946859
0.1238738738738734 	299.9722335081999 	0.08043942627487519 	101292.1787708388
0.1263763763763759 	299.972670643425 	0.07917353232428449 	101292.6954333708
0.1288788788788784 	299.973112426422 	0.07789459094340058 	101293.2175909144
0.1313813813813809 	299.9735579674464 	0.07660381982097633 	101293.7441913179
0.1338838838838834 	299.9740068272405 	0.07530378169089376 	101294.2747163169
0.1363863863863859 	299.9744589880794 	0.07399310077659833 	101294.8091451361
0.1388888888888884 	299.9749150458847 	0.07267106680462289 	101295.3481825295
0.1413913913913909 	299.9753761608911 	0.07133487395378904 	101295.8932002776
0.1438938938938934 	299.9758432743454 	0.06998161125184559 	101296.445310287
0.1463963963963959 	299.9763166438287 	0.06861083166161608 	101297.0048167338
0.1488988988988985 	299.9767958715293 	0.06722279242743151 	101297.5712492365
0.1514014014014009 	299.9772798687767 	0.06582107923062572 	101298.1433202584
0.1539039039039035 	299.9777675672472 	0.06440844344614378 	101298.7197678673
0.1564064064064059 	299.9782582595014 	0.06298752438035418 	101299.2997559571
0.1589089089089084 	299.9787511755706 	0.0615601214684865 	101299.8823744798
0.1614114114114109 	299.9792459823117 	0.06012555043754256 	101300.4672306203
0.1639139139139134 	299.9797433014246 	0.05868375888569954 	101301.0550593085
0.166416416416416 	299.9802442461096 	0.05723178278839914 	101301.6471761262
0.1689189189189185 	299.9807499059679 	0.05576691328745658 	101302.2448694723
0.1714214214214209 	299.9812609227633 	0.0542876305230049 	101302.8488977307
0.1739239239239235 	299.9817770269929 	0.05279252786680984 	101303.4589418574
0.1764264264264259 	299.9822979415601 	0.05128343105303094 	101304.0746740696
0.1789289289289284 	299.9828233788249 	0.04976233358813398 	101304.6957538399
0.181431431431431 	299.9833520950012 	0.04823229312900133 	101305.3207119301
0.1839339339339334 	299.9838825594077 	0.0466957240975082 	101305.9477385364
0.186436436436436 	299.984414082114 	0.04515437765165045 	101306.5760182862
0.1889389389389385 	299.984946199579 	0.04361092957504914 	101307.2050035644
0.191441441441441 	299.9854794139947 	0.04206489902389391 	101307.8352884841
0.1939439439439434 	299.9860147425074 	0.04051607610790037 	101308.4680758873
0.196446446446446 	299.9865520473092 	0.03896066110586491 	101309.1032031157
0.1989489489489485 	299.9870916102769 	0.0373953216328675 	101309.7410022967
0.2014514514514509 	299.9876352884043 	0.03582101915189515 	101310.383669104
0.2039539539539535 	299.9881833703834 	0.03423387260083213 	101311.031545235
0.2064564564564559 	299.9887354268385 	0.0326346149778728 	101311.6841225492
0.2089589589589585 	299.9892915828015 	0.03102500849477327 	101312.3415478468
0.211461461461461 	299.9898503468524 	0.02940410605535831 	101313.002059456
0.2139639639639635 	299.990411389624 	0.02777676152034968 	101313.6652659442
0.2164664664664659 	299.9909750770421 	0.02614310809465538 	101314.3316017364
0.2189689689689684 	299.991539105266 	0.0245106344554778 	101314.9983431171
0.221471471471471 	299.9921025181997 	0.02288032986212587 	101315.6643602302
0.2239739739739735 	299.9926656284747 	0.02124958443480068 	101316.330021403
0.226476476476476 	299.9932276617714 	0.01962153290428284 	101316.9944137037
0.2289789789789785 	299.9937888524797 	0.01799255987319811 	101317.6578121082
0.231481481481481 	299.9943496744995 	0.01636887111788747 	101318.3207789354
0.2339839839839835 	299.9949101322021 	0.01474744720091602 	101318.9833181046
0.236486486486486 	299.9954705384504 	0.0131225045428333 	101319.6457996484
0.2389889889889885 	299.9960319638187 	0.01149669586344533 	101320.3094893771
0.241491491491491 	299.9965945352033 	0.00986545079135236 	101320.9745385923
0.2439939939939935 	299.9971595739731 	0.008228718174958133 	101321.6425067349
0.246496496496496 	299.9977265330754 	0.006587327864312889 	101322.3127484108
0.2489989989989985 	299.9982952387709 	0.004939472800091512 	101322.9850580248
0.251501501501501 	299.9988663474793 	0.003284921511351128 	101323.6602122897
0.2540040040040035 	299.9994406075556 	0.001621903725250483 	101324.3390952399
0.256506506506506 	300.0000167501577 	0.0002699720510755535 	101325.0202059641
0.2590090090090086 	300.0005937118474 	0.00171747839384883 	101325.702287407
0.261511511511511 	300.0011699544128 	0.003386716470267392 	101326.3835210025
0.2640140140140135 	300.0017453232765 	0.005053469916977591 	101327.063725356
0.2665165165165161 	300.0023197418849 	0.006717488264708032 	101327.742809464
0.2690190190190185 	300.0028931683007 	0.008378639937045127 	101328.4207235733
0.271521521521521 	300.0034655753064 	0.01003684055281644 	101329.097435887
0.2740240240240235 	300.0040369376958 	0.01169201120639868 	101329.7729164354
0.276526526526526 	300.0046072194096 	0.01334404667926234 	101330.447122647
0.2790290290290286 	300.0051763726213 	0.01499281161880064 	101331.11999799
0.281531531531531 	300.0057443464897 	0.01663815961941972 	101331.7914820728
0.2840340340340335 	300.0063110907834 	0.0182799413778439 	101332.4615153885
0.2865365365365361 	300.0068765472492 	0.01991798526581241 	101333.1300295269
0.2890390390390385 	300.0074406411383 	0.02155207476315889 	101333.7969355468
0.291541541541541 	300.0080032833091 	0.02318195878318073 	101334.4621285584
0.2940440440440436 	300.0085643869488 	0.02480738802128129 	101335.1255055957
0.296546546546546 	300.0091238737226 	0.02642813158820686 	101335.7869741804
0.2990490490490486 	300.0096816634756 	0.02804395142069149 	101336.4464395069
0.3015515515515511 	300.01023766015 	0.0296545692252152 	101337.1037874544
0.3040540540540535 	300.0107917536967 	0.03125967578975489 	101337.7588886312
0.3065565565565562 	300.0113438416745 	0.03285897786527756 	101338.4116215696
0.3090590590590585 	300.0118938389036 	0.03445222323158201 	101339.0618854706
0.3115615615615611 	300.0124416634981 	0.03603916672685793 	101339.7095838218
0.3140640640640635 	300.0129872165061 	0.03761951969190811 	101340.3545987603
0.316566566566566 	300.0135303797098 	0.03919295173082543 	101340.9967913873
0.3190690690690687 	300.0140710430176 	0.04075915077787506 	101341.636031268
0.3215715715715711 	300.0146091221102 	0.04231786586478745 	101342.2722181817
0.3240740740740735 	300.0151445430976 	0.04386887199368584 	101342.9052653301
0.326576576576576 	300.0156772126468 	0.04541189549389712 	101343.5350622821
0.3290790790790786 	300.0162070102705 	0.04694659701701168 	101344.1614657724
0.3315815815815811 	300.0167338158014 	0.04847264301672266 	101344.7843344696
0.3340840840840836 	300.0172575430003 	0.04998978068558656 	101345.4035663867
0.3365865865865861 	300.0177781312279 	0.05149781622635112 	101346.0190891449
0.3390890890890886 	300.0182955017901 	0.05299651367288526 	101346.6308103241
0.3415915915915911 	300.0188095356699 	0.05448553829438728 	101347.2385888611
0.3440940940940935 	300.0193201000767 	0.05596452522926066 	101347.8422677738
0.3465965965965962 	300.0198270988193 	0.05743319847556178 	101348.4417327379
0.3490990990990985 	300.0203304801504 	0.05889139135261642 	101349.0369232673
0.3516016016016011 	300.0208301909888 	0.06033892993823822 	101349.6277764041
0.3541041041041035 	300.0213261263502 	0.06177551340590327 	101350.2141675666
0.3566066066066061 	300.0218181397408 	0.06320074433357585 	101350.7959239922
0.3591091091091085 	300.0223061102389 	0.06461428852970512 	101351.3729021986
0.3616116116116112 	300.0227899842437 	0.06601597693984029 	101351.9450388208
0.3641141141141137 	300.023269739505 	0.06740571482718855 	101352.5123078095
0.3666166166166161 	300.0237453067976 	0.06878328939683979 	101353.0746269039
0.3691191191191185 	300.0242165407659 	0.07014830348210326 	101353.6318239632
0.371621621621621 	300.0246832823055 	0.07150033242312488 	101354.1837114949
0.3741241241241237 	300.0251454476622 	0.0728391356923957 	101354.7301899037
0.3766266266266261 	300.0256030342813 	0.07416467184716606 	101355.2712565133
0.3791291291291286 	300.0260560320509 	0.07547687586527084 	101355.8068991123
0.3816316316316311 	300.0265043329781 	0.07677544172704362 	101356.3369899678
0.3841341341341336 	300.0269477503081 	0.07805987202245177 	101356.8613074856
0.3866366366366362 	300.0273861325698 	0.07932976461232548 	101357.3796734443
0.3891391391391387 	300.027819452677 	0.08058502221861623 	101357.8920555262
0.391641641641641 	300.0282477592115 	0.08182572995232708 	101358.3985107357
0.3941441441441436 	300.0286710350791 	0.0830518080673185 	101358.8990192804
0.3966466466466462 	300.0290891194748 	0.08426282075845022 	101359.3933906813
0.3991491491491486 	300.0295017866383 	0.08545817835710355 	101359.8813580865
0.4016516516516512 	300.0299089101419 	0.08663754188367619 	101360.3627717948
0.4041541541541536 	300.0303105320964 	0.08780098917673557 	101360.8376812728
0.4066566566566561 	300.0307067493025 	0.08894872936386863 	101361.3062014619
0.4091591591591587 	300.0310975284065 	0.09008064134794581 	101361.7682924278
0.4116616616616612 	300.0314826463117 	0.09119613567630681 	101362.2236903235
0.4141641641641635 	300.031861837455 	0.09229452543414512 	101362.6720812833
0.4166666666666662 	300.0322350041705 	0.09337554774433787 	101363.113349894
0.4191691691691687 	300.0326022655644 	0.09443947771193867 	101363.5476368823
0.421671671671671 	300.0329637765894 	0.09548667110148495 	101363.9751250449
0.4241741741741737 	300.033319490727 	0.09651697611273537 	101364.3957595058
0.4266766766766761 	300.033669117841 	0.09752963428966369 	101364.809196919
0.4291791791791785 	300.0340123381744 	0.09852382318887411 	101365.215058999
0.4316816816816812 	300.0343490696343 	0.09949932442435284 	101365.6132492449
0.4341841841841836 	300.0346795128327 	0.1004566245349523 	101366.0040048434
0.4366866866866862 	300.0350039045409 	0.1013962905606109 	101366.3876057185
0.4391891891891885 	300.035322212673 	0.1023182043795012 	101366.7640127065
0.4416916916916913 	300.0356340783658 	0.1032214336895499 	101367.1328022007
0.4441941941941936 	300.0359390925072 	0.1041049296567236 	101367.49349013
0.4466966966966961 	300.0362371469037 	0.1049684129619296 	101367.8459489912
0.4491991991991987 	300.0365285171471 	0.1058125689168281 	101368.1905043851
0.4517017017017012 	300.0368135672662 	0.1066382954757108 	101368.527587095
0.4542042042042035 	300.0370923428216 	0.1074456730842115 	101368.857250337
0.4567067067067062 	300.0373644419131 	0.1082336530931073 	101369.17901881
0.4592092092092087 	300.0376293168451 	0.1090008309543353 	101369.4922448148
0.4617117117117112 	300.0378867452552 	0.1097466394276196 	101369.7966649807
0.4642142142142137 	300.0381370265499 	0.1104718400327442 	101370.0926346238
0.4667167167167162 	300.038380698826 	0.1111777829642129 	101370.38078905
0.4692192192192187 	300.0386180002621 	0.1118650441760276 	101370.6614104863
0.4717217217217212 	300.0388485756562 	0.1125326823207607 	101370.9340778101
0.4742242242242236 	300.0390717130726 	0.1131788631151908 	101371.1979497026
0.4767267267267262 	300.039286937772 	0.1138023735050422 	101371.4524644711
0.4792292292292287 	300.0394944332368 	0.1144036897441063 	101371.6978392512
0.4817317317317312 	300.0396948932213 	0.1149845834746533 	101371.9348948984
0.4842342342342336 	300.0398888983747 	0.1155465166857573 	101372.164317762
0.4867367367367362 	300.0400763467887 	0.1160891911353936 	101372.3859865752
0.4892392392392387 	300.0402564543883 	0.1166105677044738 	101372.5989736966
0.4917417417417412 	300.040428363943 	0.1171084429541574 	101372.8022663355
0.4942442442442437 	300.0405918673931 	0.1175822974568798 	101372.995618968
0.4967467467467462 	300.0407476131009 	0.1180338115025844 	101373.1797979528
0.4992492492492487 	300.0408965831964 	0.1184655072287188 	101373.3559649197
0.5017517517517511 	300.0410392479872 	0.1188785647889656 	101373.5246751095
0.5042542542542537 	300.0411750971155 	0.1192716298574852 	101373.6853244567
0.5067567567567562 	300.0413029727548 	0.1196416923852605 	101373.8365437956
0.5092592592592589 	300.0414219730436 	0.1199864286414973 	101373.9772668885
0.5117617617617611 	300.0415322046895 	0.1203061396284291 	101374.1076209157
0.5142642642642637 	300.0416347530679 	0.1206036518123494 	101374.2288898124
0.5167667667667663 	300.0417308455715 	0.1208821354289876 	101374.3425249246
0.5192692692692688 	300.0418208450123 	0.1211424954787906 	101374.4489545493
0.5217717717717714 	300.0419038775352 	0.121382422843944 	101374.5471438784
0.5242742742742736 	300.041978427513 	0.1215979647344518 	101374.6353009641
0.5267767767767763 	300.0420434844775 	0.1217865099558272 	101374.7122311898
0.5292792792792789 	300.0420993631653 	0.1219489142219893 	101374.7783077198
0.5317817817817813 	300.0421475410726 	0.122089052771688 	101374.8352782718
0.5342842842842837 	300.0421895858615 	0.1222110061243778 	101374.8849959476
0.5367867867867864 	300.042225948275 	0.1223159151525007 	101374.9279936588
0.5392892892892888 	300.0422555376904 	0.1224008861284272 	101374.9629807072
0.5417917917917912 	300.0422764351334 	0.122460879537194 	101374.9876873645
0.5442942942942938 	300.0422872677938 	0.1224923204507114 	101375.0004914496
0.5467967967967964 	300.0422882600324 	0.1224958374284596 	101375.0016587609
0.5492992992992988 	300.0422811673325 	0.1224760726225595 	101374.993266384
0.5518018018018012 	300.0422680961112 	0.1224385623252921 	101374.9778056658
0.5543043043043039 	300.0422500094025 	0.1223857982863775 	101374.9564122729
0.5568068068068063 	300.0422259612657 	0.1223152494142529 	101374.9279675036
0.5593093093093087 	300.0421936553921 	0.1222208416530759 	101374.8897554062
0.5618118118118114 	300.0421509750202 	0.1220970068289728 	101374.8392730444
0.5643143143143137 	300.0420974662773 	0.1219425941294842 	101374.7759856461
0.5668168168168163 	300.0420347546141 	0.1217619450509785 	101374.7018163685
0.5693193193193188 	300.0419655626961 	0.1215622789870097 	101374.6199854741
0.5718218218218213 	300.0418919426605 	0.121349006328614 	101374.5329189158
0.5743243243243239 	300.0418138742355 	0.1211220257691152 	101374.4405910783
0.5768268268268262 	300.0417291707272 	0.1208754971213213 	101374.3404150044
0.5793293293293288 	300.0416348010057 	0.1206013682391268 	101374.2288062774
0.5818318318318314 	300.0415288186647 	0.1202945036085604 	101374.103464153
0.5843343343343338 	300.0414116801691 	0.1199561759370954 	101373.9649298406
0.5868368368368363 	300.0412860927815 	0.1195936407566753 	101373.8164063768
0.5893393393393387 	300.0411554416133 	0.1192159264528671 	101373.6618963468
0.5918418418418413 	300.0410217294071 	0.1188283417994386 	101373.5037662841
0.5943443443443439 	300.0408842875345 	0.118429050470515 	101373.3412237322
0.5968468468468463 	300.0407400663781 	0.1180098662140481 	101373.1706615298
0.5993493493493487 	300.0405853724743 	0.1175609120662266 	101372.9877122295
0.6018518518518514 	300.0404180543501 	0.1170764741183169 	101372.7898336375
0.6043543543543537 	300.0402388621151 	0.1165586268858412 	101372.5779144929
0.6068568568568564 	300.0400511613215 	0.1160164493365341 	101372.35593649
0.6093593593593587 	300.0398591285131 	0.1154611659653448 	101372.1288384654
0.6118618618618614 	300.0396654220003 	0.1148998899590319 	101371.8997620668
0.6143643643643638 	300.0394696342096 	0.1143314744906585 	101371.6682232038
0.6168668668668662 	300.0392684062156 	0.1137468370515258 	101371.4302489058
0.6193693693693688 	300.0390571738516 	0.1131336722634015 	101371.1804410845
0.6218718718718714 	300.0388326095605 	0.1124830749306684 	101370.9148795421
0.6243743743743737 	300.0385944918456 	0.1117945428555014 	101370.6333178942
0.6268768768768762 	300.0383460478146 	0.1110766651970407 	101370.3394902415
0.629379379379379 	300.0380922580752 	0.1103430460084146 	101370.0393334893
0.6318818818818812 	300.0378374569236 	0.1096055008297515 	101369.7380147748
0.6343843843843838 	300.037583148952 	0.1088679902529429 	101369.4372787442
0.6368868868868864 	300.0373270864626 	0.1081243746354809 	101369.1344658868
0.6393893893893888 	300.0370643087726 	0.1073611646712045 	101368.8237091039
0.6418918918918912 	300.0367895144036 	0.1065639713584218 	101368.498739547
0.6443943943943939 	300.0364996527601 	0.1057245535055863 	101368.1559528114
0.6468968968968963 	300.0361954965126 	0.1048450804581596 	101367.7962649155
0.6493993993993988 	300.0358814303705 	0.103937549851487 	101367.4248630172
0.6519019019019012 	300.0355635431227 	0.1030185807663482 	101367.0489472175
0.6544044044044038 	300.0352468921899 	0.1021019581944186 	101366.6744968017
0.6569069069069065 	300.0349331936867 	0.1011923279192202 	101366.3035376708
0.6594094094094087 	300.0346199753928 	0.1002828903616324 	101365.9331441319
0.6619119119119113 	300.0343015733554 	0.09935812520292636 	101365.5566172684
0.664414414414414 	300.0339715326982 	0.09840036607685822 	101365.1663245317
0.6669169169169162 	300.0336253830669 	0.09739740668535028 	101364.7569823181
0.6694194194194188 	300.0332626169815 	0.09634791911271624 	101364.3279936787
0.6719219219219214 	300.0328870410913 	0.09526241187679957 	101363.8838626463
0.674424424424424 	300.0325053541969 	0.09415932183144658 	101363.4325112364
0.6769269269269262 	300.032124531246 	0.09305783155615896 	101362.9821870227
0.679429429429429 	300.0317490744754 	0.09197030686983831 	101362.5382106859
0.6819319319319311 	300.0313792132933 	0.09089734530659779 	101362.1008509844
0.6844344344344341 	300.0310107478347 	0.08982733360073579 	101361.6651386557
0.686936936936936 	300.0306365674316 	0.08874063536832083 	101361.2226646442
0.6894394394394392 	300.0302492619596 	0.08761679870282378 	101360.7646675275
0.6919419419419413 	300.0298438565092 	0.08644211504193411 	101360.285267284
0.694444444444444 	300.0294196861338 	0.08521480350723425 	101359.7836813068
0.6969469469469463 	300.0289807533517 	0.08394599743309053 	101359.2646450258
0.6994494494494489 	300.0285344536878 	0.08265622123844102 	101358.7369051425
0.7019519519519515 	300.0280891313798 	0.08136862194454546 	101358.2103279271
0.7044544544544538 	300.0276513128695 	0.08010130308163377 	101357.6926287574
0.7069569569569564 	300.027223552093 	0.07886133616200047 	101357.1868237216
0.7094594594594589 	300.0268035720563 	0.07764236688711901 	101356.6902176853
0.7119619619619615 	300.0263849444514 	0.07642648599000147 	101356.1952070613
0.7144644644644638 	300.0259590457178 	0.07518966834073777 	101355.6915941939
0.7169669669669665 	300.0255176635462 	0.0739090388019259 	101355.1696704908
0.7194694694694688 	300.0250554691089 	0.07256976664460853 	101354.6231373571
0.7219719719719715 	300.0245716358638 	0.07116959316014734 	101354.0510216909
0.7244744744744737 	300.024070167083 	0.06971974589745758 	101353.4580599952
0.7269769769769764 	300.0235588608759 	0.06824205779978357 	101352.8534751605
0.7294794794794791 	300.0230472378082 	0.06676318185148303 	101352.2485246907
0.7319819819819813 	300.0225440265703 	0.0653075648280253 	101351.6535278732
0.7344844844844839 	300.0220548993377 	0.0638911035152176 	101351.075188816
0.7369869869869864 	300.0215810377541 	0.06251710598351104 	101350.5149006905
0.739489489489489 	300.0211188458377 	0.06117546805519586 	101349.968408759
0.7419919919919914 	300.020660825165 	0.05984510667894359 	101349.4268448032
0.7444944944944939 	300.0201973389962 	0.05849890676706838 	101348.878813521
0.7469969969969963 	300.0197188146951 	0.05710992249171921 	101348.3129978415
0.7494994994994989 	300.0192178825437 	0.05565740624243744 	101347.7206864134
0.7520020020020015 	300.0186909949443 	0.05413138195716811 	101347.0976876261
0.7545045045045039 	300.0181392096048 	0.05253486500287999 	101346.4452560419
0.7570070070070062 	300.0175680117188 	0.05088336652100341 	101345.7698801724
0.7595095095095092 	300.0169862476491 	0.0492018951326078 	101345.0820214636
0.7620120120120112 	300.0164044261533 	0.04752017197612837 	101344.3941052475
0.7645145145145138 	300.015832756167 	0.04586709938717123 	101343.7182015609
0.7670170170170165 	300.015279324256 	0.04426560133297767 	101343.0638690576
0.7695195195195191 	300.014748737311 	0.04272875726706032 	101342.4365512296
0.7720220220220213 	300.0142414162167 	0.04125777826373481 	101341.8367424925
0.7745245245245239 	300.0137535987838 	0.03984199933735463 	101341.259991869
0.7770270270270263 	300.0132779997986 	0.03846072815873144 	101340.6976833875
0.779529529529529 	300.0128049590679 	0.03708648169263443 	101340.1383945922
0.7820320320320313 	300.0123238405696 	0.03568896012190301 	101339.5695503233
0.784534534534534 	300.0118244605741 	0.03423912360960553 	101338.9791110099
0.7870370370370364 	300.0112983657694 	0.0327128499049037 	101338.357084573
0.7895395395395389 	300.0107398265566 	0.03109377820590584 	101337.6966993624
0.7920420420420413 	300.0101464562956 	0.02937509024831755 	101336.995136606
0.794544544544544 	300.0095194248101 	0.02756013010827444 	101336.2537824399
0.7970470470470463 	300.0088632800293 	0.02566190228828333 	101335.4780164649
0.799549549549549 	300.0081854320701 	0.02370160566306944 	101334.6766019568
0.8020520520520515 	300.0074953876797 	0.021706450320843 	101333.8607797771
0.8045545545545539 	300.0068038385453 	0.01970706026823599 	101333.0431910679
0.8070570570570563 	300.0061217203247 	0.01773479866882439 	101332.2367639459
0.8095595595595589 	300.0054593658473 	0.01581937412458272 	101331.453713967
0.8120620620620614 	300.0048258782361 	0.01398702879267438 	101330.7048014961
0.8145645645645638 	300.0042287457094 	0.01225939370991713 	101329.9988773854
0.8170670670670666 	300.0036736475155 	0.01065291310592691 	101329.3426543188
0.8195695695695689 	300.0031644170847 	0.009178723076499187 	101328.7406622051
0.8220720720720714 	300.0027031276755 	0.007842889367081803 	101328.1953502225
0.8245745745745739 	300.0022902690072 	0.006646906962907017 	101327.7072952803
0.8270770770770765 	300.0019249797399 	0.005588367186122893 	101327.2754782059
0.8295795795795788 	300.0016053108758 	0.004661709170552326 	101326.8975934879
0.8320820820820815 	300.001328491814 	0.003858986872335063 	101326.570364574
0.834584584584584 	300.0010911832068 	0.00317059970540349 	101326.289843506
0.8370870870870865 	300.0008897059012 	0.002585950491705408 	101326.051680259
0.8395895895895891 	300.0007202353722 	0.00209400917062553 	101325.8513530643
0.8420920920920915 	300.0005789602604 	0.001683772502423423 	101325.6843558947
0.844594594594594 	300.0004622044079 	0.001344619512363535 	101325.5463431332
0.8470970970970964 	300.0003665161388 	0.001066569163601847 	101325.4332341666
0.8495995995995991 	300.000288726214 	0.0008404510750837712 	101325.3412824197
0.8521021021021015 	300.0002259805466 	0.0006580025439116741 	101325.2671143009
0.8546046046046039 	300.0001757533424 	0.0005119059036573266 	101325.2077438296
0.8571071071071066 	300.0001358431626 	0.0003957798446272735 	101325.1605685527
0.8596096096096089 	300.0001043576315 	0.0003041372737223296 	101325.1233518639
0.8621121121121116 	300.000079691647 	0.000232320475405262 	101325.0941961784
0.8646146146146139 	300.0000604996333 	0.0001764228129175909 	101325.0715106528
0.8671171171171166 	300.0000456653075 	0.0001332039325104077 	101325.0539763844
0.8696196196196189 	300.0000342735291 	0.0001000042269291605 	101325.0405113164
0.8721221221221216 	300.000025580918 	7.466221366145066e-05 	101325.0302364418
0.874624624624624 	300.0000189887004 	5.543770339073461e-05 	101325.0224443708
0.8771271271271264 	300.0000140195745 	4.094214278452674e-05 	101325.0165708864
0.879629629629629 	300.0000102961391 	3.007700013571585e-05 	101325.0121697953
0.8821321321321317 	300.0000075222127 	2.198029208699628e-05 	101325.0088911172
0.8846346346346339 	300.0000054673571 	1.598093137315206e-05 	101325.0064624905
0.8871371371371364 	300.0000039539416 	1.156044427519178e-05 	101325.0046735596
0.8896396396396391 	300.0000028451886 	8.321138351705964e-06 	101325.0033630437
0.8921421421421414 	300.0000020373307 	5.960172002048698e-06 	101325.0024081609
0.8946446446446441 	300.0000014518657 	4.248466715402456e-06 	101325.0017160783
0.8971471471471464 	300.0000010297365 	3.013928235896315e-06 	101325.0012170733
0.8996496496496489 	300.0000007268277 	2.128082389702004e-06 	101325.0008591185
0.9021521521521517 	300.0000005106205 	1.495635162478532e-06 	101325.0006036335
0.9046546546546541 	300.0000003571844 	1.046337385951382e-06 	101325.0004221862
0.9071571571571564 	300.0000002485754 	7.287031657949214e-07 	101325.0002939483
0.9096596596596589 	300.0000001722524 	5.052275557680408e-07 	101325.0002037509
0.9121621621621616 	300.0000001190054 	3.487410258217351e-07 	101325.0001406088
0.9146646646646639 	300.0000000816923 	2.39672300683386e-07 	101325.0000966127
0.9171671671671666 	300.0000000557815 	1.640043462438933e-07 	101325.0000660977
0.9196696696696689 	300.000000038115 	1.117416334612283e-07 	101325.0000450289
0.9221721721721714 	300.0000000258531 	7.581439388973123e-08 	101325.0000305472
0.9246746746746741 	300.0000000173105 	5.121382114602069e-08 	101325.0000206369
0.9271771771771765 	300.0000000116236 	3.44554437556136e-08 	101325.0000138847
0.9296796796796791 	300.0000000078579 	2.307508126378533e-08 	101325.0000093037
0.9321821821821816 	300.0000000051695 	1.539133302574466e-08 	101325.0000062088
0.9346846846846838 	300.0000000033575 	1.021562683025833e-08 	101325.0000041265
0.9371871871871866 	300.0000000023513 	6.750314907764594e-09 	101325.0000027312
0.9396896896896891 	300.0000000015661 	4.435474820319562e-09 	101325.0000018004
0.9421921921921914 	300.0000000010361 	2.895974011472544e-09 	101325.0000011818
0.9446946946946939 	300.0000000005738 	1.879934164641206e-09 	101325.0000007726
0.9471971971971965 	300.0000000002225 	1.20466419961651e-09 	101325.000000503
0.9496996996996991 	300.0000000001834 	7.675758120714599e-10 	101325.0000003263
0.9522022022022016 	300.0000000001251 	4.769966154240916e-10 	101325.0000002108
0.9547047047047038 	300.0000000000574 	2.937590370490045e-10 	101325.0000001357
0.9572072072072064 	299.9999999999797 	1.712400618210424e-10 	101325.0000000875
0.9597097097097093 	299.9999999999557 	9.368465923410095e-11 	101325.0000000566
0.9622122122122114 	299.9999999999204 	4.317523328215024e-11 	101325.0000000366
0.964714714714714 	299.9999999998969 	1.229683233681664e-11 	101325.000000023
0.9672172172172167 	299.9999999998989 	1.345213617835058e-11 	101325.0000000135
0.969719719719719 	299.9999999999673 	3.133607287828648e-11 	101325.0000000072
0.9722222222222214 	299.99999999995 	4.056831245550391e-11 	101325.0000000032
0.9747247247247239 	299.9999999999441 	4.780981334415084e-11 	101325.0000000007
0.9772272272272267 	300.0000000000371 	5.223504096997814e-11 	101324.9999999988
0.9797297297297292 	299.9999999999863 	5.429308581814754e-11 	101324.9999999975
0.9822322322322313 	299.9999999999749 	5.807247474912486e-11 	101324.9999999967
0.9847347347347344 	299.9999999999581 	5.616799566966503e-11 	101324.9999999962
0.9872372372372363 	299.9999999998421 	6.26838091937839e-11 	101324.999999996
0.9897397397397389 	299.9999999998839 	5.720799883626438e-11 	101324.9999999962
0.9922422422422417 	299.9999999998482 	6.065283425196908e-11 	101324.9999999966
0.9947447447447441 	299.9999999999267 	5.688411171012905e-11 	101324.9999999968
0.9972472472472468 	299.9999999999325 	5.960203701724354e-11 	101324.9999999969
0.999749749749749 	299.9999999999138 	5.906456276706068e-11 	101324.999999997
1.002252252252252 	299.9999999999359 	6.018975173693035e-11 	101324.9999999973
1.004754754754754 	299.9999999999924 	5.949875482691248e-11 	101324.9999999976
1.007257257257256 	299.9999999999528 	5.64669260803146e-11 	101324.9999999976
1.009759759759759 	299.9999999999245 	5.965153528344342e-11 	101324.9999999977
1.012262262262261 	299.9999999999048 	5.491110567486602e-11 	101324.9999999978
1.014764764764764 	299.9999999998226 	5.905878236124857e-11 	101324.9999999977
1.017267267267267 	299.9999999998041 	5.743138416472952e-11 	101324.9999999975
1.019769769769769 	299.9999999999471 	6.02365790101032e-11 	101324.9999999971
1.022272272272272 	299.9999999999761 	5.920253311214883e-11 	101324.9999999968
1.024774774774774 	299.9999999999692 	5.991522300971444e-11 	101324.999999997
1.027277277277277 	299.9999999999672 	6.152282928540445e-11 	101324.9999999969
1.029779779779779 	300.0000000000578 	5.908546813612252e-11 	101324.9999999969
1.032282282282282 	300.0000000000571 	6.107452809015783e-11 	101324.999999997
1.034784784784784 	300.0000000000246 	6.013757796309451e-11 	101324.9999999969
1.037287287287286 	299.9999999999383 	6.090002869031926e-11 	101324.9999999968
1.039789789789789 	299.9999999999413 	6.063328249816117e-11 	101324.9999999967
1.042292292292291 	300.0000000000234 	5.987146619267093e-11 	101324.9999999968
1.044794794794794 	300.0000000000789 	5.951534490338586e-11 	101324.9999999971
1.047297297297296 	300.0000000001261 	5.696228331847552e-11 	101324.9999999974
1.049799799799799 	299.9999999999957 	6.192771535377312e-11 	101324.999999997
1.052302302302302 	299.9999999998811 	5.76552059761633e-11 	101324.999999997
1.054804804804804 	299.9999999998125 	6.172254934650742e-11 	101324.9999999972
1.057307307307306 	299.9999999997905 	5.893382283967769e-11 	101324.999999997
1.059809809809809 	299.9999999999031 	6.130182788982195e-11 	101324.9999999968
1.062312312312312 	299.9999999998975 	5.963983195074626e-11 	101324.9999999967
1.064814814814814 	299.9999999998933 	6.071968621467626e-11 	101324.9999999966
1.067317317317317 	299.9999999998216 	5.995599455291861e-11 	101324.9999999966
1.069819819819819 	299.9999999998117 	5.909430083349187e-11 	101324.9999999968
1.072322322322321 	299.9999999999795 	6.187895816898503e-11 	101324.9999999971
1.074824824824824 	300.0000000000418 	5.794202553935334e-11 	101324.9999999971
1.077327327327327 	300.0000000000989 	6.08003201940203e-11 	101324.9999999973
1.079829829829829 	300.000000000138 	5.892976069646333e-11 	101324.9999999976
1.082332332332332 	300.0000000000333 	6.049173707913967e-11 	101324.9999999978
1.084834834834834 	299.9999999999379 	5.944829984503275e-11 	101324.9999999976
1.087337337337337 	299.9999999998324 	5.891918285306884e-11 	101324.9999999976
1.089839839839839 	299.9999999998046 	6.176556820907785e-11 	101324.9999999978
1.092342342342342 	299.9999999999167 	5.83239837885438e-11 	101324.9999999977
1.094844844844844 	299.999999999914 	6.129527805087521e-11 	101324.9999999979
1.097347347347347 	299.9999999998346 	5.770462565022956e-11 	101324.9999999982
1.099849849849849 	299.9999999998009 	6.276792945447269e-11 	101324.9999999981
1.102352352352352 	299.9999999998832 	5.726140478684453e-11 	101324.9999999982
1.104854854854854 	299.9999999999407 	6.162777009990212e-11 	101324.9999999983
1.107357357357357 	299.9999999998893 	5.820017070070236e-11 	101324.9999999984
1.109859859859859 	299.9999999998563 	6.1412989010009e-11 	101324.9999999985
1.112362362362362 	300.0000000000343 	5.905629266176848e-11 	101324.9999999985
1.114864864864865 	300.0000000000333 	6.0075283423078e-11 	101324.9999999984
1.117367367367367 	299.9999999998964 	6.170683013685356e-11 	101324.9999999983
1.119869869869869 	299.9999999998076 	5.895856163501159e-11 	101324.9999999984
1.122372372372372 	299.9999999999047 	6.13213329425202e-11 	101324.9999999987
1.124874874874874 	299.9999999998881 	5.888810596864571e-11 	101324.9999999989
1.127377377377377 	299.9999999999091 	6.092099073084144e-11 	101324.9999999991
1.129879879879879 	300.0000000000567 	6.028660942769739e-11 	101324.9999999991
1.132382382382382 	300.0000000001096 	6.177983288719879e-11 	101324.9999999989
1.134884884884884 	300.0000000000433 	6.052583683827669e-11 	101324.9999999987
1.137387387387387 	300.0000000000569 	5.958825929141708e-11 	101324.9999999986
1.139889889889889 	299.9999999998989 	6.22325805270984e-11 	101324.9999999982
1.142392392392392 	299.9999999998698 	5.972872325367334e-11 	101324.9999999981
1.144894894894894 	300.000000000057 	6.348906970136682e-11 	101324.9999999981
1.147397397397397 	300.0000000000041 	6.131896438917697e-11 	101324.9999999981
1.149899899899899 	299.9999999998388 	6.349729688094886e-11 	101324.9999999983
1.152402402402402 	299.9999999998039 	6.242749255329891e-11 	101324.9999999979
1.154904904904904 	299.9999999999044 	6.500438135807768e-11 	101324.9999999974
1.157407407407407 	299.9999999999038 	6.417671666498868e-11 	101324.9999999974
1.159909909909909 	299.9999999998201 	6.380308384539406e-11 	101324.9999999977
1.162412412412412 	299.9999999997955 	6.639931430682392e-11 	101324.9999999978
1.164914914914914 	299.9999999998718 	6.352185378959123e-11 	101324.9999999976
1.167417417417417 	299.9999999998977 	6.677975179255742e-11 	101324.9999999975
1.169919919919919 	300.0000000000482 	6.44354612120171e-11 	101324.9999999973
1.172422422422422 	300.0000000001342 	6.65556897823584e-11 	101324.9999999971
1.174924924924925 	299.9999999999837 	6.450335774735921e-11 	101324.9999999972
1.177427427427427 	299.9999999998972 	6.572635958840045e-11 	101324.9999999975
1.179929929929929 	300.0000000000394 	6.743103580123002e-11 	101324.9999999978
1.182432432432432 	300.0000000001222 	6.388376806546061e-11 	101324.9999999978
1.184934934934934 	300.0000000000226 	6.568715181394245e-11 	101324.9999999976
1.187437437437437 	299.9999999999494 	6.259704285023656e-11 	101324.9999999978
1.189939939939939 	299.9999999999384 	6.438527838266218e-11 	101324.9999999982
1.192442442442442 	299.9999999998269 	6.305539204649747e-11 	101324.9999999981
1.194944944944944 	299.9999999998235 	6.53759351738875e-11 	101324.9999999979
1.197447447447447 	299.9999999999928 	6.345216886502248e-11 	101324.9999999981
1.199949949949949 	300.0000000000437 	6.341004811653901e-11 	101324.9999999984
1.202452452452452 	299.9999999998892 	6.582798332108388e-11 	101324.9999999985
1.204954954954955 	299.9999999998676 	6.345609578339561e-11 	101324.9999999986
1.207457457457457 	299.9999999999495 	6.609998314192658e-11 	101324.9999999989
1.20995995995996 	299.9999999999462 	6.350846239379752e-11 	101324.9999999988
1.212462462462462 	299.9999999999774 	6.527059996085076e-11 	101324.9999999988
1.214964964964964 	299.9999999999715 	6.305379805677799e-11 	101324.9999999989
1.217467467467467 	299.9999999999461 	6.513307558510415e-11 	101324.999999999
1.219969969969969 	299.9999999999081 	6.348888985272103e-11 	101324.999999999
1.222472472472472 	300.0000000000554 	6.46289255765395e-11 	101324.9999999989
1.224974974974975 	300.0000000001286 	6.64359497054973e-11 	101324.999999999
1.227477477477477 	299.9999999999881 	6.380058071837873e-11 	101324.9999999991
1.229979979979979 	299.9999999999507 	6.696970217643468e-11 	101324.9999999991
1.232482482482482 	299.9999999998682 	6.490926774433667e-11 	101324.999999999
1.234984984984984 	299.999999999869 	6.753926035741313e-11 	101324.9999999991
1.237487487487487 	299.9999999999643 	6.527548888913547e-11 	101324.9999999992
1.239989989989989 	299.9999999999864 	6.702420935838837e-11 	101324.9999999994
1.242492492492492 	300.0000000000807 	6.770853078691095e-11 	101324.9999999994
1.244994994994994 	299.9999999999873 	6.460787849998441e-11 	101324.9999999997
1.247497497497497 	299.9999999999986 	6.707800719698524e-11 	101324.9999999996
1.249999999999999 	300.0000000008624 	6.5843157269283e-11 	101324.9999999992
