-1.25 	299.9970307992697 	0.9998063363364789 	101324.9999999999
-1.247497497497497 	299.9941648820883 	0.9873259468597662 	101318.1164016952
-1.244994994994995 	299.9885229265634 	0.9668607798550752 	101311.4502518634
-1.242492492492492 	299.9830858993096 	0.951157121893326 	101305.0096345059
-1.23998998998999 	299.9779471108033 	0.9362889856221849 	101298.9321007068
-1.237487487487487 	299.9732099191853 	0.922593048893245 	101293.3325703338
-1.234984984984985 	299.9689640629039 	0.9103222891570439 	101288.3143270925
-1.232482482482482 	299.9652880013652 	0.8996982637541115 	101283.9697088045
-1.22997997997998 	299.9622485548916 	0.8909146072931313 	101280.3777085567
-1.227477477477477 	299.9599021719174 	0.8841343250985697 	101277.6048023958
-1.224974974974975 	299.958292505871 	0.8794832880017089 	101275.70252287
-1.222472472472472 	299.9574486463616 	0.8770456731334479 	101274.7052527728
-1.21996996996997 	299.9573848175845 	0.8768642050621618 	101274.6301031258
-1.217467467467467 	299.958102974644 	0.8789419507188065 	101275.4787433999
-1.214964964964965 	299.9595900726768 	0.8832402490235473 	101277.2356033885
-1.212462462462462 	299.9618168246052 	0.8896777046083739 	101279.8669518824
-1.20995995995996 	299.9647421253318 	0.898134642141609 	101283.324081643
-1.207457457457457 	299.9683124336914 	0.9084554561583 	101287.5435880782
-1.204954954954955 	299.9724618232258 	0.9204500349689426 	101292.4476836728
-1.202452452452452 	299.9771142461666 	0.9338983103992734 	101297.946495442
-1.19994994994995 	299.9821846009912 	0.9485542802545466 	101303.9396030048
-1.197447447447447 	299.9875799810696 	0.964149373470651 	101310.3171823873
-1.194944944944945 	299.9932015334698 	0.9803979839865279 	101316.9623766649
-1.192442442442442 	299.9989467689038 	0.9970037822339561 	101323.7540936737
-1.18993993993994 	300.0047109846694 	1.013663934635147 	101330.568596138
-1.187437437437437 	300.0103884554263 	1.030073329356102 	101337.2809521399
-1.184934934934935 	300.0158752352513 	1.045931573493182 	101343.7681383506
-1.182432432432432 	300.0210714731146 	1.060949793197655 	101349.9120484659
-1.17992992992993 	300.0258826781313 	1.074854743763331 	101355.6009396125
-1.177427427427427 	300.0302209221618 	1.087392501401997 	101360.7308259564
-1.174924924924925 	300.0340066191804 	1.098333243423925 	101365.2075615851
-1.172422422422422 	300.0371703843747 	1.107476182080689 	101368.9488871533
-1.16991991991992 	300.0396542071381 	1.114653984978466 	101371.8862080289
-1.167417417417417 	300.0414128713621 	1.119736190472658 	101373.9661312071
-1.164914914914915 	300.0424147272471 	1.122630654825989 	101375.151040347
-1.162412412412412 	300.042641577028 	1.123283215389113 	101375.4189302279
-1.15990990990991 	300.0420869783224 	1.121678109734662 	101374.7628814132
-1.157407407407407 	300.0407594599004 	1.117841870422248 	101373.1935358705
-1.154904904904904 	300.0386845114876 	1.111844629268362 	101370.7401264439
-1.152402402402403 	300.0359000173251 	1.103795424415438 	101367.4473157474
-1.1498998998999 	300.0324556970074 	1.093839532246429 	101363.3743902224
-1.147397397397397 	300.0284142143308 	1.08215771806541 	101358.5954123403
-1.144894894894895 	300.0238492765399 	1.068962957731519 	101353.1976339532
-1.142392392392392 	300.0188441728423 	1.054496180829259 	101347.2796605112
-1.13988988988989 	300.0134906175621 	1.039022293926724 	101340.9498892295
-1.137387387387387 	300.0078870519333 	1.022825890945915 	101334.3247994595
-1.134884884884885 	300.0021370221393 	1.006206195386343 	101327.5268533853
-1.132382382382382 	299.9963470040025 	0.9894710144831689 	101320.6820240195
-1.12987987987988 	299.9906242457242 	0.972930003189419 	101313.9169880768
-1.127377377377377 	299.9850743742423 	0.956888580437727 	101307.3565549926
-1.124874874874875 	299.9797997131525 	0.9416430754232575 	101301.1217993
-1.122372372372372 	299.9748980616299 	0.9274757761678281 	101295.3281582781
-1.11986986986987 	299.9704601225213 	0.9146489721089737 	101290.0828751372
-1.117367367367367 	299.9665678659628 	0.9033991756049251 	101285.4825585095
-1.114864864864865 	299.9632926004858 	0.8939326969673718 	101281.6114965199
-1.112362362362362 	299.9606938466964 	0.8864219900589754 	101278.5401651128
-1.10985985985986 	299.9588184231451 	0.8810022695146742 	101276.3237797422
-1.107357357357357 	299.9576993985538 	0.8777692600387357 	101275.0014000288
-1.104854854854855 	299.9573558893928 	0.8767787798429736 	101274.5956549118
-1.102352352352353 	299.9577938683571 	0.8780472143543963 	101275.1134155821
-1.09984984984985 	299.9590054193635 	0.881549550047634 	101276.5448541486
-1.097347347347347 	299.9609662828776 	0.8872175998353856 	101278.8618207549
-1.094844844844845 	299.9636386251682 	0.8949431423933285 	101282.0199606203
-1.092342342342342 	299.9669729285072 	0.9045820357264666 	101285.9605272162
-1.08983983983984 	299.9709078370966 	0.9159570164901315 	101290.6111229238
-1.087337337337337 	299.9753716684079 	0.9288604936869702 	101295.8870096985
-1.084834834834835 	299.980283128778 	0.9430573817147314 	101301.6921774513
-1.082332332332332 	299.9855526318333 	0.9582888620300702 	101307.9208130302
-1.07982982982983 	299.9910841804829 	0.9742775761985956 	101314.4595000956
-1.077327327327327 	299.9967772678073 	0.9907331649314977 	101321.1895507765
-1.074824824824825 	300.0025288662392 	1.007357269434827 	101327.9889775609
-1.072322322322323 	300.0082345096677 	1.023848357027781 	101334.7344413363
-1.06981981981982 	300.0137905651081 	1.039906960248139 	101341.3034273943
-1.067317317317317 	300.019096142236 	1.055241189356729 	101347.5764978887
-1.064814814814815 	300.0240545812957 	1.069572071895657 	101353.4394751531
-1.062312312312312 	300.0285757233397 	1.082638580397066 	101358.7855141567
-1.05980980980981 	300.0325770152746 	1.094202405942671 	101363.517032846
-1.057307307307307 	300.0359853114037 	1.104052452207723 	101367.5475721657
-1.054804804804805 	300.0387385164819 	1.11200873404229 	101370.8034487425
-1.052302302302302 	300.0407860586905 	1.117925221541896 	101373.2248824454
-1.0497997997998 	300.0420898130709 	1.121691864232764 	101374.7667772507
-1.047297297297297 	300.0426250779812 	1.123236377089313 	101375.3995933033
-1.044794794794795 	300.0423801632468 	1.122525100211134 	101375.1095627758
-1.042292292292292 	300.0413562545524 	1.119565255297186 	101373.899029104
-1.03978978978979 	300.0395718220315 	1.114407839588647 	101371.7892372585
-1.037287287287287 	300.0370594683661 	1.107145199781337 	101368.8183007735
-1.034784784784785 	300.0338635556581 	1.097907011625466 	101365.0390957892
-1.032282282282283 	300.0300414666782 	1.086859127882609 	101360.5194962275
-1.02977977977978 	300.0256625045563 	1.074201989754848 	101355.3415604743
-1.027277277277277 	300.0208068478876 	1.060167281637995 	101349.6001598061
-1.024774774774775 	300.015564007765 	1.045013726996922 	101343.4012197223
-1.022272272272272 	300.0100311853653 	1.029022201941481 	101336.8597114002
-1.01976976976977 	300.0043114023797 	1.012490185970974 	101330.0974140954
-1.017267267267267 	299.9985112162049 	0.9957257390610388 	101323.2403883132
-1.014764764764765 	299.9927387156899 	0.9790414250161477 	101316.416449898
-1.012262262262262 	299.9871016288339 	0.9627485195276755 	101309.7528794329
-1.00975975975976 	299.9817052285634 	0.9471512139586169 	101303.3740750616
-1.007257257257257 	299.9766500946728 	0.9325403004705829 	101297.3989393303
-1.004754754754755 	299.972030017334 	0.9191867604608114 	101291.9382468315
-1.002252252252252 	299.9679299759092 	0.9073363225993124 	101287.0923783879
-0.9997497497497498 	299.9644247680924 	0.8972052554808198 	101282.9496434647
-0.9972472472472473 	299.9615777723524 	0.8889768791573003 	101279.5849342766
-0.9947447447447449 	299.9594399819616 	0.8827984102926866 	101277.0584067133
-0.9922422422422421 	299.9580488681883 	0.8787782161603181 	101275.4143102128
-0.9897397397397399 	299.9574276545353 	0.8769841591143083 	101274.6802839957
-0.9872372372372376 	299.9575858299082 	0.8774440718600253 	101274.8675502257
-0.9847347347347346 	299.9585202547913 	0.8801454917255787 	101275.9715542356
-0.9822322322322323 	299.9602114027612 	0.8850336692401544 	101277.9697329389
-0.9797297297297296 	299.9626257777377 	0.8920134009105234 	101280.8229494417
-0.9772272272272275 	299.9657182200125 	0.9009532787950016 	101284.4776660257
-0.9747247247247248 	299.9694316985386 	0.9116881107849013 	101288.8664587031
-0.9722222222222224 	299.973698215287 	0.9240213189969014 	101293.9090463185
-0.9697197197197196 	299.9784400924635 	0.9377284062338644 	101299.5137047673
-0.9672172172172175 	299.98357141963 	0.9525610197331392 	101305.5789442031
-0.9647147147147147 	299.9889996350803 	0.9682513825222747 	101311.9953440413
-0.9622122122122124 	299.9946268154865 	0.9845167296464785 	101318.6473374551
-0.9597097097097099 	300.0003516112256 	1.001063742646522 	101325.4150102893
-0.9572072072072073 	300.0060705859865 	1.017593450579166 	101332.1760638877
-0.9547047047047047 	300.0116800608341 	1.033806834093013 	101338.8081330574
-0.9522022022022023 	300.0170787933587 	1.049410671162965 	101345.1912385336
-0.9496996996996998 	300.0221691252667 	1.064122954919168 	101351.210011276
-0.9471971971971973 	300.0268589952844 	1.077677614634923 	101356.7555692121
-0.9446946946946947 	300.0310634825211 	1.089828803416798 	101361.727277245
-0.9421921921921923 	300.0347057870559 	1.100355074174962 	101366.0344611239
-0.93968968968969 	300.0377191705816 	1.109063376005928 	101369.5980526459
-0.9371871871871872 	300.0400479859422 	1.115792575814954 	101372.3520516982
-0.9346846846846848 	300.0416483479644 	1.120416438307438 	101374.2447414766
-0.9321821821821823 	300.0424896144161 	1.122845999874522 	101375.2396809514
-0.9296796796796799 	300.0425548799573 	1.123030367132035 	101375.3162929989
-0.9271771771771771 	300.0418382584476 	1.120957415505349 	101374.468977365
-0.9246746746746748 	300.0403506382601 	1.116657598010587 	101372.7102057982
-0.9221721721721724 	300.0381184325331 	1.1102048355248 	101370.0706547253
-0.9196696696696698 	300.0351806664558 	1.101712759062235 	101366.5967408392
-0.9171671671671672 	300.0315897732783 	1.091332793742724 	101362.3503800798
-0.9146646646646649 	300.0274104191951 	1.079252683431322 	101357.408474185
-0.9121621621621623 	300.0227192249642 	1.065693302710567 	101351.8614528884
-0.9096596596596597 	300.0176026823137 	1.050904716030148 	101345.8116746962
-0.9071571571571573 	300.0121557740143 	1.035161936452755 	101339.3717068208
-0.9046546546546547 	300.0064808965753 	1.018759941671706 	101332.662294687
-0.9021521521521524 	300.0006846879429 	1.002007589912236 	101325.8098829674
-0.8996496496496498 	299.9948766050551 	0.9852208508705558 	101318.9437709619
-0.8971471471471473 	299.9891661664154 	0.9687160326525011 	101312.1933206023
-0.894644644644645 	299.9836605451993 	0.9528032973851068 	101305.6853637233
-0.892142142142142 	299.9784629175382 	0.9377804777253103 	101299.5416680012
-0.8896396396396397 	299.9736699299466 	0.9239271471633664 	101293.8764978933
-0.8871371371371374 	299.9693700101915 	0.9114990971528576 	101288.7943844918
-0.8846346346346349 	299.9656419006222 	0.9007234929987658 	101284.3881397064
-0.8821321321321324 	299.9625527603 	0.8917947542175517 	101280.7371649863
-0.8796296296296297 	299.960157272261 	0.8848712060485471 	101277.9061232383
-0.8771271271271271 	299.958497012025 	0.8800727006957683 	101275.9439421398
-0.8746246246246248 	299.9575994880891 	0.8774792304441043 	101274.8832399223
-0.8721221221221224 	299.957478117772 	0.8771308754172311 	101274.7401642463
-0.8696196196196196 	299.9581341915747 	0.8790281357338611 	101275.5153710056
-0.8671171171171175 	299.9595532490937 	0.883129726711369 	101277.1920556741
-0.8646146146146148 	299.961706055765 	0.8893527592827317 	101279.7359913582
-0.8621121121121121 	299.964551116269 	0.8975774814975666 	101283.0982948508
-0.8596096096096097 	299.9680356555457 	0.9076506792813805 	101287.2164709738
-0.857107107107107 	299.9720959233791 	0.9193879349063594 	101292.0152053769
-0.8546046046046049 	299.9766582646509 	0.9325765356266478 	101297.4076445156
-0.8521021021021022 	299.9816406606312 	0.9469788394760676 	101303.2967183406
-0.8495995995995997 	299.9869535324529 	0.9623360127994263 	101309.5766590936
-0.8470970970970974 	299.9925013941829 	0.9783722453789385 	101316.1347355093
-0.8445945945945946 	299.9981846229057 	0.9947995124382296 	101322.853176395
-0.8420920920920922 	300.0039011728016 	1.011322756255919 	101329.6112946143
-0.8395895895895897 	300.0095483533954 	1.027645313665126 	101336.2877407864
-0.8370870870870872 	300.0150248665175 	1.043474268371452 	101342.7626952818
-0.8345845845845846 	300.0202323274356 	1.058525358302258 	101348.9198647406
-0.8320820820820823 	300.0250769520802 	1.072527564550185 	101354.6483536007
-0.8295795795795798 	300.0294713477444 	1.085227726373693 	101359.8445232454
-0.8270770770770772 	300.0333354119926 	1.096395081502322 	101364.4138858455
-0.8245745745745746 	300.0365985979766 	1.105825338382677 	101368.2728030926
-0.8220720720720721 	300.0392005742915 	1.113344105943241 	101371.3498718468
-0.8195695695695699 	300.0410922433431 	1.118809759555056 	101373.5870680076
-0.817067067067067 	300.0422370080345 	1.122116055987332 	101374.9408498829
-0.8145645645645651 	300.0426112120917 	1.123194184709119 	101375.3831579722
-0.8120620620620621 	300.0422039858929 	1.122013413385638 	101374.9012610909
-0.8095595595595597 	300.0410177826909 	1.118584499231635 	101373.4989462432
-0.8070570570570572 	300.0390729770883 	1.112962852049727 	101371.199462208
-0.8045545545545546 	300.0364034306212 	1.105245415747164 	101368.0425887442
-0.8020520520520523 	300.0330554688866 	1.09556758189815 	101364.083577562
-0.7995495495495494 	300.0290888983117 	1.08410233263542 	101359.3932234952
-0.7970470470470474 	300.0245760613724 	1.071058341307887 	101354.0569565751
-0.7945445445445446 	300.0196001604371 	1.056676672198378 	101348.173466131
-0.7920420420420423 	300.0142544430153 	1.041226425369153 	101341.8529384507
-0.7895395395395397 	300.0086398842644 	1.024999336974778 	101335.2148306984
-0.7870370370370371 	300.0028631046757 	1.008303483836228 	101328.3852659103
-0.7845345345345348 	299.9970341029976 	0.9914564561000501 	101321.4942202901
-0.7820320320320323 	299.9912635872832 	0.9747784909014673 	101314.6727014974
-0.7795295295295296 	299.9856610027539 	0.9585857359019584 	101308.0500067142
-0.7770270270270272 	299.9803320712642 	0.943183566342308 	101301.75100935
-0.7745245245245247 	299.9753764026905 	0.9288601571725402 	101295.893521394
-0.7720220220220222 	299.9708858139197 	0.9158806788337757 	101290.5858956632
-0.7695195195195199 	299.9669422625783 	0.904482365183126 	101285.9250441307
-0.767017017017017 	299.9636168141191 	0.894870477951963 	101281.994795149
-0.7645145145145147 	299.9609682543734 	0.8872150260962441 	101278.8645695586
-0.7620120120120122 	299.9590421893491 	0.8816481295794812 	101276.5883157372
-0.7595095095095097 	299.9578706828225 	0.8782621440304388 	101275.2037484256
-0.7570070070070072 	299.9574712428346 	0.8771088964125435 	101274.7318768552
-0.7545045045045048 	299.9578481885082 	0.8782005615454417 	101275.177683117
-0.7520020020020022 	299.9589929796656 	0.8815087185298948 	101276.5300577704
-0.7494994994994997 	299.9608801033454 	0.8869635161261049 	101278.7599809171
-0.7469969969969972 	299.9634724458924 	0.8944577330386174 	101281.8235840488
-0.7444944944944945 	299.9667216673155 	0.9038507030176114 	101285.663564786
-0.7419919919919924 	299.9705680806785 	0.9149700862899489 	101290.2095823811
-0.7394894894894897 	299.974942125671 	0.9276142247058319 	101295.3792701505
-0.7369869869869872 	299.9797649322552 	0.9415554272319251 	101301.0796187926
-0.7344844844844846 	299.9849500284907 	0.9565438588541855 	101307.2085486612
-0.7319819819819822 	299.99040500354 	0.9723117790982193 	101313.6566308313
-0.7294794794794797 	299.9960323880114 	0.9885779090427231 	101320.3088914391
-0.7269769769769773 	300.0017318166101 	1.005052090014756 	101327.0466983104
-0.7244744744744747 	300.0074016851217 	1.021440327287329 	101333.7497764949
-0.721971971971972 	300.0129405817434 	1.03745007576669 	101340.2984499107
-0.7194694694694695 	300.0182497664279 	1.05279545802901 	101346.5757732339
-0.7169669669669674 	300.0232343090267 	1.067202064019286 	101352.4694700084
-0.7144644644644647 	300.0278046026347 	1.08041126894694 	101357.8737138219
-0.711961961961962 	300.031878287332 	1.092184309425406 	101362.690790611
-0.7094594594594597 	300.0353807864344 	1.102306179538165 	101366.8326515434
-0.7069569569569573 	300.0382472107966 	1.110589308785099 	101370.2224715552
-0.7044544544544545 	300.0404234883031 	1.116877097216285 	101372.7960977925
-0.7019519519519523 	300.0418670191277 	1.121047131046581 	101374.5033476455
-0.6994494494494495 	300.0425484223203 	1.123013703942043 	101375.309146973
-0.6969469469469471 	300.042451600704 	1.12272863816083 	101375.1940168542
-0.6944444444444446 	300.041571353556 	1.120183009580093 	101374.1534010508
-0.6919419419419421 	300.0399208502297 	1.115411886732279 	101372.2020122236
-0.6894394394394396 	300.0375279672805 	1.108494158352383 	101369.3724118234
-0.6869369369369374 	300.0344335008156 	1.099548763339279 	101365.7131315985
-0.6844344344344344 	300.0306920328604 	1.088733782679313 	101361.2888275081
-0.6819319319319321 	300.0263712832436 	1.076245121358885 	101356.1797037788
-0.6794294294294296 	300.0215510693088 	1.062313494616522 	101350.4802179195
-0.6769269269269272 	300.0163219459411 	1.047200316184577 	101344.2974058523
-0.6744244244244245 	300.0107831558401 	1.031192584300747 	101337.7487879262
-0.6719219219219222 	300.0050408604139 	1.01459673569054 	101330.9598432185
-0.6694194194194195 	299.9992054176244 	0.9977316081066616 	101324.0611008029
-0.6669169169169172 	299.9933888442424 	0.9809209667366028 	101317.1850548319
-0.6644144144144146 	299.9877025130395 	0.9644861433448439 	101310.4631531532
-0.661911911911912 	299.982254125266 	0.9487390670743087 	101304.0229472633
-0.6594094094094097 	299.9771463034402 	0.9339758414718149 	101297.9854775433
-0.656906906906907 	299.9724739184146 	0.9204709897409331 	101292.4629252177
-0.6544044044044046 	299.9683226549492 	0.908472353217189 	101287.5565528379
-0.6519019019019021 	299.9647676338772 	0.898196582857298 	101283.3548701484
-0.6493993993993996 	299.961871458293 	0.8898253301871435 	101279.9320692639
-0.6468968968968971 	299.959683999105 	0.8835023242727975 	101277.3468151626
-0.6443943943943946 	299.9582410658228 	0.8793315256447949 	101275.6415272951
-0.6418918918918921 	299.957564531008 	0.8773764228364247 	101274.8420447736
-0.6393893893893897 	299.9576622462487 	0.8776610228362514 	101274.9579156352
-0.6368868868868871 	299.9585304125591 	0.8801702865592508 	101275.9836564904
-0.6343843843843846 	299.9601489799655 	0.8848481711013462 	101277.8960369906
-0.6318818818818821 	299.9624845031869 	0.8915997239283111 	101280.6560678561
-0.6293793793793795 	299.965492669777 	0.9002959533527969 	101284.2111731068
-0.6268768768768773 	299.969117986298 	0.9107760613296614 	101288.4957261598
-0.6243743743743745 	299.9732943335143 	0.9228496472718494 	101293.4319886232
-0.6218718718718721 	299.9779472102069 	0.9362997503441308 	101298.9313397319
-0.6193693693693696 	299.9829933707136 	0.9508862145362963 	101304.8956809901
-0.6168668668668671 	299.9883427948686 	0.9663494943222891 	101311.2189707312
-0.6143643643643645 	299.9939006864041 	0.982414967978788 	101317.7889389456
-0.6118618618618621 	299.9995682888164 	0.9987976197452479 	101324.4890333207
-0.6093593593593596 	300.0052453459325 	1.015207063407208 	101331.2005114212
-0.6068568568568571 	300.0108311729175 	1.031352670021548 	101337.8044849584
-0.6043543543543546 	300.0162268067269 	1.046948380083963 	101344.1839551347
-0.6018518518518521 	300.0213365778874 	1.061717151790029 	101350.2256096262
-0.5993493493493496 	300.0260690450476 	1.075395257182336 	101355.8215257997
-0.5968468468468471 	300.030339225472 	1.087736454949884 	101360.8709032296
-0.5943443443443446 	300.0340692997034 	1.09851609196835 	101365.2817897578
-0.591841841841842 	300.0371903021199 	1.107535023213703 	101368.9726225791
-0.5893393393393397 	300.0396434797203 	1.114623143114185 	101371.8737184935
-0.5868368368368371 	300.0413810068944 	1.119642578046733 	101373.928601025
-0.5843343343343346 	300.0423674002753 	1.122490591050251 	101375.0951428706
-0.5818318318318321 	300.0425803766991 	1.12310141780763 	101375.3466048915
-0.5793293293293297 	300.0420093698399 	1.121447096540373 	101374.67115737
-0.5768268268268271 	300.0406585349602 	1.117542265736411 	101373.074299983
-0.5743243243243245 	300.0385502289965 	1.111447017296747 	101370.5813011736
-0.5718218218218221 	300.0357194382403 	1.103263323553518 	101367.2337780356
-0.5693193193193196 	300.0322149947917 	1.093133260273613 	101363.0897547968
-0.5668168168168171 	300.0280997992011 	1.081238555254754 	101358.2236134902
-0.5643143143143147 	300.0234496062674 	1.067798409770949 	101352.7250992801
-0.5618118118118121 	300.0183521171724 	1.053065768604228 	101346.6977880555
-0.5593093093093094 	300.0129045960775 	1.037322180146152 	101340.25699548
-0.5568068068068072 	300.0072123537639 	1.020871394256456 	101333.5271359856
-0.5543043043043046 	300.0013857643004 	1.004032063305332 	101326.6386910009
-0.551801801801802 	299.9955374541543 	0.9871300805072378 	101319.7250338513
-0.5492992992992995 	299.989780418166 	0.9704911180572874 	101312.9193983465
-0.5467967967967969 	299.9842244915382 	0.9544335794130787 	101306.3519961652
-0.5442942942942947 	299.9789752242498 	0.9392618661070009 	101300.1472967505
-0.5417917917917919 	299.974130976598 	0.9252600648526287 	101294.4214260455
-0.5392892892892895 	299.9697807095731 	0.9126862860845018 	101289.2798501247
-0.536786786786787 	299.966003428602 	0.901767837153742 	101284.8154100778
-0.5342842842842846 	299.9628654335508 	0.892697419040537 	101281.1068044158
-0.531781781781782 	299.9604205858948 	0.8856303597753836 	101278.2174255836
-0.5292792792792794 	299.958709155521 	0.8806827500916847 	101276.1946436454
-0.526776776776777 	299.957756905542 	0.8779304318206882 	101275.0693818828
-0.5242742742742745 	299.9575761928854 	0.8774093137516217 	101274.8560536103
-0.521771771771772 	299.9581665712408 	0.8791167727791103 	101275.5538566555
-0.5192692692692695 	299.9595138967258 	0.8830101924895203 	101277.145668709
-0.516766766766767 	299.9615886859692 	0.8890072478100449 	101279.5972784039
-0.5142642642642645 	299.9643501798115 	0.8969908286033554 	101282.8609920685
-0.511761761761762 	299.9677475514887 	0.9068119830688669 	101286.8760756017
-0.5092592592592596 	299.9717186541463 	0.9182915915484035 	101291.5693827797
-0.506756756756757 	299.9761918809282 	0.931223015118495 	101296.8565316219
-0.5042542542542544 	299.9810878446772 	0.945375523988795 	101302.6432631564
-0.5017517517517521 	299.9863191661129 	0.9604981187135068 	101308.8270001959
-0.4992492492492494 	299.9917939865847 	0.976323669149186 	101315.2985866103
-0.496746746746747 	299.9974155805168 	0.9925733714017804 	101321.9440486814
-0.4942442442442445 	300.0030849650618 	1.008961340516523 	101328.6464724317
-0.4917417417417421 	300.0087027268924 	1.025199296692818 	101335.287973172
-0.4892392392392395 	300.0141695932188 	1.041001371665627 	101341.7516262482
-0.486736736736737 	300.019389471023 	1.056088674801336 	101347.9233433937
-0.4842342342342345 	300.0242695621711 	1.070193545129694 	101353.6936364023
-0.481731731731732 	300.0287226143244 	1.083063701719311 	101358.9592666515
-0.4792292292292296 	300.0326681485427 	1.094466190014066 	101363.6248561065
-0.4767267267267268 	300.0360334195836 	1.104191155256675 	101367.6045038502
-0.4742242242242246 	300.0387552148945 	1.112055575748782 	101370.8232387525
-0.471721721721722 	300.0407806059558 	1.117906796487298 	101373.2184927017
-0.4692192192192195 	300.0420683205911 	1.121625683788729 	101374.7414480529
-0.4667167167167169 	300.0425899288928 	1.123129286631446 	101375.3581780402
-0.4642142142142145 	300.0423298955893 	1.122371643730725 	101375.0500168119
-0.461711711711712 	300.0412837564288 	1.119346859297383 	101373.8134783217
-0.4592092092092094 	300.0394671233302 	1.114094624382335 	101371.6654961885
-0.456706706706707 	300.0369090265895 	1.10669907789218 	101368.6405411513
-0.4542042042042045 	300.0336527393994 	1.097285831693641 	101364.7898571394
-0.451701701701702 	300.0297558485905 	1.086022024929294 	101360.1818248811
-0.4491991991991995 	300.0252900159055 	1.073114612530127 	101354.9011865581
-0.4466966966966969 	300.0203394126532 	1.058806717031854 	101349.0475279472
-0.4441941941941945 	300.0149989434192 	1.043372667147836 	101342.7332001015
-0.441691691691692 	300.009372355215 	1.027111848586986 	101336.0808151969
-0.4391891891891895 	300.0035695237605 	1.010341615524471 	101329.2203520681
-0.436686686686687 	299.9977037736687 	0.9933895733797992 	101322.2859244191
-0.4341841841841846 	299.9918894851217 	0.9765856382240721 	101315.4125418679
-0.431681681681682 	299.9862387670747 	0.9602543703642619 	101308.7329759146
-0.4291791791791794 	299.9808598325068 	0.9447078098200735 	101302.3748168346
-0.426676676676677 	299.9758538160257 	0.9302388661760783 	101296.4577904172
-0.4241741741741744 	299.9713135181775 	0.9171154999224084 	101291.0914181812
-0.421671671671672 	299.9673212445327 	0.9055757844415641 	101286.3729438342
-0.4191691691691694 	299.9639475802929 	0.8958238261807817 	101282.3857152931
-0.4166666666666669 	299.9612502983379 	0.8880266838445979 	101279.1979244745
-0.4141641641641645 	299.9592736114519 	0.8823123840454314 	101276.8618005057
-0.411661661661662 	299.9580478899609 	0.8787688682220006 	101275.4131933364
-0.4091591591591594 	299.9575894649717 	0.877444007708247 	101274.8715302525
-0.406656656656657 	299.9579012903195 	0.8783473919629605 	101275.2405120382
-0.4041541541541545 	299.9589752211771 	0.8814500415937404 	101276.5090895183
-0.401651651651652 	299.9607856381901 	0.8866828218992828 	101278.648364545
-0.3991491491491494 	299.9632961491688 	0.8939402006959224 	101281.6152237752
-0.396646646646647 	299.966459320079 	0.903084503546024 	101285.3535614756
-0.3941441441441444 	299.9702171105405 	0.9139476074194058 	101289.7947441945
-0.3916416416416419 	299.9745016418063 	0.9263334524833697 	101294.8586892185
-0.3891391391391395 	299.97923663851 	0.9400212193231912 	101300.4552114665
-0.3866366366366368 	299.9843383453875 	0.9547689637534423 	101306.4854755634
-0.3841341341341344 	299.9897171268781 	0.9703174978294031 	101312.8435427623
-0.381631631631632 	299.9952788668811 	0.9863944530328226 	101319.4181031176
-0.3791291291291294 	300.000926119859 	1.002718723775678 	101326.094228373
-0.3766266266266269 	300.00656051946 	1.019005168270877 	101332.7552957046
-0.3741241241241244 	300.012083332277 	1.03496920684257 	101339.2849318821
-0.371621621621622 	300.0173981135301 	1.050331200998753 	101345.5687919045
-0.3691191191191194 	300.0224111403672 	1.064820538352147 	101351.4961471713
-0.366616616616617 	300.0270332505605 	1.078179655271411 	101356.9616261331
-0.3641141141141143 	300.0311815195286 	1.090168145539355 	101361.8668368164
-0.3616116116116119 	300.034779732528 	1.100566664921385 	101366.1219616355
-0.3591091091091095 	300.0377608626464 	1.109180553448553 	101369.6472896267
-0.356606606606607 	300.0400671070943 	1.115843430510317 	101372.374674343
-0.3541041041041044 	300.0416518303576 	1.120420525683189 	101374.2488687086
-0.3516016016016019 	300.0424804138185 	1.122811514515155 	101375.2287555276
-0.3490990990990994 	300.0425312499935 	1.122952415788241 	101375.2883804354
-0.346596596596597 	300.0417939275129 	1.120817407157596 	101374.4163949499
-0.3440940940940944 	300.04027458253 	1.116425364699763 	101372.620366681
-0.3415915915915919 	300.0379977224956 	1.109842180994958 	101369.927897152
-0.3390890890890895 	300.0350001770645 	1.101176731580035 	101366.3832690924
-0.3365865865865869 	300.0313343098751 	1.090580281474166 	101362.0483254592
-0.3340840840840844 	300.0270668005313 	1.078245981488828 	101357.0021416808
-0.3315815815815819 	300.0222779975407 	1.06440580049034 	101351.3397279968
-0.3290790790790794 	300.0170599802896 	1.049325662683303 	101345.1700295247
-0.3265765765765769 	300.0115144503521 	1.033299546618334 	101338.6134346771
-0.3240740740740744 	300.0057507003273 	1.016642666986678 	101331.7990403536
-0.3215715715715718 	299.9998823485615 	0.9996835552475806 	101324.8614272649
-0.3190690690690695 	299.9940249958246 	0.9827554757033418 	101317.9370146989
-0.3165665665665668 	299.9882925588478 	0.9661882052129533 	101311.1606792921
-0.3140640640640644 	299.9827955423278 	0.9503008587989902 	101304.6629277678
-0.311561561561562 	299.9776384577472 	0.935395299318706 	101298.567191967
-0.3090590590590593 	299.9729173702161 	0.9217495761626772 	101292.9871332809
-0.3065565565565568 	299.9687184143273 	0.9096121074779505 	101288.0242410759
-0.3040540540540545 	299.9651156031013 	0.8991977170128482 	101283.7661858624
-0.3015515515515518 	299.9621708127184 	0.8906851129762293 	101280.2858914242
-0.2990490490490494 	299.9599326874433 	0.8842147705196738 	101277.6407391925
-0.2965465465465469 	299.9584357966361 	0.8798871600428907 	101275.8717111345
-0.2940440440440444 	299.9577009098755 	0.8777622397712851 	101275.003141464
-0.2915415415415418 	299.9577345259623 	0.8778612540300544 	101275.0433749172
-0.2890390390390395 	299.9585328674468 	0.8801685621037297 	101275.9866731012
-0.2865365365365368 	299.9600764703103 	0.884628796570283 	101277.8103077131
-0.2840340340340343 	299.9623315630201 	0.8911476954406331 	101280.475364805
-0.2815315315315318 	299.9652547825384 	0.8995981294394564 	101283.9300130062
-0.2790290290290295 	299.9687917987921 	0.90982329163805 	101288.1102446585
-0.2765265265265269 	299.9728789055009 	0.9216386622539412 	101292.9408273519
-0.2740240240240244 	299.9774435345164 	0.9348336694495681 	101298.3357938744
-0.2715215215215219 	299.9824043337981 	0.9491745592067147 	101304.199548685
-0.2690190190190194 	299.9876746165984 	0.9644094870601931 	101310.4291094082
-0.2665165165165169 	299.9931624961459 	0.9802738277645482 	101316.9163767735
-0.2640140140140144 	299.9987734657003 	0.9964933439362225 	101323.5493926083
-0.2615115115115119 	300.0044101756897 	1.012786516052519 	101330.2130693882
-0.2590090090090094 	300.0099738843141 	1.028869095198892 	101336.7909951437
-0.2565065065065068 	300.0153679638195 	1.04446072090264 	101343.1684153621
-0.2540040040040044 	300.0204983454126 	1.059290152579259 	101349.2345564748
-0.2515015015015019 	300.025275524742 	1.073097311429345 	101354.8831647287
-0.2489989989989994 	300.0296137260084 	1.085634865725909 	101360.0129641852
-0.2464964964964968 	300.033433227575 	1.096673003236907 	101364.5296790765
-0.2439939939939944 	300.0366631192801 	1.106006246216118 	101368.3491202862
-0.2414914914914919 	300.0392419782799 	1.113457492754554 	101371.3989549644
-0.2389889889889893 	300.0411188427605 	1.118878199717411 	101373.6185251926
-0.2364864864864869 	300.0422521333477 	1.122149300064467 	101374.9588371235
-0.2339839839839843 	300.0426126980583 	1.123186411863333 	101375.3850773103
-0.2314814814814819 	300.0421855191922 	1.121945483672256 	101374.8792228038
-0.2289789789789792 	300.040968616245 	1.118427975185048 	101373.4409921331
-0.2264764764764769 	300.0389814408226 	1.112681787396529 	101371.0912507867
-0.2239739739739743 	300.0362539840857 	1.104795649902839 	101367.8658844654
-0.2214714714714718 	300.0328306350467 	1.094900216004596 	101363.8178100199
-0.2189689689689693 	300.0287734475581 	1.083174178462188 	101359.0201614811
-0.2164664664664669 	300.0241602027416 	1.069842012916097 	101353.5653167794
-0.2139639639639643 	300.0190811641028 	1.05516313387062 	101347.5598552777
-0.2114614614614618 	300.0136344011079 	1.039421477254773 	101341.1198311477
-0.2089589589589593 	300.0079251762158 	1.022922756024706 	101334.3699343775
-0.2064564564564568 	300.0020672190593 	1.005994756376407 	101327.4443032614
-0.2039539539539543 	299.9961792485235 	0.9889799646575674 	101320.4837294238
-0.2014514514514518 	299.9903797862519 	0.9722186932566648 	101313.6279955708
-0.1989489489489494 	299.9847801814875 	0.9560334953176868 	101307.0088077416
-0.1964464464464468 	299.9794838465191 	0.9407253892445655 	101300.7485121152
-0.1939439439439443 	299.9745891285525 	0.9265786223318464 	101294.9629640603
-0.1914414414414418 	299.9701883459777 	0.9138598680052503 	101289.7616538361
-0.1889389389389393 	299.9663640526647 	0.902804893445279 	101285.2417040988
-0.1864364364364368 	299.9631815855739 	0.893603029778238 	101281.4804335325
-0.1839339339339343 	299.9606887128687 	0.8863949632195858 	101278.5343119027
-0.1814314314314318 	299.9589210744226 	0.8812850955163094 	101276.4451517917
-0.1789289289289293 	299.957905921506 	0.8783524280280974 	101275.2455149992
-0.1764264264264268 	299.9576608331064 	0.8776452597153471 	101274.9560389065
-0.1739239239239243 	299.9581869816625 	0.8791655271012678 	101275.5781536833
-0.1714214214214218 	299.9594665531056 	0.8828591023064715 	101277.0896592615
-0.1689189189189193 	299.9614623257017 	0.8886274597990218 	101279.4480673691
-0.1664164164164168 	299.9641338755637 	0.8963531896027727 	101282.6053561654
-0.1639139139139143 	299.9674380342985 	0.9059077730257026 	101286.5103077114
-0.1614114114114118 	299.9713216967095 	0.9171344350975217 	101291.1002975545
-0.1589089089089093 	299.9757143565911 	0.9298293745413448 	101296.2920609508
-0.1564064064064068 	299.9805294389101 	0.9437461316663237 	101301.9833547414
-0.1539039039039043 	299.9856756066105 	0.9586239669936329 	101308.0662238998
-0.1514014014014018 	299.99106690032 	0.9742134208347379 	101314.43914623
-0.1488988988988993 	299.9966216256388 	0.9902734421692455 	101321.0055367178
-0.1463963963963968 	300.002251326191 	1.00654500567819 	101327.6608629484
-0.1438938938938943 	300.0078534364844 	1.022733690041328 	101334.2839929488
-0.1413913913913918 	300.0133180354358 	1.038526508180149 	101340.7447249472
-0.1388888888888893 	300.0185428912311 	1.053631924014887 	101346.922425235
-0.1363863863863868 	300.0234444724217 	1.067805303572766 	101352.7180711361
-0.1338838838838843 	300.0279517323647 	1.08083510763788 	101358.0476778073
-0.1313813813813818 	300.0319910528852 	1.092505303763682 	101362.8242774243
-0.1288788788788793 	300.0354787139175 	1.102576113168667 	101366.948451663
-0.1263763763763768 	300.0383293781339 	1.110809173578036 	101370.3197159309
-0.1238738738738743 	300.0404775163391 	1.117018211142616 	101372.8600797853
-0.1213713713713717 	300.0418877487203 	1.121098254520572 	101374.5278926571
-0.1188688688688693 	300.0425475213643 	1.12300505804976 	101375.3082372932
-0.1163663663663668 	300.04244759733 	1.122704204785959 	101375.1892259963
-0.1138638638638643 	300.041565747863 	1.120142950786427 	101374.1467976493
-0.1113613613613618 	300.0398865358985 	1.115282284404512 	101372.1615199993
-0.1088588588588592 	300.0374211944675 	1.108158355591625 	101369.2462167651
-0.1063563563563568 	300.0342208590117 	1.098917566435725 	101365.4617199358
-0.1038538538538543 	300.0303702126229 	1.087795284030767 	101360.9083106096
-0.1013513513513517 	300.0259608012797 	1.075048613075833 	101355.6943833604
-0.09884884884884926 	300.0210697569163 	1.060901902670202 	101349.9111066929
-0.09634634634634676 	300.0157625703933 	1.045554621266198 	101343.6360970657
-0.09384384384384425 	300.0101181434703 	1.029243753787806 	101336.962561229
-0.09134134134134177 	300.0042511658301 	1.012301098580551 	101330.0262853514
-0.08883883883883925 	299.9983103795346 	0.9951462618382247 	101323.0030179128
-0.08633633633633674 	299.992449022996 	0.9782105534363666 	101316.0740531744
-0.08383383383383426 	299.9867909825002 	0.9618479613714447 	101309.3857380922
-0.08133133133133173 	299.9814181554025 	0.946302846646035 	101303.0347726691
-0.07882882882882926 	299.9763891610126 	0.9317585435155087 	101297.0906359315
-0.07632632632632676 	299.9717739542943 	0.9184244592343898 	101291.6356194986
-0.07382382382382424 	299.9676723429729 	0.9065859234901366 	101286.7879780235
-0.07132132132132173 	299.9642021598771 	0.8965694750839743 	101282.6866521306
-0.06881881881881925 	299.9614609103117 	0.8886446035407836 	101279.4468262095
-0.06631631631631671 	299.9594918418983 	0.8829357881525325 	101277.119808741
-0.06381381381381425 	299.958281275344 	0.8794141661400908 	101275.6890009548
-0.06131131131131173 	299.957788483467 	0.8779792356956376 	101275.1067238265
-0.05880880880880923 	299.9579898228491 	0.8785723214516856 	101275.3452040366
-0.05630630630630672 	299.9589036037672 	0.8812347075757109 	101276.424543845
-0.05380380380380424 	299.9605670272424 	0.8860621583231365 	101278.3900988863
-0.05130130130130173 	299.9629980142419 	0.8930914674330845 	101281.2629339478
-0.04879879879879922 	299.9661550344381 	0.9021992079072454 	101284.9939734912
-0.04629629629629672 	299.9699302298903 	0.9130856087956795 	101289.4558041228
-0.04379379379379422 	299.9741838485899 	0.9253648548621801 	101294.4830366297
-0.04129129129129173 	299.9787957446139 	0.9387033059129922 	101299.934202888
-0.03878878878878922 	299.9837018013389 	0.9529117742744527 	101305.7331261651
-0.03628628628628671 	299.9888861981225 	0.9679283617393488 	101311.8613011911
-0.03378378378378422 	299.9943380318055 	0.9837022605713057 	101318.3060634801
-0.03128128128128172 	299.9999997897437 	1.000056243217724 	101324.9990243097
-0.02877877877877922 	300.005740961945 	1.016621158244212 	101331.7864757879
-0.0262762762762767 	300.0113798923773 	1.032890076751448 	101338.453263183
-0.02377377377377422 	300.0167366880916 	1.048362658879078 	101344.7867211934
-0.0212712712712717 	300.0216885205363 	1.062692590517755 	101350.6418878387
-0.01876876876876921 	300.0261936122985 	1.075748760471836 	101355.9687335819
-0.01626626626626671 	300.0302662232658 	1.087553019305736 	101360.7846133072
-0.0137637637637642 	300.0339226385469 	1.09813132611933 	101365.108407171
-0.0112612612612617 	300.0371255101676 	1.1073675913565 	101368.8958897879
-0.008758758758759198 	300.0397630197939 	1.114948507022565 	101372.0151720686
-0.006256256256256697 	300.0416763152104 	1.120434812438468 	101374.2777724232
-0.003753753753754195 	300.0427177092848 	1.123422603543572 	101375.5094574846
-0.001251251251251693 	300.0428138548083 	1.123707485865245 	101375.6224952842
0.00125125125125081 	300.0419903540067 	1.121361644363498 	101374.6484187792
0.003753753753753312 	300.0403597246335 	1.116693796731089 	101372.7211983186
0.006256256256255817 	300.0380696826451 	1.110098498747684 	101370.0130577516
0.008758758758758317 	300.0352266880487 	1.101873468104425 	101366.6510573046
0.01126126126126082 	300.0318630454523 	1.092114583963892 	101362.6736294325
0.01376376376376332 	300.0279421438662 	1.080732117531548 	101358.0371744155
0.01626626626626582 	300.0234041465803 	1.067577599138702 	101352.671360355
0.01876876876876833 	300.0182317241861 	1.052619208861081 	101346.5555203128
0.02127127127127083 	300.0125002282733 	1.036080296913462 	101339.7789066823
0.02377377377377332 	300.0063906657423 	1.018473879933495 	101332.5557589705
0.02627627627627583 	300.0001581356221 	1.000514963175818 	101325.1874488144
0.02877877877877833 	299.9940681509887 	0.9829489668920073 	101317.9881013926
0.03128128128128083 	299.9883313415344 	0.9663700782888147 	101311.2065430821
0.03378378378378333 	299.9830602785831 	0.9511028021980271 	101304.9758117939
0.03628628628628584 	299.9782653190232 	0.9371898866978347 	101299.3081729891
0.03878878878878834 	299.9738890829627 	0.9244860122580663 	101294.135598986
0.04129129129129084 	299.9698636140866 	0.9128156023441224 	101289.377803909
0.04379379379379333 	299.9661678011331 	0.9021304982091876 	101285.0097773421
0.04629629629629585 	299.9628622720917 	0.8926067518579253 	101281.1031099688
0.04879879879879834 	299.9600900158532 	0.8846468759640582 	101277.8267737282
0.05130130130130085 	299.9580439557935 	0.8787903514007558 	101275.4086874907
0.05380380380380335 	299.9569136685074 	0.8755661118026616 	101274.0728725899
0.05630630630630584 	299.9568294056303 	0.8753383830384361 	101273.9737857281
0.05880880880880836 	299.9578246794776 	0.8781957622033285 	101275.1501268314
0.06131131131131085 	299.9598198331742 	0.8839104302636246 	101277.5070140932
0.06381381381381336 	299.9626357727946 	0.8919867192506886 	101280.8347990694
0.06631631631631586 	299.9660461060562 	0.9017857708397757 	101284.8652932316
0.06881881881881835 	299.9698267712641 	0.912675948068939 	101289.3334645855
0.07132132132132088 	299.9738049371898 	0.9241685979292734 	101294.0353418154
0.07382382382382337 	299.9778907344279 	0.9360053022052394 	101298.8645626173
0.07632632632632587 	299.9820828649704 	0.9481756124926005 	101303.8195860731
0.07882882882882837 	299.9864502768059 	0.9608665282889564 	101308.9820711062
0.08133133133133086 	299.9910966989827 	0.9743620637963732 	101314.4744052913
0.08383383383383337 	299.9961163170869 	0.988920877719439 	101320.4082382395
0.08633633633633589 	300.0015540602965 	1.004662067911405 	101326.8365922416
0.08883883883883838 	300.0073763650475 	1.021484264524068 	101333.7198623842
0.09134134134134086 	300.0134600270428 	1.039033628950199 	101340.9125967292
0.09384384384384339 	300.019600262553 	1.056724993402673 	101348.1724748283
0.09634634634634588 	300.0255337070171 	1.07380815710377 	101355.1883579483
0.09884884884884838 	300.0309725695555 	1.089462078637504 	101361.619733507
0.1013513513513509 	300.0356404005229 	1.102897997485317 	101367.1396148001
0.1038538538538534 	300.0393055342751 	1.113454727256193 	101371.4740472053
0.1063563563563559 	300.0418074777388 	1.120672432276029 	101374.4328788818
0.1088588588588584 	300.0430713549673 	1.124336025843083 	101375.9276557821
0.1113613613613609 	300.0431123317359 	1.124483798564022 	101375.9753940583
0.1138638638638634 	300.0420231181612 	1.121383995595146 	101374.6872089168
0.1163663663663659 	300.0399637170925 	1.115494718844062 	101372.252905756
0.1188688688688684 	300.037142941737 	1.10740336718765 	101368.9171896427
0.1213713713713709 	300.0337841312692 	1.097753024686618 	101364.945289356
0.1238738738738734 	300.0301095207107 	1.08718103846078 	101360.6000515992
0.1263763763763759 	300.0263219527631 	1.076270567095451 	101356.1213646575
0.1288788788788784 	300.0225928396244 	1.065515899403646 	101351.7119245972
0.1313813813813809 	300.0190559280108 	1.055304078710665 	101347.5298673771
0.1338838838838834 	300.0158061006925 	1.045910854874089 	101343.6873602603
0.1363863863863859 	300.0129018179808 	1.037507315660272 	101340.2534970225
0.1388888888888884 	300.0103699664069 	1.030173544710661 	101337.2600380864
0.1413913913913909 	300.0082120090555 	1.023916109802526 	101334.7086873365
0.1438938938938934 	300.0064105050853 	1.018686699619645 	101332.5788027368
0.1463963963963959 	300.0049352960245 	1.014399881103359 	101330.8347116521
0.1488988988988985 	300.0037489002478 	1.010948639953676 	101329.4320885414
0.1514014014014009 	300.0028108764315 	1.00821699683193 	101328.3231126879
0.1539039039039035 	300.0020810929561 	1.006089502348536 	101327.4603332109
0.1564064064064059 	300.0015219702354 	1.004457781936172 	101326.7993185271
0.1589089089089084 	300.0010998372826 	1.003224529526452 	101326.3002593545
0.1614114114114109 	300.0007855817043 	1.002305457664619 	101325.9287370263
0.1639139139139134 	300.0005547781166 	1.001629728822348 	101325.6558745176
0.166416416416416 	300.0003874619222 	1.0011393503572 	101325.4580686125
0.1689189189189185 	300.0002676886864 	1.000787938413642 	101325.3164692705
0.1714214214214209 	300.0001829890575 	1.000539166825419 	101325.2163350145
0.1739239239239235 	300.0001237974093 	1.000365129568417 	101325.1463570115
0.1764264264264259 	300.0000829050693 	1.000244768518562 	101325.0980129766
0.1789289289289284 	300.0000549694639 	1.000162456013185 	101325.0649866287
0.181431431431431 	300.0000360922955 	1.000106775142025 	101325.0426694931
0.1839339339339334 	300.0000234714096 	1.00006950839849 	101325.0277486992
0.186436436436436 	300.0000151205876 	1.000044824144886 	101325.0178761657
0.1889389389389385 	300.0000096511357 	1.00002863951803 	101325.0114099623
0.191441441441441 	300.0000061042688 	1.00001813287688 	101325.00721673
0.1939439439439434 	300.0000038264445 	1.000011378378843 	101325.0045238532
0.196446446446446 	300.0000023775272 	1.000007077339953 	101325.0028109368
0.1989489489489485 	300.0000014645353 	1.000004364093982 	101325.0017315223
0.2014514514514509 	300.0000008944994 	1.000002668164859 	101325.0010575409
0.2039539539539535 	300.000000541748 	1.000001617641076 	101325.0006404921
0.2064564564564559 	300.0000003253517 	1.000000972645972 	101325.0003847068
0.2089589589589585 	300.0000001938208 	1.000000580072678 	101325.0002291898
0.211461461461461 	300.0000001144864 	1.000000343175008 	101325.000135443
0.2139639639639635 	300.0000000671163 	1.000000201422138 	101325.0000794066
0.2164664664664659 	300.0000000390856 	1.00000011729964 	101325.0000461879
0.2189689689689684 	300.0000000225832 	1.000000067794725 	101325.0000266571
0.221471471471471 	300.0000000129431 	1.000000038873782 	101325.0000152656
0.2239739739739735 	300.0000000073239 	1.000000022130883 	101325.0000086737
0.226476476476476 	300.0000000041079 	1.000000012511716 	101325.0000048896
0.2289789789789785 	300.0000000023142 	1.000000007022543 	101325.0000027333
0.231481481481481 	300.0000000012772 	1.00000000391372 	101325.0000015133
0.2339839839839835 	300.0000000006721 	1.000000002167294 	101325.0000008283
0.236486486486486 	300.0000000003965 	1.000000001192276 	101325.0000004467
0.2389889889889885 	300.0000000002105 	1.000000000652699 	101325.0000002358
0.241491491491491 	300.000000000032 	1.000000000363158 	101325.0000001199
0.2439939939939935 	300.0000000000011 	1.000000000187998 	101325.0000000568
0.246496496496496 	300.0000000000018 	1.000000000099616 	101325.0000000221
0.2489989989989985 	300.0000000000655 	1.000000000055462 	101325.0000000039
0.251501501501501 	300.0000000000681 	1.00000000003134 	101324.999999994
0.2540040040040035 	300.0000000000317 	1.000000000017907 	101324.9999999883
0.256506506506506 	300.0000000000379 	1.000000000010696 	101324.9999999851
0.2590090090090086 	299.9999999999295 	1.000000000015604 	101324.9999999832
0.261511511511511 	299.9999999999633 	1.000000000001571 	101324.9999999823
0.2640140140140135 	299.999999999956 	1.00000000000148 	101324.9999999821
0.2665165165165161 	299.9999999999056 	1.00000000000574 	101324.9999999819
0.2690190190190185 	299.9999999999523 	1.000000000006239 	101324.9999999815
0.271521521521521 	300.0000000000362 	1.000000000005378 	101324.9999999815
0.2740240240240235 	300.0000000000578 	1.000000000004839 	101324.9999999811
0.276526526526526 	300.0000000000432 	1.000000000004699 	101324.9999999807
0.2790290290290286 	299.9999999999782 	1.000000000004929 	101324.9999999805
0.281531531531531 	299.9999999998908 	1.000000000013521 	101324.9999999802
0.2840340340340335 	299.9999999999245 	1.000000000001741 	101324.9999999806
0.2865365365365361 	299.9999999999462 	1.000000000002842 	101324.9999999811
0.2890390390390385 	299.9999999999972 	1.000000000006739 	101324.9999999818
0.291541541541541 	300.0000000000189 	1.000000000005815 	101324.999999982
0.2940440440440436 	300.0000000000199 	1.000000000004258 	101324.9999999815
0.296546546546546 	300.0000000000118 	1.000000000004143 	101324.9999999815
0.2990490490490486 	299.9999999999561 	1.000000000004242 	101324.9999999815
0.3015515515515511 	300.0000000000165 	1.000000000004079 	101324.9999999811
0.3040540540540535 	300.0000000000161 	1.000000000018011 	101324.9999999806
0.3065565565565562 	300.0000000000155 	0.9999999999937931 	101324.9999999803
0.3090590590590585 	300.000000000005 	0.9999999999948321 	101324.9999999804
0.3115615615615611 	299.9999999999404 	1.00000000000348 	101324.9999999807
0.3140640640640635 	299.9999999999877 	1.000000000004454 	101324.999999981
0.316566566566566 	299.9999999999859 	1.000000000003627 	101324.9999999808
0.3190690690690687 	299.9999999999259 	1.000000000004424 	101324.9999999805
0.3215715715715711 	299.9999999999715 	1.00000000000554 	101324.9999999808
0.3240740740740735 	299.9999999999824 	1.000000000006237 	101324.9999999813
0.326576576576576 	299.9999999999034 	1.000000000006994 	101324.9999999814
0.3290790790790786 	299.9999999999642 	1.000000000006325 	101324.9999999814
0.3315815815815811 	300.0000000000261 	1.000000000005611 	101324.9999999803
0.3340840840840836 	300.0000000000088 	1.000000000005618 	101324.9999999799
0.3365865865865861 	300.0000000000488 	1.000000000005174 	101324.9999999804
0.3390890890890886 	300.0000000000852 	1.000000000005987 	101324.9999999812
0.3415915915915911 	300.0000000000566 	1.000000000005925 	101324.9999999817
0.3440940940940935 	299.99999999995 	1.000000000012906 	101324.999999982
0.3465965965965962 	299.9999999999849 	1.000000000001813 	101324.9999999817
0.3490990990990985 	300.0000000000169 	1.000000000003256 	101324.9999999815
0.3516016016016011 	300.0000000000242 	1.000000000006877 	101324.9999999805
0.3541041041041035 	300.0000000000133 	1.000000000006408 	101324.9999999802
0.3566066066066061 	299.9999999999387 	1.000000000005304 	101324.9999999806
0.3591091091091085 	299.9999999998853 	1.000000000005397 	101324.9999999803
0.3616116116116112 	299.9999999999085 	1.000000000005307 	101324.9999999803
0.3641141141141137 	299.9999999998997 	1.000000000004803 	101324.999999981
0.3666166166166161 	299.9999999998592 	1.000000000017895 	101324.999999981
0.3691191191191185 	299.9999999999547 	0.9999999999952009 	101324.9999999811
0.371621621621621 	299.9999999999877 	0.9999999999970584 	101324.9999999806
0.3741241241241237 	300.0000000000379 	1.000000000005644 	101324.9999999807
0.3766266266266261 	300.0000000000358 	1.000000000006544 	101324.9999999802
0.3791291291291286 	300.0000000000086 	1.000000000005243 	101324.9999999798
0.3816316316316311 	299.9999999999247 	1.000000000005801 	101324.9999999799
0.3841341341341336 	299.9999999999567 	1.000000000006585 	101324.9999999798
0.3866366366366362 	299.999999999954 	1.000000000005804 	101324.9999999803
0.3891391391391387 	299.9999999999403 	1.00000000000581 	101324.9999999804
0.391641641641641 	299.9999999999753 	1.000000000005408 	101324.9999999802
0.3941441441441436 	300.0000000000125 	1.000000000005342 	101324.9999999802
0.3966466466466462 	300.0000000000096 	1.000000000006377 	101324.9999999808
0.3991491491491486 	299.9999999999762 	1.0000000000078 	101324.9999999813
0.4016516516516512 	299.9999999999154 	1.00000000000805 	101324.9999999818
0.4041541541541536 	299.9999999999276 	1.00000000000815 	101324.999999982
0.4066566566566561 	299.9999999999317 	1.000000000013917 	101324.9999999818
0.4091591591591587 	299.99999999998 	1.000000000001975 	101324.9999999819
0.4116616616616612 	300.0000000000227 	1.000000000003086 	101324.9999999817
0.4141641641641635 	300.0000000000617 	1.000000000007848 	101324.9999999814
0.4166666666666662 	300.0000000000418 	1.000000000010084 	101324.9999999809
0.4191691691691687 	299.9999999999487 	1.000000000010236 	101324.9999999806
0.421671671671671 	299.999999999963 	1.000000000009749 	101324.9999999802
0.4241741741741737 	299.9999999999499 	1.000000000009614 	101324.9999999802
0.4266766766766761 	299.9999999999048 	1.000000000009469 	101324.9999999811
0.4291791791791785 	299.9999999999678 	1.000000000019952 	101324.9999999812
0.4316816816816812 	299.999999999981 	0.9999999999975464 	101324.9999999809
0.4341841841841836 	299.999999999986 	1.000000000000155 	101324.9999999807
0.4366866866866862 	299.9999999999403 	1.000000000008324 	101324.9999999806
0.4391891891891885 	299.9999999999933 	1.000000000010475 	101324.9999999808
0.4416916916916913 	300.0000000000149 	1.000000000010786 	101324.9999999805
0.4441941941941936 	299.9999999999923 	1.000000000010671 	101324.9999999805
0.4466966966966961 	299.9999999998985 	1.00000000001014 	101324.9999999803
0.4491991991991987 	299.9999999999279 	1.000000000009768 	101324.9999999799
0.4517017017017012 	299.9999999999292 	1.000000000010242 	101324.9999999798
0.4542042042042035 	299.9999999999706 	1.000000000010917 	101324.9999999803
0.4567067067067062 	300.0000000000129 	1.000000000011618 	101324.9999999806
0.4592092092092087 	299.9999999999154 	1.00000000001134 	101324.9999999805
0.4617117117117112 	299.9999999999498 	1.000000000011382 	101324.9999999806
0.4642142142142137 	299.9999999999163 	1.000000000011405 	101324.9999999803
0.4667167167167162 	299.9999999999567 	1.000000000010429 	101324.9999999799
0.4692192192192187 	299.9999999999276 	1.000000000008803 	101324.9999999796
0.4717217217217212 	299.9999999999694 	1.000000000008478 	101324.9999999791
0.4742242242242236 	299.999999999941 	1.000000000008266 	101324.9999999792
0.4767267267267262 	299.9999999999026 	1.000000000008626 	101324.9999999797
0.4792292292292287 	299.9999999999644 	1.000000000010075 	101324.9999999798
0.4817317317317312 	300.0000000000283 	1.000000000010491 	101324.9999999799
0.4842342342342336 	300.0000000000178 	1.000000000010432 	101324.9999999801
0.4867367367367362 	299.9999999999793 	1.000000000009841 	101324.9999999803
0.4892392392392387 	300.0000000000086 	1.000000000009025 	101324.9999999802
0.4917417417417412 	300.0000000000535 	1.000000000008532 	101324.9999999799
0.4942442442442437 	299.9999999999886 	1.00000000000999 	101324.9999999798
0.4967467467467462 	299.9999999999075 	1.000000000015811 	101324.9999999796
0.4992492492492487 	299.9999999998234 	1.000000000005813 	101324.9999999798
0.5017517517517511 	299.9999999998469 	1.000000000007228 	101324.9999999799
0.5042542542542537 	299.9999999999258 	1.000000000010936 	101324.9999999803
0.5067567567567562 	299.9999999999292 	1.000000000010648 	101324.9999999801
0.5092592592592589 	299.9999999999239 	1.000000000009649 	101324.9999999801
0.5117617617617611 	299.9999999999457 	1.000000000010608 	101324.9999999802
0.5142642642642637 	299.9999999999928 	1.000000000010772 	101324.9999999801
0.5167667667667663 	299.9999999999876 	1.000000000012149 	101324.9999999799
0.5192692692692688 	299.9999999999025 	1.000000000021151 	101324.9999999797
0.5217717717717714 	299.9999999999112 	0.9999999999984646 	101324.9999999798
0.5242742742742736 	299.999999999911 	1.000000000000252 	101324.9999999803
0.5267767767767763 	299.9999999999093 	1.000000000007787 	101324.9999999804
0.5292792792792789 	299.9999999999016 	1.00000000000867 	101324.9999999804
0.5317817817817813 	299.9999999998652 	1.000000000007417 	101324.9999999804
0.5342842842842837 	299.9999999999214 	1.000000000007695 	101324.9999999803
0.5367867867867864 	299.999999999957 	1.000000000008604 	101324.99999998
0.5392892892892888 	299.9999999999126 	1.000000000008995 	101324.99999998
0.5417917917917912 	299.9999999999224 	1.000000000009577 	101324.99999998
0.5442942942942938 	299.9999999999098 	1.000000000009782 	101324.9999999799
0.5467967967967964 	299.9999999999217 	1.000000000008928 	101324.9999999799
0.5492992992992988 	299.9999999999162 	1.000000000008495 	101324.9999999798
0.5518018018018012 	299.9999999999105 	1.000000000008058 	101324.9999999801
0.5543043043043039 	299.999999999964 	1.000000000008193 	101324.9999999799
0.5568068068068063 	299.9999999999629 	1.000000000009967 	101324.9999999797
0.5593093093093087 	299.9999999999035 	1.000000000014324 	101324.9999999798
0.5618118118118114 	299.9999999998913 	1.000000000003461 	101324.9999999798
0.5643143143143137 	299.999999999866 	1.000000000005059 	101324.9999999799
0.5668168168168163 	299.9999999998984 	1.000000000008661 	101324.9999999798
0.5693193193193188 	299.9999999999729 	1.000000000008161 	101324.9999999799
0.5718218218218213 	300.0000000000379 	1.000000000006773 	101324.99999998
0.5743243243243239 	300.0000000000506 	1.000000000006916 	101324.99999998
0.5768268268268262 	300.0000000000369 	1.000000000006753 	101324.9999999803
0.5793293293293288 	299.9999999999721 	1.000000000008316 	101324.9999999805
0.5818318318318314 	299.9999999999006 	1.000000000016459 	101324.999999981
0.5843343343343338 	299.9999999999548 	0.9999999999961382 	101324.9999999807
0.5868368368368363 	299.9999999999709 	0.9999999999988832 	101324.99999998
0.5893393393393387 	299.9999999999177 	1.000000000006231 	101324.9999999792
0.5918418418418413 	299.9999999998994 	1.000000000006945 	101324.9999999788
0.5943443443443439 	299.9999999999606 	1.000000000005851 	101324.9999999794
0.5968468468468463 	300.0000000000101 	1.000000000006671 	101324.9999999797
0.5993493493493487 	300.0000000000678 	1.000000000009004 	101324.9999999803
0.6018518518518514 	300.0000000000543 	1.000000000010434 	101324.9999999806
0.6043543543543537 	300.0000000000403 	1.000000000010372 	101324.9999999808
0.6068568568568564 	300.0000000000202 	1.000000000009154 	101324.9999999806
0.6093593593593587 	299.9999999999377 	1.000000000007562 	101324.9999999803
0.6118618618618614 	299.9999999998664 	1.000000000007309 	101324.9999999799
0.6143643643643638 	299.9999999999542 	1.000000000008148 	101324.99999998
0.6168668668668662 	299.9999999999794 	1.00000000000892 	101324.9999999798
0.6193693693693688 	299.999999999961 	1.000000000010252 	101324.9999999799
0.6218718718718714 	299.9999999999641 	1.000000000013541 	101324.99999998
0.6243743743743737 	299.999999999931 	1.000000000002935 	101324.9999999797
0.6268768768768762 	299.999999999899 	1.000000000004031 	101324.9999999792
0.629379379379379 	299.9999999999284 	1.000000000007875 	101324.9999999794
0.6318818818818812 	299.9999999999601 	1.000000000008582 	101324.9999999801
0.6343843843843838 	300.0000000000151 	1.00000000000821 	101324.9999999807
0.6368868868868864 	300.0000000000057 	1.000000000008091 	101324.9999999805
0.6393893893893888 	299.9999999999312 	1.000000000008419 	101324.9999999801
0.6418918918918912 	299.9999999999478 	1.000000000011767 	101324.9999999795
0.6443943943943939 	299.9999999999359 	1.000000000019937 	101324.9999999791
0.6468968968968963 	299.9999999999446 	1.000000000000765 	101324.9999999793
0.6493993993993988 	299.9999999999405 	1.000000000004253 	101324.9999999793
0.6519019019019012 	299.9999999999634 	1.000000000011924 	101324.9999999797
0.6544044044044038 	299.9999999999085 	1.00000000001114 	101324.9999999799
0.6569069069069065 	299.9999999998719 	1.000000000007995 	101324.9999999801
0.6594094094094087 	299.9999999999063 	1.000000000007462 	101324.9999999802
0.6619119119119113 	299.9999999999376 	1.000000000007936 	101324.9999999802
0.664414414414414 	299.9999999999831 	1.000000000007509 	101324.9999999802
0.6669169169169162 	299.9999999999978 	1.000000000007537 	101324.9999999801
0.6694194194194188 	299.999999999972 	1.000000000008463 	101324.9999999799
0.6719219219219214 	299.9999999999115 	1.00000000000888 	101324.9999999798
0.674424424424424 	299.9999999999202 	1.000000000008263 	101324.99999998
0.6769269269269262 	299.9999999998893 	1.000000000008437 	101324.9999999802
0.679429429429429 	299.999999999959 	1.000000000009447 	101324.9999999805
0.6819319319319311 	300.0000000000142 	1.000000000011797 	101324.9999999805
0.6844344344344341 	300.0000000000308 	1.000000000015314 	101324.9999999806
0.686936936936936 	300.0000000000291 	1.000000000005336 	101324.9999999807
0.6894394394394392 	300.0000000000276 	1.000000000007483 	101324.9999999803
0.6919419419419413 	300.0000000000153 	1.000000000010794 	101324.99999998
0.694444444444444 	299.9999999999435 	1.00000000001047 	101324.9999999804
0.6969469469469463 	299.9999999998826 	1.000000000008615 	101324.9999999808
0.6994494494494489 	299.9999999998549 	1.000000000007323 	101324.9999999806
0.7019519519519515 	299.9999999998905 	1.000000000005928 	101324.9999999801
0.7044544544544538 	299.9999999998972 	1.000000000009619 	101324.9999999801
0.7069569569569564 	299.9999999999624 	1.000000000017123 	101324.9999999804
0.7094594594594589 	299.9999999999516 	0.999999999998232 	101324.9999999804
0.7119619619619615 	299.9999999999028 	1.00000000000052 	101324.9999999803
0.7144644644644638 	299.9999999999141 	1.000000000006502 	101324.9999999805
0.7169669669669665 	299.9999999999018 	1.000000000006277 	101324.9999999804
0.7194694694694688 	299.9999999999806 	1.000000000005634 	101324.9999999806
0.7219719719719715 	300.0000000000094 	1.000000000007186 	101324.9999999806
0.7244744744744737 	300.0000000000134 	1.000000000007638 	101324.9999999807
0.7269769769769764 	300.0000000000123 	1.000000000011088 	101324.9999999808
0.7294794794794791 	300.0000000000027 	1.000000000017444 	101324.9999999802
0.7319819819819813 	299.9999999999728 	0.999999999998801 	101324.9999999798
0.7344844844844839 	299.9999999998965 	1.000000000002274 	101324.9999999795
0.7369869869869864 	299.9999999998619 	1.000000000008982 	101324.9999999796
0.739489489489489 	299.9999999998876 	1.00000000000916 	101324.9999999793
0.7419919919919914 	299.9999999998861 	1.000000000007873 	101324.9999999792
0.7444944944944939 	299.9999999999181 	1.000000000009932 	101324.9999999798
0.7469969969969963 	299.9999999999409 	1.000000000013072 	101324.9999999802
0.7494994994994989 	299.9999999998964 	1.000000000008092 	101324.99999998
0.7520020020020015 	299.9999999999051 	1.000000000015222 	101324.9999999796
0.7545045045045039 	299.9999999999051 	0.9999999999986863 	101324.9999999794
0.7570070070070062 	299.9999999998957 	1.000000000001415 	101324.9999999793
0.7595095095095092 	299.999999999894 	1.000000000007235 	101324.9999999797
0.7620120120120112 	299.9999999999511 	1.000000000008041 	101324.9999999799
0.7645145145145138 	299.9999999999707 	1.000000000007085 	101324.9999999798
0.7670170170170165 	299.9999999999255 	1.00000000001175 	101324.9999999796
0.7695195195195191 	299.9999999998732 	1.000000000017865 	101324.99999998
0.7720220220220213 	299.9999999998813 	1.000000000000073 	101324.9999999806
0.7745245245245239 	299.9999999998632 	1.000000000003446 	101324.9999999808
0.7770270270270263 	299.9999999998648 	1.000000000009853 	101324.9999999809
0.779529529529529 	299.9999999999111 	1.000000000009715 	101324.9999999807
0.7820320320320313 	299.9999999999213 	1.000000000008107 	101324.9999999804
0.784534534534534 	299.9999999999666 	1.000000000008142 	101324.9999999798
0.7870370370370364 	299.9999999999695 	1.000000000007381 	101324.9999999796
0.7895395395395389 	299.999999999964 	1.000000000006262 	101324.9999999799
0.7920420420420413 	299.9999999999631 	1.000000000005431 	101324.9999999799
0.794544544544544 	299.9999999999536 	1.00000000000976 	101324.9999999802
0.7970470470470463 	299.9999999999886 	1.000000000014652 	101324.9999999802
0.799549549549549 	300.0000000000081 	0.9999999999968809 	101324.99999998
0.8020520520520515 	299.9999999999824 	1.000000000001372 	101324.9999999801
0.8045545545545539 	299.9999999999278 	1.000000000008945 	101324.9999999802
0.8070570570570563 	299.9999999999226 	1.000000000009056 	101324.99999998
0.8095595595595589 	299.9999999999055 	1.000000000007409 	101324.9999999804
0.8120620620620614 	299.9999999999095 	1.000000000006247 	101324.999999981
0.8145645645645638 	299.9999999999838 	1.00000000000475 	101324.9999999807
0.8170670670670666 	300.0000000000377 	1.000000000008885 	101324.9999999804
0.8195695695695689 	300.000000000023 	1.000000000012963 	101324.9999999807
0.8220720720720714 	299.9999999999554 	0.9999999999948423 	101324.999999981
0.8245745745745739 	299.9999999999141 	0.9999999999989828 	101324.9999999808
0.8270770770770765 	299.9999999999227 	1.000000000006278 	101324.9999999804
0.8295795795795788 	299.9999999999237 	1.000000000007147 	101324.9999999802
0.8320820820820815 	299.9999999999712 	1.000000000006095 	101324.9999999798
0.834584584584584 	299.9999999999882 	1.000000000009473 	101324.9999999792
0.8370870870870865 	299.9999999999525 	1.000000000012392 	101324.999999979
0.8395895895895891 	299.999999999908 	1.000000000002706 	101324.9999999795
0.8420920920920915 	299.9999999999218 	1.000000000004015 	101324.9999999799
0.844594594594594 	299.9999999999185 	1.000000000007131 	101324.9999999802
0.8470970970970964 	299.9999999999208 	1.000000000006476 	101324.9999999805
0.8495995995995991 	299.9999999999663 	1.000000000004887 	101324.9999999807
0.8521021021021015 	299.9999999999673 	1.00000000000472 	101324.9999999805
0.8546046046046039 	299.9999999999544 	1.000000000003898 	101324.9999999802
0.8571071071071066 	299.9999999999768 	1.000000000008199 	101324.9999999799
0.8596096096096089 	299.9999999999587 	1.000000000011101 	101324.9999999798
0.8621121121121116 	299.9999999999368 	0.9999999999937557 	101324.9999999797
0.8646146146146139 	299.9999999999799 	0.9999999999986448 	101324.99999998
0.8671171171171166 	299.9999999999524 	1.00000000000648 	101324.9999999806
0.8696196196196189 	299.9999999998993 	1.000000000007621 	101324.999999981
0.8721221221221216 	299.9999999999335 	1.000000000006173 	101324.999999981
0.874624624624624 	299.9999999999787 	1.000000000005332 	101324.9999999805
0.8771271271271264 	299.9999999999894 	1.000000000004418 	101324.9999999806
0.879629629629629 	300.000000000008 	1.000000000009459 	101324.999999981
0.8821321321321317 	299.9999999999944 	1.000000000012655 	101324.9999999809
0.8846346346346339 	299.9999999999284 	0.999999999994805 	101324.9999999803
0.8871371371371364 	299.9999999998971 	0.9999999999974678 	101324.9999999798
0.8896396396396391 	299.999999999924 	1.000000000003132 	101324.9999999797
0.8921421421421414 	299.9999999999277 	1.000000000003477 	101324.9999999797
0.8946446446446441 	299.9999999999382 	1.00000000000303 	101324.9999999794
0.8971471471471464 	299.9999999999752 	1.000000000006299 	101324.9999999792
0.8996496496496489 	299.999999999971 	1.000000000007769 	101324.9999999793
0.9021521521521517 	299.9999999999674 	0.9999999999992848 	101324.9999999793
0.9046546546546541 	299.9999999999873 	1.000000000001272 	101324.9999999793
0.9071571571571564 	299.999999999955 	1.00000000000481 	101324.9999999794
0.9096596596596589 	299.9999999999151 	1.000000000004287 	101324.9999999794
0.9121621621621616 	299.9999999999481 	1.000000000002651 	101324.9999999795
0.9146646646646639 	299.9999999999582 	1.000000000002668 	101324.9999999798
0.9171671671671666 	299.9999999999287 	1.000000000002802 	101324.9999999802
0.9196696696696689 	299.9999999999586 	1.000000000008364 	101324.9999999805
0.9221721721721714 	299.9999999999698 	1.000000000010229 	101324.9999999802
0.9246746746746741 	299.9999999999144 	0.9999999999931959 	101324.99999998
0.9271771771771765 	299.9999999999104 	0.9999999999974776 	101324.9999999804
0.9296796796796791 	299.9999999999446 	1.000000000004447 	101324.9999999806
0.9321821821821816 	299.9999999999324 	1.000000000004599 	101324.9999999805
0.9346846846846838 	299.9999999999075 	1.000000000002857 	101324.9999999805
0.9371871871871866 	299.9999999999561 	1.000000000002512 	101324.9999999807
0.9396896896896891 	299.9999999999869 	1.000000000002602 	101324.9999999806
0.9421921921921914 	299.9999999999856 	1.000000000009048 	101324.9999999804
0.9446946946946939 	299.999999999975 	1.00000000001099 	101324.9999999801
0.9471971971971965 	299.999999999934 	0.9999999999941112 	101324.9999999802
0.9496996996996991 	299.999999999911 	0.9999999999983051 	101324.9999999802
0.9522022022022016 	299.9999999999404 	1.000000000005043 	101324.9999999803
0.9547047047047038 	299.9999999999715 	1.0000000000058 	101324.9999999803
0.9572072072072064 	299.9999999999726 	1.00000000000417 	101324.9999999803
0.9597097097097093 	299.9999999999675 	1.000000000006472 	101324.9999999804
0.9622122122122114 	299.9999999999528 	1.000000000007336 	101324.9999999806
0.964714714714714 	299.9999999999285 	0.9999999999991653 	101324.9999999806
0.9672172172172167 	299.9999999999001 	1.000000000000004 	101324.9999999805
0.969719719719719 	299.999999999922 	1.000000000001577 	101324.9999999801
0.9722222222222214 	299.9999999999476 	1.000000000001394 	101324.9999999796
0.9747247247247239 	299.9999999999523 	1.000000000001764 	101324.9999999799
0.9772272272272267 	299.9999999999787 	1.000000000003245 	101324.9999999804
0.9797297297297292 	299.9999999999735 	1.000000000004226 	101324.9999999805
0.9822322322322313 	299.9999999999629 	1.000000000011492 	101324.9999999808
0.9847347347347344 	299.999999999958 	1.000000000012526 	101324.9999999809
0.9872372372372363 	299.9999999999165 	0.9999999999959863 	101324.9999999806
0.9897397397397389 	299.9999999998977 	0.9999999999996076 	101324.9999999803
0.9922422422422417 	299.9999999998794 	1.000000000004476 	101324.9999999804
0.9947447447447441 	299.999999999913 	1.00000000000428 	101324.9999999805
0.9972472472472468 	299.9999999999416 	1.000000000004333 	101324.9999999808
0.999749749749749 	299.9999999999381 	1.000000000005214 	101324.9999999809
1.002252252252252 	299.9999999999485 	1.000000000004845 	101324.9999999809
1.004754754754754 	299.9999999999719 	1.00000000001031 	101324.9999999807
1.007257257257256 	299.9999999999643 	1.000000000010399 	101324.9999999809
1.009759759759759 	299.9999999999528 	0.9999999999947159 	101324.9999999807
1.012262262262261 	299.9999999999504 	1.000000000000087 	101324.9999999803
1.014764764764764 	299.9999999999129 	1.000000000006658 	101324.9999999802
1.017267267267267 	299.9999999998734 	1.000000000006163 	101324.9999999801
1.019769769769769 	299.9999999999014 	1.000000000003792 	101324.9999999801
1.022272272272272 	299.9999999999433 	1.000000000006226 	101324.9999999803
1.024774774774774 	299.9999999999661 	1.000000000006951 	101324.9999999806
1.027277277277277 	299.9999999999656 	0.9999999999995401 	101324.9999999808
1.029779779779779 	300.0000000000016 	1.00000000000124 	101324.9999999805
1.032282282282282 	300.0000000000175 	1.000000000003821 	101324.9999999803
1.034784784784784 	300.000000000012 	1.000000000003818 	101324.9999999803
1.037287287287286 	299.9999999999833 	1.000000000002896 	101324.9999999803
1.039789789789789 	299.9999999999682 	1.000000000002885 	101324.9999999804
1.042292292292291 	300.0000000000023 	1.00000000000264 	101324.9999999803
1.044794794794794 	300.0000000000468 	1.000000000009385 	101324.9999999801
1.047297297297296 	300.0000000000798 	1.000000000009402 	101324.9999999799
1.049799799799799 	300.0000000000499 	0.9999999999941267 	101324.9999999797
1.052302302302302 	299.9999999999985 	0.9999999999989113 	101324.9999999796
1.054804804804804 	299.9999999999295 	1.000000000005167 	101324.9999999797
1.057307307307306 	299.9999999998801 	1.000000000005648 	101324.99999998
1.059809809809809 	299.9999999999118 	1.000000000005766 	101324.9999999807
1.062312312312312 	299.9999999999268 	1.000000000006902 	101324.9999999813
1.064814814814814 	299.9999999999268 	1.00000000000615 	101324.9999999814
1.067317317317317 	299.9999999998966 	1.000000000012081 	101324.999999981
1.069819819819819 	299.9999999998687 	1.000000000011007 	101324.9999999804
1.072322322322321 	299.9999999999261 	0.9999999999951907 	101324.9999999799
1.074824824824824 	299.9999999999975 	0.9999999999994296 	101324.9999999796
1.077327327327327 	300.0000000000476 	1.000000000005985 	101324.9999999797
1.079829829829829 	300.0000000000812 	1.000000000006314 	101324.9999999799
1.082332332332332 	300.0000000000484 	1.000000000004395 	101324.9999999802
1.084834834834834 	299.9999999999987 	1.000000000011677 	101324.9999999802
1.087337337337337 	299.9999999999272 	1.000000000011556 	101324.9999999802
1.089839839839839 	299.9999999998709 	0.9999999999966964 	101324.9999999803
1.092342342342342 	299.9999999998968 	1.000000000000065 	101324.9999999805
1.094844844844844 	299.9999999999122 	1.000000000012391 	101324.9999999801
1.097347347347347 	299.9999999998843 	1.000000000010755 	101324.9999999795
1.099849849849849 	299.9999999998631 	0.9999999999948559 	101324.9999999795
1.102352352352352 	299.9999999998913 	0.9999999999993817 	101324.9999999796
1.104854854854854 	299.9999999999354 	1.000000000005128 	101324.99999998
1.107357357357357 	299.9999999999358 	1.000000000005716 	101324.9999999803
1.109859859859859 	299.9999999999172 	1.000000000004337 	101324.9999999804
1.112362362362362 	299.9999999999778 	1.000000000012082 	101324.9999999803
1.114864864864865 	300.0000000000098 	1.000000000011925 	101324.9999999804
1.117367367367367 	299.9999999999617 	0.9999999999971017 	101324.9999999806
1.119869869869869 	299.9999999999022 	1.00000000000076 	101324.9999999807
1.122372372372372 	299.9999999999129 	1.00000000000588 	101324.9999999802
1.124874874874874 	299.999999999925 	1.0000000000049 	101324.9999999797
1.127377377377377 	299.999999999917 	1.000000000002941 	101324.9999999795
1.129879879879879 	299.9999999999561 	1.000000000003636 	101324.9999999799
1.132382382382382 	300.0000000000247 	1.000000000003792 	101324.9999999802
1.134884884884884 	300.0000000000324 	1.000000000011288 	101324.9999999797
1.137387387387387 	300.0000000000257 	1.000000000009406 	101324.9999999793
1.139889889889889 	299.9999999999693 	0.999999999994718 	101324.9999999791
1.142392392392392 	299.9999999999287 	0.9999999999996516 	101324.9999999793
1.144894894894894 	299.9999999999741 	1.000000000005888 	101324.9999999797
1.147397397397397 	299.9999999999898 	1.000000000006049 	101324.9999999798
1.149899899899899 	299.9999999999399 	1.000000000005459 	101324.9999999801
1.152402402402402 	299.999999999897 	1.000000000006465 	101324.9999999806
1.154904904904904 	299.999999999916 	1.000000000006466 	101324.9999999805
1.157407407407407 	299.999999999925 	1.000000000013465 	101324.9999999799
1.159909909909909 	299.9999999998952 	1.000000000010007 	101324.9999999796
1.162412412412412 	299.999999999879 	0.999999999994982 	101324.9999999794
1.164914914914914 	299.9999999999073 	0.9999999999994287 	101324.9999999792
1.167417417417417 	299.9999999999158 	1.00000000000487 	101324.9999999792
1.169919919919919 	299.9999999999673 	1.000000000004895 	101324.9999999792
1.172422422422422 	300.0000000000309 	1.000000000003187 	101324.9999999794
1.174924924924925 	300.0000000000279 	1.000000000011921 	101324.9999999795
1.177427427427427 	299.9999999999852 	1.000000000010712 	101324.9999999799
1.179929929929929 	299.9999999999937 	0.9999999999968787 	101324.9999999799
1.182432432432432 	300.0000000000456 	1.000000000001089 	101324.9999999799
1.184934934934934 	300.0000000000288 	1.000000000005833 	101324.9999999797
1.187437437437437 	299.9999999999938 	1.000000000005332 	101324.9999999792
1.189939939939939 	299.9999999999742 	1.000000000004566 	101324.9999999792
1.192442442442442 	299.9999999999279 	1.00000000000534 	101324.9999999791
1.194944944944944 	299.9999999998882 	1.000000000004068 	101324.9999999789
1.197447447447447 	299.9999999999431 	1.00000000001108 	101324.9999999789
1.199949949949949 	300.0000000000073 	1.000000000008844 	101324.9999999792
1.202452452452452 	299.9999999999704 	0.9999999999968947 	101324.9999999795
1.204954954954955 	299.999999999937 	1.000000000003023 	101324.9999999796
1.207457457457457 	299.9999999999507 	1.000000000008336 	101324.99999998
1.20995995995996 	299.9999999999575 	1.000000000007941 	101324.9999999803
1.212462462462462 	299.9999999999656 	1.00000000000713 	101324.9999999799
1.214964964964964 	299.9999999999724 	1.000000000006978 	101324.9999999797
1.217467467467467 	299.9999999999791 	1.000000000005424 	101324.9999999796
1.219969969969969 	299.9999999999438 	1.000000000013779 	101324.9999999795
1.222472472472472 	299.9999999999688 	1.000000000011493 	101324.99999998
1.224974974974975 	300.0000000000216 	0.9999999999990909 	101324.9999999804
1.227477477477477 	299.9999999999945 	1.000000000004586 	101324.9999999806
1.229979979979979 	299.9999999999791 	1.000000000009425 	101324.9999999805
1.232482482482482 	299.9999999999427 	1.000000000008858 	101324.99999998
1.234984984984984 	299.9999999999221 	1.000000000006448 	101324.9999999795
1.237487487487487 	299.999999999954 	1.000000000014375 	101324.9999999796
1.239989989989989 	299.9999999999844 	1.000000000010657 	101324.9999999794
1.242492492492492 	300.0000000000197 	0.9999999999969893 	101324.999999979
1.244994994994994 	299.9999999999903 	1.000000000002403 	101324.9999999793
1.247497497497497 	299.9999999999935 	1.000000000007731 	101324.9999999797
1.249999999999999 	299.9999999999305 	1.000000000007905 	101324.9999999799
