/*--------------------------------*- C++ -*----------------------------------*\
  =========                 |
  \\      /  F ield         | OpenFOAM: The Open Source CFD Toolbox
   \\    /   O peration     | Website:  https://openfoam.org
    \\  /    A nd           | Version:  7
     \\/     M anipulation  |
\*---------------------------------------------------------------------------*/
FoamFile
{
    version     2.0;
    format      ascii;
    class       volScalarField;
    location    "0.00255";
    object      p;
}
// * * * * * * * * * * * * * * * * * * * * * * * * * * * * * * * * * * * * * //

dimensions      [1 -1 -2 0 0 0 0];

internalField   nonuniform List<scalar> 
5000
(
71348.619
71357.274
71366.243
71375.251
71384.276
71393.303
71402.333
71411.364
71420.398
71429.433
71438.469
71447.507
71456.546
71465.585
71474.626
71483.667
71492.708
71501.75
71510.792
71519.834
71528.877
71537.92
71546.963
71556.005
71565.045
71574.083
71583.116
71592.145
71601.169
71610.19
71619.208
71628.225
71637.242
71646.262
71655.284
71664.311
71673.342
71682.376
71691.413
71700.452
71709.492
71718.532
71727.571
71736.61
71745.648
71754.686
71763.722
71772.758
71781.793
71790.827
71799.86
71808.892
71817.923
71826.954
71835.983
71845.012
71854.039
71863.066
71872.092
71881.118
71890.142
71899.165
71908.188
71917.209
71926.23
71935.25
71944.269
71953.287
71962.304
71971.32
71980.336
71989.351
71998.364
72007.377
72016.389
72025.4
72034.411
72043.42
72052.429
72061.436
72070.443
72079.449
72088.454
72097.458
72106.461
72115.464
72124.466
72133.466
72142.466
72151.465
72160.464
72169.461
72178.457
72187.453
72196.448
72205.442
72214.435
72223.427
72232.418
72241.409
72250.398
72259.387
72268.375
72277.362
72286.348
72295.334
72304.318
72313.302
72322.284
72331.266
72340.247
72349.228
72358.207
72367.185
72376.163
72385.14
72394.116
72403.091
72412.065
72421.039
72430.011
72438.983
72447.954
72456.924
72465.893
72474.862
72483.829
72492.796
72501.762
72510.727
72519.691
72528.654
72537.617
72546.579
72555.539
72564.499
72573.458
72582.417
72591.374
72600.331
72609.286
72618.241
72627.195
72636.149
72645.101
72654.052
72663.003
72671.953
72680.902
72689.85
72698.797
72707.743
72716.689
72725.633
72734.577
72743.519
72752.461
72761.402
72770.341
72779.28
72788.218
72797.154
72806.09
72815.025
72823.958
72832.892
72841.824
72850.756
72859.687
72868.618
72877.548
72886.478
72895.409
72904.339
72913.269
72922.2
72931.13
72940.061
72948.993
72957.924
72966.855
72975.787
72984.718
72993.65
73002.581
73011.512
73020.443
73029.374
73038.304
73047.233
73056.162
73065.091
73074.019
73082.946
73091.872
73100.798
73109.723
73118.647
73127.571
73136.494
73145.415
73154.337
73163.257
73172.176
73181.095
73190.013
73198.93
73207.847
73216.762
73225.677
73234.591
73243.504
73252.416
73261.328
73270.239
73279.149
73288.058
73296.966
73305.874
73314.781
73323.687
73332.592
73341.496
73350.4
73359.303
73368.205
73377.106
73386.006
73394.906
73403.805
73412.703
73421.6
73430.497
73439.393
73448.288
73457.182
73466.075
73474.968
73483.859
73492.751
73501.641
73510.53
73519.419
73528.307
73537.194
73546.08
73554.966
73563.85
73572.734
73581.618
73590.5
73599.382
73608.262
73617.143
73626.022
73634.9
73643.778
73652.655
73661.531
73670.407
73679.281
73688.155
73697.028
73705.9
73714.772
73723.643
73732.512
73741.382
73750.25
73759.118
73767.985
73776.851
73785.716
73794.581
73803.444
73812.307
73821.17
73830.031
73838.892
73847.752
73856.611
73865.469
73874.327
73883.184
73892.04
73900.895
73909.75
73918.603
73927.456
73936.309
73945.16
73954.011
73962.861
73971.71
73980.558
73989.406
73998.252
74007.098
74015.943
74024.788
74033.631
74042.474
74051.316
74060.157
74068.997
74077.836
74086.674
74095.512
74104.348
74113.184
74122.019
74130.853
74139.686
74148.519
74157.351
74166.181
74175.012
74183.841
74192.67
74201.499
74210.326
74219.154
74227.981
74236.808
74245.634
74254.46
74263.286
74272.112
74280.938
74289.764
74298.589
74307.415
74316.24
74325.066
74333.891
74342.716
74351.541
74360.366
74369.191
74378.016
74386.84
74395.664
74404.488
74413.311
74422.134
74430.957
74439.779
74448.6
74457.421
74466.242
74475.062
74483.881
74492.7
74501.518
74510.335
74519.152
74527.968
74536.783
74545.598
74554.411
74563.224
74572.037
74580.848
74589.659
74598.469
74607.279
74616.087
74624.895
74633.702
74642.508
74651.314
74660.118
74668.922
74677.726
74686.528
74695.329
74704.13
74712.93
74721.729
74730.528
74739.325
74748.122
74756.918
74765.713
74774.508
74783.301
74792.094
74800.886
74809.677
74818.467
74827.257
74836.045
74844.833
74853.62
74862.405
74871.191
74879.975
74888.758
74897.54
74906.322
74915.103
74923.882
74932.661
74941.439
74950.216
74958.992
74967.767
74976.541
74985.314
74994.086
75002.857
75011.627
75020.396
75029.164
75037.931
75046.697
75055.462
75064.226
75072.989
75081.75
75090.511
75099.27
75108.028
75116.785
75125.541
75134.295
75143.048
75151.8
75160.551
75169.3
75178.049
75186.795
75195.541
75204.285
75213.027
75221.769
75230.508
75239.246
75247.983
75256.718
75265.452
75274.184
75282.914
75291.642
75300.369
75309.094
75317.818
75326.539
75335.259
75343.976
75352.692
75361.406
75370.118
75378.827
75387.535
75396.241
75404.944
75413.645
75422.345
75431.041
75439.736
75448.428
75457.118
75465.806
75474.491
75483.174
75491.855
75500.533
75509.208
75517.881
75526.552
75535.219
75543.885
75552.547
75561.207
75569.864
75578.518
75587.17
75595.818
75604.464
75613.106
75621.745
75630.381
75639.014
75647.643
75656.269
75664.891
75673.51
75682.124
75690.735
75699.342
75707.945
75716.543
75725.137
75733.727
75742.312
75750.892
75759.467
75768.038
75776.603
75785.163
75793.718
75802.267
75810.811
75819.349
75827.881
75836.406
75844.926
75853.44
75861.947
75870.447
75878.941
75887.428
75895.908
75904.381
75912.847
75921.305
75929.755
75938.198
75946.634
75955.061
75963.48
75971.891
75980.293
75988.687
75997.072
76005.448
76013.815
76022.172
76030.521
76038.86
76047.189
76055.508
76063.817
76072.116
76080.405
76088.683
76096.95
76105.207
76113.452
76121.686
76129.908
76138.119
76146.319
76154.506
76162.681
76170.843
76178.993
76187.131
76195.255
76203.366
76211.464
76219.549
76227.619
76235.676
76243.719
76251.748
76259.762
76267.761
76275.746
76283.715
76291.669
76299.608
76307.531
76315.438
76323.33
76331.205
76339.063
76346.905
76354.73
76362.538
76370.329
76378.102
76385.858
76393.596
76401.315
76409.017
76416.7
76424.365
76432.01
76439.637
76447.245
76454.833
76462.401
76469.95
76477.479
76484.987
76492.476
76499.943
76507.39
76514.817
76522.222
76529.605
76536.968
76544.308
76551.627
76558.924
76566.199
76573.452
76580.682
76587.889
76595.074
76602.236
76609.374
76616.49
76623.582
76630.65
76637.695
76644.716
76651.713
76658.686
76665.635
76672.559
76679.459
76686.335
76693.186
76700.012
76706.813
76713.59
76720.341
76727.067
76733.768
76740.444
76747.094
76753.718
76760.318
76766.891
76773.439
76779.96
76786.456
76792.926
76799.37
76805.788
76812.18
76818.545
76824.885
76831.197
76837.484
76843.744
76849.977
76856.184
76862.364
76868.517
76874.644
76880.744
76886.817
76892.864
76898.883
76904.876
76910.841
76916.78
76922.691
76928.576
76934.433
76940.264
76946.067
76951.844
76957.593
76963.315
76969.01
76974.679
76980.32
76985.934
76991.521
76997.081
77002.615
77008.121
77013.601
77019.054
77024.48
77029.879
77035.252
77040.598
77045.918
77051.211
77056.477
77061.718
77066.932
77072.12
77077.282
77082.418
77087.528
77092.612
77097.67
77102.703
77107.71
77112.692
77117.648
77122.579
77127.485
77132.366
77137.222
77142.053
77146.859
77151.641
77156.398
77161.131
77165.84
77170.525
77175.185
77179.822
77184.435
77189.025
77193.591
77198.134
77202.653
77207.15
77211.624
77216.075
77220.503
77224.909
77229.292
77233.654
77237.993
77242.311
77246.606
77250.88
77255.133
77259.365
77263.575
77267.765
77271.933
77276.081
77280.209
77284.316
77288.403
77292.47
77296.517
77300.544
77304.552
77308.541
77312.51
77316.461
77320.392
77324.305
77328.199
77332.074
77335.932
77339.771
77343.593
77347.396
77351.183
77354.951
77358.703
77362.437
77366.155
77369.855
77373.539
77377.207
77380.858
77384.494
77388.113
77391.716
77395.304
77398.876
77402.434
77405.975
77409.502
77413.015
77416.512
77419.995
77423.464
77426.918
77430.359
77433.785
77437.198
77440.598
77443.984
77447.357
77450.717
77454.064
77457.398
77460.72
77464.029
77467.327
77470.612
77473.885
77477.146
77480.396
77483.635
77486.862
77490.078
77493.283
77496.477
77499.661
77502.834
77505.996
77509.148
77512.29
77515.422
77518.545
77521.657
77524.76
77527.854
77530.938
77534.013
77537.078
77540.135
77543.183
77546.222
77549.253
77552.275
77555.288
77558.294
77561.291
77564.28
77567.26
77570.233
77573.199
77576.156
77579.106
77582.049
77584.984
77587.911
77590.831
77593.744
77596.651
77599.55
77602.442
77605.328
77608.207
77611.079
77613.944
77616.803
77619.655
77622.502
77625.342
77628.176
77631.004
77633.826
77636.641
77639.452
77642.256
77645.054
77647.847
77650.634
77653.416
77656.192
77658.963
77661.729
77664.49
77667.246
77669.997
77672.742
77675.482
77678.217
77680.947
77683.673
77686.394
77689.111
77691.823
77694.531
77697.235
77699.934
77702.628
77705.317
77708.002
77710.683
77713.359
77716.032
77718.701
77721.367
77724.029
77726.687
77729.341
77731.992
77734.638
77737.28
77739.918
77742.552
77745.182
77747.809
77750.432
77753.052
77755.669
77758.283
77760.893
77763.501
77766.105
77768.706
77771.304
77773.9
77776.491
77779.08
77781.666
77784.249
77786.828
77789.404
77791.977
77794.547
77797.114
77799.678
77802.239
77804.797
77807.352
77809.905
77812.454
77815.001
77817.545
77820.085
77822.623
77825.158
77827.69
77830.22
77832.748
77835.273
77837.795
77840.314
77842.831
77845.345
77847.857
77850.366
77852.872
77855.377
77857.878
77860.378
77862.875
77865.369
77867.861
77870.351
77872.838
77875.324
77877.807
77880.288
77882.767
77885.244
77887.717
77890.189
77892.658
77895.124
77897.589
77900.052
77902.512
77904.97
77907.426
77909.879
77912.33
77914.779
77917.227
77919.672
77922.115
77924.557
77926.997
77929.434
77931.87
77934.303
77936.734
77939.163
77941.591
77944.016
77946.44
77948.863
77951.283
77953.702
77956.12
77958.534
77960.947
77963.358
77965.766
77968.173
77970.579
77972.983
77975.386
77977.787
77980.186
77982.583
77984.978
77987.37
77989.76
77992.148
77994.535
77996.92
77999.303
78001.685
78004.065
78006.442
78008.818
78011.191
78013.563
78015.933
78018.301
78020.668
78023.033
78025.397
78027.758
78030.116
78032.472
78034.826
78037.177
78039.527
78041.876
78044.223
78046.569
78048.912
78051.254
78053.592
78055.928
78058.262
78060.594
78062.924
78065.253
78067.58
78069.905
78072.228
78074.548
78076.866
78079.182
78081.496
78083.807
78086.117
78088.425
78090.731
78093.035
78095.337
78097.636
78099.934
78102.229
78104.522
78106.813
78109.102
78111.389
78113.675
78115.958
78118.24
78120.52
78122.797
78125.071
78127.343
78129.613
78131.88
78134.146
78136.41
78138.673
78140.933
78143.191
78145.447
78147.7
78149.952
78152.201
78154.448
78156.694
78158.937
78161.178
78163.416
78165.653
78167.887
78170.12
78172.35
78174.578
78176.805
78179.029
78181.251
78183.471
78185.69
78187.906
78190.12
78192.331
78194.54
78196.746
78198.95
78201.152
78203.352
78205.551
78207.749
78209.944
78212.137
78214.327
78216.515
78218.701
78220.884
78223.064
78225.243
78227.419
78229.594
78231.767
78233.939
78236.108
78238.276
78240.441
78242.604
78244.765
78246.924
78249.081
78251.236
78253.389
78255.539
78257.688
78259.836
78261.981
78264.124
78266.265
78268.403
78270.538
78272.671
78274.802
78276.931
78279.058
78281.185
78283.31
78285.434
78287.555
78289.675
78291.792
78293.906
78296.019
78298.13
78300.239
78302.346
78304.453
78306.557
78308.66
78310.761
78312.859
78314.954
78317.047
78319.137
78321.226
78323.313
78325.398
78327.483
78329.566
78331.647
78333.727
78335.804
78337.88
78339.953
78342.024
78344.094
78346.161
78348.225
78350.288
78352.349
78354.408
78356.465
78358.521
78360.576
78362.628
78364.679
78366.727
78368.774
78370.818
78372.861
78374.901
78376.939
78378.974
78381.007
78383.038
78385.067
78387.094
78389.119
78391.142
78393.163
78395.182
78397.198
78399.213
78401.225
78403.236
78405.244
78407.25
78409.254
78411.257
78413.257
78415.256
78417.252
78419.246
78421.237
78423.227
78425.214
78427.2
78429.184
78431.166
78433.146
78435.123
78437.098
78439.071
78441.042
78443.011
78444.977
78446.941
78448.904
78450.864
78452.823
78454.78
78456.735
78458.687
78460.637
78462.584
78464.53
78466.472
78468.413
78470.352
78472.289
78474.224
78476.157
78478.088
78480.018
78481.946
78483.872
78485.795
78487.716
78489.634
78491.55
78493.463
78495.375
78497.284
78499.192
78501.097
78503
78504.902
78506.802
78508.7
78510.596
78512.49
78514.381
78516.269
78518.155
78520.039
78521.921
78523.801
78525.679
78527.556
78529.43
78531.303
78533.173
78535.042
78536.908
78538.773
78540.635
78542.494
78544.351
78546.204
78548.056
78549.907
78551.756
78553.604
78555.451
78557.294
78559.136
78560.975
78562.811
78564.645
78566.478
78568.308
78570.136
78571.962
78573.785
78575.607
78577.428
78579.246
78581.063
78582.877
78584.69
78586.5
78588.307
78590.113
78591.917
78593.719
78595.519
78597.316
78599.112
78600.905
78602.696
78604.486
78606.274
78608.06
78609.844
78611.626
78613.406
78615.184
78616.96
78618.734
78620.506
78622.276
78624.044
78625.81
78627.575
78629.337
78631.097
78632.856
78634.613
78636.367
78638.12
78639.87
78641.619
78643.365
78645.109
78646.851
78648.592
78650.331
78652.067
78653.802
78655.534
78657.265
78658.994
78660.72
78662.445
78664.167
78665.888
78667.606
78669.322
78671.037
78672.749
78674.459
78676.166
78677.872
78679.575
78681.276
78682.975
78684.671
78686.365
78688.057
78689.747
78691.434
78693.119
78694.802
78696.483
78698.161
78699.837
78701.51
78703.181
78704.849
78706.514
78708.177
78709.837
78711.495
78713.15
78714.802
78716.452
78718.099
78719.743
78721.385
78723.024
78724.659
78726.292
78727.923
78729.55
78731.174
78732.796
78734.414
78736.029
78737.641
78739.25
78740.856
78742.459
78744.059
78745.655
78747.248
78748.838
78750.424
78752.007
78753.587
78755.163
78756.736
78758.305
78759.871
78761.433
78762.992
78764.547
78766.098
78767.646
78769.19
78770.73
78772.267
78773.8
78775.328
78776.853
78778.374
78779.891
78781.404
78782.913
78784.418
78785.919
78787.416
78788.909
78790.397
78791.881
78793.362
78794.837
78796.309
78797.776
78799.239
78800.697
78802.151
78803.6
78805.044
78806.484
78807.919
78809.35
78810.776
78812.197
78813.614
78815.026
78816.433
78817.835
78819.233
78820.626
78822.013
78823.396
78824.774
78826.147
78827.514
78828.877
78830.235
78831.587
78832.935
78834.277
78835.614
78836.945
78838.272
78839.593
78840.909
78842.22
78843.525
78844.825
78846.12
78847.409
78848.693
78849.971
78851.244
78852.511
78853.773
78855.029
78856.279
78857.524
78858.764
78859.998
78861.226
78862.448
78863.666
78864.877
78866.082
78867.282
78868.477
78869.665
78870.848
78872.025
78873.196
78874.361
78875.52
78876.674
78877.822
78878.964
78880.1
78881.231
78882.355
78883.473
78884.586
78885.694
78886.795
78887.891
78888.98
78890.064
78891.142
78892.214
78893.281
78894.341
78895.396
78896.446
78897.489
78898.527
78899.558
78900.585
78901.605
78902.62
78903.629
78904.632
78905.63
78906.622
78907.609
78908.59
78909.565
78910.535
78911.499
78912.457
78913.41
78914.357
78915.3
78916.237
78917.169
78918.095
78919.016
78919.932
78920.842
78921.746
78922.646
78923.539
78924.428
78925.312
78926.19
78927.064
78927.932
78928.795
78929.654
78930.507
78931.355
78932.199
78933.038
78933.872
78934.701
78935.525
78936.344
78937.158
78937.967
78938.772
78939.572
78940.368
78941.159
78941.946
78942.728
78943.506
78944.279
78945.048
78945.812
78946.573
78947.328
78948.08
78948.827
78949.57
78950.309
78951.044
78951.774
78952.5
78953.222
78953.94
78954.654
78955.365
78956.071
78956.774
78957.473
78958.168
78958.859
78959.547
78960.231
78960.911
78961.588
78962.26
78962.93
78963.595
78964.257
78964.916
78965.571
78966.223
78966.872
78967.517
78968.159
78968.798
78969.434
78970.066
78970.696
78971.322
78971.945
78972.565
78973.182
78973.797
78974.408
78975.016
78975.621
78976.224
78976.823
78977.42
78978.015
78978.606
78979.195
78979.782
78980.366
78980.947
78981.526
78982.102
78982.676
78983.247
78983.816
78984.383
78984.947
78985.509
78986.069
78986.626
78987.182
78987.735
78988.286
78988.835
78989.382
78989.927
78990.47
78991.011
78991.55
78992.087
78992.623
78993.157
78993.689
78994.219
78994.747
78995.274
78995.799
78996.323
78996.845
78997.365
78997.884
78998.402
78998.918
78999.432
78999.946
79000.458
79000.969
79001.479
79001.988
79002.495
79003.001
79003.506
79004.011
79004.514
79005.016
79005.518
79006.019
79006.519
79007.018
79007.517
79008.014
79008.511
79009.008
79009.504
79009.999
79010.494
79010.989
79011.483
79011.978
79012.472
79012.965
79013.459
79013.953
79014.447
79014.941
79015.435
79015.929
79016.424
79016.919
79017.413
79017.909
79018.404
79018.9
79019.397
79019.895
79020.393
79020.892
79021.392
79021.893
79022.395
79022.898
79023.402
79023.907
79024.413
79024.92
79025.429
79025.939
79026.45
79026.963
79027.477
79027.993
79028.511
79029.03
79029.551
79030.074
79030.598
79031.125
79031.653
79032.184
79032.717
79033.252
79033.789
79034.328
79034.87
79035.414
79035.96
79036.509
79037.06
79037.614
79038.171
79038.73
79039.292
79039.856
79040.424
79040.994
79041.567
79042.144
79042.723
79043.305
79043.89
79044.478
79045.07
79045.664
79046.262
79046.863
79047.467
79048.075
79048.686
79049.301
79049.918
79050.54
79051.164
79051.793
79052.425
79053.06
79053.699
79054.342
79054.988
79055.638
79056.292
79056.95
79057.611
79058.276
79058.945
79059.618
79060.294
79060.974
79061.658
79062.346
79063.038
79063.734
79064.434
79065.138
79065.846
79066.557
79067.273
79067.992
79068.716
79069.444
79070.175
79070.911
79071.65
79072.394
79073.141
79073.893
79074.648
79075.408
79076.171
79076.939
79077.711
79078.486
79079.265
79080.049
79080.836
79081.627
79082.423
79083.222
79084.025
79084.832
79085.643
79086.457
79087.276
79088.098
79088.925
79089.755
79090.589
79091.426
79092.267
79093.112
79093.96
79094.813
79095.668
79096.528
79097.391
79098.257
79099.127
79100
79100.877
79101.757
79102.641
79103.528
79104.418
79105.312
79106.208
79107.108
79108.011
79108.917
79109.826
79110.738
79111.653
79112.571
79113.492
79114.415
79115.341
79116.27
79117.202
79118.137
79119.074
79120.014
79120.956
79121.9
79122.846
79123.796
79124.747
79125.701
79126.658
79127.616
79128.576
79129.538
79130.502
79131.468
79132.436
79133.407
79134.379
79135.352
79136.328
79137.304
79138.282
79139.262
79140.244
79141.227
79142.212
79143.198
79144.184
79145.172
79146.162
79147.152
79148.144
79149.137
79150.131
79151.125
79152.121
79153.117
79154.114
79155.112
79156.111
79157.111
79158.111
79159.111
79160.112
79161.114
79162.115
79163.118
79164.12
79165.124
79166.127
79167.131
79168.135
79169.138
79170.142
79171.146
79172.15
79173.154
79174.158
79175.162
79176.166
79177.169
79178.172
79179.175
79180.178
79181.18
79182.183
79183.184
79184.185
79185.186
79186.186
79187.185
79188.185
79189.183
79190.181
79191.179
79192.175
79193.171
79194.165
79195.16
79196.153
79197.146
79198.137
79199.128
79200.118
79201.107
79202.095
79203.082
79204.068
79205.053
79206.037
79207.019
79208.001
79208.981
79209.96
79210.938
79211.916
79212.891
79213.866
79214.839
79215.811
79216.781
79217.75
79218.718
79219.685
79220.65
79221.614
79222.577
79223.538
79224.497
79225.455
79226.412
79227.367
79228.321
79229.274
79230.225
79231.174
79232.121
79233.067
79234.012
79234.956
79235.898
79236.838
79237.776
79238.713
79239.648
79240.581
79241.513
79242.444
79243.373
79244.3
79245.226
79246.149
79247.071
79247.992
79248.911
79249.828
79250.744
79251.658
79252.57
79253.48
79254.388
79255.295
79256.201
79257.104
79258.006
79258.906
79259.804
79260.7
79261.595
79262.488
79263.379
79264.269
79265.157
79266.043
79266.927
79267.809
79268.689
79269.568
79270.445
79271.32
79272.194
79273.066
79273.935
79274.803
79275.669
79276.533
79277.396
79278.257
79279.116
79279.973
79280.828
79281.682
79282.533
79283.383
79284.231
79285.077
79285.921
79286.764
79287.605
79288.444
79289.281
79290.117
79290.95
79291.781
79292.611
79293.439
79294.265
79295.089
79295.911
79296.732
79297.551
79298.368
79299.183
79299.996
79300.807
79301.616
79302.424
79303.23
79304.034
79304.836
79305.636
79306.435
79307.231
79308.026
79308.819
79309.61
79310.399
79311.186
79311.972
79312.756
79313.537
79314.317
79315.095
79315.872
79316.646
79317.418
79318.189
79318.958
79319.725
79320.49
79321.253
79322.014
79322.773
79323.531
79324.287
79325.041
79325.794
79326.544
79327.292
79328.039
79328.784
79329.527
79330.268
79331.007
79331.745
79332.48
79333.214
79333.945
79334.675
79335.403
79336.129
79336.853
79337.576
79338.296
79339.015
79339.732
79340.447
79341.16
79341.872
79342.581
79343.289
79343.995
79344.699
79345.402
79346.103
79346.801
79347.499
79348.194
79348.887
79349.579
79350.269
79350.957
79351.643
79352.327
79353.01
79353.691
79354.37
79355.048
79355.723
79356.397
79357.069
79357.739
79358.408
79359.075
79359.74
79360.404
79361.066
79361.726
79362.385
79363.042
79363.697
79364.351
79365.003
79365.653
79366.302
79366.949
79367.594
79368.238
79368.88
79369.521
79370.159
79370.797
79371.432
79372.066
79372.698
79373.329
79373.958
79374.585
79375.211
79375.835
79376.458
79377.079
79377.699
79378.318
79378.935
79379.55
79380.164
79380.776
79381.387
79381.996
79382.604
79383.21
79383.814
79384.417
79385.018
79385.618
79386.216
79386.813
79387.408
79388.002
79388.594
79389.185
79389.774
79390.361
79390.947
79391.531
79392.114
79392.694
79393.274
79393.852
79394.431
79395.008
79395.582
79396.157
79396.73
79397.3
79397.867
79398.433
79398.997
79399.56
79400.122
79400.682
79401.241
79401.798
79402.353
79402.907
79403.46
79404.011
79404.56
79405.108
79405.655
79406.199
79406.743
79407.285
79407.825
79408.364
79408.901
79409.437
79409.97
79410.503
79411.033
79411.562
79412.089
79412.614
79413.138
79413.66
79414.181
79414.7
79415.217
79415.733
79416.247
79416.76
79417.271
79417.78
79418.287
79418.793
79419.298
79419.8
79420.301
79420.8
79421.298
79421.793
79422.287
79422.78
79423.27
79423.759
79424.246
79424.731
79425.214
79425.696
79426.175
79426.653
79427.13
79427.604
79428.077
79428.548
79429.017
79429.485
79429.95
79430.414
79430.876
79431.336
79431.795
79432.251
79432.706
79433.159
79433.61
79434.059
79434.506
79434.952
79435.395
79435.837
79436.277
79436.714
79437.15
79437.584
79438.017
79438.447
79438.876
79439.302
79439.727
79440.15
79440.571
79440.991
79441.408
79441.823
79442.237
79442.649
79443.059
79443.467
79443.873
79444.277
79444.679
79445.079
79445.477
79445.874
79446.268
79446.661
79447.052
79447.441
79447.828
79448.213
79448.596
79448.977
79449.357
79449.734
79450.11
79450.484
79450.856
79451.226
79451.594
79451.96
79452.325
79452.687
79453.048
79453.407
79453.764
79454.119
79454.472
79454.823
79455.173
79455.52
79455.866
79456.21
79456.552
79456.892
79457.231
79457.567
79457.902
79458.235
79458.566
79458.895
79459.222
79459.548
79459.872
79460.194
79460.514
79460.832
79461.149
79461.463
79461.776
79462.087
79462.397
79462.704
79463.01
79463.314
79463.616
79463.916
79464.215
79464.512
79464.807
79465.1
79465.392
79465.682
79465.97
79466.257
79466.541
79466.824
79467.106
79467.385
79467.663
79467.939
79468.214
79468.487
79468.758
79469.027
79469.295
79469.561
79469.825
79470.088
79470.349
79470.609
79470.867
79471.123
79471.378
79471.63
79471.882
79472.132
79472.38
79472.626
79472.871
79473.114
79473.356
79473.596
79473.835
79474.071
79474.307
79474.54
79474.773
79475.003
79475.232
79475.459
79475.685
79475.91
79476.132
79476.353
79476.573
79476.791
79477.008
79477.223
79477.436
79477.648
79477.858
79478.067
79478.274
79478.48
79478.684
79478.887
79479.088
79479.287
79479.485
79479.682
79479.877
79480.07
79480.262
79480.452
79480.641
79480.828
79481.014
79481.198
79481.38
79481.561
79481.74
79481.918
79482.094
79482.269
79482.442
79482.614
79482.784
79482.952
79483.119
79483.284
79483.448
79483.61
79483.77
79483.929
79484.086
79484.242
79484.396
79484.548
79484.699
79484.848
79484.995
79485.141
79485.285
79485.428
79485.569
79485.708
79485.845
79485.981
79486.116
79486.248
79486.379
79486.508
79486.636
79486.762
79486.886
79487.008
79487.129
79487.248
79487.365
79487.481
79487.595
79487.707
79487.818
79487.927
79488.034
79488.139
79488.243
79488.345
79488.445
79488.543
79488.64
79488.735
79488.828
79488.92
79489.009
79489.097
79489.183
79489.268
79489.35
79489.431
79489.51
79489.588
79489.663
79489.737
79489.809
79489.879
79489.947
79490.014
79490.079
79490.142
79490.203
79490.262
79490.32
79490.376
79490.429
79490.482
79490.532
79490.58
79490.627
79490.672
79490.715
79490.756
79490.795
79490.833
79490.868
79490.902
79490.934
79490.964
79490.992
79491.019
79491.043
79491.066
79491.087
79491.106
79491.123
79491.139
79491.152
79491.164
79491.174
79491.182
79491.188
79491.192
79491.195
79491.196
79491.194
79491.191
79491.186
79491.18
79491.171
79491.161
79491.148
79491.134
79491.118
79491.101
79491.081
79491.06
79491.036
79491.011
79490.985
79490.956
79490.926
79490.893
79490.859
79490.823
79490.786
79490.746
79490.705
79490.662
79490.618
79490.571
79490.523
79490.473
79490.421
79490.367
79490.312
79490.255
79490.196
79490.135
79490.073
79490.009
79489.943
79489.875
79489.806
79489.735
79489.662
79489.588
79489.512
79489.434
79489.354
79489.273
79489.19
79489.105
79489.019
79488.93
79488.841
79488.749
79488.656
79488.561
79488.464
79488.366
79488.266
79488.165
79488.062
79487.957
79487.85
79487.742
79487.632
79487.52
79487.407
79487.292
79487.175
79487.057
79486.937
79486.816
79486.693
79486.568
79486.441
79486.313
79486.183
79486.051
79485.918
79485.783
79485.647
79485.509
79485.369
79485.227
79485.084
79484.939
79484.792
79484.644
79484.494
79484.343
79484.189
79484.034
79483.877
79483.719
79483.559
79483.397
79483.233
79483.068
79482.901
79482.732
79482.561
79482.389
79482.215
79482.039
79481.862
79481.682
79481.501
79481.318
79481.134
79480.948
79480.759
79480.57
79480.378
79480.185
79479.989
79479.792
79479.594
79479.393
79479.191
79478.986
79478.78
79478.572
79478.361
79478.149
79477.934
79477.717
79477.498
79477.277
79477.054
79476.829
79476.602
79476.373
79476.144
79475.912
79475.68
79475.445
79475.209
79474.971
79474.731
79474.488
79474.242
79473.994
79473.744
79473.491
79473.237
79472.981
79472.724
79472.465
79472.205
79471.943
79471.679
79471.411
79471.141
79470.869
79470.594
79470.318
79470.04
79469.761
79469.481
79469.198
79468.913
79468.625
79468.335
79468.042
79467.747
79467.451
79467.153
79466.854
79466.552
79466.249
79465.942
79465.633
79465.322
79465.009
79464.694
79464.378
79464.06
79463.739
79463.416
79463.091
79462.763
79462.434
79462.103
79461.77
79461.435
79461.098
79460.759
79460.417
79460.073
79459.728
79459.381
79459.031
79458.68
79458.326
79457.971
79457.614
79457.254
79456.894
79456.531
79456.166
79455.8
79455.431
79455.062
79454.69
79454.317
79453.942
79453.565
79453.186
79452.806
79452.424
79452.041
79451.655
79451.268
79450.878
79450.487
79450.094
79449.699
79449.301
79448.902
79448.5
79448.097
79447.691
79447.283
79446.873
79446.461
79446.047
79445.632
79445.214
79444.794
79444.373
79443.949
79443.524
79443.097
79442.667
79442.236
79441.803
79441.368
79440.93
79440.491
79440.051
79439.608
79439.163
79438.717
79438.269
79437.819
79437.367
79436.914
79436.458
79436.001
79435.542
79435.082
79434.62
79434.156
79433.69
79433.222
79432.753
79432.282
79431.81
79431.335
79430.859
79430.381
79429.901
79429.42
79428.937
79428.453
79427.966
79427.478
79426.989
79426.497
79426.004
79425.509
79425.012
79424.513
79424.013
79423.511
79423.008
79422.503
79421.996
79421.487
79420.977
79420.465
79419.95
79419.434
79418.916
79418.397
79417.876
79417.354
79416.83
79416.305
79415.778
79415.248
79414.717
79414.183
79413.648
79413.11
79412.571
79412.031
79411.49
79410.947
79410.404
79409.858
79409.31
79408.76
79408.206
79407.65
79407.092
79406.532
79405.972
79405.412
79404.851
79404.289
79403.726
79403.16
79402.59
79402.017
79401.439
79400.859
79400.277
79399.695
79399.114
79398.535
79397.956
79397.377
79396.794
79396.206
79395.612
79395.012
79394.407
79393.8
79393.194
79392.593
79391.997
79391.405
79390.814
79390.219
79389.616
79389.002
79388.377
79387.743
79387.105
79386.472
79385.848
79385.237
79384.637
79384.042
79383.444
79382.832
79382.198
79381.542
79380.87
79380.194
79379.525
79378.87
79378.237
79377.634
79377.064
79376.504
79375.896
79375.205
79374.524
79373.692
79373.116
79372.462
79371.761
79371.129
79370.533
79369.918
79369.282
79368.632
79367.97
79367.3
79366.629
79365.962
79365.302
79364.652
79364.009
79363.369
79362.728
79362.083
79361.432
79360.774
79360.112
79359.447
79358.782
79358.117
79357.454
79356.793
79356.132
79355.47
79354.807
79354.14
79353.47
79352.797
79352.121
79351.443
79350.765
79350.086
79349.406
79348.725
79348.044
79347.361
79346.676
79345.988
79345.298
79344.606
79343.912
79343.216
79342.52
79341.823
79341.123
79340.422
79339.72
79339.016
79338.31
79337.602
79336.893
79336.182
79335.469
79334.755
79334.039
79333.322
79332.603
79331.882
79331.161
79330.437
79329.712
79328.985
79328.257
79327.526
79326.795
79326.061
79325.327
79324.59
79323.852
79323.113
79322.372
79321.629
79320.885
79320.139
79319.391
79318.642
79317.892
79317.14
79316.386
79315.63
79314.874
79314.115
79313.355
79312.593
79311.83
79311.065
79310.299
79309.531
79308.762
79307.991
79307.218
79306.444
79305.668
79304.891
79304.112
79303.332
79302.55
79301.767
79300.981
79300.195
79299.407
79298.617
79297.826
79297.033
79296.239
79295.443
79294.645
79293.846
79293.046
79292.243
79291.44
79290.634
79289.828
79289.019
79288.209
79287.398
79286.585
79285.77
79284.954
79284.136
79283.317
79282.496
79281.674
79280.85
79280.024
79279.197
79278.368
79277.538
79276.706
79275.873
79275.038
79274.201
79273.363
79272.524
79271.682
79270.84
79269.995
79269.149
79268.302
79267.453
79266.602
79265.75
79264.896
79264.041
79263.184
79262.325
79261.465
79260.603
79259.74
79258.875
79258.009
79257.141
79256.272
79255.4
79254.528
79253.654
79252.778
79251.9
79251.021
79250.141
79249.259
79248.375
79247.49
79246.603
79245.715
79244.825
79243.934
79243.041
79242.146
79241.25
79240.352
79239.453
79238.552
79237.65
79236.746
79235.84
79234.933
79234.024
79233.114
79232.202
79231.289
79230.374
79229.457
79228.539
79227.619
79226.698
79225.775
79224.85
79223.924
79222.997
79222.067
79221.136
79220.204
79219.27
79218.334
79217.397
79216.458
79215.517
79214.575
79213.631
79212.686
79211.739
79210.79
79209.84
79208.888
79207.934
79206.979
79206.022
79205.063
79204.103
79203.141
79202.178
79201.212
79200.245
79199.277
79198.307
79197.335
79196.361
79195.386
79194.409
79193.43
79192.45
79191.468
79190.484
79189.498
79188.511
79187.522
79186.532
79185.539
79184.545
79183.549
79182.552
79181.553
79180.552
79179.549
79178.545
79177.538
79176.531
79175.521
79174.51
79173.497
79172.482
79171.465
79170.447
79169.427
79168.405
79167.382
79166.357
79165.33
79164.301
79163.271
79162.239
79161.205
79160.169
79159.132
79158.093
79157.052
79156.01
79154.965
79153.919
79152.871
79151.822
79150.771
79149.718
79148.663
79147.606
79146.548
79145.488
79144.426
79143.363
79142.298
79141.231
79140.162
79139.092
79138.019
79136.945
79135.87
79134.792
79133.713
79132.632
79131.55
79130.465
79129.379
79128.291
79127.202
79126.11
79125.017
79123.922
79122.826
79121.728
79120.628
79119.526
79118.423
79117.317
79116.211
79115.102
79113.992
79112.88
79111.766
79110.651
79109.534
79108.415
79107.295
79106.173
79105.049
79103.924
79102.796
79101.668
79100.537
79099.405
79098.271
79097.136
79095.999
79094.86
79093.72
79092.578
79091.435
79090.29
79089.143
79087.994
79086.844
79085.693
79084.539
79083.385
79082.228
79081.07
79079.91
79078.749
79077.586
79076.422
79075.256
79074.089
79072.919
79071.749
79070.576
79069.402
79068.227
79067.05
79065.871
79064.691
79063.509
79062.326
79061.141
79059.955
79058.767
79057.577
79056.386
79055.193
79053.999
79052.803
79051.605
79050.406
79049.206
79048.003
79046.799
79045.594
79044.387
79043.179
79041.968
79040.757
79039.543
79038.328
79037.112
79035.894
79034.674
79033.453
79032.23
79031.006
79029.78
79028.552
79027.323
79026.092
79024.86
79023.626
79022.39
79021.153
79019.914
79018.674
79017.432
79016.188
79014.943
79013.696
79012.448
79011.198
79009.947
79008.693
79007.439
79006.183
79004.925
79003.665
79002.404
79001.142
78999.878
78998.612
78997.344
78996.076
78994.805
78993.533
78992.259
78990.984
78989.707
78988.429
78987.149
78985.868
78984.585
78983.3
78982.014
78980.726
78979.436
78978.145
78976.853
78975.559
78974.263
78972.966
78971.667
78970.366
78969.064
78967.76
78966.455
78965.148
78963.839
78962.529
78961.217
78959.904
78958.589
78957.272
78955.954
78954.634
78953.312
78951.989
78950.664
78949.337
78948.008
78946.678
78945.346
78944.013
78942.677
78941.34
78940.002
78938.661
78937.319
78935.975
78934.629
78933.281
78931.931
78930.58
78929.227
78927.872
78926.515
78925.156
78923.795
78922.433
78921.068
78919.701
78918.333
78916.962
78915.59
78914.215
78912.839
78911.46
78910.079
78908.696
78907.311
78905.924
78904.535
78903.143
78901.749
78900.353
78898.955
78897.554
78896.151
78894.745
78893.337
78891.926
78890.513
78889.098
78887.679
78886.258
78884.834
78883.408
78881.978
78880.546
78879.11
78877.672
78876.23
78874.786
78873.338
78871.886
78870.431
78868.973
78867.511
78866.046
78864.576
78863.103
78861.626
78860.145
78858.659
78857.169
78855.675
78854.176
78852.672
78851.164
78849.65
78848.132
78846.608
78845.078
78843.543
78842.002
78840.455
78838.902
78837.342
78835.776
78834.203
78832.622
78831.035
78829.44
78827.837
78826.226
78824.607
78822.979
78821.343
78819.697
78818.042
78816.377
78814.702
78813.016
78811.32
78809.613
78807.894
78806.164
78804.421
78802.666
78800.898
78799.116
78797.321
78795.511
78793.687
78791.848
78789.993
78788.122
78786.234
78784.33
78782.408
78780.468
78778.509
78776.532
78774.534
78772.517
78770.479
78768.42
78766.339
78764.236
78762.11
78759.96
78757.786
78755.588
78753.364
78751.115
78748.839
78746.536
78744.206
78741.847
78739.459
78737.042
78734.595
78732.118
78729.609
78727.068
78724.496
78721.89
78719.251
78716.578
78713.87
78711.127
78708.349
78705.535
78702.684
78699.796
78696.871
78693.908
78690.907
78687.867
78684.788
78681.67
78678.512
78675.314
78672.076
78668.798
78665.479
78662.119
78658.718
78655.275
78651.792
78648.268
78644.702
78641.095
78637.447
78633.758
78630.028
78626.257
78622.446
78618.594
78614.702
78610.771
78606.8
78602.79
78598.742
78594.656
78590.533
78586.372
78582.176
78577.943
78573.676
78569.375
78565.04
78560.673
78556.274
78551.844
78547.384
78542.895
78538.379
78533.835
78529.265
78524.671
78520.053
78515.413
78510.751
78506.069
78501.368
78496.65
78491.916
78487.166
78482.403
78477.628
78472.841
78468.046
78463.241
78458.431
78453.614
78448.794
78443.972
78439.148
78434.325
78429.504
78424.687
78419.874
78415.068
78410.269
78405.479
78400.699
78395.93
78391.175
78386.433
78381.707
78376.997
78372.305
78367.632
78362.979
78358.347
78353.736
78349.149
78344.586
78340.049
78335.537
78331.051
78326.594
78322.165
78317.765
78313.395
78309.056
78304.748
78300.471
78296.227
78292.015
78287.836
78283.691
78279.58
78275.503
78271.461
78267.452
78263.479
78259.541
78255.637
78251.769
78247.935
78244.137
78240.373
78236.644
78232.95
78229.29
78225.664
78222.072
78218.513
78214.988
78211.496
78208.037
78204.61
78201.214
78197.85
78194.517
78191.214
78187.941
78184.697
78181.482
78178.296
78175.137
78172.006
78168.901
78165.822
78162.769
78159.741
78156.737
78153.757
78150.8
78147.865
78144.953
78142.062
78139.192
78136.342
78133.511
78130.7
78127.907
78125.133
78122.375
78119.635
78116.911
78114.203
78111.51
78108.832
78106.168
78103.518
78100.882
78098.258
78095.647
78093.047
78090.46
78087.883
78085.317
78082.762
78080.216
78077.68
78075.153
78072.635
78070.125
78067.623
78065.129
78062.642
78060.163
78057.69
78055.224
78052.764
78050.309
78047.861
78045.417
78042.979
78040.546
78038.117
78035.692
78033.272
78030.855
78028.442
78026.033
78023.626
78021.223
78018.823
78016.425
78014.03
78011.637
78009.246
78006.857
78004.47
78002.085
77999.701
77997.318
77994.937
77992.556
77990.177
77987.798
77985.42
77983.043
77980.666
77978.289
77975.913
77973.536
77971.16
77968.783
77966.407
77964.03
77961.653
77959.275
77956.897
77954.518
77952.139
77949.759
77947.378
77944.996
77942.613
77940.229
77937.844
77935.458
77933.071
77930.683
77928.293
77925.902
77923.51
77921.116
77918.721
77916.324
77913.926
77911.527
77909.126
77906.723
77904.318
77901.912
77899.505
77897.095
77894.684
77892.271
77889.856
77887.439
77885.02
77882.6
77880.177
77877.752
77875.325
77872.896
77870.465
77868.032
77865.598
77863.161
77860.723
77858.283
77855.841
77853.397
77850.951
77848.504
77846.054
77843.601
77841.147
77838.69
77836.231
77833.77
77831.306
77828.84
77826.372
77823.901
77821.429
77818.955
77816.479
77814.001
77811.521
77809.039
77806.555
77804.068
77801.579
77799.088
77796.595
77794.099
77791.6
77789.1
77786.597
77784.093
77781.586
77779.078
77776.568
77774.056
77771.541
77769.025
77766.506
77763.985
77761.462
77758.936
77756.407
77753.877
77751.344
77748.809
77746.273
77743.735
77741.195
77738.653
77736.11
77733.564
77731.016
77728.465
77725.912
77723.357
77720.8
77718.24
77715.678
77713.115
77710.55
77707.983
77705.414
77702.844
77700.271
77697.697
77695.12
77692.542
77689.961
77687.378
77684.793
77682.206
77679.617
77677.026
77674.434
77671.84
77669.244
77666.647
77664.047
77661.446
77658.843
77656.237
77653.63
77651.022
77648.411
77645.799
77643.186
77640.57
77637.953
77635.334
77632.713
77630.09
77627.465
77624.839
77622.211
77619.581
77616.95
77614.317
77611.682
77609.045
77606.407
77603.766
77601.124
77598.481
77595.835
77593.189
77590.541
77587.891
77585.239
77582.585
77579.929
77577.27
77574.61
77571.948
77569.284
77566.619
77563.952
77561.284
77558.614
77555.942
77553.268
77550.592
77547.914
77545.233
77542.551
77539.868
77537.182
77534.495
77531.806
77529.114
77526.421
77523.725
77521.026
77518.326
77515.624
77512.92
77510.215
77507.507
77504.797
77502.086
77499.372
77496.655
77493.937
77491.217
77488.495
77485.771
77483.045
77480.316
77477.586
77474.853
77472.118
77469.381
77466.641
77463.899
77461.156
77458.41
77455.663
77452.913
77450.161
77447.407
77444.65
77441.892
77439.131
77436.368
77433.603
77430.837
77428.068
77425.297
77422.523
77419.748
77416.97
77414.19
77411.408
77408.624
77405.839
77403.051
77400.261
77397.469
77394.673
77391.876
77389.077
77386.276
77383.473
77380.668
77377.861
77375.052
77372.24
77369.425
77366.608
77363.79
77360.969
77358.147
77355.323
77352.497
77349.669
77346.839
77344.006
77341.171
77338.334
77335.495
77332.654
77329.811
77326.966
77324.118
77321.269
77318.417
77315.564
77312.708
77309.851
77306.992
77304.131
77301.268
77298.403
77295.536
77292.667
77289.796
77286.923
77284.048
77281.171
77278.292
77275.411
77272.528
77269.644
77266.758
77263.87
77260.98
77258.089
77255.197
77252.302
77249.405
77246.507
77243.606
77240.704
77237.799
77234.894
77231.986
77229.078
77226.167
77223.255
77220.341
77217.426
77214.509
77211.59
77208.669
77205.747
77202.822
77199.896
77196.969
77194.039
77191.108
77188.176
77185.242
77182.306
77179.369
77176.429
77173.488
77170.545
77167.601
77164.654
77161.706
77158.756
77155.804
77152.851
77149.896
77146.939
77143.981
77141.02
77138.058
77135.094
77132.127
77129.159
77126.189
77123.217
77120.244
77117.268
77114.29
77111.31
77108.328
77105.344
77102.357
77099.369
77096.378
77093.386
77090.391
77087.394
77084.396
77081.395
77078.392
77075.387
77072.38
77069.371
77066.359
77063.346
77060.33
77057.313
77054.293
77051.27
77048.246
77045.219
77042.19
77039.158
77036.125
77033.089
77030.051
77027.011
77023.969
77020.924
77017.878
77014.829
77011.778
77008.725
77005.67
77002.613
76999.553
76996.491
76993.427
76990.36
76987.291
76984.22
76981.147
76978.072
76974.994
76971.915
76968.833
76965.749
76962.662
76959.574
76956.483
76953.389
76950.294
76947.196
76944.096
76940.994
76937.889
76934.782
76931.674
76928.563
76925.449
76922.334
76919.216
76916.097
76912.974
76909.85
76906.723
76903.594
76900.462
76897.329
76894.193
76891.055
76887.914
76884.772
76881.627
76878.481
76875.331
76872.18
76869.027
76865.871
76862.713
76859.552
76856.39
76853.225
76850.058
76846.889
76843.718
76840.545
76837.37
76834.192
76831.012
76827.831
76824.647
76821.46
76818.272
76815.082
76811.889
76808.695
76805.498
76802.3
76799.099
76795.897
76792.692
76789.485
76786.277
76783.066
76779.854
76776.639
76773.423
76770.205
76766.985
76763.764
76760.54
76757.315
76754.087
76750.858
76747.627
76744.394
76741.159
76737.923
76734.684
76731.444
76728.202
76724.958
76721.713
76718.465
76715.216
76711.965
76708.712
76705.457
76702.201
76698.943
76695.682
76692.42
76689.156
76685.89
76682.623
76679.353
76676.081
76672.808
76669.532
76666.254
76662.975
76659.693
76656.409
76653.123
76649.835
76646.545
76643.252
76639.958
76636.661
76633.363
76630.062
76626.758
76623.453
76620.145
76616.835
76613.523
76610.208
76606.892
76603.573
76600.252
76596.929
76593.603
76590.275
76586.944
76583.611
76580.275
76576.937
76573.596
76570.254
76566.909
76563.562
76560.213
76556.862
76553.508
76550.151
76546.791
76543.429
76540.064
76536.698
76533.329
76529.957
76526.584
76523.209
76519.831
76516.451
76513.068
76509.682
76506.293
76502.902
76499.508
76496.113
76492.715
76489.315
76485.913
76482.509
76479.102
76475.692
76472.28
76468.865
76465.448
76462.028
76458.605
76455.181
76451.754
76448.325
76444.894
76441.46
76438.024
76434.585
76431.144
76427.7
76424.254
76420.805
76417.354
76413.9
76410.444
76406.986
76403.526
76400.064
76396.6
76393.133
76389.663
76386.191
76382.716
76379.238
76375.758
76372.276
76368.793
76365.307
76361.819
76358.329
76354.837
76351.342
76347.845
76344.346
76340.844
76337.339
76333.833
76330.325
76326.814
76323.303
76319.789
76316.274
76312.756
76309.237
76305.715
76302.191
76298.664
76295.135
76291.604
76288.072
76284.537
76281.002
76277.464
76273.926
76270.385
76266.843
76263.299
76259.753
76256.204
76252.654
76249.101
76245.546
76241.99
76238.431
76234.871
76231.31
76227.747
76224.182
76220.615
76217.046
76213.475
76209.902
76206.326
76202.748
76199.168
76195.586
76192.002
76188.416
76184.828
76181.238
76177.645
76174.051
76170.454
76166.855
76163.253
76159.649
76156.043
76152.434
76148.823
76145.21
76141.594
76137.975
76134.355
76130.731
76127.106
76123.478
76119.848
76116.215
76112.579
76108.941
76105.301
76101.658
76098.013
76094.365
76090.715
76087.062
76083.407
76079.749
76076.088
76072.425
76068.76
76065.092
76061.422
76057.749
76054.073
76050.396
76046.716
76043.033
76039.347
76035.66
76031.969
76028.276
76024.58
76020.882
76017.182
76013.479
76009.774
76006.066
76002.355
75998.643
75994.927
75991.209
75987.489
75983.766
75980.04
75976.312
75972.582
75968.849
75965.113
75961.375
75957.635
75953.892
75950.146
75946.398
75942.648
75938.894
75935.139
75931.38
75927.62
75923.856
75920.091
75916.323
75912.552
75908.779
75905.003
75901.225
75897.444
75893.661
75889.875
75886.087
75882.296
75878.503
75874.707
75870.909
75867.108
75863.305
75859.5
75855.692
75851.881
75848.068
75844.253
75840.435
75836.615
75832.792
75828.968
75825.14
75821.311
75817.479
75813.645
75809.809
75805.971
75802.13
75798.288
75794.443
75790.595
75786.746
75782.895
75779.041
75775.186
75771.329
75767.469
75763.608
75759.744
75755.879
75752.012
75748.143
75744.272
75740.399
75736.524
75732.647
75728.769
75724.888
75721.006
75717.123
75713.237
75709.35
75705.46
75701.569
75697.675
75693.78
75689.882
75685.983
75682.082
75678.178
75674.273
75670.366
75666.456
75662.544
75658.631
75654.714
75650.796
75646.875
75642.952
75639.027
75635.099
75631.169
75627.237
75623.302
75619.365
75615.426
75611.484
75607.54
75603.593
75599.643
75595.691
75591.737
75587.779
75583.82
75579.858
75575.893
75571.925
75567.956
75563.983
75560.008
75556.03
75552.05
75548.067
75544.082
75540.094
75536.103
75532.11
75528.114
75524.115
75520.114
75516.11
75512.104
75508.095
75504.083
75500.069
75496.053
75492.033
75488.012
75483.988
75479.961
75475.932
75471.9
75467.865
75463.828
75459.788
75455.745
75451.7
75447.652
75443.602
75439.549
75435.493
75431.435
75427.374
75423.311
75419.245
75415.176
75411.105
75407.031
75402.955
75398.875
75394.794
75390.709
75386.622
75382.532
75378.439
75374.344
75370.246
75366.146
75362.043
75357.937
75353.829
75349.718
75345.605
75341.489
75337.37
75333.249
75329.125
75324.999
75320.869
75316.738
75312.603
75308.466
75304.326
75300.184
75296.039
75291.892
75287.741
75283.589
75279.433
75275.276
75271.115
75266.953
75262.787
75258.62
75254.45
75250.278
75246.103
75241.926
75237.746
75233.565
75229.38
75225.194
75221.005
75216.815
75212.622
75208.427
75204.23
75200.031
75195.83
75191.627
75187.422
75183.215
75179.006
75174.795
75170.582
75166.367
75162.151
75157.932
75153.712
75149.489
75145.264
75141.038
75136.809
75132.578
75128.345
75124.11
75119.872
75115.632
75111.39
75107.146
75102.899
75098.649
75094.397
75090.143
75085.885
75081.625
75077.363
75073.097
75068.829
75064.558
75060.285
75056.008
75051.729
75047.447
75043.162
75038.874
75034.582
75030.288
75025.991
75021.691
75017.388
75013.082
75008.772
75004.46
75000.145
74995.826
74991.505
74987.18
74982.852
74978.521
74974.186
74969.849
74965.508
74961.164
74956.817
74952.467
74948.114
74943.757
74939.397
74935.034
74930.667
74926.297
74921.924
74917.547
74913.167
74908.784
74904.397
74900.007
74895.613
74891.216
74886.816
74882.412
74878.005
74873.594
74869.179
74864.761
74860.339
74855.914
74851.485
74847.053
74842.616
74838.176
74833.732
74829.285
74824.834
74820.379
74815.92
74811.457
74806.991
74802.52
74798.046
74793.567
74789.085
74784.599
74780.108
74775.614
74771.115
74766.612
74762.105
74757.594
74753.079
74748.559
74744.035
74739.507
74734.975
74730.438
74725.897
74721.351
74716.801
74712.246
74707.686
74703.123
74698.554
74693.981
74689.404
74684.822
74680.235
74675.643
74671.047
74666.446
74661.841
74657.231
74652.616
74647.996
74643.372
74638.744
74634.111
74629.473
74624.83
74620.183
74615.531
74610.875
74606.214
74601.548
74596.877
74592.202
74587.522
74582.837
74578.148
74573.453
74568.753
74564.049
74559.339
74554.624
74549.903
74545.177
74540.446
74535.709
74530.966
74526.217
74521.462
74516.701
74511.933
74507.159
74502.378
74497.59
74492.796
74487.995
74483.186
74478.371
74473.548
74468.718
74463.881
74459.037
74454.184
74449.325
74444.457
74439.582
74434.698
74429.807
74424.907
74420
74415.084
74410.16
74405.227
74400.287
74395.337
74390.379
74385.412
74380.437
74375.452
74370.459
74365.457
74360.445
74355.425
74350.395
74345.355
74340.307
74335.248
74330.18
74325.102
74320.015
74314.917
74309.81
74304.692
74299.564
74294.426
74289.278
74284.118
74278.949
74273.769
74268.578
74263.376
74258.163
74252.939
74247.704
74242.457
74237.199
74231.93
74226.649
74221.356
74216.052
74210.735
74205.407
74200.067
74194.715
74189.35
74183.973
74178.584
74173.182
74167.767
74162.34
74156.899
74151.446
74145.979
74140.499
74135.006
74129.499
74123.979
74118.445
74112.897
74107.336
74101.76
74096.171
74090.567
74084.949
74079.317
74073.67
74068.008
74062.332
74056.641
74050.935
74045.214
74039.478
74033.727
74027.961
74022.179
74016.382
74010.569
74004.741
73998.897
73993.038
73987.163
73981.273
73975.366
73969.445
73963.507
73957.554
73951.586
73945.601
73939.601
73933.585
73927.554
73921.507
73915.443
73909.364
73903.269
73897.157
73891.029
73884.885
73878.723
73872.545
73866.35
73860.137
73853.906
73847.658
73841.392
73835.108
73828.805
73822.484
73816.144
73809.786
73803.408
73797.011
73790.595
73784.16
73777.705
73771.231
73764.737
73758.224
73751.691
73745.138
73738.565
73731.972
73725.359
73718.726
73712.073
73705.4
73698.707
73691.993
73685.259
73678.505
73671.73
73664.934
73658.118
73651.282
73644.424
73637.547
73630.648
73623.728
73616.788
73609.826
73602.844
73595.84
73588.816
73581.771
73574.705
73567.617
73560.507
73553.377
73546.225
73539.052
73531.858
73524.642
73517.405
73510.147
73502.867
73495.566
73488.243
73480.899
73473.534
73466.147
73458.738
73451.308
73443.857
73436.383
73428.889
73421.373
73413.835
73406.276
73398.695
73391.093
73383.469
73375.824
73368.158
73360.47
73352.76
73345.03
73337.278
73329.504
73321.709
73313.893
73306.056
73298.197
73290.318
73282.417
73274.495
73266.552
73258.588
73250.603
73242.597
73234.57
73226.522
73218.454
73210.364
73202.254
73194.124
73185.972
73177.801
73169.608
73161.396
73153.163
73144.91
73136.636
73128.343
73120.029
73111.696
73103.343
73094.97
73086.577
73078.164
73069.733
73061.282
73052.811
73044.322
73035.814
73027.287
73018.743
73010.18
73001.599
72993.002
72984.387
72975.755
72967.107
72958.442
72949.761
72941.065
72932.352
72923.623
72914.878
72906.116
72897.339
72888.545
72879.735
72870.909
72862.066
72853.206
72844.329
72835.436
72826.526
72817.6
72808.657
72799.697
72790.721
72781.729
72772.721
72763.697
72754.657
72745.602
72736.531
72727.445
72718.343
72709.226
72700.095
72690.948
72681.786
72672.61
72663.42
72654.215
72644.995
72635.762
72626.515
72617.253
72607.979
72598.69
72589.388
72580.073
72570.745
72561.403
72552.049
72542.682
72533.302
72523.91
72514.505
72505.087
72495.658
72486.216
72476.762
72467.297
72457.82
72448.331
72438.831
72429.32
72419.797
72410.263
72400.719
72391.164
72381.598
72372.021
72362.434
72352.837
72343.229
72333.611
72323.983
72314.345
72304.698
72295.04
72285.374
72275.698
72266.012
72256.318
72246.614
72236.902
72227.18
72217.45
72207.711
72197.964
72188.208
72178.444
72168.672
72158.891
72149.102
72139.305
72129.501
72119.689
72109.869
72100.041
72090.206
72080.364
72070.515
72060.659
72050.795
72040.925
72031.048
72021.164
72011.273
72001.376
71991.473
71981.563
71971.647
71961.724
71951.796
71941.862
71931.922
71921.977
71912.025
71902.068
71892.105
71882.136
71872.162
71862.183
71852.201
71842.218
71832.236
71822.258
71812.284
71802.315
71792.347
71782.379
71772.409
71762.432
71752.448
71742.456
71732.455
71722.446
71712.433
71702.416
71692.396
71682.374
71672.35
71662.325
71652.3
71642.273
71632.246
71622.22
71612.194
71602.169
71592.145
71582.123
71572.101
71562.081
71552.064
71542.074
71532.16
71522.829
)
;

boundaryField
{
    leftSide
    {
        type            waveTransmissive;
        gamma           1.4;
        fieldInf        0;
        lInf            1;
        value           uniform 71344.233;
    }
    rightSide
    {
        type            waveTransmissive;
        gamma           1.4;
        fieldInf        0;
        lInf            1;
        value           uniform 71518.013;
    }
    emptywalls
    {
        type            empty;
    }
}


// ************************************************************************* //
