/*--------------------------------*- C++ -*----------------------------------*\
  =========                 |
  \\      /  F ield         | OpenFOAM: The Open Source CFD Toolbox
   \\    /   O peration     | Website:  https://openfoam.org
    \\  /    A nd           | Version:  7
     \\/     M anipulation  |
\*---------------------------------------------------------------------------*/
FoamFile
{
    version     2.0;
    format      ascii;
    class       volScalarField;
    location    "0.00161";
    object      rho;
}
// * * * * * * * * * * * * * * * * * * * * * * * * * * * * * * * * * * * * * //

dimensions      [1 -3 0 0 0 0 0];

internalField   nonuniform List<scalar> 
5000
(
1.346236
1.345992
1.3457501
1.3455097
1.3452798
1.3450533
1.3448122
1.3445566
1.3443014
1.3440563
1.3438301
1.3436258
1.3434397
1.3432839
1.3431397
1.3429958
1.3428544
1.3427159
1.3425797
1.3424455
1.3423134
1.3421832
1.3420547
1.3419279
1.3418028
1.3416791
1.341557
1.3414363
1.3413171
1.3411993
1.341083
1.340968
1.3408545
1.3407424
1.3406316
1.3405223
1.3404143
1.3403077
1.3402025
1.3400987
1.3399962
1.3398951
1.3397953
1.3396969
1.3395998
1.339504
1.3394096
1.3393165
1.3392247
1.3391342
1.339045
1.338957
1.3388704
1.338785
1.3387009
1.3386181
1.3385364
1.3384561
1.3383769
1.338299
1.3382223
1.3381467
1.3380724
1.3379992
1.3379273
1.3378564
1.3377867
1.3377182
1.3376508
1.3375845
1.3375192
1.3374551
1.3373921
1.3373301
1.3372692
1.3372093
1.3371505
1.3370927
1.3370359
1.3369801
1.3369253
1.3368714
1.3368185
1.3367666
1.3367156
1.3366655
1.3366163
1.336568
1.3365206
1.3364741
1.3364284
1.3363836
1.3363396
1.3362965
1.3362541
1.3362125
1.3361717
1.3361317
1.3360925
1.336054
1.3360162
1.3359791
1.3359428
1.3359071
1.3358722
1.3358379
1.3358042
1.3357712
1.3357389
1.3357071
1.335676
1.3356455
1.3356156
1.3355862
1.3355574
1.3355292
1.3355015
1.3354743
1.3354477
1.3354216
1.3353959
1.3353708
1.3353461
1.3353219
1.3352982
1.3352749
1.3352521
1.3352297
1.3352077
1.3351862
1.335165
1.3351442
1.3351239
1.3351039
1.3350842
1.335065
1.335046
1.3350275
1.3350093
1.3349913
1.3349737
1.3349563
1.3349393
1.3349225
1.334906
1.3348899
1.3348739
1.3348583
1.3348429
1.3348277
1.3348128
1.3347982
1.3347837
1.3347695
1.3347556
1.3347418
1.3347282
1.3347149
1.3347017
1.3346888
1.334676
1.3346634
1.334651
1.3346388
1.3346267
1.3346148
1.3346031
1.3345915
1.3345801
1.3345688
1.3345577
1.3345467
1.3345358
1.3345251
1.3345145
1.3345041
1.3344937
1.3344835
1.3344734
1.3344634
1.3344536
1.3344438
1.3344342
1.3344246
1.3344152
1.3344058
1.3343966
1.3343874
1.3343784
1.3343694
1.3343605
1.3343517
1.334343
1.3343344
1.3343259
1.3343174
1.3343091
1.3343008
1.3342925
1.3342844
1.3342763
1.3342683
1.3342603
1.3342525
1.3342447
1.3342369
1.3342293
1.3342217
1.3342141
1.3342066
1.3341992
1.3341919
1.3341845
1.3341773
1.3341701
1.334163
1.3341559
1.3341489
1.3341419
1.334135
1.3341281
1.3341213
1.3341145
1.3341078
1.3341012
1.3340945
1.334088
1.3340814
1.334075
1.3340685
1.3340621
1.3340558
1.3340495
1.3340432
1.334037
1.3340309
1.3340247
1.3340186
1.3340126
1.3340066
1.3340006
1.3339947
1.3339888
1.333983
1.3339772
1.3339714
1.3339657
1.33396
1.3339543
1.3339487
1.3339431
1.3339375
1.333932
1.3339266
1.3339211
1.3339157
1.3339103
1.333905
1.3338997
1.3338944
1.3338892
1.333884
1.3338788
1.3338737
1.3338686
1.3338636
1.3338585
1.3338535
1.3338486
1.3338436
1.3338387
1.3338338
1.333829
1.3338242
1.3338194
1.3338147
1.3338099
1.3338053
1.3338006
1.333796
1.3337914
1.3337868
1.3337822
1.3337777
1.3337732
1.3337688
1.3337644
1.3337599
1.3337556
1.3337512
1.3337469
1.3337426
1.3337383
1.3337341
1.3337299
1.3337257
1.3337215
1.3337174
1.3337132
1.3337091
1.3337051
1.333701
1.333697
1.333693
1.3336891
1.3336851
1.3336812
1.3336773
1.3336734
1.3336696
1.3336658
1.333662
1.3336582
1.3336544
1.3336507
1.333647
1.3336433
1.3336397
1.333636
1.3336324
1.3336288
1.3336253
1.3336217
1.3336182
1.3336147
1.3336112
1.3336077
1.3336043
1.3336009
1.3335975
1.3335941
1.3335908
1.3335875
1.3335841
1.3335808
1.3335776
1.3335743
1.3335711
1.3335679
1.3335647
1.3335615
1.3335584
1.3335553
1.3335522
1.3335491
1.333546
1.333543
1.33354
1.333537
1.333534
1.3335311
1.3335282
1.3335252
1.3335223
1.3335195
1.3335166
1.3335138
1.333511
1.3335082
1.3335054
1.3335026
1.3334999
1.3334972
1.3334945
1.3334919
1.3334892
1.3334866
1.333484
1.3334814
1.3334788
1.3334763
1.3334738
1.3334713
1.3334688
1.3334663
1.3334639
1.3334615
1.3334591
1.3334567
1.3334544
1.333452
1.3334497
1.3334474
1.3334452
1.3334429
1.3334407
1.3334385
1.3334363
1.3334341
1.333432
1.3334299
1.3334278
1.3334257
1.3334237
1.3334216
1.3334196
1.3334176
1.3334156
1.3334137
1.3334117
1.3334098
1.3334079
1.3334061
1.3334042
1.3334024
1.3334006
1.3333988
1.333397
1.3333953
1.3333936
1.3333918
1.3333901
1.3333885
1.3333868
1.3333852
1.3333836
1.3333821
1.3333805
1.333379
1.3333775
1.3333759
1.3333744
1.333373
1.3333716
1.3333701
1.3333687
1.3333674
1.333366
1.3333647
1.3333633
1.333362
1.3333607
1.3333594
1.3333582
1.333357
1.3333558
1.3333546
1.3333534
1.3333522
1.3333511
1.33335
1.3333489
1.3333478
1.3333467
1.3333457
1.3333446
1.3333436
1.3333426
1.3333416
1.3333406
1.3333397
1.3333387
1.3333378
1.3333369
1.333336
1.3333352
1.3333343
1.3333335
1.3333326
1.3333318
1.3333311
1.3333303
1.3333295
1.3333288
1.333328
1.3333273
1.3333265
1.3333258
1.3333252
1.3333245
1.3333238
1.3333232
1.3333226
1.333322
1.3333214
1.3333208
1.3333202
1.3333196
1.333319
1.3333185
1.333318
1.3333174
1.3333169
1.3333164
1.3333159
1.3333155
1.333315
1.3333145
1.3333141
1.3333136
1.3333132
1.3333128
1.3333124
1.333312
1.3333116
1.3333112
1.3333108
1.3333104
1.3333101
1.3333097
1.3333094
1.3333091
1.3333087
1.3333084
1.3333081
1.3333078
1.3333075
1.3333072
1.3333069
1.3333067
1.3333064
1.3333061
1.3333059
1.3333056
1.3333054
1.3333051
1.3333049
1.3333047
1.3333045
1.3333042
1.333304
1.3333038
1.3333037
1.3333035
1.3333033
1.3333031
1.3333029
1.3333027
1.3333026
1.3333024
1.3333022
1.3333021
1.3333019
1.3333018
1.3333016
1.3333015
1.3333014
1.3333012
1.3333011
1.333301
1.3333009
1.3333007
1.3333006
1.3333005
1.3333004
1.3333003
1.3333002
1.3333001
1.3333
1.3332999
1.3332998
1.3332997
1.3332997
1.3332996
1.3332995
1.3332994
1.3332993
1.3332993
1.3332992
1.3332991
1.3332991
1.333299
1.333299
1.3332989
1.3332988
1.3332988
1.3332987
1.3332987
1.3332986
1.3332986
1.3332985
1.3332985
1.3332985
1.3332984
1.3332984
1.3332984
1.3332983
1.3332983
1.3332983
1.3332983
1.3332982
1.3332982
1.3332982
1.3332981
1.3332981
1.3332981
1.3332981
1.3332981
1.3332981
1.3332981
1.333298
1.333298
1.333298
1.333298
1.333298
1.333298
1.333298
1.333298
1.333298
1.333298
1.333298
1.3332979
1.3332979
1.3332979
1.3332979
1.3332979
1.3332979
1.3332979
1.3332979
1.3332979
1.3332979
1.3332979
1.3332979
1.3332979
1.3332979
1.3332979
1.3332979
1.3332979
1.3332979
1.3332979
1.3332979
1.3332979
1.3332979
1.333298
1.333298
1.333298
1.333298
1.333298
1.333298
1.333298
1.333298
1.333298
1.333298
1.333298
1.333298
1.333298
1.333298
1.333298
1.333298
1.333298
1.333298
1.333298
1.3332981
1.3332981
1.3332981
1.3332981
1.3332981
1.3332981
1.3332981
1.3332981
1.3332981
1.3332981
1.3332981
1.3332981
1.3332981
1.3332981
1.3332981
1.3332981
1.3332981
1.3332981
1.3332981
1.3332981
1.3332981
1.3332981
1.3332981
1.3332981
1.3332981
1.3332981
1.3332981
1.3332981
1.3332981
1.3332981
1.3332981
1.3332981
1.3332981
1.3332981
1.3332981
1.3332981
1.3332981
1.3332981
1.3332981
1.3332981
1.3332981
1.3332981
1.3332981
1.3332981
1.3332981
1.3332981
1.3332981
1.3332981
1.3332981
1.3332981
1.3332981
1.3332981
1.3332982
1.3332982
1.3332982
1.3332982
1.3332982
1.3332982
1.3332982
1.3332982
1.3332982
1.3332982
1.3332982
1.3332982
1.3332982
1.3332982
1.3332982
1.3332982
1.3332982
1.3332982
1.3332982
1.3332982
1.3332982
1.3332982
1.3332982
1.3332983
1.3332983
1.3332983
1.3332983
1.3332983
1.3332983
1.3332983
1.3332983
1.3332983
1.3332983
1.3332983
1.3332983
1.3332983
1.3332983
1.3332983
1.3332983
1.3332983
1.3332983
1.3332983
1.3332983
1.3332983
1.3332983
1.3332983
1.3332983
1.3332983
1.3332983
1.3332983
1.3332983
1.3332983
1.3332983
1.3332983
1.3332983
1.3332983
1.3332983
1.3332983
1.3332983
1.3332983
1.3332983
1.3332983
1.3332983
1.3332983
1.3332983
1.3332983
1.3332983
1.3332982
1.3332982
1.3332982
1.3332982
1.3332982
1.3332982
1.3332982
1.3332982
1.3332982
1.3332982
1.3332982
1.3332982
1.3332982
1.3332982
1.3332982
1.3332982
1.3332982
1.3332982
1.3332982
1.3332982
1.3332982
1.3332982
1.3332982
1.3332982
1.3332982
1.3332982
1.3332981
1.3332981
1.3332981
1.3332981
1.3332981
1.3332981
1.3332981
1.3332981
1.3332981
1.3332981
1.3332981
1.3332981
1.3332981
1.3332981
1.3332981
1.3332981
1.3332981
1.3332981
1.3332981
1.3332981
1.3332981
1.3332981
1.3332981
1.3332981
1.3332981
1.3332981
1.3332981
1.3332981
1.3332981
1.3332981
1.3332981
1.3332981
1.3332981
1.3332981
1.3332981
1.3332981
1.3332981
1.3332981
1.3332981
1.3332981
1.3332981
1.3332981
1.3332981
1.333298
1.333298
1.333298
1.333298
1.333298
1.333298
1.333298
1.333298
1.333298
1.333298
1.333298
1.333298
1.333298
1.333298
1.333298
1.333298
1.333298
1.333298
1.333298
1.333298
1.333298
1.333298
1.333298
1.333298
1.333298
1.333298
1.333298
1.333298
1.333298
1.333298
1.333298
1.333298
1.333298
1.333298
1.333298
1.333298
1.333298
1.333298
1.333298
1.333298
1.333298
1.333298
1.333298
1.333298
1.3332981
1.3332981
1.3332981
1.3332981
1.3332981
1.3332981
1.3332981
1.3332981
1.3332981
1.3332981
1.3332981
1.3332981
1.3332981
1.3332981
1.3332981
1.3332981
1.3332981
1.3332981
1.3332981
1.3332981
1.3332981
1.3332981
1.3332981
1.3332981
1.3332981
1.3332981
1.3332981
1.3332981
1.3332981
1.3332981
1.3332981
1.3332981
1.3332981
1.3332981
1.333298
1.333298
1.333298
1.3332981
1.3332981
1.3332981
1.3332981
1.3332981
1.3332981
1.3332981
1.3332981
1.3332981
1.3332981
1.3332981
1.3332981
1.333298
1.333298
1.333298
1.333298
1.333298
1.333298
1.333298
1.333298
1.333298
1.333298
1.333298
1.333298
1.333298
1.333298
1.333298
1.333298
1.333298
1.333298
1.333298
1.333298
1.333298
1.333298
1.333298
1.333298
1.333298
1.333298
1.333298
1.333298
1.333298
1.333298
1.333298
1.333298
1.333298
1.333298
1.333298
1.3332979
1.3332979
1.3332979
1.3332979
1.3332979
1.3332979
1.3332979
1.3332979
1.3332979
1.3332979
1.3332979
1.3332979
1.3332979
1.3332979
1.3332979
1.3332979
1.3332979
1.3332979
1.3332979
1.3332979
1.3332979
1.3332979
1.3332979
1.3332979
1.3332979
1.3332979
1.3332979
1.3332979
1.3332979
1.3332979
1.3332979
1.3332978
1.3332978
1.3332978
1.3332978
1.3332978
1.3332978
1.3332978
1.3332978
1.3332978
1.3332978
1.3332978
1.3332978
1.3332978
1.3332978
1.3332978
1.3332978
1.3332978
1.3332978
1.3332978
1.3332978
1.3332978
1.3332978
1.3332978
1.3332978
1.3332978
1.3332978
1.3332978
1.3332978
1.3332978
1.3332978
1.3332978
1.3332978
1.3332978
1.3332978
1.3332978
1.3332978
1.3332978
1.3332978
1.3332978
1.3332978
1.3332978
1.3332978
1.3332978
1.3332977
1.3332977
1.3332977
1.3332977
1.3332977
1.3332977
1.3332977
1.3332977
1.3332977
1.3332977
1.3332977
1.3332977
1.3332977
1.3332977
1.3332977
1.3332977
1.3332977
1.3332977
1.3332977
1.3332977
1.3332977
1.3332977
1.3332977
1.3332977
1.3332977
1.3332977
1.3332977
1.3332977
1.3332977
1.3332977
1.3332977
1.3332977
1.3332977
1.3332977
1.3332976
1.3332976
1.3332976
1.3332976
1.3332976
1.3332976
1.3332976
1.3332976
1.3332976
1.3332976
1.3332976
1.3332976
1.3332976
1.3332976
1.3332976
1.3332976
1.3332976
1.3332976
1.3332976
1.3332976
1.3332976
1.3332976
1.3332976
1.3332976
1.3332976
1.3332976
1.3332976
1.3332976
1.3332976
1.3332975
1.3332975
1.3332975
1.3332975
1.3332975
1.3332975
1.3332975
1.3332975
1.3332975
1.3332975
1.3332975
1.3332975
1.3332975
1.3332975
1.3332975
1.3332975
1.3332975
1.3332975
1.3332975
1.3332975
1.3332975
1.3332974
1.3332974
1.3332974
1.3332974
1.3332974
1.3332974
1.3332974
1.3332974
1.3332974
1.3332974
1.3332974
1.3332974
1.3332974
1.3332974
1.3332974
1.3332974
1.3332974
1.3332974
1.3332974
1.3332974
1.3332974
1.3332974
1.3332974
1.3332974
1.3332974
1.3332974
1.3332974
1.3332973
1.3332973
1.3332973
1.3332973
1.3332973
1.3332973
1.3332973
1.3332973
1.3332973
1.3332973
1.3332973
1.3332973
1.3332973
1.3332973
1.3332973
1.3332973
1.3332973
1.3332973
1.3332973
1.3332973
1.3332973
1.3332972
1.3332972
1.3332972
1.3332972
1.3332972
1.3332972
1.3332972
1.3332972
1.3332972
1.3332972
1.3332972
1.3332972
1.3332972
1.3332972
1.3332972
1.3332972
1.3332972
1.3332971
1.3332971
1.3332971
1.3332971
1.3332971
1.3332971
1.3332971
1.3332971
1.3332971
1.3332971
1.3332971
1.3332971
1.3332971
1.3332971
1.3332971
1.3332971
1.3332971
1.3332971
1.3332971
1.3332971
1.3332971
1.3332971
1.333297
1.333297
1.333297
1.333297
1.333297
1.333297
1.333297
1.333297
1.333297
1.333297
1.333297
1.333297
1.333297
1.333297
1.333297
1.333297
1.333297
1.333297
1.333297
1.333297
1.333297
1.333297
1.333297
1.3332969
1.3332969
1.3332969
1.3332969
1.3332969
1.3332969
1.3332969
1.3332969
1.3332969
1.3332969
1.3332969
1.3332969
1.3332969
1.3332969
1.3332969
1.3332969
1.3332969
1.3332969
1.3332969
1.3332969
1.3332969
1.3332969
1.3332969
1.3332969
1.3332969
1.3332969
1.3332969
1.3332969
1.3332969
1.3332969
1.3332968
1.3332968
1.3332968
1.3332968
1.3332968
1.3332968
1.3332968
1.3332968
1.3332968
1.3332968
1.3332968
1.3332968
1.3332968
1.3332968
1.3332968
1.3332968
1.3332968
1.3332968
1.3332968
1.3332968
1.3332968
1.3332968
1.3332968
1.3332968
1.3332967
1.3332967
1.3332967
1.3332967
1.3332967
1.3332967
1.3332967
1.3332967
1.3332967
1.3332967
1.3332967
1.3332967
1.3332966
1.3332966
1.3332966
1.3332966
1.3332966
1.3332966
1.3332966
1.3332966
1.3332966
1.3332966
1.3332966
1.3332966
1.3332966
1.3332966
1.3332965
1.3332965
1.3332965
1.3332965
1.3332965
1.3332965
1.3332965
1.3332965
1.3332965
1.3332965
1.3332965
1.3332964
1.3332964
1.3332964
1.3332964
1.3332964
1.3332964
1.3332964
1.3332964
1.3332964
1.3332964
1.3332964
1.3332964
1.3332963
1.3332963
1.3332963
1.3332963
1.3332963
1.3332963
1.3332963
1.3332963
1.3332963
1.3332963
1.3332963
1.3332962
1.3332962
1.3332962
1.3332962
1.3332962
1.3332962
1.3332962
1.3332962
1.3332962
1.3332962
1.3332962
1.3332962
1.3332962
1.3332962
1.3332961
1.3332961
1.3332961
1.3332961
1.3332961
1.3332961
1.3332961
1.3332961
1.3332961
1.3332961
1.3332961
1.3332961
1.3332961
1.3332961
1.333296
1.333296
1.333296
1.333296
1.333296
1.333296
1.333296
1.333296
1.333296
1.333296
1.333296
1.333296
1.333296
1.333296
1.333296
1.333296
1.3332959
1.3332959
1.3332959
1.3332959
1.3332959
1.3332959
1.3332959
1.3332959
1.3332959
1.3332959
1.3332959
1.3332959
1.3332959
1.3332959
1.3332959
1.3332959
1.3332959
1.3332959
1.3332958
1.3332958
1.3332958
1.3332958
1.3332958
1.3332958
1.3332958
1.3332958
1.3332958
1.3332958
1.3332958
1.3332958
1.3332958
1.3332958
1.3332958
1.3332958
1.3332958
1.3332957
1.3332957
1.3332957
1.3332957
1.3332957
1.3332957
1.3332957
1.3332957
1.3332957
1.3332957
1.3332957
1.3332957
1.3332957
1.3332956
1.3332956
1.3332956
1.3332956
1.3332956
1.3332956
1.3332956
1.3332956
1.3332956
1.3332956
1.3332956
1.3332956
1.3332956
1.3332956
1.3332955
1.3332955
1.3332955
1.3332955
1.3332955
1.3332955
1.3332955
1.3332955
1.3332955
1.3332955
1.3332955
1.3332954
1.3332954
1.3332954
1.3332954
1.3332954
1.3332954
1.3332954
1.3332954
1.3332954
1.3332954
1.3332954
1.3332953
1.3332953
1.3332953
1.3332953
1.3332953
1.3332953
1.3332953
1.3332953
1.3332953
1.3332953
1.3332953
1.3332953
1.3332952
1.3332952
1.3332952
1.3332952
1.3332952
1.3332952
1.3332952
1.3332952
1.3332952
1.3332952
1.3332952
1.3332951
1.3332951
1.3332951
1.3332951
1.3332951
1.3332951
1.3332951
1.3332951
1.3332951
1.3332951
1.3332951
1.333295
1.333295
1.333295
1.333295
1.333295
1.333295
1.333295
1.333295
1.333295
1.333295
1.333295
1.3332949
1.3332949
1.3332949
1.3332949
1.3332949
1.3332949
1.3332949
1.3332949
1.3332949
1.3332949
1.3332948
1.3332948
1.3332948
1.3332948
1.3332948
1.3332948
1.3332948
1.3332948
1.3332948
1.3332948
1.3332948
1.3332948
1.3332947
1.3332947
1.3332947
1.3332947
1.3332947
1.3332947
1.3332947
1.3332947
1.3332947
1.3332947
1.3332947
1.3332946
1.3332946
1.3332946
1.3332946
1.3332946
1.3332946
1.3332946
1.3332946
1.3332946
1.3332946
1.3332946
1.3332945
1.3332945
1.3332945
1.3332945
1.3332945
1.3332945
1.3332945
1.3332945
1.3332945
1.3332945
1.3332945
1.3332945
1.3332944
1.3332944
1.3332944
1.3332944
1.3332944
1.3332944
1.3332944
1.3332944
1.3332944
1.3332943
1.3332943
1.3332943
1.3332943
1.3332943
1.3332943
1.3332943
1.3332943
1.3332943
1.3332943
1.3332942
1.3332942
1.3332942
1.3332942
1.3332942
1.3332942
1.3332942
1.3332942
1.3332942
1.3332942
1.3332942
1.3332941
1.3332941
1.3332941
1.3332941
1.3332941
1.3332941
1.3332941
1.3332941
1.3332941
1.333294
1.333294
1.333294
1.333294
1.333294
1.333294
1.333294
1.333294
1.333294
1.333294
1.3332939
1.3332939
1.3332939
1.3332939
1.3332939
1.3332939
1.3332939
1.3332939
1.3332939
1.3332938
1.3332938
1.3332938
1.3332938
1.3332938
1.3332938
1.3332938
1.3332938
1.3332938
1.3332937
1.3332937
1.3332937
1.3332937
1.3332937
1.3332937
1.3332937
1.3332937
1.3332937
1.3332936
1.3332936
1.3332936
1.3332936
1.3332936
1.3332936
1.3332936
1.3332936
1.3332936
1.3332935
1.3332935
1.3332935
1.3332935
1.3332935
1.3332935
1.3332935
1.3332935
1.3332935
1.3332934
1.3332934
1.3332934
1.3332934
1.3332934
1.3332934
1.3332934
1.3332934
1.3332934
1.3332933
1.3332933
1.3332933
1.3332933
1.3332933
1.3332933
1.3332933
1.3332933
1.3332932
1.3332932
1.3332932
1.3332932
1.3332932
1.3332932
1.3332932
1.3332932
1.3332932
1.3332932
1.3332931
1.3332931
1.3332931
1.3332931
1.3332931
1.3332931
1.3332931
1.3332931
1.333293
1.333293
1.333293
1.333293
1.333293
1.333293
1.333293
1.3332929
1.3332929
1.3332929
1.3332929
1.3332929
1.3332929
1.3332929
1.3332929
1.3332929
1.3332928
1.3332928
1.3332928
1.3332928
1.3332928
1.3332928
1.3332928
1.3332927
1.3332927
1.3332927
1.3332927
1.3332927
1.3332927
1.3332927
1.3332927
1.3332926
1.3332926
1.3332926
1.3332926
1.3332926
1.3332926
1.3332926
1.3332925
1.3332925
1.3332925
1.3332925
1.3332925
1.3332925
1.3332924
1.3332924
1.3332924
1.3332924
1.3332924
1.3332924
1.3332924
1.3332923
1.3332923
1.3332923
1.3332923
1.3332923
1.3332923
1.3332923
1.3332923
1.3332922
1.3332922
1.3332922
1.3332922
1.3332922
1.3332921
1.3332921
1.3332921
1.3332921
1.3332921
1.3332921
1.3332921
1.333292
1.333292
1.333292
1.333292
1.333292
1.333292
1.3332919
1.3332919
1.3332919
1.3332919
1.3332919
1.3332919
1.3332919
1.3332918
1.3332918
1.3332918
1.3332918
1.3332918
1.3332918
1.3332917
1.3332917
1.3332917
1.3332917
1.3332917
1.3332917
1.3332917
1.3332917
1.3332916
1.3332916
1.3332916
1.3332916
1.3332916
1.3332916
1.3332915
1.3332915
1.3332915
1.3332915
1.3332915
1.3332915
1.3332914
1.3332914
1.3332914
1.3332914
1.3332914
1.3332914
1.3332914
1.3332913
1.3332913
1.3332913
1.3332913
1.3332913
1.3332913
1.3332913
1.3332912
1.3332912
1.3332912
1.3332912
1.3332912
1.3332912
1.3332912
1.3332911
1.3332911
1.3332911
1.3332911
1.3332911
1.3332911
1.3332911
1.333291
1.333291
1.333291
1.333291
1.333291
1.333291
1.3332909
1.3332909
1.3332909
1.3332909
1.3332909
1.3332909
1.3332909
1.3332908
1.3332908
1.3332908
1.3332908
1.3332908
1.3332908
1.3332907
1.3332907
1.3332907
1.3332907
1.3332907
1.3332907
1.3332907
1.3332906
1.3332906
1.3332906
1.3332906
1.3332906
1.3332906
1.3332905
1.3332905
1.3332905
1.3332905
1.3332905
1.3332904
1.3332904
1.3332904
1.3332904
1.3332904
1.3332903
1.3332903
1.3332903
1.3332903
1.3332903
1.3332903
1.3332902
1.3332902
1.3332902
1.3332902
1.3332902
1.3332902
1.3332901
1.3332901
1.3332901
1.3332901
1.3332901
1.33329
1.33329
1.33329
1.33329
1.33329
1.33329
1.3332899
1.3332899
1.3332899
1.3332899
1.3332899
1.3332898
1.3332898
1.3332898
1.3332898
1.3332898
1.3332897
1.3332897
1.3332897
1.3332897
1.3332897
1.3332896
1.3332896
1.3332896
1.3332896
1.3332896
1.3332895
1.3332895
1.3332895
1.3332895
1.3332895
1.3332894
1.3332894
1.3332894
1.3332894
1.3332893
1.3332893
1.3332893
1.3332893
1.3332893
1.3332893
1.3332892
1.3332892
1.3332892
1.3332892
1.3332891
1.3332891
1.3332891
1.3332891
1.3332891
1.333289
1.333289
1.333289
1.333289
1.333289
1.3332889
1.3332889
1.3332889
1.3332889
1.3332889
1.3332888
1.3332888
1.3332888
1.3332888
1.3332888
1.3332887
1.3332887
1.3332887
1.3332887
1.3332886
1.3332886
1.3332886
1.3332886
1.3332885
1.3332885
1.3332885
1.3332885
1.3332885
1.3332884
1.3332884
1.3332884
1.3332884
1.3332884
1.3332883
1.3332883
1.3332883
1.3332883
1.3332882
1.3332882
1.3332882
1.3332882
1.3332882
1.3332881
1.3332881
1.3332881
1.3332881
1.3332881
1.333288
1.333288
1.333288
1.333288
1.3332879
1.3332879
1.3332879
1.3332879
1.3332878
1.3332878
1.3332878
1.3332878
1.3332877
1.3332877
1.3332877
1.3332877
1.3332877
1.3332876
1.3332876
1.3332876
1.3332876
1.3332875
1.3332875
1.3332875
1.3332875
1.3332874
1.3332874
1.3332874
1.3332874
1.3332873
1.3332873
1.3332873
1.3332873
1.3332873
1.3332872
1.3332872
1.3332872
1.3332872
1.3332871
1.3332871
1.3332871
1.3332871
1.333287
1.333287
1.333287
1.333287
1.3332869
1.3332869
1.3332869
1.3332869
1.3332868
1.3332868
1.3332868
1.3332868
1.3332867
1.3332867
1.3332867
1.3332867
1.3332866
1.3332866
1.3332866
1.3332866
1.3332865
1.3332865
1.3332865
1.3332864
1.3332864
1.3332864
1.3332864
1.3332863
1.3332863
1.3332863
1.3332863
1.3332862
1.3332862
1.3332862
1.3332862
1.3332861
1.3332861
1.3332861
1.333286
1.333286
1.333286
1.333286
1.3332859
1.3332859
1.3332859
1.3332858
1.3332858
1.3332858
1.3332858
1.3332857
1.3332857
1.3332857
1.3332856
1.3332856
1.3332856
1.3332855
1.3332855
1.3332855
1.3332855
1.3332854
1.3332854
1.3332854
1.3332853
1.3332853
1.3332853
1.3332853
1.3332852
1.3332852
1.3332852
1.3332851
1.3332851
1.3332851
1.333285
1.333285
1.333285
1.3332849
1.3332849
1.3332849
1.3332849
1.3332848
1.3332848
1.3332848
1.3332847
1.3332847
1.3332847
1.3332846
1.3332846
1.3332846
1.3332845
1.3332845
1.3332845
1.3332844
1.3332844
1.3332844
1.3332843
1.3332843
1.3332843
1.3332842
1.3332842
1.3332842
1.3332841
1.3332841
1.3332841
1.333284
1.333284
1.333284
1.3332839
1.3332839
1.3332839
1.3332838
1.3332838
1.3332838
1.3332837
1.3332837
1.3332837
1.3332836
1.3332836
1.3332836
1.3332835
1.3332835
1.3332835
1.3332834
1.3332834
1.3332833
1.3332833
1.3332833
1.3332832
1.3332832
1.3332832
1.3332831
1.3332831
1.3332831
1.333283
1.333283
1.3332829
1.3332829
1.3332829
1.3332828
1.3332828
1.3332827
1.3332827
1.3332827
1.3332826
1.3332826
1.3332826
1.3332825
1.3332825
1.3332824
1.3332824
1.3332824
1.3332823
1.3332823
1.3332823
1.3332822
1.3332822
1.3332821
1.3332821
1.333282
1.333282
1.333282
1.3332819
1.3332819
1.3332818
1.3332818
1.3332818
1.3332817
1.3332817
1.3332816
1.3332816
1.3332816
1.3332815
1.3332815
1.3332814
1.3332814
1.3332813
1.3332813
1.3332813
1.3332812
1.3332812
1.3332811
1.3332811
1.333281
1.333281
1.333281
1.3332809
1.3332809
1.3332808
1.3332808
1.3332807
1.3332807
1.3332807
1.3332806
1.3332806
1.3332805
1.3332805
1.3332804
1.3332804
1.3332803
1.3332803
1.3332803
1.3332802
1.3332802
1.3332801
1.3332801
1.33328
1.33328
1.3332799
1.3332799
1.3332798
1.3332798
1.3332797
1.3332797
1.3332796
1.3332796
1.3332795
1.3332795
1.3332794
1.3332794
1.3332793
1.3332793
1.3332792
1.3332792
1.3332791
1.3332791
1.333279
1.333279
1.3332789
1.3332789
1.3332788
1.3332788
1.3332787
1.3332787
1.3332786
1.3332786
1.3332785
1.3332785
1.3332784
1.3332784
1.3332783
1.3332783
1.3332782
1.3332781
1.3332781
1.333278
1.333278
1.3332779
1.3332779
1.3332778
1.3332778
1.3332777
1.3332776
1.3332776
1.3332775
1.3332775
1.3332774
1.3332774
1.3332773
1.3332773
1.3332772
1.3332771
1.3332771
1.333277
1.333277
1.3332769
1.3332768
1.3332768
1.3332767
1.3332767
1.3332766
1.3332765
1.3332765
1.3332764
1.3332764
1.3332763
1.3332762
1.3332762
1.3332761
1.333276
1.333276
1.3332759
1.3332759
1.3332758
1.3332757
1.3332757
1.3332756
1.3332755
1.3332755
1.3332754
1.3332753
1.3332753
1.3332752
1.3332751
1.3332751
1.333275
1.3332749
1.3332749
1.3332748
1.3332747
1.3332747
1.3332746
1.3332745
1.3332745
1.3332744
1.3332743
1.3332743
1.3332742
1.3332741
1.333274
1.333274
1.3332739
1.3332738
1.3332737
1.3332737
1.3332736
1.3332735
1.3332734
1.3332734
1.3332733
1.3332732
1.3332732
1.3332731
1.333273
1.3332729
1.3332729
1.3332728
1.3332727
1.3332726
1.3332725
1.3332725
1.3332724
1.3332723
1.3332722
1.3332721
1.333272
1.333272
1.3332719
1.3332718
1.3332717
1.3332716
1.3332716
1.3332715
1.3332714
1.3332713
1.3332712
1.3332711
1.3332711
1.333271
1.3332709
1.3332708
1.3332707
1.3332706
1.3332705
1.3332704
1.3332704
1.3332703
1.3332702
1.3332701
1.33327
1.3332699
1.3332698
1.3332697
1.3332696
1.3332695
1.3332694
1.3332693
1.3332692
1.3332691
1.333269
1.3332689
1.3332688
1.3332687
1.3332686
1.3332685
1.3332684
1.3332683
1.3332682
1.3332681
1.333268
1.3332679
1.3332678
1.3332677
1.3332676
1.3332675
1.3332674
1.3332673
1.3332672
1.3332671
1.333267
1.3332669
1.3332668
1.3332666
1.3332665
1.3332664
1.3332663
1.3332662
1.3332661
1.3332659
1.3332658
1.3332657
1.3332656
1.3332655
1.3332653
1.3332652
1.3332651
1.333265
1.3332649
1.3332647
1.3332646
1.3332645
1.3332644
1.3332642
1.3332641
1.333264
1.3332639
1.3332637
1.3332636
1.3332635
1.3332633
1.3332632
1.333263
1.3332629
1.3332628
1.3332626
1.3332625
1.3332623
1.3332622
1.333262
1.3332619
1.3332617
1.3332616
1.3332615
1.3332613
1.3332612
1.3332611
1.3332609
1.3332608
1.3332606
1.3332605
1.3332603
1.3332601
1.33326
1.3332598
1.3332597
1.3332595
1.3332593
1.3332592
1.333259
1.3332588
1.3332587
1.3332585
1.3332583
1.3332582
1.333258
1.3332578
1.3332576
1.3332574
1.3332572
1.3332571
1.3332569
1.3332567
1.3332565
1.3332563
1.3332561
1.333256
1.3332558
1.3332556
1.3332554
1.3332552
1.333255
1.3332547
1.3332545
1.3332543
1.3332541
1.3332539
1.3332537
1.3332535
1.3332533
1.3332531
1.3332528
1.3332526
1.3332524
1.3332522
1.3332519
1.3332517
1.3332515
1.3332512
1.333251
1.3332508
1.3332505
1.3332503
1.33325
1.3332497
1.3332495
1.3332492
1.3332489
1.3332487
1.3332484
1.3332481
1.3332479
1.3332476
1.3332473
1.333247
1.3332467
1.3332465
1.3332462
1.3332459
1.3332456
1.3332453
1.333245
1.3332447
1.3332444
1.3332441
1.3332438
1.3332434
1.3332431
1.3332428
1.3332424
1.3332421
1.3332417
1.3332413
1.333241
1.3332406
1.3332402
1.3332398
1.3332395
1.3332391
1.3332387
1.3332383
1.3332379
1.3332375
1.3332371
1.3332367
1.3332362
1.3332358
1.3332354
1.3332349
1.3332345
1.333234
1.3332335
1.3332331
1.3332326
1.3332321
1.3332316
1.3332311
1.3332306
1.3332301
1.3332296
1.3332291
1.3332286
1.333228
1.3332275
1.333227
1.3332264
1.3332259
1.3332253
1.3332248
1.3332242
1.3332237
1.3332231
1.3332226
1.3332221
1.3332215
1.333221
1.3332205
1.33322
1.3332195
1.3332191
1.3332187
1.3332183
1.3332179
1.3332175
1.3332172
1.333217
1.3332167
1.3332165
1.3332163
1.3332162
1.3332161
1.3332161
1.3332161
1.3332161
1.3332161
1.3332161
1.3332162
1.3332163
1.3332165
1.3332166
1.3332167
1.3332168
1.3332169
1.333217
1.333217
1.333217
1.333217
1.333217
1.3332169
1.3332167
1.3332162
1.3332155
1.3332148
1.333214
1.3332131
1.3332121
1.3332111
1.33321
1.3332089
1.3332077
1.3332064
1.3332051
1.3332038
1.3332025
1.3332012
1.3332
1.3331987
1.3331976
1.3331965
1.3331955
1.3331946
1.3331938
1.333193
1.3331924
1.3331919
1.3331915
1.3331912
1.333191
1.3331909
1.3331908
1.3331905
1.33319
1.3331889
1.3331862
1.3331796
1.3331632
1.3331225
1.3330212
1.3327678
1.332142
1.3305944
1.3279881
1.3247472
1.320955
1.3167226
1.3121813
1.3074712
1.3027295
1.2980822
1.2936367
1.2894779
1.285667
1.2822416
1.2792179
1.2765941
1.2743541
1.2724712
1.270912
1.2696392
1.2686147
1.267801
1.2671634
1.2666702
1.2662937
1.2660101
1.2657993
1.2656448
1.2655333
1.2654542
1.2653991
1.2653616
1.2653368
1.2653212
1.2653118
1.2653068
1.2653046
1.2653041
1.2653043
1.2653054
1.2653082
1.2653113
1.2653142
1.2653169
1.2653194
1.2653217
1.2653239
1.2653259
1.2653278
1.2653296
1.2653313
1.2653329
1.2653344
1.2653359
1.2653373
1.2653388
1.2653402
1.2653417
1.2653432
1.2653447
1.2653464
1.265348
1.2653498
1.2653516
1.2653535
1.2653555
1.2653575
1.2653596
1.2653617
1.2653638
1.265366
1.2653681
1.2653702
1.2653723
1.2653744
1.2653764
1.2653783
1.2653802
1.2653819
1.2653836
1.2653853
1.2653868
1.2653883
1.2653897
1.265391
1.2653923
1.2653935
1.2653946
1.2653957
1.2653967
1.2653977
1.2653986
1.2653995
1.2654003
1.2654012
1.2654019
1.2654027
1.2654034
1.2654041
1.2654048
1.2654055
1.2654062
1.2654068
1.2654074
1.265408
1.2654086
1.2654092
1.2654097
1.2654103
1.2654108
1.2654114
1.2654119
1.2654124
1.2654129
1.2654134
1.2654139
1.2654143
1.2654148
1.2654153
1.2654157
1.2654162
1.2654166
1.265417
1.2654175
1.2654179
1.2654183
1.2654187
1.2654191
1.2654195
1.2654199
1.2654202
1.2654206
1.265421
1.2654214
1.2654217
1.2654221
1.2654224
1.2654228
1.2654231
1.2654235
1.2654238
1.2654241
1.2654245
1.2654248
1.2654251
1.2654254
1.2654257
1.265426
1.2654263
1.2654266
1.2654269
1.2654272
1.2654274
1.2654277
1.265428
1.2654283
1.2654285
1.2654288
1.2654291
1.2654293
1.2654296
1.2654299
1.2654301
1.2654304
1.2654306
1.2654309
1.2654311
1.2654314
1.2654316
1.2654318
1.2654321
1.2654323
1.2654325
1.2654328
1.265433
1.2654332
1.2654334
1.2654336
1.2654338
1.2654341
1.2654343
1.2654345
1.2654347
1.2654349
1.2654351
1.2654353
1.2654355
1.2654357
1.2654359
1.2654361
1.2654363
1.2654365
1.2654367
1.2654369
1.265437
1.2654372
1.2654374
1.2654376
1.2654378
1.265438
1.2654381
1.2654383
1.2654385
1.2654386
1.2654388
1.265439
1.2654391
1.2654393
1.2654395
1.2654396
1.2654398
1.2654399
1.2654401
1.2654403
1.2654404
1.2654406
1.2654407
1.2654409
1.265441
1.2654412
1.2654413
1.2654415
1.2654416
1.2654418
1.2654419
1.2654421
1.2654422
1.2654423
1.2654425
1.2654426
1.2654427
1.2654429
1.265443
1.2654432
1.2654433
1.2654434
1.2654436
1.2654437
1.2654438
1.265444
1.2654441
1.2654442
1.2654444
1.2654445
1.2654446
1.2654447
1.2654448
1.265445
1.2654451
1.2654452
1.2654453
1.2654454
1.2654455
1.2654457
1.2654458
1.2654459
1.265446
1.2654461
1.2654462
1.2654463
1.2654465
1.2654466
1.2654467
1.2654468
1.2654469
1.265447
1.2654471
1.2654472
1.2654473
1.2654475
1.2654476
1.2654477
1.2654478
1.2654479
1.265448
1.2654481
1.2654482
1.2654483
1.2654484
1.2654485
1.2654486
1.2654487
1.2654488
1.2654488
1.2654489
1.265449
1.2654491
1.2654492
1.2654493
1.2654494
1.2654495
1.2654496
1.2654497
1.2654498
1.2654499
1.26545
1.2654501
1.2654502
1.2654502
1.2654503
1.2654504
1.2654505
1.2654506
1.2654507
1.2654508
1.2654509
1.2654509
1.265451
1.2654511
1.2654512
1.2654513
1.2654514
1.2654515
1.2654515
1.2654516
1.2654517
1.2654518
1.2654519
1.2654519
1.265452
1.2654521
1.2654522
1.2654522
1.2654523
1.2654524
1.2654525
1.2654525
1.2654526
1.2654527
1.2654528
1.2654528
1.2654529
1.265453
1.2654531
1.2654531
1.2654532
1.2654533
1.2654534
1.2654534
1.2654535
1.2654536
1.2654537
1.2654537
1.2654538
1.2654539
1.2654539
1.265454
1.2654541
1.2654542
1.2654542
1.2654543
1.2654544
1.2654544
1.2654545
1.2654546
1.2654546
1.2654547
1.2654548
1.2654548
1.2654549
1.265455
1.265455
1.2654551
1.2654551
1.2654552
1.2654553
1.2654553
1.2654554
1.2654554
1.2654555
1.2654556
1.2654556
1.2654557
1.2654558
1.2654558
1.2654559
1.265456
1.265456
1.2654561
1.2654561
1.2654562
1.2654563
1.2654563
1.2654564
1.2654564
1.2654565
1.2654565
1.2654566
1.2654567
1.2654567
1.2654568
1.2654568
1.2654569
1.2654569
1.265457
1.2654571
1.2654571
1.2654572
1.2654572
1.2654573
1.2654573
1.2654574
1.2654574
1.2654575
1.2654575
1.2654576
1.2654576
1.2654577
1.2654577
1.2654578
1.2654578
1.2654579
1.2654579
1.265458
1.265458
1.2654581
1.2654581
1.2654582
1.2654583
1.2654583
1.2654584
1.2654584
1.2654585
1.2654585
1.2654586
1.2654586
1.2654587
1.2654587
1.2654588
1.2654588
1.2654589
1.2654589
1.265459
1.265459
1.265459
1.2654591
1.2654591
1.2654592
1.2654592
1.2654593
1.2654593
1.2654594
1.2654594
1.2654595
1.2654595
1.2654596
1.2654596
1.2654596
1.2654597
1.2654597
1.2654598
1.2654598
1.2654599
1.2654599
1.26546
1.26546
1.26546
1.2654601
1.2654601
1.2654602
1.2654602
1.2654603
1.2654603
1.2654604
1.2654604
1.2654604
1.2654605
1.2654605
1.2654606
1.2654606
1.2654607
1.2654607
1.2654607
1.2654608
1.2654608
1.2654609
1.2654609
1.2654609
1.265461
1.265461
1.2654611
1.2654611
1.2654611
1.2654612
1.2654612
1.2654613
1.2654613
1.2654614
1.2654614
1.2654614
1.2654615
1.2654615
1.2654615
1.2654616
1.2654616
1.2654617
1.2654617
1.2654617
1.2654618
1.2654618
1.2654618
1.2654619
1.2654619
1.265462
1.265462
1.265462
1.2654621
1.2654621
1.2654621
1.2654622
1.2654622
1.2654623
1.2654623
1.2654623
1.2654624
1.2654624
1.2654624
1.2654625
1.2654625
1.2654626
1.2654626
1.2654626
1.2654627
1.2654627
1.2654627
1.2654628
1.2654628
1.2654628
1.2654629
1.2654629
1.265463
1.265463
1.265463
1.2654631
1.2654631
1.2654631
1.2654631
1.2654632
1.2654632
1.2654632
1.2654633
1.2654633
1.2654633
1.2654634
1.2654634
1.2654634
1.2654635
1.2654635
1.2654635
1.2654636
1.2654636
1.2654636
1.2654637
1.2654637
1.2654637
1.2654638
1.2654638
1.2654638
1.2654639
1.2654639
1.2654639
1.265464
1.265464
1.265464
1.2654641
1.2654641
1.2654641
1.2654641
1.2654642
1.2654642
1.2654642
1.2654643
1.2654643
1.2654643
1.2654644
1.2654644
1.2654644
1.2654644
1.2654645
1.2654645
1.2654645
1.2654646
1.2654646
1.2654646
1.2654647
1.2654647
1.2654647
1.2654647
1.2654648
1.2654648
1.2654648
1.2654649
1.2654649
1.2654649
1.2654649
1.265465
1.265465
1.265465
1.265465
1.2654651
1.2654651
1.2654651
1.2654652
1.2654652
1.2654652
1.2654653
1.2654653
1.2654653
1.2654653
1.2654654
1.2654654
1.2654654
1.2654654
1.2654655
1.2654655
1.2654655
1.2654655
1.2654656
1.2654656
1.2654656
1.2654657
1.2654657
1.2654657
1.2654657
1.2654658
1.2654658
1.2654658
1.2654658
1.2654659
1.2654659
1.2654659
1.2654659
1.265466
1.265466
1.265466
1.265466
1.2654661
1.2654661
1.2654661
1.2654661
1.2654662
1.2654662
1.2654662
1.2654662
1.2654663
1.2654663
1.2654663
1.2654663
1.2654664
1.2654664
1.2654664
1.2654664
1.2654665
1.2654665
1.2654665
1.2654665
1.2654665
1.2654666
1.2654666
1.2654666
1.2654666
1.2654667
1.2654667
1.2654667
1.2654667
1.2654668
1.2654668
1.2654668
1.2654668
1.2654669
1.2654669
1.2654669
1.2654669
1.2654669
1.265467
1.265467
1.265467
1.265467
1.2654671
1.2654671
1.2654671
1.2654671
1.2654671
1.2654672
1.2654672
1.2654672
1.2654672
1.2654673
1.2654673
1.2654673
1.2654673
1.2654674
1.2654674
1.2654674
1.2654674
1.2654674
1.2654675
1.2654675
1.2654675
1.2654675
1.2654675
1.2654676
1.2654676
1.2654676
1.2654676
1.2654676
1.2654677
1.2654677
1.2654677
1.2654677
1.2654678
1.2654678
1.2654678
1.2654678
1.2654678
1.2654679
1.2654679
1.2654679
1.2654679
1.2654679
1.2654679
1.265468
1.265468
1.265468
1.265468
1.2654681
1.2654681
1.2654681
1.2654681
1.2654682
1.2654682
1.2654682
1.2654682
1.2654682
1.2654682
1.2654683
1.2654683
1.2654683
1.2654683
1.2654683
1.2654684
1.2654684
1.2654684
1.2654684
1.2654684
1.2654685
1.2654685
1.2654685
1.2654685
1.2654685
1.2654686
1.2654686
1.2654686
1.2654686
1.2654686
1.2654687
1.2654687
1.2654687
1.2654687
1.2654687
1.2654688
1.2654688
1.2654688
1.2654688
1.2654688
1.2654688
1.2654689
1.2654689
1.2654689
1.2654689
1.2654689
1.265469
1.265469
1.265469
1.265469
1.265469
1.265469
1.2654691
1.2654691
1.2654691
1.2654691
1.2654691
1.2654691
1.2654692
1.2654692
1.2654692
1.2654692
1.2654693
1.2654693
1.2654693
1.2654693
1.2654693
1.2654693
1.2654693
1.2654694
1.2654694
1.2654694
1.2654694
1.2654694
1.2654694
1.2654695
1.2654695
1.2654695
1.2654695
1.2654695
1.2654696
1.2654696
1.2654696
1.2654696
1.2654696
1.2654696
1.2654697
1.2654697
1.2654697
1.2654697
1.2654697
1.2654697
1.2654698
1.2654698
1.2654698
1.2654698
1.2654698
1.2654698
1.2654698
1.2654699
1.2654699
1.2654699
1.2654699
1.2654699
1.2654699
1.26547
1.26547
1.26547
1.26547
1.26547
1.26547
1.2654701
1.2654701
1.2654701
1.2654701
1.2654701
1.2654701
1.2654702
1.2654702
1.2654702
1.2654702
1.2654702
1.2654702
1.2654702
1.2654703
1.2654703
1.2654703
1.2654703
1.2654703
1.2654703
1.2654704
1.2654704
1.2654704
1.2654704
1.2654704
1.2654704
1.2654705
1.2654705
1.2654705
1.2654705
1.2654705
1.2654705
1.2654705
1.2654706
1.2654706
1.2654706
1.2654706
1.2654706
1.2654706
1.2654706
1.2654707
1.2654707
1.2654707
1.2654707
1.2654707
1.2654707
1.2654708
1.2654708
1.2654708
1.2654708
1.2654708
1.2654708
1.2654708
1.2654709
1.2654709
1.2654709
1.2654709
1.2654709
1.2654709
1.2654709
1.265471
1.265471
1.265471
1.265471
1.265471
1.265471
1.2654711
1.2654711
1.2654711
1.2654711
1.2654711
1.2654711
1.2654711
1.2654711
1.2654711
1.2654712
1.2654712
1.2654712
1.2654712
1.2654712
1.2654712
1.2654712
1.2654713
1.2654713
1.2654713
1.2654713
1.2654713
1.2654713
1.2654713
1.2654714
1.2654714
1.2654714
1.2654714
1.2654714
1.2654714
1.2654714
1.2654715
1.2654715
1.2654715
1.2654715
1.2654715
1.2654715
1.2654715
1.2654715
1.2654716
1.2654716
1.2654716
1.2654716
1.2654716
1.2654716
1.2654716
1.2654716
1.2654717
1.2654717
1.2654717
1.2654717
1.2654717
1.2654717
1.2654717
1.2654717
1.2654718
1.2654718
1.2654718
1.2654718
1.2654718
1.2654718
1.2654718
1.2654719
1.2654719
1.2654719
1.2654719
1.2654719
1.2654719
1.2654719
1.2654719
1.2654719
1.265472
1.265472
1.265472
1.265472
1.265472
1.265472
1.265472
1.265472
1.265472
1.2654721
1.2654721
1.2654721
1.2654721
1.2654721
1.2654721
1.2654721
1.2654721
1.2654721
1.2654722
1.2654722
1.2654722
1.2654722
1.2654722
1.2654722
1.2654722
1.2654722
1.2654722
1.2654723
1.2654723
1.2654723
1.2654723
1.2654723
1.2654723
1.2654723
1.2654723
1.2654724
1.2654724
1.2654724
1.2654724
1.2654724
1.2654724
1.2654724
1.2654724
1.2654724
1.2654725
1.2654725
1.2654725
1.2654725
1.2654725
1.2654725
1.2654725
1.2654725
1.2654725
1.2654726
1.2654726
1.2654726
1.2654726
1.2654726
1.2654726
1.2654726
1.2654726
1.2654726
1.2654727
1.2654727
1.2654727
1.2654727
1.2654727
1.2654727
1.2654727
1.2654727
1.2654727
1.2654727
1.2654727
1.2654727
1.2654728
1.2654728
1.2654728
1.2654728
1.2654728
1.2654728
1.2654728
1.2654728
1.2654728
1.2654729
1.2654729
1.2654729
1.2654729
1.2654729
1.2654729
1.2654729
1.2654729
1.2654729
1.265473
1.265473
1.265473
1.265473
1.265473
1.265473
1.265473
1.265473
1.265473
1.265473
1.265473
1.2654731
1.2654731
1.2654731
1.2654731
1.2654731
1.2654731
1.2654731
1.2654731
1.2654731
1.2654731
1.2654732
1.2654732
1.2654732
1.2654732
1.2654732
1.2654732
1.2654732
1.2654732
1.2654732
1.2654733
1.2654733
1.2654733
1.2654733
1.2654733
1.2654733
1.2654733
1.2654733
1.2654733
1.2654733
1.2654733
1.2654733
1.2654734
1.2654734
1.2654734
1.2654734
1.2654734
1.2654734
1.2654734
1.2654734
1.2654734
1.2654734
1.2654734
1.2654735
1.2654735
1.2654735
1.2654735
1.2654735
1.2654735
1.2654735
1.2654735
1.2654735
1.2654735
1.2654736
1.2654736
1.2654736
1.2654736
1.2654736
1.2654736
1.2654736
1.2654736
1.2654736
1.2654736
1.2654736
1.2654737
1.2654737
1.2654737
1.2654737
1.2654737
1.2654737
1.2654737
1.2654737
1.2654737
1.2654737
1.2654737
1.2654737
1.2654738
1.2654738
1.2654738
1.2654738
1.2654738
1.2654738
1.2654738
1.2654738
1.2654738
1.2654738
1.2654738
1.2654739
1.2654739
1.2654739
1.2654739
1.2654739
1.2654739
1.2654739
1.2654739
1.2654739
1.2654739
1.2654739
1.265474
1.265474
1.265474
1.265474
1.265474
1.265474
1.265474
1.265474
1.265474
1.265474
1.265474
1.265474
1.265474
1.2654741
1.2654741
1.2654741
1.2654741
1.2654741
1.2654741
1.2654741
1.2654741
1.2654741
1.2654741
1.2654742
1.2654742
1.2654742
1.2654742
1.2654742
1.2654742
1.2654742
1.2654742
1.2654742
1.2654742
1.2654742
1.2654743
1.2654743
1.2654743
1.2654743
1.2654743
1.2654743
1.2654743
1.2654743
1.2654743
1.2654743
1.2654743
1.2654743
1.2654743
1.2654744
1.2654744
1.2654744
1.2654744
1.2654744
1.2654744
1.2654744
1.2654744
1.2654744
1.2654744
1.2654744
1.2654744
1.2654744
1.2654744
1.2654745
1.2654745
1.2654745
1.2654745
1.2654745
1.2654745
1.2654745
1.2654745
1.2654745
1.2654745
1.2654745
1.2654745
1.2654745
1.2654745
1.2654746
1.2654746
1.2654746
1.2654746
1.2654746
1.2654746
1.2654746
1.2654746
1.2654746
1.2654746
1.2654746
1.2654746
1.2654746
1.2654746
1.2654747
1.2654747
1.2654747
1.2654747
1.2654747
1.2654747
1.2654747
1.2654747
1.2654747
1.2654747
1.2654747
1.2654747
1.2654747
1.2654747
1.2654747
1.2654747
1.2654748
1.2654748
1.2654748
1.2654748
1.2654748
1.2654748
1.2654748
1.2654748
1.2654748
1.2654748
1.2654748
1.2654748
1.2654748
1.2654748
1.2654748
1.2654748
1.2654749
1.2654749
1.2654749
1.2654749
1.2654749
1.2654749
1.2654749
1.2654749
1.2654749
1.2654749
1.2654749
1.2654749
1.2654749
1.265475
1.265475
1.265475
1.265475
1.265475
1.265475
1.265475
1.265475
1.265475
1.265475
1.265475
1.265475
1.265475
1.265475
1.265475
1.265475
1.2654751
1.2654751
1.2654751
1.2654751
1.2654751
1.2654751
1.2654751
1.2654751
1.2654751
1.2654751
1.2654751
1.2654751
1.2654751
1.2654751
1.2654751
1.2654751
1.2654752
1.2654752
1.2654752
1.2654752
1.2654752
1.2654752
1.2654752
1.2654752
1.2654752
1.2654752
1.2654752
1.2654752
1.2654752
1.2654752
1.2654752
1.2654752
1.2654753
1.2654753
1.2654753
1.2654753
1.2654753
1.2654753
1.2654753
1.2654753
1.2654753
1.2654753
1.2654753
1.2654753
1.2654753
1.2654753
1.2654753
1.2654754
1.2654754
1.2654754
1.2654754
1.2654754
1.2654754
1.2654754
1.2654754
1.2654754
1.2654754
1.2654754
1.2654754
1.2654754
1.2654754
1.2654754
1.2654754
1.2654754
1.2654754
1.2654754
1.2654754
1.2654754
1.2654754
1.2654755
1.2654755
1.2654755
1.2654755
1.2654755
1.2654755
1.2654755
1.2654755
1.2654755
1.2654755
1.2654755
1.2654755
1.2654755
1.2654755
1.2654755
1.2654755
1.2654756
1.2654756
1.2654756
1.2654756
1.2654756
1.2654756
1.2654756
1.2654756
1.2654756
1.2654756
1.2654756
1.2654756
1.2654756
1.2654756
1.2654756
1.2654756
1.2654756
1.2654756
1.2654756
1.2654756
1.2654757
1.2654757
1.2654757
1.2654757
1.2654757
1.2654757
1.2654757
1.2654757
1.2654757
1.2654757
1.2654757
1.2654757
1.2654757
1.2654757
1.2654757
1.2654757
1.2654757
1.2654757
1.2654757
1.2654757
1.2654758
1.2654758
1.2654758
1.2654758
1.2654758
1.2654758
1.2654758
1.2654758
1.2654758
1.2654758
1.2654758
1.2654758
1.2654758
1.2654758
1.2654758
1.2654758
1.2654758
1.2654759
1.2654759
1.2654759
1.2654759
1.2654759
1.2654759
1.2654759
1.2654759
1.2654759
1.2654759
1.2654759
1.2654759
1.2654759
1.2654759
1.2654759
1.2654759
1.2654759
1.2654759
1.2654759
1.2654759
1.2654759
1.265476
1.265476
1.265476
1.265476
1.265476
1.265476
1.265476
1.265476
1.265476
1.265476
1.265476
1.265476
1.265476
1.265476
1.265476
1.265476
1.265476
1.265476
1.265476
1.265476
1.265476
1.265476
1.2654761
1.2654761
1.2654761
1.2654761
1.2654761
1.2654761
1.2654761
1.2654761
1.2654761
1.2654761
1.2654761
1.2654761
1.2654761
1.2654761
1.2654761
1.2654761
1.2654761
1.2654761
1.2654761
1.2654761
1.2654761
1.2654761
1.2654761
1.2654761
1.2654762
1.2654762
1.2654762
1.2654762
1.2654762
1.2654762
1.2654762
1.2654762
1.2654762
1.2654762
1.2654762
1.2654762
1.2654762
1.2654762
1.2654762
1.2654762
1.2654762
1.2654762
1.2654762
1.2654762
1.2654762
1.2654762
1.2654762
1.2654763
1.2654763
1.2654763
1.2654763
1.2654763
1.2654763
1.2654763
1.2654763
1.2654763
1.2654763
1.2654763
1.2654763
1.2654763
1.2654763
1.2654763
1.2654763
1.2654763
1.2654763
1.2654763
1.2654763
1.2654763
1.2654763
1.2654764
1.2654764
1.2654764
1.2654764
1.2654764
1.2654764
1.2654764
1.2654764
1.2654764
1.2654764
1.2654764
1.2654764
1.2654764
1.2654764
1.2654764
1.2654764
1.2654764
1.2654764
1.2654764
1.2654764
1.2654764
1.2654764
1.2654764
1.2654765
1.2654765
1.2654765
1.2654765
1.2654765
1.2654765
1.2654765
1.2654765
1.2654765
1.2654765
1.2654765
1.2654765
1.2654765
1.2654765
1.2654765
1.2654765
1.2654765
1.2654765
1.2654765
1.2654765
1.2654765
1.2654765
1.2654765
1.2654765
1.2654765
1.2654765
1.2654765
1.2654765
1.2654765
1.2654765
1.2654766
1.2654766
1.2654766
1.2654766
1.2654766
1.2654766
1.2654766
1.2654766
1.2654766
1.2654766
1.2654766
1.2654766
1.2654766
1.2654766
1.2654766
1.2654766
1.2654766
1.2654766
1.2654766
1.2654766
1.2654766
1.2654766
1.2654766
1.2654766
1.2654766
1.2654767
1.2654767
1.2654767
1.2654767
1.2654767
1.2654767
1.2654767
1.2654767
1.2654767
1.2654767
1.2654767
1.2654767
1.2654767
1.2654767
1.2654767
1.2654767
1.2654767
1.2654767
1.2654767
1.2654767
1.2654767
1.2654767
1.2654767
1.2654767
1.2654767
1.2654767
1.2654767
1.2654767
1.2654767
1.2654767
1.2654767
1.2654767
1.2654767
1.2654767
1.2654767
1.2654767
1.2654767
1.2654768
1.2654768
1.2654768
1.2654768
1.2654768
1.2654768
1.2654768
1.2654768
1.2654768
1.2654768
1.2654768
1.2654768
1.2654768
1.2654768
1.2654768
1.2654768
1.2654768
1.2654768
1.2654768
1.2654768
1.2654768
1.2654768
1.2654768
1.2654768
1.2654768
1.2654768
1.2654768
1.2654767
1.2654767
1.2654767
1.2654767
1.2654767
1.2654767
1.2654767
1.2654767
1.2654767
1.2654767
1.2654767
1.2654767
1.2654767
1.2654767
1.2654767
1.2654767
1.2654767
1.2654767
1.2654766
1.2654766
1.2654766
1.2654766
1.2654766
1.2654766
1.2654766
1.2654765
1.2654765
1.2654765
1.2654765
1.2654764
1.2654764
1.2654764
1.2654764
1.2654764
1.2654763
1.2654763
1.2654763
1.2654763
1.2654762
1.2654762
1.2654762
1.2654761
1.2654761
1.265476
1.265476
1.265476
1.2654759
1.2654759
1.2654758
1.2654758
1.2654757
1.2654756
1.2654756
1.2654755
1.2654754
1.2654754
1.2654753
1.2654752
1.2654751
1.265475
1.2654749
1.2654748
1.2654747
1.2654746
1.2654745
1.2654744
1.2654743
1.2654742
1.265474
1.2654739
1.2654737
1.2654736
1.2654734
1.2654732
1.2654731
1.2654729
1.2654727
1.2654725
1.2654723
1.2654721
1.2654718
1.2654716
1.2654713
1.2654711
1.2654708
1.2654705
1.2654702
1.2654699
1.2654696
1.2654692
1.2654689
1.2654685
1.2654681
1.2654677
1.2654673
1.2654668
1.2654664
1.2654659
1.2654654
1.2654649
1.2654644
1.2654638
1.2654632
1.2654626
1.2654619
1.2654613
1.2654606
1.2654599
1.2654591
1.2654583
1.2654575
1.2654566
1.2654558
1.2654548
1.2654539
1.2654529
1.2654519
1.2654508
1.2654496
1.2654485
1.2654473
1.265446
1.2654447
1.2654434
1.265442
1.2654405
1.265439
1.2654374
1.2654357
1.265434
1.2654322
1.2654304
1.2654285
1.2654265
1.2654244
1.2654223
1.2654201
1.2654178
1.2654154
1.2654129
1.2654103
1.2654077
1.2654049
1.2654021
1.2653991
1.265396
1.2653929
1.2653896
1.2653862
1.2653827
1.265379
1.2653753
1.2653714
1.2653673
1.2653632
1.2653588
1.2653544
1.2653497
1.265345
1.26534
1.2653349
1.2653297
1.2653242
1.2653186
1.2653128
1.2653069
1.2653007
1.2652943
1.2652878
1.265281
1.265274
1.2652669
1.2652594
1.2652518
1.2652439
1.2652358
1.2652275
1.2652189
1.26521
1.2652009
1.2651916
1.2651819
1.265172
1.2651619
1.2651514
1.2651406
1.2651296
1.2651183
1.2651066
1.2650947
1.2650824
1.2650698
1.2650569
1.2650437
1.2650301
1.2650162
1.2650019
1.2649873
1.2649724
1.2649571
1.2649415
1.2649254
1.2649091
1.2648923
1.2648752
1.2648577
1.2648398
1.2648215
1.2648029
1.2647839
1.2647645
1.2647447
1.2647245
1.2647039
1.264683
1.2646616
1.2646399
1.2646178
1.2645952
1.2645723
1.2645491
1.2645254
1.2645013
1.2644769
1.264452
1.2644269
1.2644013
1.2643754
1.2643491
1.2643224
1.2642954
1.2642681
1.2642404
1.2642123
1.264184
1.2641553
1.2641263
1.264097
1.2640675
1.2640376
1.2640075
1.2639771
1.2639464
1.2639155
1.2638843
1.2638529
1.2638213
1.2637895
1.2637576
1.2637254
1.2636931
1.2636606
1.263628
1.2635953
1.2635624
1.2635295
1.2634964
1.2634633
1.2634302
1.263397
1.2633638
1.2633305
1.2632973
1.2632641
1.263231
1.2631978
1.2631648
1.2631318
1.263099
1.2630662
1.2630336
1.2630011
1.2629687
1.2629366
1.2629046
1.2628728
1.2628412
1.2628098
1.2627787
1.2627479
1.2627173
1.2626869
1.2626569
1.2626272
1.2625978
1.2625687
1.2625399
1.2625114
1.2624834
1.2624556
1.2624283
1.2624014
1.2623748
1.2623486
1.2623228
1.2622975
1.2622725
1.262248
1.2622239
1.2622002
1.262177
1.2621542
1.2621318
1.2621099
1.2620885
1.2620675
1.2620469
1.2620268
1.2620072
1.261988
1.2619692
1.2619509
1.261933
1.2619156
1.2618987
1.2618822
1.2618661
1.2618505
1.2618353
1.2618205
1.2618061
1.2617922
1.2617787
1.2617656
1.2617529
1.2617406
1.2617287
1.2617172
1.2617061
1.2616953
1.2616849
1.2616749
1.2616653
1.261656
1.261647
1.2616384
1.2616301
1.2616221
1.2616144
1.261607
1.2615999
1.2615932
1.2615867
1.2615805
1.2615745
1.2615688
1.2615634
1.2615582
1.2615532
1.2615485
1.261544
1.2615397
1.2615356
1.2615318
1.2615281
1.2615246
1.2615213
1.2615182
1.2615152
1.2615124
1.2615098
1.2615073
1.261505
1.2615028
1.2615007
1.2614988
1.261497
1.2614953
1.2614937
1.2614923
1.2614909
1.2614897
1.2614885
1.2614874
1.2614865
1.2614856
1.2614847
1.261484
1.2614833
1.2614827
1.2614822
1.2614818
1.2614814
1.261481
1.2614807
1.2614805
1.2614804
1.2614802
1.2614801
1.2614801
1.2614801
1.2614801
1.2614802
1.2614803
1.2614805
1.2614807
1.2614809
1.2614812
1.2614815
1.2614817
1.2614821
1.2614824
1.2614827
1.2614831
1.2614834
1.2614838
1.2614841
1.2614845
1.2614849
1.2614853
1.2614857
1.2614861
1.2614865
1.2614869
1.2614873
1.2614877
1.2614881
1.2614885
1.2614889
1.2614893
1.2614897
1.2614901
1.2614904
1.2614908
1.2614912
1.2614916
1.261492
1.2614923
1.2614927
1.261493
1.2614934
1.2614937
1.2614941
1.2614944
1.2614947
1.261495
1.2614953
1.2614956
1.2614959
1.2614962
1.2614965
1.2614967
1.261497
1.2614973
1.2614975
1.2614978
1.261498
1.2614982
1.2614984
1.2614986
1.2614989
1.2614991
1.2614993
1.2614994
1.2614996
1.2614998
1.2615
1.2615002
1.2615003
1.2615005
1.2615006
1.2615008
1.261501
1.2615011
1.2615012
1.2615014
1.2615015
1.2615016
1.2615018
1.2615019
1.261502
1.2615021
1.2615023
1.2615024
1.2615025
1.2615026
1.2615027
1.2615028
1.2615029
1.261503
1.2615031
1.2615032
1.2615033
1.2615034
1.2615035
1.2615036
1.2615037
1.2615037
1.2615038
1.2615039
1.261504
1.2615041
1.2615041
1.2615042
1.2615043
1.2615043
1.2615044
1.2615044
1.2615045
1.2615045
1.2615045
1.2615046
1.2615046
1.2615046
1.2615046
1.2615046
1.2615046
1.2615046
1.2615047
1.2615047
1.2615048
1.2615048
1.2615048
1.2615048
1.2615048
1.2615049
1.2615049
1.261505
1.2615051
1.2615051
1.2615052
1.2615052
1.2615053
1.2615053
1.2615054
1.2615054
1.2615054
1.2615055
1.2615055
1.2615055
1.2615055
1.2615056
1.2615056
1.2615056
1.2615056
1.2615056
1.2615056
1.2615056
1.2615057
1.2615057
1.2615057
1.2615058
1.2615058
1.2615058
1.2615058
1.2615059
1.2615059
1.2615059
1.261506
1.2615059
1.2615059
1.2615059
1.261506
1.261506
1.261506
1.261506
1.261506
1.261506
1.2615061
1.2615061
1.2615061
1.2615061
1.261506
1.261506
1.261506
1.261506
1.261506
1.261506
1.261506
1.261506
1.261506
1.261506
1.2615059
1.2615059
1.2615059
1.2615059
1.2615059
1.2615059
1.2615059
1.2615058
1.2615058
1.2615058
1.2615058
1.2615058
1.2615058
1.2615058
1.2615057
1.2615057
1.2615057
1.2615058
1.2615058
1.2615057
1.2615057
1.2615057
1.2615057
1.2615057
1.2615057
1.2615057
1.2615057
1.2615057
1.2615057
1.2615057
1.2615057
1.2615057
1.2615057
1.2615057
1.2615056
1.2615056
1.2615056
1.2615056
1.2615056
1.2615056
1.2615057
)
;

boundaryField
{
    leftSide
    {
        type            calculated;
        value           uniform 1.3463389;
    }
    rightSide
    {
        type            calculated;
        value           uniform 1.2615057;
    }
    emptywalls
    {
        type            empty;
    }
}


// ************************************************************************* //
