/*--------------------------------*- C++ -*----------------------------------*\
  =========                 |
  \\      /  F ield         | OpenFOAM: The Open Source CFD Toolbox
   \\    /   O peration     | Website:  https://openfoam.org
    \\  /    A nd           | Version:  7
     \\/     M anipulation  |
\*---------------------------------------------------------------------------*/
FoamFile
{
    version     2.0;
    format      ascii;
    class       volScalarField;
    location    "0.00228";
    object      Uy;
}
// * * * * * * * * * * * * * * * * * * * * * * * * * * * * * * * * * * * * * //

dimensions      [0 1 -1 0 0 0 0];

internalField   nonuniform List<scalar> 
5000
(
3.9505973e-21
5.3662601e-21
0
0
-2.5924112e-21
2.8118899e-36
2.2458052e-21
0
0
-2.5521852e-21
-5.1868926e-21
2.5978373e-21
2.5904052e-21
-2.5790364e-21
0
-2.5463622e-21
2.054493e-51
2.5170873e-21
0
2.546495e-21
-2.5655648e-21
-2.5670189e-21
5.1032055e-21
-2.5357462e-21
-2.5212665e-21
-2.0699074e-35
2.5154672e-21
2.5296032e-21
-5.0893896e-21
4.4237982e-35
-4.4549526e-35
2.5401151e-21
5.0565408e-21
-5.0341836e-21
4.3476553e-35
-2.1736978e-34
-8.6591928e-35
5.0096774e-21
-5.0276015e-21
-5.0348641e-21
5.0261281e-21
-1.7245037e-34
-5.0125366e-21
2.5068e-21
7.52304e-21
-2.5085799e-21
-2.5058476e-21
-1.7123922e-34
-4.9918259e-21
0
2.5024147e-21
3.5550394e-37
-2.4915317e-21
4.9547502e-21
-8.6032919e-35
-4.8968562e-21
2.4409533e-21
-8.4452791e-35
-2.4618667e-21
0
2.4126858e-21
8.3101146e-35
6.9019078e-37
2.4547198e-21
-2.3566663e-21
8.8999678e-35
2.1845706e-21
-2.1288459e-21
-2.6472658e-21
2.3872862e-21
2.2967931e-21
-2.4039914e-21
-2.4552645e-21
4.8714597e-21
2.4152196e-21
-2.410134e-21
0
2.4504577e-21
-3.4842639e-37
-2.4382438e-21
2.4031679e-21
-6.7721673e-37
6.8326957e-37
2.4493359e-21
2.4712536e-21
8.5665628e-35
-2.4373939e-21
0
-2.3853784e-21
-2.4898126e-34
-8.5158376e-35
2.4528745e-21
2.4403351e-21
-4.8382663e-21
-1.6529347e-34
2.3713462e-21
0
0
-2.4438363e-21
-1.6782163e-34
4.7750658e-21
-2.3423322e-21
-4.6440665e-21
0
2.4026261e-21
2.4289654e-21
-2.4206696e-21
-2.3923403e-21
0
0
2.3317881e-21
2.3547058e-21
0
-2.3860676e-21
8.2764033e-35
2.3395157e-21
-2.3120686e-21
6.5550909e-37
-8.1620993e-35
-1.5988454e-52
4.7248141e-21
-9.9597377e-37
-2.3002131e-21
0
-2.2638935e-21
2.2988553e-21
2.3323831e-21
-4.6766855e-21
-2.3163444e-21
4.5834367e-21
2.2667199e-21
-2.2524852e-21
-2.26765e-21
-2.2934635e-21
0
2.2898268e-21
2.2690424e-21
-2.2480446e-21
-7.7506101e-35
2.2472257e-21
-2.2603753e-21
-2.2610716e-21
0
2.2276546e-21
2.2125343e-21
-2.2199888e-21
2.2332365e-21
-1.2718244e-36
-2.2261176e-21
2.2001569e-21
-2.1808997e-21
1.5218937e-34
2.211172e-21
-2.2273632e-21
2.2151894e-21
2.1932434e-21
-2.1696654e-21
0
0
-2.1909046e-21
-2.196707e-21
2.1868182e-21
2.167259e-21
-2.1524739e-21
-1.4935038e-34
2.1664597e-21
-2.176383e-21
-2.1723299e-21
0
2.1469668e-21
2.1459678e-21
0
-2.1570208e-21
-2.1528716e-21
0
2.1355319e-21
4.4434092e-34
-2.1384449e-21
2.1328497e-21
2.1122326e-21
-2.0965725e-21
-1.4520959e-34
1.4581226e-34
9.0808347e-37
2.1193215e-21
-2.0945002e-21
-2.8750047e-34
1.425102e-34
-1.4423011e-34
2.1165148e-21
0
0
-2.0674759e-21
-2.0556487e-21
0
0
2.0858906e-21
8.9266032e-52
-2.0519222e-21
0
2.0496953e-21
-2.063765e-21
-5.7267067e-34
4.1154748e-21
-2.0368441e-21
-4.2004784e-34
-2.8854975e-37
-2.0433317e-21
2.0478296e-21
-2.8999503e-37
-2.8004945e-34
1.3920063e-34
-2.0146601e-21
0
2.0271088e-21
1.3962909e-34
5.5628348e-34
1.9974042e-21
0
-2.0095791e-21
-2.0043289e-21
0
0
0
1.9803636e-21
1.3771923e-34
-1.9879677e-21
0
0
1.9652997e-21
1.9619919e-21
-1.9505316e-21
-1.9407425e-21
0
1.9519539e-21
1.9496421e-21
-1.9387757e-21
-1.9139886e-21
0
1.9061972e-21
-5.347369e-34
-1.3427291e-34
1.9266452e-21
-1.9042447e-21
-1.8845978e-21
0
1.8992008e-21
-2.6598172e-34
1.9080021e-21
2.6178004e-34
-3.7359459e-21
1.8646121e-21
-2.6116946e-34
-6.5905825e-34
-1.3058199e-34
-1.8626794e-21
1.8343993e-21
1.8239318e-21
0
-1.8711852e-21
-1.870464e-21
0
1.8191509e-21
1.7968276e-21
-3.6174914e-21
-1.841682e-21
1.861282e-21
1.848293e-21
5.0604683e-34
-1.7963801e-21
1.7828486e-21
-1.2515517e-34
-1.826592e-21
1.8306957e-21
-1.2619824e-34
1.2443905e-34
-5.0176745e-37
-1.2230933e-34
1.7973571e-21
0
0
-1.793014e-21
-1.7748527e-21
0
0
0
0
1.7713114e-21
1.2112165e-34
-3.5181778e-21
7.5300553e-37
1.7675926e-21
1.760235e-21
-2.4095744e-34
-2.3846892e-34
-2.4697582e-37
-1.7522323e-21
-1.7509459e-21
-1.7337599e-21
3.3748833e-21
4.991237e-21
-1.6917068e-21
-3.4768809e-21
0
1.7478884e-21
1.7051924e-21
-1.6244727e-21
4.5027609e-37
-6.9518102e-37
4.819147e-37
1.7338496e-21
1.7490195e-21
-1.7395626e-21
-3.4192492e-21
1.6819887e-21
-5.2674311e-52
1.63067e-21
4.6054521e-34
-3.4024374e-21
0
0
3.3808041e-21
-9.2238763e-34
-3.2745319e-21
0
1.6749075e-21
1.6949977e-21
-1.6945789e-21
2.3868843e-37
-2.2924861e-34
2.3200233e-37
1.6437394e-21
-1.6746886e-21
-1.6929341e-21
0
1.667598e-21
-2.2855761e-34
-1.6357907e-21
3.3048911e-21
-4.6388451e-34
-1.6789358e-21
-4.6478729e-34
-3.3236462e-21
3.3107465e-21
1.6609713e-21
-1.6735441e-21
-2.3858672e-37
-1.6768743e-21
0
0
1.6629604e-21
-2.287365e-34
-3.2771786e-21
2.3412196e-37
4.9864038e-21
-1.6709303e-21
-1.6652547e-21
3.2819073e-21
-1.625432e-21
1.6383547e-21
3.3264902e-21
-1.6771764e-21
-1.6636059e-21
-1.6262318e-21
1.5978373e-21
-2.9554156e-51
-1.6567168e-21
1.6937527e-21
-1.6986488e-21
1.6703367e-21
4.5408965e-34
4.5423632e-37
1.5916475e-21
-3.2790301e-21
1.6858651e-21
4.7310333e-34
-4.6996363e-34
-1.6714217e-21
-3.274098e-21
4.8420155e-21
4.524851e-34
-9.2898118e-34
4.7114483e-34
-3.4021808e-21
3.3667287e-21
-4.5679911e-34
-3.2476074e-21
0
0
1.7112746e-21
-2.3660207e-34
-1.6866332e-21
-1.6425269e-21
1.6231244e-21
4.9712258e-21
-1.7066375e-21
-1.7340379e-21
-4.9183459e-37
-1.7070623e-21
0
3.2967319e-21
3.317407e-21
-1.7000943e-21
-3.4572075e-21
-1.7358277e-21
3.4611272e-21
3.4331598e-21
-3.4149442e-21
-3.4326488e-21
0
3.4687656e-21
-1.7316531e-21
-3.4236915e-21
1.7016994e-21
1.7222162e-21
-2.4733567e-37
2.4192804e-34
1.7331668e-21
-1.7007789e-21
-1.6867444e-21
1.7162426e-21
-2.4236743e-34
-2.4998519e-37
-2.4204926e-34
-1.7040383e-21
1.6761975e-21
-7.0624144e-34
-2.422229e-34
-4.9169729e-34
-1.7679016e-21
1.7398618e-21
-2.3266949e-34
-4.5542713e-34
-2.3919582e-37
-3.4887279e-21
-1.7780627e-21
1.7882393e-21
3.5689523e-21
-2.4551524e-34
-3.5006683e-21
-1.7229647e-21
3.4076892e-21
1.7209477e-21
-1.758896e-21
-1.7788694e-21
-4.9323036e-34
1.7614371e-21
0
0
1.7224446e-21
0
-1.7924284e-21
1.783959e-21
2.5051173e-37
-4.8169546e-34
0
-1.7513375e-21
1.7773727e-21
1.7807402e-21
-3.5426095e-21
-1.7462493e-21
1.733719e-21
0
0
-1.7758724e-21
4.8897765e-34
1.7214209e-21
0
0
-1.7775152e-21
7.4309854e-34
1.7663146e-21
0
0
0
0
0
0
0
0
3.4143899e-21
9.6388945e-34
-1.7621481e-21
1.768974e-21
-1.7589379e-21
1.7189451e-21
-4.7148911e-34
-1.721094e-21
-4.86703e-34
-1.7674087e-21
0
0
1.6629102e-21
4.6809861e-34
-1.7404035e-21
0
0
0
0
0
0
0
3.5378387e-21
-1.4769583e-33
-3.4890518e-21
1.7075345e-21
2.3145828e-37
1.5960175e-21
-9.1634258e-34
-3.4271293e-21
-1.7426875e-21
-1.2543041e-51
5.1578808e-21
0
-3.2822021e-21
0
0
3.432872e-21
-4.7479666e-34
-5.0855177e-21
1.6503347e-21
1.6284511e-21
-1.6602337e-21
1.6892587e-21
-1.6974265e-21
-4.6801848e-34
1.648777e-21
-1.625731e-21
0
-1.6736205e-21
1.6786219e-21
3.3325364e-21
-1.6330576e-21
-1.6172087e-21
-1.6358067e-21
-1.6593705e-21
3.3044662e-21
1.6030113e-21
-1.5655532e-21
0
1.6258371e-21
-1.653447e-21
-1.6343699e-21
4.7588031e-21
4.3527612e-37
-3.0585684e-21
1.5860435e-21
2.2433615e-34
1.614333e-21
-4.527274e-37
-3.0729036e-21
1.5069243e-21
0
-4.3749349e-34
-2.2631073e-37
-1.5790221e-21
1.5313425e-21
-4.1583246e-34
-2.0981209e-34
-2.2048837e-37
-1.573913e-21
1.5511172e-21
9.3327918e-52
-3.9743565e-34
-2.066553e-37
-3.0332887e-21
-2.1439986e-34
1.5405892e-21
0
0
-1.3850075e-21
-5.9712402e-34
1.4956883e-21
-1.5153482e-21
2.0868859e-34
1.0534164e-50
-1.9219909e-34
1.3545427e-21
1.4120221e-21
2.040897e-34
-1.4846945e-21
0
0
1.3456782e-21
-1.3255457e-21
1.1580598e-33
1.4506659e-21
-1.4597507e-21
0
1.3497528e-21
1.2655963e-21
-1.2838175e-21
-1.3758763e-21
0
1.4192708e-21
1.4093479e-21
-2.8040321e-21
-1.4018654e-21
1.4062645e-21
1.3962354e-21
1.8904698e-34
1.3271009e-21
3.5597437e-34
-2.5486782e-21
0
0
0
1.3270617e-21
1.2756387e-21
0
-1.2559272e-21
-1.8035465e-34
1.3156928e-21
0
0
-1.1847305e-21
-1.6238802e-34
1.7047323e-34
-1.2791353e-21
1.2890939e-21
-5.2625548e-34
-1.227729e-21
0
-1.162957e-21
-1.6508238e-34
1.217515e-21
-1.226263e-21
1.2199426e-21
1.2099316e-21
-1.2002623e-21
0
1.1912307e-21
1.1906598e-21
-1.1852588e-21
-1.1727785e-21
0
-1.1422737e-21
1.1313872e-21
1.1272331e-21
-1.1282067e-21
-2.2553952e-21
6.2391831e-34
3.350099e-21
3.3114712e-52
-1.1021285e-21
-2.1908137e-21
6.0386939e-34
2.1609719e-21
-1.071937e-21
1.0635738e-21
-1.0559483e-21
-1.0492361e-21
2.0829514e-21
0
0
-2.0210227e-21
-1.3790925e-51
1.9966174e-21
0
0
-1.9590447e-21
-2.6349105e-51
1.9216132e-21
0
0
-1.8792528e-21
-9.2011257e-22
1.8013112e-21
8.8718453e-22
0
-1.782041e-21
4.9779642e-34
1.7868503e-21
-8.7825883e-22
0
8.350009e-22
-8.2140836e-22
1.161491e-37
8.2247637e-22
-8.2705886e-22
8.2546923e-22
8.1716548e-22
-8.0184018e-22
-7.8080218e-22
2.115981e-34
7.4929307e-22
-7.4560972e-22
-2.0828883e-34
7.5360286e-22
-7.5203817e-22
7.4295955e-22
7.2737096e-22
-7.1035099e-22
-6.9656654e-22
1.916008e-34
6.8995576e-22
-6.9138784e-22
9.7767596e-38
6.7549286e-22
-6.557036e-22
6.3819482e-22
6.2871509e-22
-6.270678e-22
-1.2577391e-21
3.4857876e-34
1.2433068e-21
-6.1410682e-22
8.6206345e-38
1.1998524e-21
1.6874182e-37
-5.8701701e-22
0
5.6875889e-22
0
-5.5279971e-22
0
0
0
-5.3652455e-22
-6.8506898e-52
5.101734e-22
0
4.9149278e-22
-1.3623196e-34
-4.9142408e-22
0
0
0
-4.6489929e-22
1.2632209e-34
4.4897757e-22
0
4.4627301e-22
1.231e-34
-4.351534e-22
0
4.0341147e-22
-3.9232053e-22
2.1702399e-34
3.9330981e-22
-3.9400182e-22
0
-3.8469122e-22
-1.0482128e-34
3.691007e-22
0
3.5335406e-22
-3.4768304e-22
-1.9040671e-34
3.3825137e-22
-1.8525214e-34
-4.6745216e-38
8.9952255e-35
-4.5149736e-38
-3.1004601e-22
0
2.9208763e-22
-7.9224084e-35
-7.7883336e-35
2.4325513e-52
-7.5143114e-35
0
-5.1417069e-22
-6.946768e-35
2.4344736e-22
-2.3675586e-22
6.3790895e-35
2.2243495e-22
2.1443195e-22
5.7275136e-35
-5.5115914e-35
1.9117549e-22
-1.8403801e-22
-1.7680668e-22
0
-1.6188524e-22
4.290141e-35
1.4741987e-22
0
0
0
-2.4094093e-22
1.247392e-34
2.054925e-22
0
0
0
0
0
0
0
-6.7272479e-23
1.1760651e-35
1.1972812e-23
-8.4893104e-24
1.8643023e-23
2.4772561e-23
-8.448793e-36
-2.1391902e-35
-4.9711138e-23
6.3493727e-23
-7.8051977e-23
-9.0006753e-23
9.8837947e-23
1.0728728e-22
-6.5359532e-35
-1.3137027e-22
-1.4690313e-22
4.442731e-35
1.687218e-22
1.7491863e-22
-1.8262945e-22
-1.9379241e-22
2.083286e-22
-2.270617e-22
0
2.6384665e-22
2.7190359e-22
-7.6917365e-35
-2.8509108e-22
2.9674263e-22
-3.1173917e-22
-3.3057432e-22
3.5309748e-22
-3.7440315e-22
-1.0777982e-34
3.953603e-22
4.0288101e-22
5.8928955e-38
-8.6130165e-22
-2.5034904e-34
4.7396226e-22
4.9370925e-22
0
-5.1495514e-22
0
0
0
-5.858111e-22
-6.0754908e-22
6.229457e-22
6.3341631e-22
0
-6.6082491e-22
1.8912704e-34
7.0455141e-22
0
0
-7.6811251e-22
4.3338523e-34
7.9507788e-22
0
0
-8.5904939e-22
4.9109349e-34
9.0934706e-22
0
-9.4885091e-22
2.6835419e-34
-2.7362301e-34
2.8011949e-34
1.034786e-21
0
1.0899896e-21
-6.1907361e-34
-1.1387431e-21
0
-1.1861185e-21
1.2136845e-21
1.2429863e-21
-2.5440416e-21
-3.6133223e-34
2.6557921e-21
-3.7715812e-34
-1.3922788e-21
0
0
-1.5017729e-21
4.2600072e-34
1.5677119e-21
0
-1.6423131e-21
1.684113e-21
1.7270201e-21
-1.7707105e-21
0
1.8639127e-21
-1.9136549e-21
-1.0900263e-33
1.1175066e-33
-2.063037e-21
1.7612414e-33
-2.1700473e-21
2.2278697e-21
-6.3491552e-34
1.3051732e-33
4.8353661e-21
-6.9133236e-34
-2.5716949e-21
0
0
0
5.7229244e-21
2.9376946e-21
-6.0595647e-21
-3.1362368e-21
0
0
-3.4607933e-21
4.9140953e-51
3.6507858e-21
0
7.7730565e-21
4.0249568e-21
-8.3368037e-21
-4.3101471e-21
0
9.1709093e-21
1.3441882e-36
-1.4655206e-20
1.401874e-33
1.0466204e-20
-5.4190006e-21
-3.1873283e-36
5.7961623e-21
-1.6636706e-33
-3.4332858e-33
-6.4010522e-21
0
-6.8664276e-21
3.9490514e-33
1.4724789e-20
-7.6158039e-21
1.311576e-32
8.1542734e-21
-1.6898289e-20
1.2448165e-36
9.0782931e-21
0
0
0
1.0408864e-20
-1.0790647e-20
-2.238223e-20
1.1603125e-20
3.3365668e-33
3.4484075e-33
1.2861025e-20
0
-1.3799375e-20
2.0328467e-36
2.9645911e-20
-1.5348436e-20
-8.8126529e-33
1.6439888e-20
1.7020831e-20
-9.795e-33
-3.6516643e-20
0
-1.9575447e-20
-2.0263608e-20
0
2.1707506e-20
2.2464699e-20
-2.3247703e-20
0
2.4901418e-20
0
0
-2.758651e-20
2.376107e-32
2.9512623e-20
0
0
-3.2664015e-20
-3.3776612e-20
3.4921216e-20
3.6103267e-20
-3.7326195e-20
-3.8589055e-20
7.9778083e-20
4.1226057e-20
-1.1836394e-32
-4.4028326e-20
2.5242652e-32
2.6082785e-32
-4.8568166e-20
5.0165639e-20
-5.1814491e-20
5.3522142e-20
4.7141392e-35
-5.7103505e-20
1.1792066e-19
6.0860192e-20
6.2816315e-20
-1.2968842e-19
-1.3389859e-19
6.9122115e-20
-7.13459e-20
7.3611311e-20
-4.2166519e-32
-1.566257e-19
8.0790685e-20
-2.3136893e-32
2.389883e-32
8.8741448e-20
0
0
-9.7232104e-20
-1.0022908e-19
0
1.0654275e-19
1.0983745e-19
0
1.1664466e-19
-3.336816e-32
-1.2379118e-19
1.2752718e-19
-3.6443366e-32
-1.3533242e-19
0
-1.4353402e-19
-8.2051837e-32
1.5214312e-19
-1.5662288e-19
4.4700425e-32
1.6594999e-19
1.7079337e-19
4.877894e-32
-1.8084078e-19
0
1.9139241e-19
-1.9686293e-19
5.7544216e-35
-1.1562911e-31
-2.1408928e-19
2.2012157e-19
0
4.6525795e-19
-5.3087064e-31
-2.4571314e-19
-1.4014658e-31
-5.1882448e-19
5.3301505e-19
5.4753059e-19
-5.623653e-19
-5.7752321e-19
-2.965097e-19
0
3.1254071e-19
6.4164809e-19
-4.679376e-35
3.3791588e-19
-3.4673377e-19
-3.5574344e-19
3.6494757e-19
-7.4868637e-19
7.6785402e-19
6.557142e-31
-8.0734762e-19
8.2770591e-19
-2.3548621e-31
4.3483597e-19
-4.456331e-19
-4.566345e-19
4.6784779e-19
1.3295064e-31
9.8187558e-19
-1.0056284e-18
-1.0298106e-18
1.0544204e-18
1.497969e-31
5.5248882e-19
-3.1404551e-31
-5.7871338e-19
-1.6435335e-31
2.6580954e-48
-6.1980788e-19
-1.2679153e-18
6.4834143e-19
-6.3881523e-48
6.7786404e-19
1.1544215e-30
-7.0841461e-19
1.4480982e-18
-4.1070724e-31
-1.5120215e-18
7.9309367e-49
7.8898791e-19
0
0
8.4044656e-19
-8.5809205e-19
-1.7519694e-18
0
0
0
9.5022331e-19
9.6944304e-19
0
-1.0086479e-18
1.0286448e-18
1.7469767e-30
-2.1389015e-18
0
0
0
1.1542425e-18
1.1761088e-18
-1.1982463e-18
1.2206493e-18
6.9048575e-31
-2.5324644e-18
0
0
2.6732145e-18
-3.8670865e-34
-1.3848732e-18
1.4093898e-18
-1.4341611e-18
1.4591946e-18
-8.2443059e-31
-3.0201374e-18
0
0
1.5883349e-18
1.6149316e-18
0
0
-1.6962597e-18
-1.7238695e-18
0
1.7798331e-18
1.8081931e-18
-1.8368029e-18
1.8656542e-18
1.8947399e-18
-1.9240584e-18
-1.9536141e-18
1.1015073e-30
2.0134461e-18
-2.0437132e-18
-5.7567066e-31
2.1049188e-18
0
2.1670179e-18
-1.2205906e-30
-2.2299903e-18
2.2617894e-18
-1.2735582e-30
-2.3260215e-18
0
2.3911034e-18
-6.7307953e-31
-3.4915434e-34
2.4901531e-18
-2.5235395e-18
-2.5571205e-18
0
5.2497048e-18
-2.9533866e-30
-2.6932783e-18
-3.8763433e-34
-5.5246955e-18
5.5942336e-18
5.6640812e-18
-5.7342415e-18
-2.9023582e-18
0
5.9465531e-18
-5.0096971e-30
-6.0893915e-18
0
6.2331902e-18
1.7509088e-30
-3.1890212e-18
-8.9563102e-31
-6.5237566e-18
6.5968606e-18
8.3299997e-30
-6.7436098e-18
6.8172908e-18
-1.9120698e-30
-6.9651857e-18
-3.51966e-18
7.1135459e-18
3.5939357e-18
-7.2623181e-18
7.3368991e-18
9.2559786e-30
-7.4863914e-18
7.5612276e-18
-1.060195e-30
3.8554901e-18
-4.3195632e-30
-1.1791367e-17
2.2025268e-30
8.0109919e-18
-4.0430065e-18
-8.1609931e-18
4.1179674e-18
-2.3071669e-30
4.1928693e-18
4.6986749e-30
-4.2676883e-18
8.6100704e-18
-3.6160988e-30
4.862599e-30
-2.4503688e-30
-4.4538576e-18
0
-4.5279161e-18
-4.5648332e-18
0
0
0
0
0
4.7843873e-18
4.8205878e-18
0
-4.8926123e-18
4.9284571e-18
8.269328e-30
-9.9995728e-18
0
0
0
5.1404826e-18
5.1752491e-18
-5.2098603e-18
-5.244304e-18
1.0557132e-17
8.8512815e-30
-1.0693023e-17
0
1.0827303e-17
9.0734376e-30
-5.4799491e-18
5.5127811e-18
-5.5454044e-18
5.5778133e-18
3.1139722e-30
-1.1283852e-17
0
0
5.7362283e-18
5.7671827e-18
0
5.8283387e-18
1.6650889e-33
5.8884013e-18
-5.9180131e-18
-1.7842063e-17
0
-1.2010465e-17
-1.2067497e-17
0
1.8269583e-17
1.2234909e-17
-1.2289501e-17
6.171755e-18
6.1984625e-18
-1.8674574e-17
-6.2509264e-18
-8.9196704e-34
-6.302063e-18
6.3271439e-18
6.3519072e-18
6.3763482e-18
-1.1471428e-48
6.424216e-18
6.4476233e-18
-6.4706788e-18
0
-1.3031521e-17
-1.307558e-17
0
6.5807798e-18
1.3203446e-17
3.6749372e-30
6.6425093e-18
1.3324722e-17
-1.3363699e-17
-1.3401935e-17
-6.719709e-18
-6.7380722e-18
0
6.7736678e-18
2.037269e-17
-6.8077407e-18
8.4012225e-47
2.0520806e-17
-1.3711914e-17
-6.8712606e-18
-6.8861729e-18
-1.3801377e-17
1.3829614e-17
6.9285333e-18
-6.9418718e-18
-6.9548211e-18
-6.967374e-18
2.0938569e-17
6.991266e-18
-2.1007819e-17
-7.013548e-18
7.0240923e-18
1.4068474e-17
-7.0439823e-18
7.0533281e-18
-1.1758288e-29
1.1776529e-29
2.1236844e-17
-7.0866706e-18
-7.0939867e-18
-1.4201807e-17
-7.1074247e-18
1.4227092e-17
2.0234151e-33
7.1245631e-18
-7.1294696e-18
-2.1401944e-17
2.141427e-17
7.1417895e-18
-2.1435224e-17
0
2.1451321e-17
7.1525537e-18
-2.1462854e-17
7.1556072e-18
1.4313024e-17
3.9726821e-30
-7.9444483e-30
-7.1567778e-18
0
-1.4309855e-17
-1.4306842e-17
7.1515252e-18
7.1492394e-18
1.429313e-17
-7.1435053e-18
-7.1400643e-18
1.4272495e-17
0
-1.4254983e-17
-1.4245101e-17
7.1172349e-18
1.4223094e-17
-3.944087e-30
-7.0990696e-18
1.4184577e-17
-7.0851479e-18
2.357179e-29
1.4139571e-17
-7.0615667e-18
0
-1.4088156e-17
0
1.560011e-29
7.0152706e-18
1.4009969e-17
-2.098308e-17
1.9848019e-33
1.3944226e-17
0
-1.3897127e-17
-6.9363049e-18
1.3847455e-17
-7.6730591e-30
-6.8976308e-18
1.3768237e-17
-6.8703002e-18
1.1415154e-29
1.3683523e-17
-6.8270479e-18
6.8120421e-18
-1.3593493e-17
-2.0343491e-17
0
2.0247469e-17
1.3465487e-17
-2.0148186e-17
-1.3398227e-17
6.681899e-18
1.3328842e-17
-6.6466853e-18
-6.6286983e-18
1.3220932e-17
-6.5919908e-18
-1.3146549e-17
6.5543207e-18
-9.2869819e-34
1.3031429e-17
1.2992142e-17
-1.942862e-17
6.4561262e-18
1.0718958e-29
-1.9245988e-17
0
1.9121123e-17
1.2705198e-17
-6.3312986e-18
-6.3098102e-18
-6.2881368e-18
0
-6.2442428e-18
3.4537007e-30
1.2399311e-17
-3.4278916e-30
-6.15442e-18
0
-6.1085523e-18
1.2170774e-17
1.8186233e-17
-1.2077264e-17
-1.8045161e-17
-5.9913443e-18
5.9675042e-18
1.188707e-17
-5.9194414e-18
5.8952324e-18
5.8709148e-18
-1.1692984e-17
1.164393e-17
5.7973353e-18
-1.7317813e-17
-1.1495554e-17
5.7228618e-18
1.7093593e-17
-1.2595314e-29
1.2539466e-29
5.6224052e-18
6.2136324e-30
5.5717266e-18
-5.5462906e-18
-5.5207986e-18
-5.4952533e-18
5.469656e-18
5.4440072e-18
-1.6254925e-17
5.392565e-18
1.073357e-17
-1.6022918e-17
-1.5106512e-33
5.2892612e-18
-1.0526725e-17
-5.2374372e-18
0
5.1855299e-18
5.1595594e-18
1.0267163e-17
-5.1075964e-18
1.692406e-29
1.5166824e-17
-5.0296113e-18
-5.0036203e-18
-4.9776386e-18
4.9516681e-18
4.9257093e-18
-1.4699289e-17
4.8738322e-18
9.6958435e-18
8.0311588e-30
4.7961761e-18
-9.5406885e-18
-1.4233618e-17
-2.6186013e-30
2.6049819e-30
6.6326482e-34
4.6416441e-18
9.2320373e-18
4.5904349e-18
-1.3694679e-17
5.0394181e-30
9.0278875e-18
0
0
-4.4378971e-18
2.4493572e-30
-2.4347511e-30
-4.3623288e-18
8.6745127e-18
4.3122459e-18
4.7583322e-30
-4.2624067e-18
-1.2712732e-17
-4.2128122e-18
0
0
0
1.2343322e-17
8.1800353e-18
-1.2196988e-17
4.4876939e-30
8.0343419e-18
0
0
-7.8899932e-18
8.7059996e-30
4.3254274e-30
-7.7469663e-18
3.8497986e-18
7.6523859e-18
7.6053325e-18
-3.7792172e-18
-1.1267533e-17
-3.7325478e-18
0
0
0
1.0920463e-17
7.2345089e-18
-1.0783298e-17
7.9302358e-30
3.5490257e-18
-5.0113767e-34
3.5039401e-18
-6.9630307e-18
3.8402016e-30
3.4368974e-18
-6.8294132e-18
0
1.8713998e-30
6.6972303e-18
6.6534762e-18
-9.9148086e-18
-6.5664227e-18
3.2615654e-18
1.7979853e-30
-3.2185104e-18
9.5912851e-18
6.3515033e-18
-3.1544818e-18
-3.1332878e-18
3.1121711e-18
3.0911313e-18
-3.0701648e-18
-3.0492678e-18
1.6810143e-30
-1.6690656e-30
-2.9870007e-18
0
-2.9458567e-18
5.8507802e-18
8.7149686e-18
-5.7693112e-18
-5.7287809e-18
-2.8441959e-18
3.1347486e-30
5.6080371e-18
-2.7840291e-18
2.764102e-18
2.7442386e-18
-5.4488821e-18
5.4094222e-18
2.6850494e-18
-2.6654531e-18
-5.291836e-18
-2.6264425e-18
5.2140561e-18
-1.4356218e-30
2.5683907e-18
2.5491696e-18
-7.5900309e-18
2.5109086e-18
2.4918638e-18
-7.4186336e-18
3.4872772e-34
7.3052757e-18
2.416294e-18
-7.1926661e-18
2.3788717e-18
9.6753379e-47
3.8987489e-30
4.6463137e-18
-4.6094105e-18
-4.5726311e-18
2.2679845e-18
-2.4975177e-30
-4.4629699e-18
2.2133175e-18
6.5856234e-18
2.1771577e-18
-2.159168e-18
0
-2.1233602e-18
-4.211076e-18
2.9669013e-34
6.2101853e-18
2.0524116e-18
-4.0696432e-18
2.8667411e-34
3.9996265e-18
-3.964784e-18
3.2727769e-30
3.895443e-18
-5.7914304e-18
-3.8265865e-18
0
0
1.8620837e-18
5.5353826e-18
1.8282325e-18
-5.4342053e-18
1.9923186e-30
3.5558616e-18
-3.5225655e-18
-3.4893836e-18
1.7281602e-18
3.423381e-18
-1.6952862e-18
-1.6789493e-18
4.9880357e-18
1.6464704e-18
2.7153239e-30
-8.955668e-31
-1.5982198e-18
1.5822658e-18
-3.1327585e-18
-4.6516834e-18
0
4.5573869e-18
3.0070287e-18
-4.4639046e-18
4.1850712e-34
1.4570835e-18
-2.8834927e-18
1.4264805e-18
1.4112874e-18
1.5499588e-30
-1.381122e-18
-2.7322959e-18
1.3512463e-18
2.6728355e-18
2.6433286e-18
-1.451328e-30
-1.2923937e-18
1.2778763e-18
-2.5268689e-18
-3.7472035e-18
0
3.6616987e-18
2.4128746e-18
-3.5771792e-18
1.3085732e-30
1.1645504e-18
-1.1507484e-18
-1.1370269e-18
6.2324645e-31
2.2196697e-18
-6.0856834e-31
-2.1659812e-18
1.1873733e-30
1.1727094e-30
2.0867194e-18
3.0909619e-18
-2.0347424e-18
1.115447e-30
3.3026744e-30
-9.7906086e-19
-9.66466e-19
-1.9079184e-18
2.8246293e-18
9.2922085e-19
-1.8339855e-18
1.8097125e-18
5.0750346e-34
-2.642557e-18
-8.6898563e-19
8.572125e-19
2.5366094e-18
-2.777696e-30
-1.6449456e-18
-8.1107998e-19
1.5995576e-18
2.3657099e-18
-2.3323688e-18
-7.6644111e-19
-8.3853267e-31
-7.4470477e-19
1.4679572e-18
-4.0151199e-31
7.1280741e-19
-7.0236519e-19
2.3051434e-30
2.0453366e-18
-2.0148962e-18
-1.9847394e-18
0
0
0
6.2232326e-19
1.8382729e-18
6.0328914e-19
6.5933608e-31
5.8463438e-19
-1.7263387e-18
-5.6635287e-19
5.5735848e-19
5.4846488e-19
5.3966979e-19
-1.06194e-18
5.2236376e-19
-5.1385059e-19
1.6833134e-30
9.9420817e-19
-1.4666212e-18
-9.6147964e-19
0
9.2951499e-19
5.0723619e-31
-4.4914911e-19
1.3244491e-18
4.339079e-19
-4.2642371e-19
0
0
-4.0452736e-19
-7.9482437e-19
8.6677679e-31
7.6689895e-19
3.766007e-19
-3.6984063e-19
3.631695e-19
-3.5658667e-19
-3.3553657e-47
5.7240573e-31
-1.0120754e-18
0
0
6.3781069e-19
6.2584563e-19
3.0702234e-19
-3.3434e-31
-8.8641225e-19
3.2182712e-31
5.6850378e-19
0
-5.4670293e-19
-2.6801675e-19
5.2552259e-19
-2.5758718e-19
-2.524932e-19
7.4243059e-19
-2.4253584e-19
7.9154238e-31
4.6574509e-19
-6.8445441e-19
-4.4701138e-19
0
0
0
6.1693228e-19
4.0271007e-19
-5.9141428e-19
-3.8598315e-19
0
3.6980145e-19
-2.0088211e-31
-1.7706211e-19
3.4648169e-19
-1.6948867e-19
1.6580391e-19
1.6218351e-19
-4.7587405e-19
3.1024943e-19
3.0336406e-19
-1.4829788e-19
1.4497469e-19
-2.8342553e-19
-4.1553272e-19
0
3.9684474e-19
2.5850235e-19
-1.2627463e-19
-1.2335013e-19
1.3374856e-31
-1.1765936e-19
3.8272367e-31
1.1218848e-19
6.0814584e-32
4.9701299e-49
-1.043695e-19
0
-9.939e-20
1.9394814e-19
2.8382817e-19
-2.768807e-19
-2.7007346e-19
0
1.7122902e-19
1.6693933e-19
-1.6273641e-19
7.9312952e-20
7.7303369e-20
-2.2601119e-19
1.4682402e-19
1.4305063e-19
-6.9673793e-20
-1.3571562e-19
-6.6080623e-20
1.9303231e-19
6.2647729e-20
1.0156196e-31
-1.1873705e-19
-3.2844988e-35
1.6867818e-19
-1.0940311e-19
-1.5962989e-19
-5.1753122e-20
1.5099423e-19
9.7887498e-20
-1.4276618e-19
1.0273496e-31
8.9937756e-20
4.3699173e-20
-2.3566813e-32
-8.2489146e-20
4.4476163e-32
-3.8911713e-20
-3.7789045e-20
1.1008092e-19
3.5622601e-20
3.8382251e-32
-6.7096619e-20
1.0839929e-31
9.4725761e-20
-6.1246816e-20
3.298974e-32
3.2009732e-32
6.2023845e-32
2.7067672e-20
-7.8686838e-20
2.5411251e-20
4.0985868e-32
7.9413229e-32
6.9279485e-20
-2.2361031e-20
-4.3292001e-20
2.325559e-32
-2.0269036e-20
-1.9609411e-20
3.7938312e-20
3.6694449e-20
-1.9692367e-32
-5.1442951e-20
1.8389991e-32
1.6008671e-20
-3.0931087e-20
1.4940251e-20
1.4431138e-20
-7.7303045e-33
7.4634478e-33
-1.2970014e-20
2.5019159e-20
-1.2065387e-20
3.8764286e-32
3.7381823e-32
-3.2464286e-20
2.0850696e-20
-2.8529156e-36
-1.9325161e-20
9.3013759e-21
2.6862641e-20
8.6208188e-21
-2.4895213e-20
8.8616081e-33
7.6716512e-21
-1.4738535e-20
1.4155802e-20
3.3967737e-32
-6.5302248e-21
6.2734227e-21
-6.0248977e-21
1.1561847e-20
-5.5415375e-21
-1.59282e-20
0
0
9.3390593e-21
1.2718815e-36
-8.573325e-21
4.1015835e-21
1.1761496e-20
3.7456903e-21
-1.0735417e-20
-9.7178849e-37
-3.6279371e-33
-6.2471251e-21
8.9488044e-21
1.4212336e-32
-2.7105639e-21
2.5821107e-21
2.4600768e-21
-2.6046598e-33
-2.2366446e-21
4.2642989e-21
-4.0582238e-21
6.4219737e-33
3.6630051e-21
-5.2198931e-21
-3.3086001e-21
1.5748647e-21
4.499211e-21
1.4257122e-21
-1.3523147e-21
0
1.2145671e-21
-1.1524834e-21
-3.2883052e-21
-5.7971806e-34
1.9879607e-21
-9.4339205e-22
-8.9411657e-22
1.6952785e-21
-8.0481963e-22
7.6636947e-22
1.462575e-21
-2.0920386e-21
2.2118075e-33
-1.4047529e-33
-1.2077913e-21
1.1581959e-21
5.57154e-22
5.3519532e-22
5.6852218e-34
-4.8840533e-22
9.3739379e-22
-9.0710673e-22
-1.3295876e-21
0
4.268163e-22
-2.2923872e-34
-1.1301732e-37
1.1564408e-21
3.7832732e-22
-1.1266387e-21
3.7592143e-22
-3.6382639e-51
-1.128105e-21
3.7191616e-22
1.1006295e-21
3.6347594e-22
-7.2580659e-22
3.6534023e-22
-3.6993343e-22
1.2510223e-33
7.6308585e-22
-1.1578716e-21
-4.3103775e-34
1.7285675e-33
-7.8315682e-22
7.9338161e-22
4.4885096e-34
-4.1387535e-22
8.4800775e-22
4.3142329e-22
0
0
-8.8606633e-22
1.0003263e-33
2.6175347e-37
5.2384567e-34
4.8265255e-22
4.8987324e-22
-4.9367285e-22
-4.9739243e-22
1.0065682e-21
-1.0226501e-21
5.7830015e-34
1.0614945e-21
-1.0765475e-21
-1.8090464e-33
6.0781474e-34
-5.5285834e-22
1.119667e-21
-5.6750058e-22
1.2741382e-33
1.1557235e-21
0
-1.1679809e-21
-5.8850114e-22
1.1883937e-21
5.9993494e-22
-6.0261082e-22
1.0030743e-33
6.0163723e-22
0
0
-1.2184469e-21
-1.2256706e-21
0
1.2179166e-21
6.0476558e-22
-6.0231258e-22
6.0162319e-22
-6.0214285e-22
0
1.1989493e-21
0
0
-5.8051369e-22
6.3994627e-34
5.7345689e-22
0
-5.6395499e-22
-3.0766108e-34
5.4372478e-22
0
-1.0539647e-21
-1.0414288e-21
5.1490605e-22
5.6277721e-34
-4.9506313e-22
9.6157116e-22
9.3433405e-22
-9.1114306e-22
-1.266398e-37
-9.6961773e-34
-1.2152402e-37
8.3106608e-22
-4.0001135e-22
4.2570722e-34
-3.6804746e-22
3.5421106e-22
1.0252191e-21
-9.8897658e-22
-3.161267e-22
3.0014426e-22
3.1390442e-34
2.6576513e-22
-4.9952953e-22
-4.7007872e-22
4.4186999e-22
6.8517047e-34
1.88621e-22
1.7045764e-22
-3.0504272e-22
1.3552324e-22
-1.3278895e-34
5.7690653e-35
-8.6995355e-23
-1.3793283e-22
1.0153098e-22
6.6440989e-23
0
-2.2188723e-24
1.4817126e-35
-6.2141049e-23
-5.5739825e-35
2.0793467e-22
1.7442617e-22
0
-2.3283015e-22
-2.889234e-34
-1.45899e-22
-1.6338043e-22
5.4445312e-22
-1.1039158e-34
-4.2898722e-22
2.2822674e-22
4.8334004e-22
-2.5603676e-22
-5.4208831e-22
-2.8584415e-22
0
6.2587257e-22
-3.2589142e-22
-1.0176528e-21
3.5264875e-22
3.6567565e-22
7.5494669e-22
3.8761678e-22
-7.9476591e-22
-4.0775748e-22
-4.1872068e-22
4.7803213e-34
4.4225562e-22
4.5152926e-22
9.1668125e-22
4.6507991e-22
0
0
0
-9.9955774e-22
-1.0129525e-21
1.0203605e-21
5.7039294e-34
5.7424177e-34
-5.7868428e-34
-1.1743571e-33
1.0735583e-21
0
-1.0850981e-21
-5.4327535e-22
5.4321909e-22
-5.4371969e-22
-5.4840868e-22
0
0
1.111695e-21
-1.8427575e-33
-1.2203788e-33
1.0929827e-21
-1.0965873e-21
-1.1061968e-21
0
1.1039459e-21
-6.0712444e-34
-1.0818368e-21
1.0703251e-21
5.9324036e-34
-1.0731864e-21
0
1.0625499e-21
5.2409851e-22
-1.0294224e-21
5.0650597e-22
1.1228491e-33
-1.017496e-21
1.014585e-21
9.986052e-22
0
0
0
-9.2652197e-22
-9.3215734e-22
9.3561429e-22
0
-9.0751665e-22
0
-4.297599e-22
8.3900403e-22
4.1611637e-22
-4.1607592e-22
8.298468e-22
4.1143572e-22
-8.0841455e-22
-3.9390226e-22
-4.264042e-34
3.7401218e-22
-8.1164066e-34
2.0560447e-37
7.2041673e-22
0
-3.5328812e-22
-6.8692405e-22
-3.3296778e-22
0
0
0
-3.1230992e-22
6.214628e-22
3.0575835e-22
-2.9702055e-22
-2.8790903e-22
2.7997714e-22
2.7435409e-22
-5.4416095e-22
0
5.3922497e-22
5.3167977e-22
0
0
-4.9379137e-22
-2.6939626e-34
-2.4054386e-22
-2.3973968e-22
2.3888438e-22
-2.3629451e-22
2.3154638e-22
4.5288429e-22
2.2229989e-22
0
-4.3918045e-22
-2.4443122e-34
2.2012507e-22
-2.1811051e-22
-2.1442082e-22
-4.2199586e-22
4.1820102e-22
2.0905821e-22
-5.9860374e-38
2.1215075e-22
-4.2425448e-22
2.1018481e-22
-2.0817372e-22
1.778826e-51
2.0780937e-22
-4.1942836e-22
4.2308633e-22
4.2454906e-22
0
-2.116786e-22
-4.2497941e-22
1.1906777e-34
2.1687962e-22
2.1821824e-22
-4.3574731e-22
-4.3472068e-22
2.1828291e-22
4.4229427e-22
4.5118385e-22
-2.2977516e-22
-4.6289136e-22
2.3007244e-22
-2.286135e-22
3.8114121e-34
2.3155691e-22
-4.7314114e-22
4.8388931e-22
2.7231562e-34
-1.3669296e-33
4.9232387e-22
-4.9338911e-22
-1.1035053e-33
2.5146695e-22
-5.0956991e-22
2.5748249e-22
-7.3662404e-38
1.1566055e-33
2.6222973e-22
-5.2938896e-22
5.9283365e-34
-1.4894823e-34
2.6897162e-22
-7.6568586e-38
-5.4171488e-22
5.4754496e-22
1.5775679e-37
-1.2423785e-33
5.5887339e-22
-5.5559084e-22
-6.1413504e-34
5.5461375e-22
-2.8024594e-22
-2.8435151e-22
-2.8764557e-22
2.8815656e-22
-3.172797e-34
-5.6633159e-22
0
0
5.6753613e-22
8.1387061e-38
-5.7684845e-22
2.8866669e-22
-3.1811894e-34
2.8360176e-22
6.2422018e-34
-5.5942443e-22
0
-2.8075517e-22
5.6388686e-22
2.8112385e-22
-6.1677607e-34
2.7361972e-22
-5.4049064e-22
2.6857854e-22
-2.9827444e-34
-5.3921145e-22
0
0
2.6035598e-22
-1.4198316e-34
2.5296646e-22
-2.5183381e-22
-7.5436068e-22
7.4920776e-22
2.4564017e-22
-4.8158175e-22
2.3671953e-22
3.8971926e-34
2.3265759e-22
-1.3092444e-37
-7.5104489e-34
2.187179e-22
-4.2501503e-22
-2.091079e-22
0
-2.0855461e-22
2.0673594e-22
2.0076107e-22
1.9132886e-22
-4.0562446e-34
1.9710985e-34
-1.9563906e-34
-3.5398189e-22
1.7653788e-22
2.8822579e-34
-3.321351e-22
2.2317711e-38
1.4912261e-22
2.8728542e-22
2.8135938e-22
-2.7888162e-22
-1.5343232e-34
-1.3533037e-22
-1.3034453e-22
2.465898e-22
-2.3060581e-22
-1.0833817e-22
3.1101991e-22
2.0270304e-22
-1.00202e-22
-1.9674674e-22
-9.4507188e-23
8.7973669e-23
1.5968839e-22
-1.4567802e-22
-2.0598089e-22
6.7016769e-23
6.630292e-23
1.2914563e-22
6.0399172e-23
-1.0692662e-22
-4.5664881e-23
-4.0153997e-23
7.6393721e-23
3.8383192e-23
-7.6978581e-23
7.3657734e-23
1.0171453e-50
6.9074292e-39
3.2785416e-23
-2.4258381e-23
-4.0805491e-35
-1.5979181e-35
-5.2927095e-35
2.7890498e-51
-3.7262762e-23
-8.3564092e-36
1.9366179e-24
-4.7417928e-24
-8.4802815e-24
7.9380701e-24
6.1234578e-36
1.7237824e-24
4.1260461e-36
-1.1570142e-24
2.663122e-24
0
-2.8191324e-24
5.0394804e-36
-6.5129354e-24
-1.3903537e-23
9.4937357e-24
1.4817634e-24
0
1.3170623e-23
-1.8155462e-35
-1.5989768e-23
1.3973845e-23
7.9112458e-36
-9.604306e-24
-7.7962406e-36
-5.4850486e-39
2.4360899e-23
-2.8760678e-23
-3.2370522e-23
3.5216732e-23
-4.1533258e-35
3.9470862e-23
-1.4246098e-34
5.346817e-35
1.1037927e-22
-1.2539183e-22
-1.3911733e-22
0
1.5621443e-22
-1.7907996e-34
-1.6965805e-22
1.8297084e-22
1.9975915e-22
-1.0873533e-22
-2.3365584e-22
-6.8538863e-35
-1.8250713e-38
-7.3809229e-35
-3.9449915e-38
-1.4603424e-22
3.0866949e-22
3.2644956e-22
-3.440051e-22
-1.9994274e-34
3.735821e-22
-3.8549018e-22
-3.98355e-22
0
4.3028938e-22
-6.3792258e-38
2.5961478e-34
2.6886615e-34
-5.5207127e-34
5.0931238e-22
-5.2328753e-22
2.2904477e-50
5.5793269e-22
-8.6597028e-22
-5.9429427e-22
3.0348179e-22
0
6.3204059e-22
-1.0781619e-33
3.6943211e-34
6.8413806e-22
0
0
-1.0816625e-21
-3.6629936e-22
3.7296479e-22
-3.8158958e-22
3.9020734e-22
-3.9659345e-22
-8.8918694e-34
4.039662e-22
4.0799568e-22
4.1374388e-22
-4.2226038e-22
0
0
-8.7715069e-22
4.391754e-22
1.3206829e-21
0
-4.4857625e-22
-9.1285555e-22
-6.5794825e-38
-4.6621579e-22
-1.0365721e-33
2.6550215e-37
-4.6782353e-22
1.4064366e-21
1.0442221e-33
-2.6200453e-33
9.4528097e-22
-9.4469239e-22
-4.7221449e-22
4.7312347e-22
4.7327067e-22
-9.4232281e-22
-7.7815715e-34
1.3872173e-21
-9.1598875e-22
1.5181006e-33
4.5638236e-22
-9.142637e-22
4.5444343e-22
-4.4731143e-22
-7.3135985e-34
4.3160477e-22
-8.5051944e-22
8.440682e-22
-2.3890699e-37
-3.240601e-33
-2.3304921e-37
-2.6652757e-33
7.8040861e-22
-3.8073953e-22
-8.2684933e-34
3.6608853e-22
-7.2106229e-22
-7.0716505e-22
6.8779013e-22
-1.1060683e-33
-3.2008949e-22
-3.4284477e-34
2.988612e-22
-1.6512323e-37
-5.6445985e-22
5.4369842e-22
8.6220215e-34
-8.1623213e-34
2.5743028e-34
-4.8953361e-34
4.2171499e-22
0
0
-1.7615023e-22
-3.2098522e-22
1.4569881e-22
-2.9638139e-34
-2.740215e-34
-3.7902721e-34
-2.0556916e-22
8.9105121e-23
-8.1109386e-35
-5.7196864e-23
4.3648458e-23
-3.621711e-35
-2.271221e-23
0
0
0
-6.0569832e-23
-8.7667633e-23
1.1031984e-22
6.5587846e-23
-7.6495719e-23
1.7771382e-22
-2.0501598e-22
-4.6319767e-22
2.544646e-22
2.7409809e-22
-4.4056263e-22
1.575756e-33
3.4056048e-22
4.0826447e-34
-1.9552026e-22
-4.0799179e-22
4.2189167e-22
2.1882441e-22
-4.5709419e-22
-2.4060631e-22
0
0
2.7226556e-22
-2.7615753e-22
-5.6181767e-22
8.6430736e-22
5.9505033e-22
-6.172967e-22
3.1980029e-22
-3.2748736e-22
2.2029992e-33
3.3246954e-22
-6.7126533e-22
6.816978e-22
-7.7155165e-34
-7.0955047e-22
7.2390875e-22
3.6721163e-22
-7.3828505e-22
3.690415e-22
7.3876432e-22
-7.4177515e-22
-7.4701781e-22
0
7.6045134e-22
-3.8287788e-22
-7.6623043e-22
3.8099787e-22
-3.7849164e-22
7.5345166e-22
-1.2517661e-33
1.2506824e-33
7.5026461e-22
8.3132463e-34
-3.7204149e-22
-7.3614688e-22
7.2715008e-22
3.5958813e-22
-7.1186931e-22
-7.0473089e-22
6.976396e-22
3.4454148e-22
-6.7765052e-22
0
-3.2569641e-22
6.3915366e-22
6.2730681e-22
-6.1605681e-22
-3.0195851e-22
5.8871389e-22
5.709809e-22
0
0
-2.6015964e-22
-5.0496539e-22
-2.4461522e-22
4.7139911e-22
4.5163218e-22
-4.3184791e-22
4.5812177e-34
3.9447831e-22
-3.7672565e-22
3.9744574e-34
1.6865013e-22
-4.7368288e-22
-2.9509139e-22
4.1356056e-22
-4.295281e-34
-2.4155384e-22
3.365831e-22
-1.0250615e-22
3.0685908e-34
-2.7318761e-34
-7.2669971e-23
6.4209304e-23
-5.6531228e-23
9.8135934e-23
8.2184695e-23
-6.5125771e-23
5.3070758e-35
1.0350171e-34
-1.5362103e-23
0
0
-1.3397089e-23
-4.5505192e-35
5.5461075e-23
-7.0047106e-23
-4.2247582e-23
1.4756965e-22
-1.113102e-22
3.2741856e-51
-4.4693752e-34
-1.4493188e-22
-1.7297409e-34
-8.3294738e-23
0
1.8724142e-22
1.9644012e-22
-2.0468827e-22
-4.7138946e-34
2.1943346e-22
-2.2618e-22
-5.1622623e-34
-2.6421257e-34
1.2114467e-22
-8.1876032e-34
8.5566586e-52
1.2586228e-22
-3.8147702e-22
2.568674e-22
2.5917891e-22
-2.6101143e-22
1.4567684e-34
1.3176814e-22
0
0
-2.6804535e-22
2.9966847e-34
-3.0191896e-34
1.6240503e-51
-3.0658661e-34
-2.7856949e-22
2.8125438e-22
4.261723e-22
-1.4352473e-22
-1.4499445e-22
1.4645887e-22
0
1.4936849e-22
-3.0153081e-22
5.0626525e-34
-1.019696e-33
-3.0763919e-22
-3.4226277e-34
-1.5400868e-22
0
3.0422536e-22
3.0065401e-22
0
0
0
-2.7528363e-22
-1.3306161e-22
2.558495e-22
2.4453523e-22
-2.3229232e-22
3.6504514e-34
1.0277945e-22
-2.8703425e-22
1.7680145e-22
1.6209774e-22
-7.3790595e-23
0
0
0
-9.9546452e-23
-2.0386668e-34
8.6084419e-23
-8.2364455e-23
-8.0707721e-23
1.2186304e-22
8.4143661e-23
-4.4871856e-23
4.9212989e-23
-5.5182086e-23
-6.2738615e-23
7.1744445e-23
0
-1.8614323e-22
2.3218345e-34
1.1577769e-22
-2.5181828e-22
-1.3401925e-22
1.3909102e-22
-1.5034479e-34
-1.2890219e-22
2.3037265e-22
2.0504285e-22
0
0
0
-6.7960834e-23
-1.7183845e-35
-2.1457593e-23
0
5.3362268e-23
-2.1507905e-23
5.2743614e-35
-3.2021848e-24
1.4900688e-22
-7.6131763e-35
-9.6329701e-24
1.0282871e-22
3.0472325e-38
-3.858859e-22
6.009245e-22
1.8141257e-33
2.2069047e-33
-2.2464598e-50
2.2273836e-33
7.1475722e-22
0
5.4370397e-22
7.7470293e-22
-1.9518933e-37
1.9902552e-21
-5.0608502e-21
2.2766074e-49
5.6437036e-21
0
-1.1404707e-21
1.0101675e-21
2.4350596e-21
-4.8929083e-21
-1.0653948e-36
9.6047328e-21
0
0
-1.3987314e-20
-2.8592613e-21
-1.1463537e-20
3.4250294e-32
5.4202607e-20
0
0
-8.3781213e-20
3.0897875e-20
-3.8604832e-31
2.3831851e-19
8.5551618e-31
-2.4524367e-19
0
0
1.9164378e-20
-2.261454e-32
1.6195894e-20
2.5810355e-20
0
0
0
3.6539077e-21
6.520645e-21
0
-7.5354464e-21
-9.7910509e-21
-2.5141938e-21
5.0347784e-21
1.7433588e-21
-3.4801138e-22
3.6878262e-22
-7.4036957e-22
-1.9091244e-21
2.0505593e-21
1.9901639e-21
-2.6930445e-21
-1.4984335e-21
0
0
2.6501839e-22
-3.3428289e-34
-5.5920084e-23
-2.2763336e-23
-1.0323931e-22
0
0
0
2.2444247e-23
-9.3394484e-35
1.0240306e-22
7.3635231e-23
-1.5591011e-22
4.6900866e-34
1.5110239e-33
7.9292258e-22
-7.4919136e-34
2.0471104e-22
-4.2568059e-22
0
0
0
-3.2312557e-22
-3.280596e-22
0
3.107124e-22
-3.2970211e-34
1.4017777e-22
-8.6076247e-34
-2.347675e-22
2.1539784e-22
9.8423398e-23
8.924074e-23
-8.0382258e-23
-7.1731679e-23
6.3312379e-23
5.4980698e-23
-4.6724425e-23
-1.1597358e-22
-3.0925633e-23
0
1.718029e-23
1.6083921e-39
6.3344716e-24
4.8806341e-24
8.0033674e-25
2.3468534e-24
-3.5006673e-24
3.9930702e-24
-3.975851e-24
-1.0632426e-23
-1.6927183e-52
5.5005306e-24
-7.413145e-25
-1.2883676e-36
6.2821286e-52
2.5101216e-24
-3.3739753e-24
4.0510465e-24
-9.0488147e-24
1.0652447e-35
4.8677039e-24
-9.3769599e-24
4.2155303e-24
6.8873482e-24
-4.7356061e-24
-4.387191e-36
-1.9840729e-24
5.1409467e-24
-1.2995439e-51
4.6927448e-35
9.5110164e-24
-2.4156396e-23
2.9390348e-23
-3.8447758e-35
-1.9902783e-23
-1.9027343e-51
-2.4825769e-23
5.419815e-23
5.8429441e-23
0
-6.582461e-23
-6.8955916e-23
-3.5852919e-23
7.4087844e-23
1.141834e-22
-3.8919345e-23
-1.1891394e-22
1.7869394e-34
4.0744775e-23
4.5721993e-35
9.234519e-35
4.1983369e-23
-4.2400063e-23
2.8553769e-34
1.3024666e-22
-4.4071493e-23
9.9622475e-35
4.5803829e-23
0
-9.6401692e-23
-9.929209e-23
0
0
0
-5.7891504e-23
-2.0164076e-34
6.9984541e-35
1.3061109e-22
-1.3829297e-51
6.9998332e-34
7.2644766e-23
-2.2599293e-22
1.5632709e-22
8.1133554e-23
-2.5267889e-22
9.7105305e-35
9.0799427e-23
0
0
2.0321846e-22
-2.3417287e-34
2.4309573e-34
2.2717138e-22
-2.3570249e-22
5.4300874e-34
1.2681319e-22
2.9206627e-34
-3.0283392e-34
-2.8277463e-22
3.2543862e-34
3.3726032e-34
1.5735632e-22
-1.6298271e-22
1.1241445e-33
5.2397864e-22
-1.8069263e-22
4.1484526e-34
1.9309456e-22
0
-4.1173302e-22
-4.2472136e-22
2.1891104e-22
-2.5037949e-34
-2.3213798e-22
4.7758331e-22
1.6351139e-33
-5.0425365e-22
5.1757405e-22
-2.6542815e-22
1.8121866e-33
2.7861053e-22
1.2661614e-33
5.831909e-22
-5.9597943e-22
-6.0861485e-22
0
0
0
6.5734482e-22
1.4855181e-33
-6.804673e-22
6.9168374e-22
7.0265988e-22
0
-7.2385985e-22
8.1492515e-34
3.7199869e-22
-3.7682317e-22
-3.8150207e-22
-7.7206117e-22
8.6692936e-34
3.9462172e-22
-3.986755e-22
8.938695e-34
-9.0224028e-34
8.1965114e-22
8.2638786e-22
9.2467383e-34
4.1939015e-22
0
0
-8.5460038e-22
-8.5913464e-22
0
8.6702103e-22
9.6629561e-34
-8.7316782e-22
0
-4.3897281e-22
8.7989553e-22
-1.4678669e-33
-4.4141444e-22
1.3259515e-21
-8.846042e-22
2.9456391e-33
1.3250575e-21
-4.4072489e-22
-8.7899021e-22
4.3808414e-22
1.9384191e-33
-8.6919059e-22
4.3247063e-22
-4.3010482e-22
4.2750733e-22
1.2740428e-21
-8.4325451e-22
-4.1835169e-22
-4.1485891e-22
4.1115195e-22
2.3218772e-51
-4.0311804e-22
3.9880396e-22
-7.8859906e-22
-7.7922155e-22
1.1542321e-21
1.5188279e-21
-3.74508e-22
1.2295558e-33
3.6365101e-22
0
0
-3.4634322e-22
7.5580928e-34
3.3424393e-22
-6.5618469e-22
-6.4376115e-22
0
0
3.0324898e-22
-6.5926995e-34
-5.8059411e-22
2.8335758e-22
8.282272e-22
-5.3734464e-22
1.7404179e-33
-8.4523726e-34
-2.4634719e-22
7.1644987e-22
-2.3125996e-22
-4.4737866e-22
0
0
0
3.8691853e-22
3.7192194e-22
0
-3.4219356e-22
-4.9124534e-22
3.1293177e-22
-4.9700926e-34
-2.8426102e-22
1.3509314e-22
-1.2815153e-22
1.3469167e-34
3.437402e-22
-3.0684861e-38
-2.0293005e-22
0
1.7769625e-22
1.6548003e-22
0
-7.0946359e-23
1.4494653e-34
-1.1949159e-22
-1.0875919e-22
4.9175945e-23
0
0
3.4580192e-23
-3.0062708e-23
-2.5722763e-23
4.3125732e-23
3.5165921e-23
-2.7572474e-23
1.0171659e-34
2.0295577e-23
-3.5317517e-24
5.4655972e-37
2.3495406e-24
1.0038045e-23
0
0
0
-2.7439885e-23
-3.0827549e-23
5.0763529e-23
3.6484751e-23
-4.3023593e-35
-4.0624745e-23
3.667797e-52
4.3133316e-23
-2.1849921e-23
0
2.1372871e-23
2.0662773e-52
-1.9188937e-23
-1.7562415e-23
-1.0583412e-51
1.4827455e-23
-2.7748656e-23
-2.5769677e-23
0
1.0294476e-23
-1.9135023e-35
6.8133976e-24
1.0344209e-23
-7.5262884e-24
-2.3952437e-24
9.4247983e-25
-1.1104192e-24
-2.0998426e-24
1.1162196e-23
-1.1991332e-35
-2.1431224e-23
1.7906253e-23
3.2487133e-23
0
-1.477097e-23
-3.3665412e-23
-1.8951963e-23
4.2254152e-23
-1.0372048e-34
-2.5637963e-23
5.5949611e-23
-3.0368125e-23
-6.5646541e-23
7.069512e-23
1.6853378e-34
-1.2192677e-22
-4.3435694e-23
1.3898176e-22
-1.7883365e-51
-1.0522639e-22
5.6097135e-23
1.1944947e-22
-2.8260517e-34
-6.7521562e-23
2.0110673e-38
-7.3402811e-23
1.5206826e-22
1.5766143e-22
0
-1.6884704e-22
3.8763003e-34
2.5635557e-38
2.0682876e-34
1.9227206e-22
-1.9837403e-22
-3.0688503e-22
6.1733903e-52
1.0871452e-22
0
0
-1.1897194e-22
2.4518974e-22
-4.2068587e-34
8.6729893e-34
2.6843831e-22
3.0727161e-34
1.4270982e-22
0
-3.0379481e-22
-3.1353877e-22
0
0
0
3.560902e-22
1.2254572e-33
8.4436622e-34
-1.9672538e-22
1.3564423e-33
-4.3518762e-51
-4.3731542e-22
6.8048949e-22
-2.35618e-22
-4.9005974e-22
2.8305867e-34
2.075028e-51
2.7616227e-22
0
-2.9745455e-22
3.0863826e-22
3.2045268e-22
3.3283156e-22
6.9154529e-22
-7.1862195e-22
8.2929731e-34
3.882175e-22
-1.2107928e-21
-4.1961252e-22
4.3627113e-22
4.5357731e-22
5.2347544e-34
-9.8029897e-22
5.6561111e-34
5.2936313e-22
1.0999447e-21
5.7126577e-22
6.5870146e-34
6.1602128e-22
0
-1.3282853e-21
-1.379716e-21
0
0
0
1.42038e-21
6.671301e-33
-2.3790139e-21
-7.8464887e-34
1.9880784e-21
-6.6928891e-22
4.6861686e-33
7.0736209e-22
-2.0662753e-21
7.6616267e-34
6.7364127e-22
1.5275945e-21
7.810424e-22
-1.4708341e-21
8.3144832e-22
1.9163542e-33
-4.6811245e-37
2.6194953e-37
4.6487315e-33
2.1081397e-21
-2.0788823e-21
2.437786e-33
1.1985115e-21
-2.5352392e-21
-1.2964704e-21
2.6751217e-21
1.3784045e-21
-2.7987598e-21
-1.4492187e-21
0
3.2550304e-21
3.3899201e-21
-1.7469216e-21
3.9987711e-33
1.8833495e-21
0
0
-4.261901e-21
-4.4580888e-21
4.6938956e-21
6.960839e-37
-5.0403646e-21
0
5.5440943e-21
-2.0324433e-49
-9.3005428e-21
-3.2421219e-21
3.37944e-21
-7.819248e-33
7.3266506e-21
1.1453966e-20
0
-4.2265996e-21
9.9249853e-33
-4.6951325e-21
-9.7610791e-21
0
5.3275509e-21
1.1236222e-20
5.8946884e-21
-1.8433652e-20
1.6412046e-48
6.7646222e-21
1.5805162e-32
-7.4170375e-21
5.1399063e-32
1.6168371e-20
-1.7052394e-20
-8.9535353e-21
9.3107045e-21
1.93736e-20
-2.0288861e-20
-1.0661701e-20
3.3589647e-20
1.1717498e-20
0
0
-1.3286146e-20
3.0879123e-32
1.4558137e-20
-3.0463224e-20
-3.1833014e-20
0
0
0
0
3.9549538e-20
-5.8712282e-36
-6.4642191e-20
4.4922935e-20
7.0257223e-20
0
-2.5495292e-20
5.9087479e-32
-2.7757927e-20
-5.7898517e-20
0
0
0
6.8427301e-20
7.1316026e-20
0
-7.7485879e-20
-1.2107479e-19
-4.2034619e-20
1.3138112e-19
9.1260208e-20
-9.5051423e-20
-4.9483536e-20
1.0304448e-19
5.3646266e-20
-1.6754108e-19
-5.8128946e-20
6.0508518e-20
1.2597274e-19
1.3108688e-19
0
-7.0903503e-20
3.2756969e-31
7.6757485e-20
-1.5971471e-19
-1.660937e-19
0
0
0
1.9393974e-19
4.4755925e-31
-2.0950608e-19
-1.0887379e-19
2.2629038e-19
-2.5816762e-48
1.6267176e-30
-2.7749002e-48
-1.3170463e-19
1.3676804e-19
-1.4200954e-19
0
3.0612346e-19
1.588993e-19
2.3440864e-35
1.7120779e-19
0
0
-3.8240726e-19
-5.9500539e-19
4.1147033e-19
-7.108456e-31
-6.6396299e-19
2.294894e-19
2.3792045e-19
4.9327175e-19
-1.1353853e-30
-5.2993002e-19
0
0
0
0
0
0
0
-3.5136538e-19
-3.6379452e-19
1.1299353e-18
7.7981338e-19
-4.0356849e-19
4.1764029e-19
-8.6430182e-19
-4.4712686e-19
4.6257669e-19
-9.5699805e-19
-4.9490155e-19
0
0
5.4717508e-19
6.2804333e-31
1.2982663e-30
1.2085985e-18
6.9347361e-31
-6.4530449e-19
1.3333965e-18
1.5293385e-30
-7.1136604e-19
1.4693721e-18
-7.5866962e-19
-2.349974e-18
-8.0868008e-19
0
0
8.8919228e-19
-1.018709e-30
-9.4659674e-19
9.764876e-19
1.0072178e-18
0
1.071211e-18
2.2089597e-18
-1.1386273e-18
-2.3473635e-18
0
2.4931589e-18
2.8522481e-30
-3.9699364e-18
-1.3631608e-18
1.4040106e-18
2.0547178e-34
1.4887978e-18
1.5327988e-18
3.5128985e-47
-1.8034663e-30
-3.3428446e-18
-1.7198669e-18
0
5.4607803e-18
1.872259e-18
-5.7764353e-18
4.3966061e-30
4.0712534e-18
2.3236963e-30
-2.1508665e-18
0
0
2.3335775e-18
4.7943503e-18
-2.4621761e-18
-7.5857895e-18
-2.5964269e-18
0
0
2.8084522e-18
-6.3991402e-30
-2.9572677e-18
3.033936e-18
3.1121049e-18
3.1918031e-18
3.2730691e-18
3.3559254e-18
-3.4403738e-18
-7.0528221e-18
0
7.4066005e-18
7.5883856e-18
-7.7734642e-18
-1.1942759e-17
4.5269842e-30
-4.6346694e-30
4.744188e-30
4.3743234e-18
4.4768781e-18
4.5811487e-18
-9.3743153e-18
-4.7948939e-18
-4.9043167e-18
-5.0154e-18
1.0256335e-17
5.2426726e-18
0
-5.4769605e-18
1.8641066e-29
6.3495421e-30
6.483717e-30
5.9659154e-18
6.0924069e-18
1.2441186e-17
-6.3504546e-18
-1.2963959e-17
0
-6.7499726e-18
-6.8864155e-18
0
7.1641671e-18
-1.6220314e-29
-1.0584649e-33
-1.0789797e-33
-7.7385197e-18
7.8859146e-18
2.4104456e-17
-1.8175937e-29
-1.6673951e-17
0
0
1.7601158e-17
1.7915623e-17
0
-1.8552096e-17
-9.4369728e-18
9.5990801e-18
-9.7623473e-18
-1.9853455e-17
1.0092158e-17
1.0258584e-17
-1.0425961e-17
-2.1188513e-17
-1.0763434e-17
1.0933451e-17
1.1104259e-17
1.1275804e-17
0
0
-1.1794204e-17
1.3382687e-46
1.2142435e-17
-1.2317215e-17
1.2492339e-17
1.266772e-17
-1.2843295e-17
0
-1.3194838e-17
-1.3370691e-17
0
1.3722186e-17
1.543054e-29
-1.4072991e-17
0
0
1.4596594e-17
2.9540299e-17
4.9771662e-29
-1.5115432e-17
0
0
1.5627426e-17
-1.5796233e-17
1.5964009e-17
4.8391973e-17
-3.2592161e-17
-4.9380586e-17
-1.6622937e-17
0
3.3888061e-17
1.7102225e-17
-1.7258741e-17
-3.4826994e-17
-1.7566413e-17
3.543482e-17
1.7866415e-17
0
0
0
-1.8441016e-17
-2.6402225e-33
-6.2338039e-29
-1.8847328e-17
3.7955376e-17
1.9105367e-17
-1.923029e-17
0
1.9471641e-17
1.9587945e-17
-1.9701234e-17
-1.9811429e-17
-1.9918463e-17
-2.0022281e-17
6.0368505e-17
-4.9188632e-46
-4.0627847e-17
4.0808635e-17
4.5502465e-29
-4.1148889e-17
3.3309132e-47
2.0730071e-17
2.0802369e-17
-2.0870917e-17
2.0935641e-17
6.2989434e-17
-4.2106778e-17
-6.3319069e-17
-2.1155363e-17
0
4.24827e-17
2.1278238e-17
-2.1311003e-17
-2.1339621e-17
4.7428669e-29
2.138435e-17
0
0
0
0
0
0
0
-2.1391374e-17
2.1372612e-17
2.1349579e-17
-4.2644559e-17
-1.6402497e-48
2.1254908e-17
4.2429712e-17
9.4016245e-29
-6.3366252e-17
-2.6550763e-48
2.9860637e-33
4.1903156e-17
3.50934e-46
-6.2452034e-17
2.0744139e-17
2.0666911e-17
-2.05857e-17
2.0500549e-17
2.0411509e-17
-2.0318625e-17
4.0443882e-17
-2.0121502e-17
6.6655537e-29
5.9728653e-17
-3.9596298e-17
-5.9049625e-17
-1.9564788e-17
0
0
1.9189275e-17
1.9057564e-17
-1.8922694e-17
-2.085658e-29
1.8643757e-17
0
0
0
0
0
0
0
3.4832885e-17
-1.7251777e-17
-5.1254655e-17
1.6915846e-17
-2.3795712e-33
1.6571669e-17
-3.6415004e-29
1.4407142e-28
1.6041505e-17
-3.1722853e-17
-1.5679815e-17
0
0
1.5126676e-17
1.4939821e-17
-1.475188e-17
1.6171221e-29
1.4671168e-46
1.574266e-29
2.7982118e-17
-3.0643893e-29
1.5107121e-29
2.6826693e-17
-1.3219903e-17
-3.9078505e-17
-1.2832223e-17
0
0
1.2249923e-17
3.6167833e-17
-1.1862168e-17
-2.3337354e-17
3.4426643e-17
-2.505137e-29
-2.2181347e-17
0
0
0
0
2.027979e-17
2.2099911e-29
-2.9296994e-17
1.9160224e-17
9.3956802e-18
-2.7637297e-17
9.0304349e-18
8.849746e-18
9.6267123e-30
7.6817708e-47
-1.6632054e-17
-8.1410779e-18
0
2.338786e-17
7.6258617e-18
-1.4914918e-17
-7.2907811e-18
1.582262e-29
1.2495702e-46
-1.2350457e-46
1.3284491e-17
7.2000797e-30
7.0265709e-30
1.2351767e-17
6.6888418e-30
-1.1749841e-17
-1.1455016e-17
-5.5821728e-18
0
5.2977977e-18
7.3310704e-34
-5.0218982e-18
4.8871636e-18
4.7545944e-18
0
0
0
-4.2461097e-18
9.1581062e-30
4.0049736e-18
7.7754019e-18
-3.7726237e-18
2.4372999e-29
3.5490215e-18
-6.8809639e-18
-3.3341102e-18
3.229903e-18
3.1278516e-18
6.7229541e-30
5.8603226e-18
-2.8344932e-18
-5.4818552e-18
0
-2.5600566e-18
-2.4727161e-18
2.3874079e-18
2.3041098e-18
0
-2.1434864e-18
4.5877289e-30
1.9907129e-18
0
1.8455908e-18
-1.7758356e-18
-1.7079228e-18
1.6418299e-18
0
-1.5149969e-18
-1.4542016e-18
0
1.3377155e-18
-1.4233669e-30
-1.2278659e-18
0
0
1.0750785e-18
1.0272215e-18
-9.808512e-19
9.3594403e-19
2.6774285e-18
-8.5041736e-19
3.5959448e-30
1.5407904e-18
0
-1.3912756e-18
-1.3203449e-18
-6.2594831e-19
-5.9293269e-19
0
5.3039514e-19
5.008152e-19
0
0
-4.1856025e-19
-3.9321482e-19
3.6885106e-19
3.454384e-19
0
0
0
0
-2.4195071e-19
-2.2378334e-19
4.1277564e-19
1.8974961e-19
-1.7385963e-19
0
-1.4424934e-19
-1.3046637e-19
-2.3464608e-19
-1.047994e-19
-1.0312753e-31
-8.1562042e-20
2.1245484e-19
5.7315877e-48
-1.0192976e-19
8.3612931e-20
-7.3579101e-32
5.537279e-32
3.4418789e-20
1.1213422e-32
-3.4046509e-21
-2.0234358e-21
-7.4562022e-21
0
3.7365873e-20
7.1047421e-20
2.8378706e-20
0
-7.373071e-20
-4.069265e-20
4.4269507e-20
0
5.0553684e-20
1.5145567e-35
-5.5806756e-20
0
0
0
0
0
6.6708089e-20
6.7866567e-20
-1.3777356e-19
-6.9769309e-20
7.0521438e-20
0
-7.1611293e-20
-1.4387167e-19
7.2141579e-20
1.4454234e-19
7.2346732e-20
-1.446567e-19
-2.4037227e-31
2.1575436e-19
-7.1601299e-20
-7.1228445e-20
7.0797803e-20
-7.0307334e-20
-2.0927181e-19
-3.0417876e-50
6.8498327e-20
-6.7805335e-20
-6.7077328e-20
1.9894184e-19
1.3102544e-19
-7.1800696e-32
6.381507e-20
0
-6.2041289e-20
-6.1128355e-20
0
5.926188e-20
1.1662741e-19
-5.7356e-20
2.5045728e-31
-1.2306939e-31
-1.0890314e-19
0
0
0
-5.0543696e-20
4.9578394e-20
-2.1590863e-31
-4.766395e-20
9.3436173e-20
-4.5781677e-20
-8.9707107e-20
8.7865264e-20
4.3019234e-20
5.984792e-36
4.2980329e-50
-1.2099387e-19
3.9462318e-20
1.1584567e-19
-1.1335311e-19
-3.6958978e-20
1.0840593e-19
-7.8424539e-32
-6.9059049e-20
-4.7981625e-36
3.30208e-20
3.2290994e-20
8.9719336e-36
-6.1692007e-20
-6.0259698e-20
2.942809e-20
8.6251045e-20
2.8096147e-20
0
0
-2.6201443e-20
-2.5598847e-20
2.5018218e-20
-1.0858134e-31
2.3888939e-20
-1.036334e-31
-6.8373463e-20
-4.4518796e-20
2.4140121e-32
4.2476842e-20
2.0751208e-20
-4.0553359e-20
-1.3197462e-31
5.8062122e-20
-3.7819751e-20
-1.8479646e-20
5.4188202e-20
-1.9607693e-32
1.9162864e-32
-1.6870239e-20
-1.6480796e-20
3.2191427e-20
1.5724351e-20
0
0
-1.4702164e-20
-8.1676912e-36
-1.558986e-32
-2.7465633e-20
2.9838767e-32
1.3152835e-20
-1.287043e-20
1.3972814e-32
-1.366035e-32
1.2022847e-20
1.1748994e-20
1.6331624e-36
1.125227e-20
0
0
-1.055611e-20
1.1460424e-32
1.009863e-20
-9.8859647e-21
-2.1504863e-32
-9.4881475e-21
-1.8581754e-20
-9.089331e-21
8.8888318e-21
1.7398734e-20
0
8.3526164e-21
-1.6360159e-20
-8.0041928e-21
7.8351339e-21
-1.7048576e-32
-1.6711202e-32
-1.476553e-20
7.2417911e-21
1.4186794e-20
0
6.7804834e-21
-1.4733264e-32
-6.4982198e-21
0
0
0
0
5.8898365e-21
8.2045281e-37
-5.6642499e-21
-1.1132128e-20
1.5528799e-36
5.3461732e-21
-1.044708e-20
5.1093794e-21
1.500599e-20
-4.9033972e-21
2.1409303e-32
9.490596e-21
-4.6568247e-21
-5.0658846e-33
-1.490256e-32
-9.7551976e-33
4.3202825e-21
0
-8.314961e-21
-1.2199916e-20
3.978903e-21
1.1686227e-20
4.2358193e-33
-3.7501668e-21
0
0
-7.1322955e-21
7.7536664e-33
6.8498281e-21
-6.714865e-21
7.3214759e-33
3.2512292e-21
3.2128392e-21
3.1573568e-21
-3.084624e-21
0
2.9559259e-21
-5.7858405e-21
-2.8438866e-21
5.6304106e-21
2.7820681e-21
3.8756648e-37
-5.3245756e-21
-5.7634744e-33
2.5466782e-21
-2.5313617e-21
-5.03553e-21
2.4655701e-21
4.7906097e-21
-4.6688652e-21
2.2691551e-21
6.6430441e-21
-2.20315e-21
-2.2259028e-21
0
0
2.0664145e-21
-4.443282e-33
-1.993349e-21
-2.0371021e-21
-2.8880391e-37
1.968336e-21
-1.9182048e-21
-2.0855024e-33
1.8287856e-21
0
1.7782054e-21
-1.9872547e-33
-1.7734392e-21
1.7300847e-21
1.6725845e-21
-3.2481882e-21
-4.8718222e-21
1.6419035e-21
3.2393417e-21
-1.570849e-21
1.5318391e-21
2.9877168e-21
-1.4312268e-21
-2.7339503e-21
1.3747583e-21
1.4486661e-21
-2.9392722e-21
-1.4180095e-21
-1.3641747e-21
1.4773339e-33
3.9879834e-21
1.3180574e-21
-1.2776805e-21
0
0
1.123448e-21
-1.0466935e-21
-1.0442623e-21
1.1167196e-21
0
-2.1978474e-21
4.3591618e-33
1.8022743e-21
-9.398156e-22
-1.051511e-21
1.024981e-21
-8.2523361e-34
-2.4628478e-50
-6.7192168e-34
2.0088829e-50
-8.0378511e-22
-2.0118993e-33
1.8897223e-21
0
5.3414835e-22
-3.9455113e-22
1.0460919e-33
-7.7333764e-51
-6.4440229e-22
1.4717515e-21
2.1242098e-22
-2.1409331e-22
-1.1345582e-22
-1.3623392e-22
2.0694792e-22
2.8829199e-22
-6.5137383e-22
-3.0322656e-34
-1.7356448e-22
4.397323e-34
-2.4301602e-34
1.9707438e-34
-4.8743044e-22
0
2.6203509e-22
-2.5592084e-22
2.6430248e-22
2.4423304e-22
-4.344879e-22
0
4.956552e-22
-7.9464687e-34
-8.9689601e-22
-4.4689953e-22
-1.0756299e-50
6.9774936e-22
3.785257e-22
-9.2205521e-22
-5.2524534e-22
-5.6171205e-34
8.9082812e-22
4.3059722e-22
-8.5982321e-22
0
-5.2538835e-22
5.6709621e-22
5.4023437e-22
-9.4795011e-22
-1.3231069e-37
7.2280469e-38
-5.6673509e-22
6.0202716e-22
5.7045349e-22
0
-4.9486293e-22
-5.4618763e-34
1.0509116e-21
5.5556884e-22
-5.7917028e-22
5.5340323e-22
6.3959085e-50
-1.4690884e-21
5.4696292e-34
5.3857733e-22
5.6768614e-22
1.080572e-21
-5.1975118e-22
-1.0254592e-21
0
0
-5.1230263e-22
1.2097636e-33
-6.2591352e-34
-1.2086224e-33
5.1250087e-22
5.1560586e-22
6.0518404e-34
-1.1562054e-21
-4.8508241e-51
-7.7042702e-38
-6.1799509e-34
1.1219925e-21
6.0157343e-34
-5.4730773e-22
-5.888449e-22
5.8161003e-22
5.4079569e-22
-1.0563742e-21
1.1916172e-33
-1.2893625e-33
-6.6170262e-34
5.6189976e-22
0
0
0
0
6.0989951e-22
6.5386201e-22
-6.2651768e-22
5.795122e-22
3.1585385e-50
-1.7729869e-21
6.3146708e-22
6.4775863e-22
6.9470698e-34
-6.179981e-22
-6.2214775e-22
1.263104e-21
7.1512154e-34
-1.3547117e-21
-7.1813117e-22
6.7915859e-22
6.3647212e-22
0
0
6.9213312e-22
7.0909056e-22
-1.4878771e-21
-7.0936739e-22
7.3272984e-34
-3.1807773e-51
6.8493712e-22
1.4353763e-21
3.3993632e-33
-2.2358666e-21
7.0542119e-22
7.1050401e-22
-1.4852392e-21
1.7217041e-33
8.6207036e-34
1.0857507e-37
-2.9826863e-51
-9.0892304e-34
7.9086953e-22
0
7.6740077e-22
7.9398234e-22
-8.1644528e-22
-8.344852e-22
1.7189574e-21
-1.8542103e-33
-7.9342799e-22
7.9496175e-22
-8.0898946e-22
1.8709236e-33
-8.9193536e-22
-8.4270005e-22
1.5871999e-21
1.8164753e-33
8.4846613e-22
-2.4967719e-37
-9.0799043e-22
-9.3533542e-22
-8.8347042e-22
8.3616259e-22
8.5979317e-22
8.8168898e-22
-1.8302681e-21
-9.5519801e-22
2.7182979e-21
1.9070663e-33
-1.7625519e-21
1.8221512e-21
2.0895744e-33
-1.9500157e-21
1.8385485e-21
2.4619096e-37
-2.6766189e-21
9.1801568e-22
9.3706033e-22
-9.583741e-22
-9.8670447e-22
-9.6271786e-22
9.0662008e-22
1.803834e-21
1.3236845e-37
-1.9075311e-21
9.7241171e-22
2.966139e-21
-9.8586366e-22
-1.9814654e-21
0
-9.8265276e-22
-1.045081e-33
9.3739107e-22
-9.4667151e-22
-2.7699315e-37
2.0254171e-21
-9.6894127e-22
-9.1913392e-22
9.3219344e-22
0
-9.774767e-22
-1.0147844e-21
9.692065e-22
1.8339565e-21
9.2834985e-22
-1.9074389e-21
-9.7742936e-22
1.0022177e-21
0
9.5094289e-22
-9.2070075e-22
-9.3980408e-22
9.6089003e-22
0
-1.0065353e-21
-9.8905555e-22
1.8687792e-21
9.2039224e-22
-9.4414473e-22
0
-9.795882e-22
1.4270692e-37
9.9015442e-22
9.4614594e-22
-9.2994143e-22
4.2018197e-33
2.8850449e-21
-1.0917895e-33
-2.0255565e-21
-9.7279085e-22
-9.2477394e-22
9.3318194e-22
9.541655e-22
-9.7671528e-22
-9.9807468e-22
1.0075422e-21
2.9271729e-21
-9.42514e-22
-1.8990681e-21
0
1.9837157e-21
-2.2666433e-50
-2.948412e-21
9.4178681e-22
9.4983841e-22
-9.6718483e-22
9.8981202e-22
1.4450316e-37
-2.011782e-21
-2.6913614e-51
2.8586602e-21
4.2922188e-33
-1.9656693e-21
0
1.0206169e-21
1.03335e-21
0
-1.016097e-21
-1.0112305e-21
-1.0080103e-21
-1.0063462e-21
1.0067154e-21
1.0208573e-21
0
-1.0368535e-21
1.0122884e-21
3.0045114e-21
-1.1179076e-33
-1.0283989e-21
-1.0561406e-21
1.0484757e-21
-2.2566743e-33
-2.0079974e-21
-1.018767e-21
-1.0358795e-21
2.1067075e-21
3.2151247e-21
-2.348904e-33
-3.0878054e-21
-1.0244926e-21
1.4691994e-37
3.5083976e-33
1.07568e-21
1.0746662e-21
2.3289224e-33
-1.03171e-21
1.0410191e-21
-2.3429793e-33
-2.1429374e-21
-3.0961363e-37
3.2319075e-21
6.9952621e-33
-2.0872448e-21
0
1.0700591e-21
-1.0892238e-21
-2.1826014e-21
1.0692516e-21
1.0496951e-21
-1.0548916e-21
2.1386736e-21
1.0858829e-21
-3.2997368e-21
-2.4071679e-33
2.1138032e-21
1.4977995e-37
1.1789709e-33
1.0787971e-21
-1.0984284e-21
1.0912241e-21
-1.0642267e-21
-2.1042294e-21
1.0586473e-21
0
-1.0915122e-21
1.091797e-21
1.0775786e-21
-2.1311345e-21
1.1756669e-53
1.0878031e-21
-1.0863214e-21
1.1902845e-33
-1.0593992e-21
3.0276436e-37
3.2405438e-21
-1.2056119e-33
1.1837141e-33
-1.042621e-21
-1.0413296e-21
3.1709684e-21
-2.3873023e-33
7.194936e-33
1.0551794e-21
-2.053908e-21
1.1414218e-33
2.0733714e-21
-2.1015197e-21
-2.1369334e-21
1.0562329e-21
-1.0239859e-21
-1.0099472e-21
1.018772e-21
1.029049e-21
0
-1.0550959e-21
2.3045154e-33
2.0128294e-21
2.0652746e-51
-1.003731e-21
2.0366457e-21
2.2985828e-33
-2.0703604e-21
0
0
-9.8371403e-22
9.9343872e-22
1.0058717e-21
-2.041038e-21
1.1251683e-33
-2.1871587e-33
1.073647e-33
9.7232499e-22
9.807691e-22
-3.3033124e-33
-1.0043428e-21
1.97839e-21
9.6133488e-22
-2.8604442e-21
2.125045e-33
2.9104725e-21
-9.8743603e-22
2.1689122e-33
9.4683334e-22
-1.8629775e-21
2.0827313e-33
-9.4655234e-22
-1.9209182e-21
1.9578248e-21
9.5173029e-22
-1.8279635e-21
-9.141116e-22
9.2871312e-22
9.4110714e-22
0
0
0
-9.4465177e-22
-1.3452245e-37
9.3798329e-22
1.8445984e-21
-2.0316061e-33
-1.827881e-21
1.8455558e-21
4.1546745e-33
-2.7690337e-21
8.9865747e-22
8.9128046e-22
-1.7887203e-21
1.0074601e-33
-2.0531908e-33
1.0139276e-33
3.7744654e-37
-8.7508997e-22
8.8101203e-22
8.9507061e-22
-9.1006189e-22
9.1253356e-22
3.0208129e-50
1.9255e-33
1.9294069e-33
-8.7589551e-22
8.8884621e-22
1.8114796e-21
3.9670251e-33
-8.6448331e-22
1.7096197e-21
-8.6317549e-22
-8.7701169e-22
1.7803725e-21
-8.9927527e-22
-1.7653189e-21
0
-8.5359288e-22
-8.6017229e-22
8.7392736e-22
1.7814648e-21
-8.8452033e-22
-8.5947764e-22
1.6906856e-21
1.2101793e-37
-8.6051888e-22
8.7577232e-22
-8.9632567e-22
-8.7448617e-22
8.3974288e-22
1.6734374e-21
2.4139127e-37
-2.5882846e-21
9.7271829e-34
8.9107217e-22
0
0
1.7010628e-21
-3.7872016e-33
-8.6501372e-22
1.7483541e-21
-8.8472647e-22
-1.7975433e-21
0
0
0
0
1.7671551e-21
-2.5566528e-37
-1.8216933e-21
1.7949183e-21
2.4857481e-37
-8.7361044e-22
1.765525e-21
-8.988698e-22
-1.8348761e-21
-1.8309797e-21
-8.9628924e-22
8.8563203e-22
8.9214321e-22
1.8170767e-21
-9.2580195e-22
-9.3750998e-22
1.850038e-21
9.0229681e-22
-8.99951e-22
2.0195851e-33
1.8553279e-21
-9.507411e-22
-1.9104507e-21
-9.2901037e-22
-9.0868901e-22
0
1.8641435e-21
9.4834039e-22
-9.6323382e-22
-9.7317331e-22
1.9454631e-21
9.6652969e-22
-1.9319003e-21
9.694951e-22
1.0803236e-33
-9.7630792e-22
0
0
0
0
1.9640404e-21
-2.1803527e-33
-1.9825187e-21
0
-1.0218738e-21
1.1267078e-33
4.2476951e-37
9.9401686e-22
2.0049326e-21
-3.0571199e-21
-2.0755772e-21
2.0748815e-21
1.0220278e-21
1.0138649e-21
-1.0194687e-21
-1.0354643e-21
2.1072272e-21
2.3582753e-33
1.0503379e-21
-2.2950668e-33
6.8961805e-33
4.6428086e-33
-2.1235738e-21
-1.0795125e-21
1.0756488e-21
3.173268e-21
1.0507978e-21
-2.1142494e-21
-2.1473777e-21
0
-1.1010233e-21
1.2042602e-33
1.0639727e-21
1.0631443e-21
-1.1922434e-33
1.2132334e-33
-2.2319418e-21
-1.1261948e-21
3.3030255e-21
-1.0730286e-21
1.075154e-21
1.0901182e-21
-2.2136432e-21
0
-1.1344974e-21
1.1398381e-21
-2.5086219e-33
4.9512105e-33
-4.9338958e-33
-1.1174717e-21
3.3766601e-21
-1.5272924e-50
-2.2982167e-21
0
-1.1329014e-21
-3.7372708e-33
2.2502569e-21
-1.2496897e-51
-1.1528943e-21
1.1631379e-21
-1.1533302e-21
-1.1326154e-21
1.1280221e-21
0
1.1486579e-21
-1.1658217e-21
-1.1643888e-21
-1.6281885e-37
1.2567961e-33
1.1358569e-21
-1.1477899e-21
1.2910095e-33
-3.9186145e-33
-1.2939161e-33
1.1404044e-21
1.1321311e-21
2.529904e-33
-2.3075475e-21
-1.6612142e-37
3.5359592e-21
-2.5898586e-33
-2.2867348e-21
0
0
-1.156726e-21
1.1697517e-21
1.1732828e-21
-2.321293e-21
2.5424173e-33
-1.2698507e-33
-1.1511915e-21
1.1616247e-21
1.1700617e-21
0
0
0
1.1455477e-21
1.1551759e-21
-1.1653375e-21
1.1598e-21
5.0817186e-33
-3.4111304e-21
-1.2639624e-33
1.1479188e-21
1.1599089e-21
2.3156389e-21
-1.1429841e-21
-1.1312262e-21
-1.254532e-33
-2.2750278e-21
2.2916137e-21
1.1503479e-21
-3.461349e-21
-1.1245974e-51
1.1392408e-21
1.1266645e-21
1.1217027e-21
-2.2462387e-21
-1.1310322e-21
-1.2679026e-33
-1.2718548e-33
1.1293019e-21
2.2164438e-21
7.3581085e-33
-3.3286607e-21
1.1215039e-21
-1.0338478e-51
-2.266112e-21
1.1106177e-21
-2.4309539e-33
-2.6464603e-52
3.1403028e-37
-1.1157968e-21
1.1281723e-21
1.1221441e-21
0
1.0903554e-21
1.0920639e-21
-1.1023004e-21
1.113321e-21
-4.9715777e-51
-3.3266882e-21
1.0900972e-21
1.0851438e-21
1.2081924e-33
2.2011215e-21
-1.1174725e-21
-1.105617e-21
3.5848789e-33
-2.1255393e-21
-1.0687299e-21
1.0789929e-21
1.0936083e-21
0
0
1.0767356e-21
1.0608959e-21
-2.1298908e-21
-1.07699e-21
1.2063361e-33
-3.1071673e-37
1.1015427e-21
2.2021791e-21
4.8221285e-33
-3.2120501e-21
1.0686145e-21
1.0734853e-21
-2.1670872e-21
2.433414e-33
1.2188146e-33
3.6051475e-33
1.1830078e-33
-1.0651152e-21
1.0714478e-21
1.0848036e-21
1.101645e-21
-1.0918549e-21
2.3657378e-33
1.0537818e-21
-1.0609301e-21
0
0
-1.104966e-21
1.5550425e-37
1.0668377e-21
2.113422e-21
2.3630967e-33
-1.0758711e-21
2.1744592e-21
-1.0990503e-21
-2.2042581e-21
0
0
-1.0740897e-21
-1.1988019e-33
2.1801657e-21
1.1020706e-21
-2.2053268e-21
-1.089389e-21
1.076841e-21
0
1.0882294e-21
2.2047772e-21
-1.1143564e-21
-2.2053826e-21
2.1576489e-21
-2.3818624e-33
-3.2391455e-21
1.0952075e-21
1.1133351e-21
-1.1198926e-21
-1.1020974e-21
-1.080399e-21
1.079217e-21
1.0893445e-21
1.1031614e-21
1.1172084e-21
0
1.1175705e-21
-1.0999018e-21
-2.1969071e-21
0
2.2401064e-21
2.5250758e-33
-2.2732469e-21
0
-1.1219843e-21
1.130516e-21
3.4006949e-21
-1.2571073e-33
-2.266439e-21
5.0402146e-33
2.2716571e-21
-2.2733011e-21
-2.2757798e-21
2.2781875e-21
1.1402625e-21
-1.1415506e-21
2.537579e-33
-8.6382379e-52
-2.2913397e-21
1.2731197e-33
3.44727e-21
6.5529495e-37
-2.3133792e-21
0
0
-1.1694767e-21
1.1698811e-21
1.1690304e-21
-1.1684355e-21
-1.1689042e-21
-1.1709256e-21
1.1701832e-21
1.1662648e-21
0
-1.1719973e-21
1.1709481e-21
3.4939752e-21
-1.2944089e-33
-2.3444197e-21
-1.1685569e-21
-1.1631099e-21
1.3319011e-51
1.1733772e-21
-1.1646465e-21
-1.1622008e-21
2.3455239e-21
3.5215461e-21
-1.161003e-21
-3.4820564e-21
3.9074139e-33
-2.5979808e-33
1.286485e-33
1.164287e-21
1.1749186e-21
1.1643903e-21
-1.1537544e-21
1.1725652e-50
-3.3410224e-37
-2.3243303e-21
2.5592576e-33
3.4991768e-21
-5.2180439e-33
-2.3205903e-21
0
1.1693151e-21
2.3465946e-21
1.155157e-21
-2.3064118e-21
-2.3448825e-21
-1.1734297e-21
2.3054678e-21
1.1508657e-21
-2.3428995e-21
1.1741336e-21
-1.1570311e-21
-1.1573552e-21
3.5185876e-21
1.7363661e-50
-2.2935445e-21
2.3186072e-21
-1.1755087e-21
-2.317273e-21
1.1423735e-21
0
-1.1733186e-21
1.153664e-21
1.1474381e-21
-2.3395092e-21
2.6031241e-33
1.144032e-21
-1.1409979e-21
4.2570187e-51
-1.170707e-21
-2.5528754e-33
2.3104217e-21
0
1.1599414e-21
-1.1409202e-21
-1.1587855e-21
1.170929e-21
-1.1433861e-21
-3.7891523e-33
2.3376918e-21
2.5984615e-33
2.5104547e-33
2.2526793e-21
-1.1663904e-21
-3.5198774e-21
1.2699103e-33
-1.2718995e-33
-1.1753715e-21
1.1563347e-21
1.1238701e-21
0
-1.1814728e-21
3.8403806e-33
2.240046e-21
1.279709e-33
-1.1903532e-21
2.3412723e-21
7.678365e-33
-2.3609375e-21
0
0
-1.1845054e-21
1.2056024e-21
1.2038311e-21
-2.3826716e-21
2.6663039e-33
-2.6933628e-33
-1.3252346e-33
2.3580079e-21
-2.399769e-21
-1.2139076e-21
2.3846865e-21
2.3660416e-21
5.3601533e-33
-3.6457138e-21
1.1909546e-21
2.6376475e-33
-1.2157417e-21
3.6631508e-21
1.1971826e-21
-2.393332e-21
1.3600066e-33
2.4613906e-21
-2.4227272e-21
-1.2111501e-21
1.2346062e-21
-2.4812936e-21
-1.2266898e-21
1.2265405e-21
-1.3810389e-33
-5.5389275e-33
2.4727582e-21
2.7490778e-33
1.3911517e-33
1.3948381e-33
-1.2472429e-21
-1.2480508e-21
1.400628e-33
2.5331314e-21
2.5190834e-21
-1.2581191e-21
-3.8053349e-21
1.2754485e-21
1.2729339e-21
-2.5388232e-21
2.830048e-33
1.8233665e-37
2.8546016e-33
5.4680138e-37
-2.8495595e-33
1.2899035e-21
0
2.5918674e-21
1.2947356e-21
-3.8938279e-21
-1.3039469e-21
-1.8574172e-37
-1.4512019e-33
2.6176097e-21
1.8662795e-37
-1.3169733e-21
1.3186526e-21
2.6410419e-21
-1.3237388e-21
-1.3270781e-21
-1.475938e-33
1.3320545e-21
-5.9281846e-33
-2.6755257e-21
0
0
0
0
-1.3516045e-21
-1.5039593e-33
1.3571722e-21
2.7199432e-21
-2.4019506e-51
-1.365594e-21
-1.3684173e-21
-3.0449886e-33
4.1223252e-21
1.3769832e-21
-2.759834e-21
-4.1486686e-21
1.3859241e-21
1.3891352e-21
-1.3925224e-21
-1.396025e-21
-1.3995449e-21
0
2.8125563e-21
4.228347e-21
-1.4124914e-21
-2.8307621e-21
0
0
0
0
2.8551645e-21
-6.3504809e-33
-2.8647422e-21
2.8690063e-21
3.1898933e-33
-1.4380531e-21
-1.4398208e-21
-1.4415318e-21
1.4431537e-21
1.4447309e-21
-1.4462591e-21
-2.8954337e-21
1.4491065e-21
1.4504304e-21
-1.4516836e-21
-3.2262104e-33
2.9079403e-21
3.2309688e-33
-1.4559691e-21
1.4568603e-21
-1.4576814e-21
-1.4584349e-21
1.4591227e-21
0
-1.4603115e-21
-1.4608213e-21
2.922564e-21
1.4617019e-21
-1.4620907e-21
-1.4624639e-21
-1.462844e-21
1.4632664e-21
1.4637936e-21
1.4645463e-21
1.4658262e-21
-1.4668324e-21
-1.4692094e-21
0
0
0
2.990145e-21
4.2714234e-37
-3.0020025e-21
0
-1.3816396e-21
-1.1969113e-21
)
;

boundaryField
{
    leftSide
    {
        type            calculated;
        value           uniform 3.9526307e-21;
    }
    rightSide
    {
        type            calculated;
        value           uniform -1.1971604e-21;
    }
    emptywalls
    {
        type            empty;
    }
}


// ************************************************************************* //
