-1.25 	300 	0.1165229460922334 	101372.5528258148
-1.247497497497497 	300.0380246837877 	0.11590906193406 	101372.3429314285
-1.244994994994995 	300.0398125285145 	0.1153340062599535 	101372.1198286508
-1.242492492492492 	300.0396577748144 	0.1149578885142859 	101371.8883884935
-1.23998998998999 	300.0394531480993 	0.114267529621664 	101371.6487343456
-1.237487487487487 	300.0392431945337 	0.1136747915744422 	101371.4004788231
-1.234984984984985 	300.039025897017 	0.113044790741114 	101371.1435134181
-1.232482482482482 	300.0388012706128 	0.1123954178988774 	101370.8778837629
-1.22997997997998 	300.038569391515 	0.1117267218187757 	101370.6036762516
-1.227477477477477 	300.038330392465 	0.1110351390552885 	101370.321048982
-1.224974974974975 	300.038084319273 	0.1103188334325417 	101370.0300611182
-1.222472472472472 	300.0378311872391 	0.1095839931183462 	101369.730718646
-1.21996996996997 	300.0375711989705 	0.1088335844078008 	101369.4232679726
-1.217467467467467 	300.0373045222911 	0.1080658149779609 	101369.1079193619
-1.214964964964965 	300.037031116217 	0.1072723604649627 	101368.7846115158
-1.212462462462462 	300.0367508477637 	0.1064563496678916 	101368.4531817456
-1.20995995995996 	300.0364636814944 	0.105622963709063 	101368.1135969814
-1.207457457457457 	300.0361696400364 	0.1047737881773231 	101367.7658853577
-1.204954954954955 	300.0358689207365 	0.1039070990581403 	101367.4102761278
-1.202452452452452 	300.0355616475381 	0.1030153357702153 	101367.0469175595
-1.19994994994995 	300.0352477140171 	0.1021020655586648 	101366.6756869284
-1.197447447447447 	300.0349272873569 	0.1011723851678421 	101366.2967809807
-1.194944944944945 	300.0346005316007 	0.1002284727501076 	101365.9103913545
-1.192442442442442 	300.0342675769683 	0.09926747458250149 	101365.5166680252
-1.18993993993994 	300.0339284292012 	0.09828279101597669 	101365.115620124
-1.187437437437437 	300.0335829400292 	0.09727947468193321 	101364.7070762347
-1.184934934934935 	300.0332311906237 	0.09626021451601849 	101364.2911295152
-1.182432432432432 	300.0328732715089 	0.09522421764904376 	101363.8678876459
-1.17992992992993 	300.0325092963848 	0.09417122778184114 	101363.437488176
-1.177427427427427 	300.0321393085799 	0.09309869537485424 	101362.9999830536
-1.174924924924925 	300.0317632360377 	0.09200815802329602 	101362.5552828608
-1.172422422422422 	300.0313813933391 	0.09090146705917219 	101362.103756779
-1.16991991991992 	300.0309939078293 	0.08977936807510414 	101361.645559061
-1.167417417417417 	300.0306006890258 	0.08864127288327221 	101361.1805876973
-1.164914914914915 	300.0302019514158 	0.08748631583305017 	101360.7090969836
-1.162412412412412 	300.0297975954628 	0.08631495662141662 	101360.230964227
-1.15990990990991 	300.0293876276179 	0.0851271018341225 	101359.7461913495
-1.157407407407407 	300.028972506555 	0.08392423595376071 	101359.2553202974
-1.154904904904904 	300.0285520045363 	0.08270602967534596 	101358.7580860387
-1.152402402402403 	300.0281258744634 	0.08147173759433239 	101358.2542027158
-1.1498998998999 	300.0276947055801 	0.08022265312342682 	101357.7443697359
-1.147397397397397 	300.0272585632607 	0.07895832520629228 	101357.2286616004
-1.144894894894895 	300.0268171286065 	0.07767954983648495 	101356.7066965504
-1.142392392392392 	300.026370909243 	0.07638766227781957 	101356.179069905
-1.13988988988989 	300.0259200963646 	0.07508287869919965 	101355.6460063424
-1.137387387387387 	300.0254641973327 	0.07376329659441135 	101355.1069252565
-1.134884884884885 	300.0250036660274 	0.07242824165480871 	101354.5623669843
-1.132382382382382 	300.0245390884331 	0.07108082262361599 	101354.0130266382
-1.12987987987988 	300.0240696405049 	0.06971999127522509 	101353.4579303524
-1.127377377377377 	300.0235949767079 	0.06834628676604962 	101352.8966718612
-1.124874874874875 	300.023116435407 	0.06696063282268544 	101352.330833601
-1.122372372372372 	300.0226343076156 	0.06556116776391553 	101351.7607587792
-1.11986986986987 	300.0221472428856 	0.06414990270841313 	101351.1848506843
-1.117367367367367 	300.0216553642525 	0.0627273328604773 	101350.6032538161
-1.114864864864865 	300.0211603074111 	0.06129730776567423 	101350.0179026895
-1.112362362362362 	300.020662208988 	0.05985628245641775 	101349.4289572263
-1.10985985985986 	300.0201599811147 	0.05839714584253038 	101348.8351316252
-1.107357357357357 	300.0196533019315 	0.05692678130522469 	101348.2360466588
-1.104854854854855 	300.0191428599838 	0.05544841194725926 	101347.6325148724
-1.102352352352353 	300.0186295718349 	0.05396347109127242 	101347.0256202413
-1.09984984984985 	300.0181133656688 	0.05246800708945384 	101346.4152775024
-1.097347347347347 	300.0175930862871 	0.05095751464825952 	101345.8001214927
-1.094844844844845 	300.0170686123001 	0.04943837338839909 	101345.180008957
-1.092342342342342 	300.0165407790698 	0.04791148626958243 	101344.5559269191
-1.08983983983984 	300.0160104900866 	0.04637907957268526 	101343.9289447774
-1.087337337337337 	300.0154788920435 	0.044840889772847 	101343.3004175354
-1.084834834834835 	300.014945392701 	0.04329154940799799 	101342.6696445564
-1.082332332332332 	300.0144072325672 	0.04173109560288643 	101342.033362676
-1.07982982982983 	300.0138641773695 	0.04015814741719022 	101341.3912954876
-1.077327327327327 	300.0133182521743 	0.03857636485451518 	101340.7458400653
-1.074824824824825 	300.0127718492113 	0.03699534121572022 	101340.0998244641
-1.072322322322323 	300.0122259624134 	0.03541407286246973 	101339.4544213472
-1.06981981981982 	300.0116788338605 	0.03382586361428562 	101338.8075506983
-1.067317317317317 	300.0111267141875 	0.03222682030187342 	101338.1547799594
-1.064814814814815 	300.0105692352103 	0.03061380962489975 	101337.4956762945
-1.062312312312312 	300.0100080470036 	0.02899170347385426 	101336.8321927755
-1.05980980980981 	300.0094461913635 	0.02736682844151889 	101336.1679252209
-1.057307307307307 	300.0088860887651 	0.02574209961495465 	101335.505733096
-1.054804804804805 	300.008327809635 	0.0241208331501877 	101334.8456986645
-1.052302302302302 	300.007768790696 	0.02249964115669052 	101334.1847912
-1.0497997997998 	300.0072069588887 	0.02087182996628958 	101333.5205603811
-1.047297297297297 	300.0066410285631 	0.01923333874439119 	101332.8514870639
-1.044794794794795 	300.0060715168974 	0.01758420058125228 	101332.1781829223
-1.042292292292292 	300.00549994465 	0.01592846889354478 	101331.5024463123
-1.03978978978979 	300.0049271085188 	0.01426955835588721 	101330.8252197655
-1.037287287287287 	300.0043534211753 	0.0126094004713109 	101330.146990211
-1.034784784784785 	300.003779972999 	0.0109493675520204 	101329.4690463122
-1.032282282282283 	300.0032069016602 	0.009288498911435643 	101328.7915508922
-1.02977977977978 	300.0026333889782 	0.007625320136589654 	101328.1135372046
-1.027277277277277 	300.0020591280078 	0.005960524709967012 	101327.4346420262
-1.024774774774775 	300.0014845843747 	0.004295902553118748 	101326.755415332
-1.022272272272272 	300.0009105697395 	0.002634911427752309 	101326.0768180992
-1.01976976976977 	300.0003379799559 	0.0009768167699370752 	101325.3999097229
-1.017267267267267 	299.9997662732007 	0.0009261915724596246 	101324.7240476387
-1.014764764764765 	299.9991943301113 	0.002338313822023928 	101324.047906558
-1.012262262262262 	299.9986218754824 	0.003996617204019139 	101323.3711627983
-1.00975975975976 	299.9980491064938 	0.005653231548926157 	101322.6940539276
-1.007257257257257 	299.9974763418065 	0.007310826587765287 	101322.0169554184
-1.004754754754755 	299.9969038730657 	0.008972237673172727 	101321.3402078282
-1.002252252252252 	299.9963318084477 	0.01063147227412439 	101320.663936858
-0.9997497497497498 	299.9957601111181 	0.01228796617260689 	101319.9881027735
-0.9972472472472473 	299.9951888582394 	0.01393908907566545 	101319.3128037241
-0.9947447447447449 	299.9946183719376 	0.0155891609070068 	101318.6384182952
-0.9922422422422421 	299.9940490115366 	0.01724197510835435 	101317.9653631619
-0.9897397397397399 	299.9934809194417 	0.01888977664020369 	101317.2938015464
-0.9872372372372376 	299.9929140575572 	0.02053198285431955 	101316.6236936982
-0.9847347347347346 	299.9923484601129 	0.02216666920220709 	101315.9550924835
-0.9822322322322323 	299.9917843282209 	0.0237987249434377 	101315.2882380932
-0.9797297297297296 	299.9912218197089 	0.02543213160352471 	101314.6233070487
-0.9772272272272275 	299.9906608910495 	0.02705937279806656 	101313.960234146
-0.9747247247247248 	299.9901014655434 	0.02868009968463375 	101313.2989273638
-0.9722222222222224 	299.989543672972 	0.03029422184092476 	101312.6395538435
-0.9697197197197196 	299.9889878056871 	0.03190353080921349 	101311.9824733934
-0.9672172172172175 	299.9884340768875 	0.0335091908441702 	101311.327940446
-0.9647147147147147 	299.987882532308 	0.0351076854942079 	101310.675995608
-0.9622122122122124 	299.9873332057593 	0.03669893603496862 	101310.026661712
-0.9597097097097099 	299.9867862545161 	0.03828233753669815 	101309.3801183094
-0.9572072072072073 	299.9862418520097 	0.03985915303689266 	101308.7365796375
-0.9547047047047047 	299.9857000273226 	0.04142985572668349 	101308.0960987173
-0.9522022022022023 	299.9851607298544 	0.04299254423611729 	101307.4586296588
-0.9496996996996998 	299.9846240132854 	0.04454740979650575 	101306.8242344787
-0.9471971971971973 	299.9840900744817 	0.04609354883017802 	101306.1931305222
-0.9446946946946947 	299.9835591173784 	0.04763158976063781 	101305.5655397724
-0.9421921921921923 	299.9830312354639 	0.04916129597542548 	101304.9415618098
-0.93968968968969 	299.9825064709081 	0.05068150761324391 	101304.321250878
-0.9371871871871872 	299.981984932011 	0.05219258352318906 	101303.7047508877
-0.9346846846846848 	299.9814667619243 	0.05369343791295699 	101303.0922473743
-0.9321821821821823 	299.9809520441528 	0.05518453427452195 	101302.4838492529
-0.9296796796796799 	299.9804408163453 	0.05666546249178563 	101301.8796023938
-0.9271771771771771 	299.9799331341887 	0.05813590886061113 	101301.2795644828
-0.9246746746746748 	299.9794291094619 	0.05959642135452671 	101300.6838544889
-0.9221721721721724 	299.9789288952865 	0.06104552669820841 	101300.0926393158
-0.9196696696696698 	299.9784325990659 	0.06248345388726835 	101299.5060348121
-0.9171671671671672 	299.9779402727958 	0.06390932752427471 	101298.9240997266
-0.9146646646646649 	299.9774520083741 	0.06532348908448146 	101298.3469471091
-0.9121621621621623 	299.9769679270356 	0.0667267017161373 	101297.774727479
-0.9096596596596597 	299.9764881171308 	0.06811693207493627 	101297.2075527511
-0.9071571571571573 	299.9760126558621 	0.06949444049025037 	101296.645520408
-0.9046546546546547 	299.9755416088893 	0.07085798740359728 	101296.0887114891
-0.9021521521521524 	299.9750750467035 	0.07220901707529186 	101295.537211829
-0.8996496496496498 	299.9746130979634 	0.07354879968983424 	101294.9911753738
-0.8971471471471473 	299.9741558626169 	0.07487425384204649 	101294.4507197028
-0.894644644644645 	299.9737033596313 	0.07618549187931237 	101293.9158671902
-0.892142142142142 	299.9732556559267 	0.07747974941677771 	101293.3866969165
-0.8896396396396397 	299.9728128741111 	0.078761176061398 	101292.8633500577
-0.8871371371371374 	299.9723751028989 	0.08003238866810347 	101292.3459308511
-0.8846346346346349 	299.9719424281901 	0.08128694616541858 	101291.8345384061
-0.8821321321321324 	299.971514921188 	0.08252526201587188 	101291.3292561114
-0.8796296296296297 	299.9710926511249 	0.08374493578532917 	101290.8301678479
-0.8771271271271271 	299.9706757570057 	0.08495107573734556 	101290.3374388178
-0.8746246246246248 	299.9702643498286 	0.08614674151924154 	101289.8511989848
-0.8721221221221224 	299.969858442259 	0.08732448724318187 	101289.3714604739
-0.8696196196196196 	299.9694580648288 	0.08848478164176614 	101288.898256554
-0.8671171171171175 	299.9690632897094 	0.08962600327298166 	101288.4316730083
-0.8646146146146148 	299.9686741919861 	0.09075214528352013 	101287.9718006768
-0.8621121121121121 	299.9682908459949 	0.09186540372912951 	101287.5187300202
-0.8596096096096097 	299.9679132916212 	0.09295984886964898 	101287.0725080356
-0.857107107107107 	299.9675415952944 	0.09403606215194424 	101286.6332134744
-0.8546046046046049 	299.9671759309102 	0.09509371313245958 	101286.2010500989
-0.8521021021021022 	299.9668164591448 	0.09613463976253886 	101285.7762048644
-0.8495995995995997 	299.9664632264951 	0.09715956659626446 	101285.3587318417
-0.8470970970970974 	299.9661162219818 	0.0981658996619611 	101284.9486174252
-0.8445945945945946 	299.9657754370288 	0.09915402409428178 	101284.5458536227
-0.8420920920920922 	299.9654409061722 	0.1001230703209772 	101284.1504840626
-0.8395895895895897 	299.9651126768043 	0.1010740386536924 	101283.7625659601
-0.8370870870870872 	299.9647907499694 	0.1020069246561496 	101283.382100396
-0.8345845845845846 	299.9644751728994 	0.102920221739893 	101283.0091421306
-0.8320820820820823 	299.9641661397598 	0.1038144873580328 	101282.6439193715
-0.8295795795795798 	299.9638638826564 	0.1046890287048049 	101282.2867041667
-0.8270770770770772 	299.9635685125931 	0.1055447213036261 	101281.9376260416
-0.8245745745745746 	299.963279994431 	0.1063813702989829 	101281.5966436899
-0.8220720720720721 	299.9629982490644 	0.1071982781583344 	101281.2636645308
-0.8195695695695699 	299.9627232807264 	0.1079959973514886 	101280.938695593
-0.817067067067067 	299.9624551450497 	0.1087734793913257 	101280.6218027859
-0.8145645645645651 	299.9621937953546 	0.109531062387418 	101280.3129314911
-0.8120620620620621 	299.961939162128 	0.1102679416657257 	101280.0120003614
-0.8095595595595597 	299.9616913898964 	0.110984007746421 	101279.7191804453
-0.8070570570570572 	299.9614508144606 	0.1116801259798936 	101279.43486833
-0.8045545545545546 	299.9612176859592 	0.1123552262036962 	101279.1593586522
-0.8020520520520523 	299.9609919637223 	0.113009743902908 	101278.8926024791
-0.7995495495495494 	299.9607734233656 	0.1136427267042762 	101278.6343332227
-0.7970470470470474 	299.9605619864382 	0.1142549651309578 	101278.3844559999
-0.7945445445445446 	299.9603577958744 	0.1148476739394036 	101278.1431413131
-0.7920420420420423 	299.9601609160537 	0.1154191210053207 	101277.9104670138
-0.7895395395395397 	299.9599712078788 	0.1159692435993255 	101277.6862690899
-0.7870370370370371 	299.9597886024027 	0.1164963234145238 	101277.4704657258
-0.7845345345345348 	299.9596133466849 	0.117002141657354 	101277.2633489048
-0.7820320320320323 	299.9594458440523 	0.1174882021707611 	101277.0653949917
-0.7795295295295296 	299.9592862192648 	0.1179517891289254 	101276.8767512868
-0.7770270270270272 	299.9591341729675 	0.1183930595692848 	101276.6970641632
-0.7745245245245247 	299.9589894522589 	0.1188093279821227 	101276.5260339838
-0.7720220220220222 	299.9588521903003 	0.1192054226737789 	101276.3638183567
-0.7695195195195199 	299.9587225972095 	0.1195839738105965 	101276.2106666084
-0.767017017017017 	299.9586006126965 	0.1199391012259952 	101276.0665068661
-0.7645145145145147 	299.9584860532789 	0.1202712500520162 	101275.9311221102
-0.7620120120120122 	299.9583789367616 	0.1205772917580806 	101275.804533366
-0.7595095095095097 	299.9582795714902 	0.1208631811222852 	101275.687104604
-0.7570070070070072 	299.9581881870927 	0.1211317316416425 	101275.5791086892
-0.7545045045045048 	299.9581046515019 	0.1213753243790166 	101275.4803883144
-0.7520020020020022 	299.958028786433 	0.1215950231089176 	101275.3907321847
-0.7494994994994997 	299.9579606505442 	0.1217893700977655 	101275.3102093712
-0.7469969969969972 	299.9579002956158 	0.1219633382740779 	101275.2388818442
-0.7444944944944945 	299.9578476905108 	0.1221188918402949 	101275.1767144596
-0.7419919919919924 	299.9578027853503 	0.122250141085682 	101275.1236469173
-0.7394894894894897 	299.9577655041674 	0.1223579979640979 	101275.0795890797
-0.7369869869869872 	299.9577359359012 	0.1224420107670794 	101275.0446451968
-0.7344844844844846 	299.9577142831998 	0.1225044692478072 	101275.0190549001
-0.7319819819819822 	299.9577004969565 	0.1225457120264463 	101275.0027612912
-0.7294794794794797 	299.9576945055473 	0.122563146004831 	101274.9956810176
-0.7269769769769773 	299.9576963791897 	0.122557776252154 	101274.9978956444
-0.7244744744744747 	299.9577060533543 	0.1225289978147214 	101275.0093282016
-0.721971971971972 	299.9577235082397 	0.1224782378603011 	101275.02995531
-0.7194694694694695 	299.957748835104 	0.1224057734846797 	101275.0598846037
-0.7169669669669674 	299.957781869623 	0.122310237526834 	101275.0989224691
-0.7144644644644647 	299.9578225399945 	0.1221923011453622 	101275.1469843959
-0.711961961961962 	299.9578710412424 	0.1220513917480912 	101275.2043017507
-0.7094594594594597 	299.9579273644689 	0.1218883291111112 	101275.2708645698
-0.7069569569569573 	299.9579914294018 	0.1217028533885321 	101275.3465759524
-0.7044544544544545 	299.9580632486209 	0.1214946850868138 	101275.4314491282
-0.7019519519519523 	299.9581427438589 	0.1212644969641443 	101275.5253922547
-0.6994494494494495 	299.9582299758092 	0.1210113831933802 	101275.6284783937
-0.6969469469469471 	299.9583250347825 	0.1207362455294984 	101275.7408160982
-0.6944444444444446 	299.958427734997 	0.1204386811670775 	101275.8621864582
-0.6919419419419421 	299.958537986435 	0.1201189733300525 	101275.9924810273
-0.6894394394394396 	299.9586558710702 	0.1197779817855655 	101276.1317957026
-0.6869369369369374 	299.9587813871248 	0.1194143794958582 	101276.2801279547
-0.6844344344344344 	299.9589145341214 	0.1190287938786141 	101276.4374767682
-0.6819319319319321 	299.9590552499901 	0.118620719055451 	101276.6037692699
-0.6794294294294296 	299.9592034082287 	0.1181910217068297 	101276.7788582724
-0.6769269269269272 	299.9593590683586 	0.1177405540399957 	101276.9628154425
-0.6744244244244245 	299.9595223110743 	0.1172677257524929 	101277.1557363954
-0.6719219219219222 	299.9596930347502 	0.1167731740379838 	101277.3575002056
-0.6694194194194195 	299.9598711460014 	0.1162560656022215 	101277.5679918314
-0.6669169169169172 	299.9600566350239 	0.1157183800663496 	101277.7871997032
-0.6644144144144146 	299.9602494831578 	0.1151610133160749 	101278.0151045065
-0.661911911911912 	299.9604496991794 	0.1145814525690937 	101278.2517157073
-0.6594094094094097 	299.9606572029416 	0.1139805834271614 	101278.4969406603
-0.656906906906907 	299.9608718465126 	0.1133564267098498 	101278.7506061783
-0.6544044044044046 	299.961093603457 	0.1127130732126164 	101279.0126801558
-0.6519019019019021 	299.9613225346554 	0.1120521037568265 	101279.2832352864
-0.6493993993993996 	299.9615585670238 	0.1113686249251335 	101279.562184933
-0.6468968968968971 	299.9618017336376 	0.1106639497161862 	101279.8495647807
-0.6443943943943946 	299.9620520405282 	0.109935058113586 	101280.1453817034
-0.6418918918918921 	299.9623094486528 	0.1091885543080043 	101280.4495901338
-0.6393893893893897 	299.9625738209073 	0.1084268895523557 	101280.762027244
-0.6368868868868871 	299.9628449939498 	0.1076427390715551 	101281.0825001077
-0.6343843843843846 	299.9631227297142 	0.1068381545696213 	101281.4107294442
-0.6318818818818821 	299.9634071548399 	0.1060105967523579 	101281.7468637424
-0.6293793793793795 	299.9636984340364 	0.1051658253203017 	101282.0911009336
-0.6268768768768773 	299.9639965216312 	0.1043054800349217 	101282.4433900105
-0.6243743743743745 	299.964301145268 	0.1034231442550493 	101282.8034289948
-0.6218718718718721 	299.9646122234861 	0.1025214296829785 	101283.1710699434
-0.6193693693693696 	299.9649297888116 	0.101599879831341 	101283.5463741014
-0.6168668668668671 	299.9652541522443 	0.1006606320791361 	101283.9297219191
-0.6143643643643645 	299.9655853061513 	0.09970381865542328 	101284.3210991121
-0.6118618618618621 	299.9659227266251 	0.09872719750694292 	101284.7198828497
-0.6093593593593596 	299.9662659214206 	0.09773312735108157 	101285.1254896885
-0.6068568568568571 	299.9666147716506 	0.09672177422895376 	101285.5377789213
-0.6043543543543546 	299.9669694841663 	0.09569384585024371 	101285.9569956986
-0.6018518518518521 	299.967330531502 	0.09464767927704379 	101286.383699057
-0.5993493493493496 	299.9676981783474 	0.09358120698721922 	101286.8182043592
-0.5968468468468471 	299.9680721627635 	0.09249662321023722 	101287.2602039574
-0.5943443443443446 	299.9684521110534 	0.09139588059866086 	101287.7092549579
-0.591841841841842 	299.9688375120091 	0.09028135721875656 	101288.164754078
-0.5893393393393397 	299.9692279558301 	0.08915155671930389 	101288.6262174584
-0.5868368368368371 	299.9696238369813 	0.08800419397440828 	101289.0941101778
-0.5843343343343346 	299.9700258900384 	0.08683929136184382 	101289.5692991107
-0.5818318318318321 	299.9704341941124 	0.08565653575109541 	101290.051876117
-0.5793293293293297 	299.9708480560248 	0.08445850308778793 	101290.5410213045
-0.5768268268268271 	299.9712662561684 	0.08324619957404542 	101291.0352939761
-0.5743243243243245 	299.9716883188484 	0.08202028926277673 	101291.5341328795
-0.5718218218218221 	299.9721155516184 	0.08078142585584205 	101292.039083264
-0.5693193193193196 	299.9725492671782 	0.07952636999239418 	101292.5516974123
-0.5668168168168171 	299.9729893246225 	0.07825309144671198 	101293.0718094934
-0.5643143143143147 	299.9734351256646 	0.07696181648136222 	101293.5987110772
-0.5618118118118121 	299.9738854497286 	0.07565716427241041 	101294.1309594989
-0.5593093093093094 	299.9743389021709 	0.0743434509302514 	101294.6669089902
-0.5568068068068072 	299.9747956661505 	0.07302058926469539 	101295.2067755217
-0.5543043043043046 	299.9752564572023 	0.07168618060595375 	101295.7514054698
-0.551801801801802 	299.9757220155331 	0.07033443109318407 	101296.3016730024
-0.5492992992992995 	299.9761939941365 	0.06896576475995229 	101296.8595305314
-0.5467967967967969 	299.9766724928857 	0.06758197663306799 	101297.4250965435
-0.5442942942942947 	299.9771556252239 	0.06618300432342471 	101297.9961408586
-0.5417917917917919 	299.9776421378998 	0.06477444104194885 	101298.5711819104
-0.5392892892892895 	299.9781306642604 	0.06335785597034096 	101299.1486049968
-0.536786786786787 	299.9786208533359 	0.06193613687863558 	101299.727995904
-0.5342842842842846 	299.9791144752373 	0.06050758609362861 	101300.3114482242
-0.531781781781782 	299.9796131825411 	0.05906354061362414 	101300.9009149804
-0.5292792792792794 	299.9801175295294 	0.05760160818309654 	101301.4970507067
-0.526776776776777 	299.9806279457002 	0.05611935595569265 	101302.1003612037
-0.5242742742742745 	299.9811429171586 	0.05462739444748832 	101302.709057755
-0.521771771771772 	299.9816604716635 	0.05313225800022979 	101303.3208093861
-0.5192692692692695 	299.9821793405442 	0.05163014955933278 	101303.9341171826
-0.516766766766767 	299.9826990884279 	0.05012454173116249 	101304.5484663464
-0.5142642642642645 	299.983220042069 	0.04861045838651155 	101305.1642441552
-0.511761761761762 	299.9837439788953 	0.04709169067087068 	101305.7835515082
-0.5092592592592596 	299.9842722409919 	0.04556497981602507 	101306.4079764341
-0.506756756756757 	299.9848060865913 	0.04401887941444448 	101307.0390041982
-0.5042542542542544 	299.9853453923843 	0.04245672295233895 	101307.6764879924
-0.5017517517517521 	299.985889023833 	0.04088108256612681 	101308.3190862202
-0.4992492492492494 	299.9864347062144 	0.03930011784456 	101308.9641109037
-0.496746746746747 	299.9869814280523 	0.03771859518789445 	101309.6103669778
-0.4942442442442445 	299.9875278961768 	0.03613564684352266 	101310.2563262095
-0.4917417417417421 	299.9880739936406 	0.03455314860075317 	101310.9018496462
-0.4892392392392395 	299.9886202964299 	0.0329692253542147 	101311.5476190522
-0.486736736736737 	299.9891681835433 	0.03138187645784635 	101312.1952657291
-0.4842342342342345 	299.9897189393913 	0.02978639311206446 	101312.8463082807
-0.481731731731732 	299.9902740834942 	0.02817803167014014 	101313.5025415521
-0.4792292292292296 	299.9908339598709 	0.02655627724971352 	101314.1643715695
-0.4767267267267268 	299.9913981224216 	0.02492171538274211 	101314.8312701582
-0.4742242242242246 	299.991965278058 	0.02327935762164701 	101315.5017091516
-0.471721721721722 	299.9925342763996 	0.02163179328185997 	101316.1743303173
-0.4692192192192195 	299.9931039771589 	0.01998119017791466 	101316.8477845065
-0.4667167167167169 	299.9936732656072 	0.01833289495531938 	101317.5207526704
-0.4642142142142145 	299.9942405338086 	0.01668957542753613 	101318.1913342691
-0.461711711711712 	299.9948054889724 	0.0150525974484078 	101318.8591851377
-0.4592092092092094 	299.9953690258794 	0.01341995649406408 	101319.5253642761
-0.456706706706707 	299.9959317919611 	0.01178936185282554 	101320.1906369973
-0.4542042042042045 	299.9964941715639 	0.01015998384237035 	101320.8554562026
-0.451701701701702 	299.9970570965194 	0.008529131734863658 	101321.5209221186
-0.4491991991991995 	299.9976214386924 	0.006894206305143092 	101322.1880666442
-0.4466966966966969 	299.9981881160562 	0.005251178473552587 	101322.8579764082
-0.4441941941941945 	299.9987583181095 	0.003599185898007805 	101323.5320580328
-0.441691691691692 	299.9993319366753 	0.001938257645916112 	101324.2101830473
-0.4391891891891895 	299.9999086475089 	0.0003093138689584936 	101324.8919647625
-0.436686686686687 	300.0004865056363 	0.001404599332701901 	101325.5751024346
-0.4341841841841846 	300.0010638709614 	0.003076917319806347 	101326.2576593972
-0.431681681681682 	300.0016402485417 	0.004746566246706239 	101326.9390537742
-0.4291791791791794 	300.0022155370921 	0.006413113586875969 	101327.6191668268
-0.426676676676677 	300.0027897321704 	0.00807651023198348 	101328.2979911934
-0.4241741741741744 	300.0033628538827 	0.009736793957464998 	101328.9755477762
-0.421671671671672 	300.003934916474 	0.01139399719946816 	101329.6518520757
-0.4191691691691694 	300.0045059154467 	0.01304811139613424 	101330.3269013132
-0.4166666666666669 	300.0050758272699 	0.01469907676584833 	101331.0006711286
-0.4141641641641645 	300.0056446122445 	0.01634678287652349 	101331.6731161843
-0.411661661661662 	300.0062122190689 	0.01799107408830132 	101332.3441727254
-0.4091591591591594 	300.0067785844821 	0.01963175834151739 	101333.0137622157
-0.406656656656657 	300.007343633922 	0.02126861562108174 	101333.6817946603
-0.4041541541541545 	300.0079072821618 	0.02290140399788372 	101334.3481709464
-0.401651651651652 	300.0084694350497 	0.02452986530555961 	101335.0127851362
-0.3991491491491494 	300.009029997398 	0.02615373033518489 	101335.6755271213
-0.396646646646647 	300.0095888750357 	0.02777272250467493 	101336.3362842523
-0.3941441441441444 	300.0101459751452 	0.02938655932277297 	101336.9949414517
-0.3916416416416419 	300.0107012023017 	0.03099495453630466 	101337.6513816412
-0.3891391391391395 	300.0112544571481 	0.03259762125066239 	101338.3054873128
-0.3866366366366368 	300.0118056360588 	0.03419427285999747 	101338.9571413019
-0.3841341341341344 	300.0123546347128 	0.03578462103123096 	101339.606225992
-0.381631631631632 	300.0129013513277 	0.03736837611107013 	101340.2526232322
-0.3791291291291294 	300.0134456908584 	0.03894525001299121 	101340.8962156984
-0.3766266266266269 	300.0139875605095 	0.04051495744206442 	101341.5368871028
-0.3741241241241244 	300.0145268653859 	0.04207721322406043 	101342.1745206246
-0.371621621621622 	300.0150635045702 	0.04363173110402062 	101342.8089988109
-0.3691191191191194 	300.0155973742893 	0.04517822743734207 	101343.440205782
-0.366616616616617 	300.016128372392 	0.04671642187349929 	101344.0680277469
-0.3641141141141143 	300.0166564003147 	0.04824603349036961 	101344.6923504999
-0.3616116116116119 	300.0171813647334 	0.04976678036204314 	101345.3130585056
-0.3591091091091095 	300.0177031764266 	0.05127838439987557 	101345.9300376912
-0.356606606606607 	300.0182217468506 	0.05278057282344793 	101346.5431768639
-0.3541041041041044 	300.0187369820065 	0.05427307280689644 	101347.1523647646
-0.3516016016016019 	300.0192487798567 	0.05575560809945808 	101347.7574882517
-0.3490990990990994 	300.019757037616 	0.05722790568514374 	101348.3584356478
-0.346596596596597 	300.0202616595119 	0.05868970054701565 	101348.9550993183
-0.3440940940940944 	300.0207625568464 	0.0601407283071652 	101349.5473719598
-0.3415915915915919 	300.0212596436562 	0.06158071926893107 	101350.1351428869
-0.3390890890890895 	300.0217528355121 	0.06300940567598165 	101350.7183018768
-0.3365865865865869 	300.0222420484164 	0.06442653078373113 	101351.2967443151
-0.3340840840840844 	300.0227271929169 	0.06583184205538883 	101351.8703676684
-0.3315815815815819 	300.0232081708363 	0.06722507851803482 	101352.43906483
-0.3290790790790794 	300.0236848809307 	0.06860597618839426 	101353.0027271151
-0.3265765765765769 	300.0241572320341 	0.06997428418087573 	101353.5612529562
-0.3240740740740744 	300.0246251447224 	0.07132976205500423 	101354.1145462579
-0.3215715715715718 	300.0250885406789 	0.07267216121139755 	101354.6625054187
-0.3190690690690695 	300.0255473386778 	0.07400122364603483 	101355.2050222503
-0.3165665665665668 	300.0260014599858 	0.07531670417064742 	101355.7419947377
-0.3140640640640644 	300.0264508280827 	0.0766183772897253 	101356.2733322295
-0.311561561561562 	300.0268953582116 	0.07790601177096337 	101356.7989425352
-0.3090590590590593 	300.0273349532221 	0.07917935492568552 	101357.3187223555
-0.3065565565565568 	300.0277695173922 	0.08043815810119133 	101357.8325692417
-0.3040540540540545 	300.0281989732571 	0.08168220418785989 	101358.3403958229
-0.3015515515515518 	300.0286232542213 	0.08291128853193512 	101358.8421197462
-0.2990490490490494 	300.0290422857838 	0.08412517933665384 	101359.3376435953
-0.2965465465465469 	300.0294559875767 	0.08532362658004791 	101359.8268604342
-0.2940440440440444 	300.0298642911558 	0.08650640991931545 	101360.3096802017
-0.2915415415415418 	300.030267140889 	0.08767334451298368 	101360.7860334918
-0.2890390390390395 	300.0306644677763 	0.08882422769546251 	101361.2558420632
-0.2865365365365368 	300.031056176728 	0.08995881255823945 	101361.7190022891
-0.2840340340340343 	300.0314421715651 	0.09107686127813851 	101362.1754120943
-0.2815315315315318 	300.0318223840292 	0.0921781995647292 	101362.6250007851
-0.2790290290290295 	300.0321967614415 	0.09326267637267817 	101363.0677103338
-0.2765265265265269 	300.0325652310713 	0.0943300818357225 	101363.5034533295
-0.2740240240240244 	300.0329277034753 	0.09538015693292777 	101363.9321170726
-0.2715215215215219 	300.0332841133094 	0.09641269191074422 	101364.3536147335
-0.2690190190190194 	300.0336344328201 	0.09742756134730958 	101364.7679041991
-0.2665165165165169 	300.0339786276589 	0.09842462684996851 	101365.1749372086
-0.2640140140140144 	300.0343166144648 	0.09940365043816084 	101365.574612421
-0.2615115115115119 	300.0346482928086 	0.1003643667970655 	101365.9668107573
-0.2590090090090094 	300.0349736046338 	0.1013066201166127 	101366.3514672943
-0.2565065065065068 	300.0352925327699 	0.1022303509984403 	101366.7285673767
-0.2540040040040044 	300.0356050289709 	0.1031354299787197 	101367.0980618609
-0.2515015015015019 	300.0359109813724 	0.1040215818304038 	101367.4598268569
-0.2489989989989994 	300.0362102806201 	0.1048885364768877 	101367.8137400509
-0.2464964964964968 	300.0365028966928 	0.1057361996391597 	101368.1597697952
-0.2439939939939944 	300.0367888478659 	0.106564574999906 	101368.4979376342
-0.2414914914914919 	300.0370680943609 	0.1073735235868166 	101368.8281938461
-0.2389889889889893 	300.037340510937 	0.1081627131454394 	101369.1503869671
-0.2364864864864869 	300.0376059907663 	0.1089318669509006 	101369.4643880727
-0.2339839839839843 	300.037864538849 	0.1096809755774068 	101369.7702009221
-0.2314814814814819 	300.038116211037 	0.1104101405436834 	101370.0678874787
-0.2289789789789792 	300.038360967294 	0.111119232025626 	101370.3573953413
-0.2264764764764769 	300.0385986510062 	0.1118078471338725 	101370.6385334844
-0.2239739739739743 	300.038829140607 	0.1124756744331225 	101370.9111545896
-0.2214714714714718 	300.0390524737879 	0.1131227823420804 	101371.1753034898
-0.2189689689689693 	300.0392687569583 	0.1137493951056445 	101371.4311082476
-0.2164664664664669 	300.0394779602946 	0.1143554101465638 	101371.6785359637
-0.2139639639639643 	300.0396798815069 	0.1149403214387875 	101371.9173473448
-0.2114614614614618 	300.039874354173 	0.1155037182169516 	101372.1473424699
-0.2089589589589593 	300.0400614359654 	0.116045730146015 	101372.3685876984
-0.2064564564564568 	300.0402413105854 	0.116566781157516 	101372.581300842
-0.2039539539539543 	300.0404139979928 	0.1170669004247465 	101372.7855100669
-0.2014514514514518 	300.0405792530768 	0.1175454874427425 	101372.9809308097
-0.1989489489489494 	300.0407368157572 	0.1180019157154633 	101373.1672591883
-0.1964464464464468 	300.0408867209267 	0.1184362615829187 	101373.3445352049
-0.1939439439439443 	300.0410292545538 	0.1188491865404502 	101373.5130922581
-0.1914414414414418 	300.0411645698815 	0.1192410201266731 	101373.673107526
-0.1889389389389393 	300.0412924310202 	0.1196111651325673 	101373.824301367
-0.1864364364364368 	300.0414124337794 	0.1199586532859536 	101373.9662012909
-0.1839339339339343 	300.0415244776373 	0.1202832704559583 	101374.0986947485
-0.1814314314314318 	300.0416289045159 	0.1205858606863809 	101374.2221889142
-0.1789289289289293 	300.0417260890505 	0.1208673132956008 	101374.3371248075
-0.1764264264264268 	300.0418159410935 	0.1211273634171942 	101374.4433884638
-0.1739239239239243 	300.041897933407 	0.1213647005002847 	101374.5403511711
-0.1714214214214218 	300.0419716861107 	0.1215784044343744 	101374.6275616783
-0.1689189189189193 	300.0420374372515 	0.121769084180817 	101374.7053063402
-0.1664164164164168 	300.042095814551 	0.1219382819945705 	101374.7743334806
-0.1639139139139143 	300.0421471019692 	0.1220866702071724 	101374.8349841116
-0.1614114114114118 	300.0421908381161 	0.1222130827529522 	101374.8867123437
-0.1589089089089093 	300.042226259343 	0.1223156343531492 	101374.928610906
-0.1564064064064068 	300.0422531573743 	0.1223938314760672 	101374.9604271854
-0.1539039039039043 	300.0422721862994 	0.1224493051153219 	101374.9829299726
-0.1514014014014018 	300.042284204095 	0.1224841628366225 	101374.9971333914
-0.1488988988988993 	300.0422893068236 	0.1224986076236556 	101375.0031545212
-0.1463963963963968 	300.0422866239849 	0.1224904601713407 	101374.9999688368
-0.1438938938938943 	300.0422751764644 	0.1224573224328233 	101374.9864266317
-0.1413913913913918 	300.0422549626882 	0.1223992318382546 	101374.9625259418
-0.1388888888888893 	300.0422270662422 	0.1223189083128869 	101374.9295454018
-0.1363863863863868 	300.0421925977886 	0.1222190919342407 	101374.8887936259
-0.1338838838838843 	300.0421515052844 	0.1220995879171797 	101374.8402022708
-0.1313813813813818 	300.0421025093104 	0.1219571592383637 	101374.7822550487
-0.1288788788788793 	300.0420443368212 	0.1217886458559325 	101374.7134479814
-0.1263763763763768 	300.04197706794 	0.1215943204100182 	101374.6338799661
-0.1238738738738743 	300.0419022024026 	0.1213780068754466 	101374.5453302974
-0.1213713713713717 	300.0418212736187 	0.1211435565863097 	101374.4496162268
-0.1188688688688693 	300.0417343012108 	0.1208909645150226 	101374.3467628006
-0.1163663663663668 	300.0416396317664 	0.1206160146987764 	101374.2348143673
-0.1138638638638643 	300.0415354360104 	0.1203140979132984 	101374.1116042379
-0.1113613613613618 	300.0414215103237 	0.1199847661056669 	101373.9768882009
-0.1088588588588592 	300.041299653168 	0.1196326341377456 	101373.8327878929
-0.1063563563563568 	300.0411721411099 	0.1192634752046658 	101373.6819907563
-0.1038538538538543 	300.0410396249229 	0.118878882097387 	101373.5252637123
-0.1013513513513517 	300.0409003891644 	0.118474433539388 	101373.3605800132
-0.09884884884884926 	300.0407517595135 	0.1180433266816194 	101373.1847841612
-0.09634634634634676 	300.0405925037082 	0.1175825020335404 	101372.9964280631
-0.09384384384384425 	300.0404240989223 	0.117095840080261 	101372.7972670466
-0.09134134134134177 	300.0402496531225 	0.1165913479610647 	101372.5909799896
-0.08883883883883925 	300.0400712978642 	0.1160744567170129 	101372.3800847353
-0.08633633633633674 	300.0398882631453 	0.1155430953960149 	101372.1636617527
-0.08383383383383426 	300.0396973465604 	0.114988946785209 	101371.9379127478
-0.08133133133133173 	300.039495503903 	0.114404172364673 	101371.6992294798
-0.07882882882882926 	300.039282479067 	0.1137881985703464 	101371.447304207
-0.07632632632632676 	300.0390612642274 	0.113148858592193 	101371.1856748629
-0.07382382382382424 	300.0388358943212 	0.1124966334960029 	101370.91911772
-0.07132132132132173 	300.0386082522754 	0.1118363609773304 	101370.6498665359
-0.06881881881881925 	300.0383764211753 	0.1111630028077616 	101370.3756653166
-0.06631631631631671 	300.038135978423 	0.1104650466870207 	101370.0912949834
-0.06381381381381425 	300.0378833352252 	0.109733216029243 	101369.7925210402
-0.06131131131131173 	300.0376186130987 	0.1089679469791548 	101369.4794921388
-0.05880880880880923 	300.0373458278248 	0.1081798208709659 	101369.1569543704
-0.05630630630630672 	300.0370701328033 	0.1073823188634214 	101368.8309911989
-0.05380380380380424 	300.0367940769418 	0.1065820252302822 	101368.5046015835
-0.05130130130130173 	300.0365156094592 	0.1057734353181667 	101368.1753451095
-0.04879879879879922 	300.0362293420185 	0.1049423190005468 	101367.8368388742
-0.04629629629629672 	300.0359302619442 	0.1040755137926239 	101367.4831512217
-0.04379379379379422 	300.0356173399038 	0.1031704226449338 	101367.1130684904
-0.04129129129129173 	300.0352945100434 	0.1022375581527886 	101366.7312506431
-0.03878878878878922 	300.0349682673507 	0.1012941553209212 	101366.3453872502
-0.03628628628628671 	300.0346434285898 	0.1003529494823047 	101365.9611820773
-0.03378378378378422 	300.0343198623268 	0.09941352639483449 	101365.5784861268
-0.03128128128128172 	300.0339923686488 	0.09846202323982545 	101365.1911558657
-0.02877877877877922 	300.0336538414035 	0.09747955721668411 	101364.7907939633
-0.0262762762762767 	300.0332997548829 	0.09645416466753076 	101364.3720537315
-0.02377377377377422 	300.0329311718137 	0.09538879507854911 	101363.9361938869
-0.0212712712712717 	300.0325543754329 	0.0943003074511041 	101363.4906438396
-0.01876876876876921 	300.0321773004471 	0.09320991880829775 	101363.0447796814
-0.01626626626626671 	300.031804870209 	0.09213074849139151 	101362.6044146256
-0.0137637637637642 	300.0314360115375 	0.09105982815663258 	101362.1682704498
-0.0112612612612617 	300.0310640912837 	0.08997928112983328 	101361.7284963252
-0.008758758758759198 	300.0306805361463 	0.08886605875075443 	101361.2749526119
-0.006256256256256697 	300.0302796174326 	0.08770481335704759 	101360.8008672979
-0.003753753753754195 	300.029861762664 	0.08649680608462457 	101360.3067500193
-0.001251251251251693 	300.0294335922296 	0.08525996469474427 	101359.8004209177
0.00125125125125081 	300.0290045974709 	0.08402001865772299 	101359.2931251576
0.003753753753753312 	300.0285823060125 	0.08279734822366917 	101358.7937775327
0.006256256256255817 	300.028168400991 	0.08159636297701116 	101358.3043251465
0.008758758758758317 	300.0277576869163 	0.08040295027072719 	101357.8186395821
0.01126126126126082 	300.0273405773606 	0.07919104314496987 	101357.3253861569
0.01376376376376332 	300.0269076546335 	0.07793505680158741 	101356.8134323337
0.01626626626626582 	300.026454196431 	0.07662221353420583 	101356.2771994174
0.01876876876876833 	300.0259825424631 	0.07525899225889776 	101355.719459957
0.02127127127127083 	300.0255012330214 	0.07386877672826887 	101355.1503153621
0.02377377377377332 	300.0250213394982 	0.07248185234101602 	101354.5828567876
0.02627627627627583 	300.024551670618 	0.07112231448519284 	101354.0274969279
0.02877877877877833 	300.0240949767805 	0.06979766311337357 	101353.4874820186
0.03128128128128083 	300.0236467331712 	0.06849543944062934 	101352.9574577887
0.03378378378378333 	300.0231969248623 	0.06718808778873354 	101352.4255794706
0.03628628628628584 	300.0227340060613 	0.06584383764389475 	101351.8781956037
0.03878878878878834 	300.0222494264549 	0.06443917806127854 	101351.3052001383
0.04129129129129084 	300.0217409889365 	0.06296812158461101 	101350.7040002287
0.04379379379379333 	300.0212138080846 	0.06144486111847099 	101350.0806479038
0.04629629629629585 	300.0206785757571 	0.05989899617504305 	101349.4477876112
0.04879879879879834 	300.0201478353797 	0.0583652576062326 	101348.8202496238
0.05130130130130085 	300.0196316605727 	0.05687156626038368 	101348.2099415559
0.05380380380380335 	300.0191342723871 	0.05542963279962368 	101347.6218492901
0.05630630630630584 	300.0186526717575 	0.05403111303075698 	101347.0524217733
0.05880880880880836 	300.0181776062651 	0.05265024246057903 	101346.4907156095
0.06131131131131085 	300.0176964247827 	0.05125175070994965 	101345.9217713721
0.06381381381381336 	300.0171968487207 	0.04980138223272948 	101345.3310736133
0.06631631631631586 	300.0166705353028 	0.04827586274549855 	101344.7087622951
0.06881881881881835 	300.0161154593268 	0.04666957594278179 	101344.0524477081
0.07132132132132088 	300.0155365232774 	0.04499628894216171 	101343.3679314005
0.07382382382382337 	300.0149443111577 	0.04328568404640252 	101342.6677308086
0.07632632632632587 	300.0143524026284 	0.04157586355765361 	101341.9679017613
0.07882882882882837 	300.0137740269025 	0.03990400479095494 	101341.2840844927
0.08133133133133086 	300.0132189675573 	0.03829766195268424 	101340.6278422689
0.08383383383383337 	300.0126914373448 	0.03676873355469158 	101340.0041514692
0.08633633633633589 	300.0121892779296 	0.03531116453085099 	101339.4104557243
0.08883883883883838 	300.0117045333573 	0.03390251902227005 	101338.8373442199
0.09134134134134086 	300.0112251476077 	0.03250870638714914 	101338.2705617423
0.09384384384384339 	300.0107372844112 	0.03109051503537491 	101337.6937492999
0.09634634634634588 	300.0102277583046 	0.02961052324255073 	101337.0913188287
0.09884884884884838 	300.009686180535 	0.02803921881010505 	101336.4509913554
0.1013513513513509 	300.0091065296917 	0.02635948345217295 	101335.7656516066
0.1038538538538534 	300.0084879734941 	0.02456895506374092 	101335.0343203451
0.1063563563563559 	300.0078349051537 	0.02268014480661165 	101334.2621949954
0.1088588588588584 	300.0071562619281 	0.02071851811869647 	101333.4598455549
0.1113613613613609 	300.0064642978086 	0.01871901147584889 	101332.6417616855
0.1138638638638634 	300.0057730323922 	0.01672163246135408 	101331.8245182341
0.1163663663663659 	300.0050966305949 	0.01476689314557773 	101331.0248613957
0.1188688688688684 	300.0044480085729 	0.01289189386057341 	101330.2580594199
0.1213713713713709 	300.0038379247424 	0.01112765461556201 	101329.5368289641
0.1238738738738734 	300.0032745171417 	0.009497715079901515 	101328.8707886824
0.1263763763763759 	300.0027631694849 	0.008017716252085194 	101328.2663000277
0.1288788788788784 	300.0023066292003 	0.006695720642884376 	101327.7266090678
0.1313813813813809 	300.0019053076555 	0.005533053175509011 	101327.2521997381
0.1338838838838834 	300.0015576844427 	0.004525454634179373 	101326.8412728368
0.1363863863863859 	300.001260757118 	0.003664368326142822 	101326.4902772778
0.1388888888888884 	300.0010104857001 	0.002938219218593368 	101326.1944362392
0.1413913913913909 	300.0008021998902 	0.002333586205302629 	101325.9482278976
0.1438938938938934 	300.000630946535 	0.001836206322287409 	101325.7457961596
0.1463963963963959 	300.0004917679709 	0.001431782273834452 	101325.581280051
0.1488988988988985 	300.0003799110673 	0.00110658928599376 	101325.4490605513
0.1514014014014009 	300.0002909714648 	0.0008478950638529201 	101325.343930726
0.1539039039039035 	300.0002209803096 	0.0006442169594428533 	101325.2611993054
0.1564064064064059 	300.0001664469956 	0.0004854460388346818 	101325.196739922
0.1589089089089084 	300.0001243651603 	0.000362868360921238 	101325.1469985575
0.1614114114114109 	300.0000921930763 	0.0002691123004200563 	101325.1089709603
0.1639139139139134 	300.0000678184526 	0.0001980467802736488 	101325.0801602683
0.166416416416416 	300.0000495131277 	0.0001446512057429211 	101325.058523256
0.1689189189189185 	300.0000358823089 	0.000104872943396957 	101325.0424117192
0.1714214214214209 	300.0000258161369 	7.548422041563117e-05 	101325.0305137467
0.1739239239239235 	300.0000184423365 	5.394629134189938e-05 	101325.0217981114
0.1764264264264259 	300.0000130831334 	3.828586644528235e-05 	101325.0154637431
0.1789289289289284 	300.0000092181032 	2.698628761524916e-05 	101325.0108952969
0.181431431431431 	300.0000064512647 	1.889424022664694e-05 	101325.0076251098
0.1839339339339334 	300.0000044852518 	1.31416273726736e-05 	101325.0053013609
0.186436436436436 	300.000003098134 	9.081380484483862e-06 	101325.0036619507
0.1889389389389385 	300.0000021265267 	6.235700251712154e-06 	101325.0025134429
0.191441441441441 	300.0000014504479 	4.254957835797289e-06 	101325.0017143619
0.1939439439439434 	300.000000983101 	2.885529162535367e-06 	101325.0011621353
0.196446446446446 	300.0000006624016 	1.944998657647595e-06 	101325.000783022
0.1989489489489485 	300.0000004436798 	1.303215179002232e-06 	101325.0005244384
0.2014514514514509 	300.0000002954247 	8.680754689317257e-07 	101325.0003491861
0.2039539539539535 	300.0000001955698 	5.748830397097729e-07 	101325.000231152
0.2064564564564559 	300.000000128651 	3.785484532131353e-07 	101325.0001521431
0.2089589589589585 	300.0000000842316 	2.478665174234007e-07 	101325.0000995757
0.211461461461461 	300.0000000547109 	1.613995775514071e-07 	101325.0000648081
0.2139639639639635 	300.0000000354685 	1.045239695823946e-07 	101325.0000419475
0.2164664664664659 	300.0000000228596 	6.732417477464633e-08 	101325.0000270023
0.2189689689689684 	300.0000000146339 	4.313696609690045e-08 	101325.0000172873
0.221471471471471 	300.000000009315 	2.749079672633115e-08 	101325.0000110073
0.2239739739739735 	300.0000000058133 	1.743235182311538e-08 	101325.00000697
0.226476476476476 	300.0000000036892 	1.099471481741885e-08 	101325.0000043882
0.2289789789789785 	300.000000002332 	6.901105752791515e-09 	101325.000002746
0.231481481481481 	300.00000000143 	4.308865530631951e-09 	101325.000001707
0.2339839839839835 	300.0000000008667 	2.677444262585519e-09 	101325.000001053
0.236486486486486 	300.0000000006068 	1.654502235530538e-09 	101325.0000006433
0.2389889889889885 	300.0000000003522 	1.016811154574514e-09 	101325.0000003878
0.241491491491491 	300.0000000000327 	6.224908683136961e-10 	101325.0000002295
0.2439939939939935 	300.0000000000945 	3.766892275412936e-10 	101325.0000001317
0.246496496496496 	300.0000000000588 	2.284591149098496e-10 	101325.0000000719
0.2489989989989985 	300.0000000001104 	1.357293218899619e-10 	101325.0000000356
0.251501501501501 	300.0000000000823 	8.120477480738271e-11 	101325.000000014
0.2540040040040035 	299.999999999996 	4.775498602070721e-11 	101325.0000000007
0.256506506506506 	300.0000000000649 	2.749369066561886e-11 	101324.9999999928
0.2590090090090086 	299.9999999998234 	1.760591036628649e-11 	101324.9999999881
0.261511511511511 	300.0000000000006 	8.775920819995332e-12 	101324.9999999854
0.2640140140140135 	299.9999999999725 	7.112199180439439e-12 	101324.9999999837
0.2665165165165161 	299.9999999998514 	3.598758100560061e-12 	101324.9999999825
0.2690190190190185 	300.0000000000366 	3.285879259138231e-12 	101324.999999982
0.271521521521521 	300.0000000000351 	1.529346597618505e-12 	101324.9999999816
0.2740240240240235 	300.0000000000356 	1.940945102170239e-12 	101324.9999999816
0.276526526526526 	300.0000000000139 	2.226888006099342e-12 	101324.9999999814
0.2790290290290286 	299.9999999998729 	2.320583934368267e-12 	101324.9999999812
0.281531531531531 	299.9999999998478 	2.581195550898074e-12 	101324.9999999808
0.2840340340340335 	299.9999999999596 	2.151135355453958e-12 	101324.9999999809
0.2865365365365361 	299.9999999999079 	2.43648758317879e-12 	101324.999999981
0.2890390390390385 	299.9999999999954 	3.127003507595393e-12 	101324.9999999809
0.291541541541541 	299.9999999999915 	2.017609947002689e-12 	101324.9999999809
0.2940440440440436 	299.999999999971 	3.901670132167125e-12 	101324.999999981
0.296546546546546 	299.9999999999815 	1.337402257770186e-12 	101324.9999999807
0.2990490490490486 	299.9999999998823 	5.75271390910856e-12 	101324.9999999804
0.3015515515515511 	300.0000000000788 	1.541739739175325e-12 	101324.9999999803
0.3040540540540535 	300.0000000000076 	7.887523944752731e-12 	101324.9999999805
0.3065565565565562 	299.9999999999742 	1.28661220917176e-12 	101324.9999999807
0.3090590590590585 	299.9999999999679 	7.68976088709609e-12 	101324.9999999811
0.3115615615615611 	299.9999999998684 	2.503016995890053e-12 	101324.9999999816
0.3140640640640635 	300.0000000000129 	8.158627366467234e-12 	101324.9999999819
0.316566566566566 	299.9999999999869 	4.535041604994425e-12 	101324.9999999815
0.3190690690690687 	299.9999999999009 	8.906134442797612e-12 	101324.9999999813
0.3215715715715711 	300.000000000038 	4.705243257878706e-12 	101324.9999999812
0.3240740740740735 	299.9999999999951 	8.32645051807099e-12 	101324.999999981
0.326576576576576 	299.9999999998002 	4.476445850681681e-12 	101324.999999981
0.3290790790790786 	300.0000000000264 	6.739690906235117e-12 	101324.9999999808
0.3315815815815811 	300.0000000000643 	3.828552119786734e-12 	101324.9999999809
0.3340840840840836 	299.9999999999717 	6.083153471412302e-12 	101324.9999999809
0.3365865865865861 	300.000000000105 	3.712322105414238e-12 	101324.999999981
0.3390890890890886 	300.0000000000965 	6.212716018435346e-12 	101324.9999999808
0.3415915915915911 	300.0000000000131 	4.636217147280043e-12 	101324.9999999807
0.3440940940940935 	299.9999999998966 	6.658200810084603e-12 	101324.9999999805
0.3465965965965962 	300.0000000000614 	4.205290302053555e-12 	101324.9999999801
0.3490990990990985 	300.0000000000458 	5.275406952793057e-12 	101324.9999999798
0.3516016016016011 	299.9999999999715 	4.763371560061537e-12 	101324.9999999796
0.3541041041041035 	300.0000000000007 	4.411463506777021e-12 	101324.9999999799
0.3566066066066061 	299.9999999999109 	5.12418671047956e-12 	101324.9999999798
0.3591091091091085 	299.9999999998311 	2.749881285482437e-12 	101324.9999999799
0.3616116116116112 	299.9999999998887 	5.555488670548096e-12 	101324.9999999801
0.3641141141141137 	299.9999999998683 	2.149330249154911e-12 	101324.9999999801
0.3666166166166161 	299.9999999998442 	6.440682818808098e-12 	101324.99999998
0.3691191191191185 	300.0000000000734 	1.499232241377045e-12 	101324.9999999798
0.371621621621621 	300.0000000000172 	6.268459480985004e-12 	101324.9999999798
0.3741241241241237 	300.0000000000851 	1.042873774131538e-12 	101324.9999999796
0.3766266266266261 	300.0000000000578 	6.0905776357515e-12 	101324.9999999794
0.3791291291291286 	299.9999999999739 	2.374551780142226e-12 	101324.9999999796
0.3816316316316311 	299.9999999998306 	5.773844852521574e-12 	101324.9999999797
0.3841341341341336 	300.0000000000086 	2.271057803086091e-12 	101324.99999998
0.3866366366366362 	299.9999999999846 	5.505026353667466e-12 	101324.9999999803
0.3891391391391387 	299.9999999999146 	2.981647802668279e-12 	101324.9999999803
0.391641641641641 	299.999999999991 	5.730520261225405e-12 	101324.99999998
0.3941441441441436 	300.0000000000191 	3.506437046950371e-12 	101324.99999998
0.3966466466466462 	300.0000000000002 	5.995461663519373e-12 	101324.9999999798
0.3991491491491486 	299.9999999998963 	3.890325407031728e-12 	101324.9999999796
0.4016516516516512 	299.9999999998302 	5.900283817643038e-12 	101324.9999999797
0.4041541541541536 	299.9999999999071 	3.722658592797857e-12 	101324.9999999797
0.4066566566566561 	299.9999999998999 	6.268917823481016e-12 	101324.9999999798
0.4091591591591587 	299.9999999999889 	3.945358509591625e-12 	101324.99999998
0.4116616616616612 	300.0000000000077 	6.115769113827981e-12 	101324.9999999802
0.4141641641641635 	300.0000000000742 	5.796367252345686e-12 	101324.9999999803
0.4166666666666662 	299.9999999999999 	6.218283966446296e-12 	101324.99999998
0.4191691691691687 	299.9999999998854 	7.25311163812171e-12 	101324.9999999803
0.421671671671671 	300.0000000000131 	4.671702441076753e-12 	101324.9999999804
0.4241741741741737 	299.9999999999487 	8.383353078295155e-12 	101324.9999999806
0.4266766766766761 	299.9999999998986 	3.718518435246803e-12 	101324.9999999807
0.4291791791791785 	300.0000000000426 	9.256805382295242e-12 	101324.9999999809
0.4316816816816812 	300.0000000000379 	2.842017911074343e-12 	101324.9999999809
0.4341841841841836 	299.9999999999789 	9.789295660263387e-12 	101324.9999999811
0.4366866866866862 	299.9999999998381 	4.210436451193921e-12 	101324.9999999813
0.4391891891891885 	299.9999999999783 	8.729112285251214e-12 	101324.9999999814
0.4416916916916913 	299.9999999999739 	4.901199173038169e-12 	101324.9999999811
0.4441941941941936 	299.9999999999761 	7.852307770153721e-12 	101324.9999999809
0.4466966966966961 	299.9999999998294 	4.97399435544081e-12 	101324.9999999806
0.4491991991991987 	299.9999999999498 	6.496745514243727e-12 	101324.9999999804
0.4517017017017012 	299.9999999999458 	4.641254929948982e-12 	101324.9999999801
0.4542042042042035 	300.0000000000102 	5.562242948238406e-12 	101324.9999999797
0.4567067067067062 	299.9999999999985 	5.351020617966325e-12 	101324.9999999796
0.4592092092092087 	299.9999999998487 	6.211822483588464e-12 	101324.9999999797
0.4617117117117112 	300.0000000000391 	5.466948436824211e-12 	101324.9999999796
0.4642142142142137 	299.9999999999125 	5.923195322030483e-12 	101324.9999999795
0.4667167167167162 	299.999999999987 	5.344819033678546e-12 	101324.9999999798
0.4692192192192187 	299.9999999999116 	5.469771474012016e-12 	101324.9999999799
0.4717217217217212 	300.000000000026 	5.476983014289462e-12 	101324.99999998
0.4742242242242236 	299.9999999998912 	5.105173813090791e-12 	101324.9999999798
0.4767267267267262 	299.9999999999428 	4.289930182130573e-12 	101324.9999999795
0.4792292292292287 	300.0000000000394 	4.509172758448843e-12 	101324.9999999794
0.4817317317317312 	300.0000000000625 	5.517595216370107e-12 	101324.9999999791
0.4842342342342336 	299.9999999999782 	5.552840608673857e-12 	101324.9999999791
0.4867367367367362 	299.9999999999108 	6.152381631138075e-12 	101324.999999979
0.4892392392392387 	300.0000000000506 	5.188767029378932e-12 	101324.9999999791
0.4917417417417412 	300.0000000000264 	6.752402215116608e-12 	101324.999999979
0.4942442442442437 	299.9999999998192 	5.170893747332338e-12 	101324.9999999793
0.4967467467467462 	299.9999999998392 	7.029960613349456e-12 	101324.9999999794
0.4992492492492487 	299.9999999998203 	4.237120872211111e-12 	101324.9999999797
0.5017517517517511 	299.9999999998986 	5.441296071465572e-12 	101324.9999999799
0.5042542542542537 	299.999999999939 	5.133896367296493e-12 	101324.99999998
0.5067567567567562 	299.9999999998901 	5.930857217482816e-12 	101324.9999999802
0.5092592592592589 	299.9999999999209 	7.209672296435787e-12 	101324.99999998
0.5117617617617611 	299.9999999999238 	5.977195781478652e-12 	101324.99999998
0.5142642642642637 	299.9999999999785 	8.411965087981093e-12 	101324.9999999798
0.5167667667667663 	299.9999999999453 	4.908218483206851e-12 	101324.9999999796
0.5192692692692688 	299.9999999998367 	9.384724017049352e-12 	101324.9999999795
0.5217717717717714 	299.9999999999027 	3.469271819566224e-12 	101324.9999999793
0.5242742742742736 	299.9999999999023 	9.371982457411129e-12 	101324.9999999791
0.5267767767767763 	299.9999999999171 	3.975197425525454e-12 	101324.9999999789
0.5292792792792789 	299.9999999998867 	9.137087503409512e-12 	101324.9999999789
0.5317817817817813 	299.999999999828 	4.705874451596584e-12 	101324.9999999791
0.5342842842842837 	300.0000000000258 	7.395292105501744e-12 	101324.9999999792
0.5367867867867864 	299.9999999999948 	4.316619950820757e-12 	101324.9999999794
0.5392892892892888 	299.9999999999058 	7.00431425725887e-12 	101324.9999999792
0.5417917917917912 	299.9999999999872 	4.961721257343259e-12 	101324.9999999791
0.5442942942942938 	299.9999999999692 	6.831990400237355e-12 	101324.9999999789
0.5467967967967964 	299.9999999999329 	4.990521391224884e-12 	101324.9999999788
0.5492992992992988 	299.9999999999107 	6.548113799548997e-12 	101324.999999979
0.5518018018018012 	299.9999999998872 	4.948311736083493e-12 	101324.9999999789
0.5543043043043039 	300.0000000000246 	6.262822081337119e-12 	101324.9999999788
0.5568068068068063 	299.9999999999708 	4.846134563559984e-12 	101324.999999979
0.5593093093093087 	299.999999999817 	5.966549190193145e-12 	101324.9999999789
0.5618118118118114 	299.9999999999152 	4.033017899171056e-12 	101324.9999999789
0.5643143143143137 	299.9999999998842 	5.657564694895014e-12 	101324.9999999787
0.5668168168168163 	299.999999999973 	5.119630376984981e-12 	101324.9999999788
0.5693193193193188 	300.0000000000487 	5.62919358091435e-12 	101324.9999999788
0.5718218218218213 	300.0000000000413 	6.694859713927423e-12 	101324.9999999788
0.5743243243243239 	300.0000000000118 	5.368785968759917e-12 	101324.9999999787
0.5768268268268262 	300.0000000000005 	8.073341458954759e-12 	101324.9999999784
0.5793293293293288 	299.9999999998965 	4.969806408615344e-12 	101324.9999999782
0.5818318318318314 	299.9999999998488 	9.099831578938979e-12 	101324.9999999781
0.5843343343343338 	299.9999999999716 	2.836524382568345e-12 	101324.9999999779
0.5868368368368363 	299.9999999999558 	7.445772586905387e-12 	101324.9999999779
0.5893393393393387 	299.9999999998885 	2.49962983437751e-12 	101324.9999999781
0.5918418418418413 	299.9999999998866 	6.741019653512594e-12 	101324.9999999782
0.5943443443443439 	300.0000000000198 	3.405993415798525e-12 	101324.9999999782
0.5968468468468463 	300.0000000000285 	7.322037503143397e-12 	101324.9999999783
0.5993493493493487 	300.0000000000612 	5.40625317317367e-12 	101324.9999999783
0.6018518518518514 	299.9999999999654 	8.252967565939297e-12 	101324.9999999788
0.6043543543543537 	299.9999999999995 	6.175362735046898e-12 	101324.9999999789
0.6068568568568564 	299.9999999999725 	8.598864180005587e-12 	101324.9999999791
0.6093593593593587 	299.9999999998662 	7.265280286201032e-12 	101324.9999999793
0.6118618618618614 	299.9999999998508 	9.288828646658459e-12 	101324.9999999794
0.6143643643643638 	300.0000000000298 	8.265252592015137e-12 	101324.9999999793
0.6168668668668662 	299.9999999999908 	1.068177862905648e-11 	101324.9999999795
0.6193693693693688 	299.9999999999259 	8.389656230669322e-12 	101324.9999999797
0.6218718718718714 	299.9999999999395 	9.944310631607777e-12 	101324.9999999794
0.6243743743743737 	299.9999999998651 	7.030277283570664e-12 	101324.9999999791
0.6268768768768762 	299.9999999998486 	8.033752988745032e-12 	101324.9999999792
0.629379379379379 	299.9999999999209 	6.146883360969164e-12 	101324.9999999792
0.6318818818818812 	299.9999999999644 	6.122035868866277e-12 	101324.999999979
0.6343843843843838 	300.0000000000281 	6.791087981005185e-12 	101324.9999999787
0.6368868868868864 	299.9999999999661 	5.913772447796959e-12 	101324.9999999785
0.6393893893893888 	299.9999999998495 	8.637373388731754e-12 	101324.9999999786
0.6418918918918912 	299.9999999999952 	5.107559391213667e-12 	101324.9999999787
0.6443943943943939 	299.9999999999341 	1.005338960633175e-11 	101324.9999999787
0.6468968968968963 	299.9999999999557 	3.927610451520625e-12 	101324.9999999788
0.6493993993993988 	299.9999999999429 	9.658967281992608e-12 	101324.9999999787
0.6519019019019012 	299.9999999999598 	4.907750952857479e-12 	101324.9999999786
0.6544044044044038 	299.9999999998169 	1.00392924984262e-11 	101324.9999999787
0.6569069069069065 	299.9999999998956 	5.966836713565047e-12 	101324.9999999785
0.6594094094094087 	299.9999999999129 	9.962703033263889e-12 	101324.9999999786
0.6619119119119113 	299.999999999911 	6.412462365644696e-12 	101324.9999999789
0.664414414414414 	300.0000000000074 	9.519829485507867e-12 	101324.9999999789
0.6669169169169162 	300.0000000000273 	7.118590914343781e-12 	101324.9999999791
0.6694194194194188 	299.9999999999617 	9.256729384968629e-12 	101324.9999999789
0.6719219219219214 	299.9999999998445 	7.293776720340842e-12 	101324.999999979
0.674424424424424 	299.9999999999437 	9.1721630376013e-12 	101324.9999999791
0.6769269269269262 	299.9999999998444 	7.407479945071518e-12 	101324.9999999795
0.679429429429429 	300.0000000000063 	8.852493277453517e-12 	101324.9999999796
0.6819319319319311 	299.9999999999703 	7.664652661954626e-12 	101324.9999999794
0.6844344344344341 	299.9999999999978 	9.36383044989183e-12 	101324.9999999791
0.686936936936936 	299.9999999999907 	7.780828968878499e-12 	101324.9999999792
0.6894394394394392 	299.9999999999852 	9.47169195427115e-12 	101324.9999999791
0.6919419419419413 	299.9999999999727 	8.75005413526398e-12 	101324.9999999791
0.694444444444444 	299.9999999998428 	8.070237348590884e-12 	101324.9999999793
0.6969469469469463 	299.9999999998419 	7.181681283590125e-12 	101324.9999999794
0.6994494494494489 	299.9999999998446 	5.495759582842053e-12 	101324.9999999793
0.7019519519519515 	299.999999999955 	7.324317044318642e-12 	101324.9999999794
0.7044544544544538 	299.9999999999017 	5.820398747940351e-12 	101324.9999999794
0.7069569569569564 	299.9999999999977 	9.34388008606926e-12 	101324.9999999794
0.7094594594594589 	299.9999999999375 	6.170587431352936e-12 	101324.9999999795
0.7119619619619615 	299.9999999998378 	9.694222715534737e-12 	101324.9999999794
0.7144644644644638 	299.9999999999058 	6.566632095011426e-12 	101324.9999999795
0.7169669669669665 	299.999999999847 	8.791909443190578e-12 	101324.9999999793
0.7194694694694688 	299.9999999999807 	7.552795094569689e-12 	101324.9999999788
0.7219719719719715 	299.9999999999693 	9.603951251424246e-12 	101324.9999999787
0.7244744744744737 	300.0000000000102 	8.909274095393178e-12 	101324.9999999789
0.7269769769769764 	299.999999999997 	9.089533104225599e-12 	101324.9999999792
0.7294794794794791 	299.9999999999771 	1.007107165747439e-11 	101324.9999999792
0.7319819819819813 	299.9999999999473 	8.301333423907449e-12 	101324.9999999791
0.7344844844844839 	299.9999999998299 	9.795650500199786e-12 	101324.9999999791
0.7369869869869864 	299.9999999998903 	8.53712513458251e-12 	101324.9999999792
0.739489489489489 	299.9999999998809 	8.655750324845992e-12 	101324.9999999793
0.7419919919919914 	299.9999999998512 	8.699421293583035e-12 	101324.9999999792
0.7444944944944939 	299.9999999999555 	7.539572821323706e-12 	101324.9999999791
0.7469969969969963 	299.9999999999432 	9.685024846099846e-12 	101324.9999999791
0.7494994994994989 	299.9999999998743 	6.420891008448153e-12 	101324.9999999791
0.7520020020020015 	299.9999999999373 	9.991411441977062e-12 	101324.999999979
0.7545045045045039 	299.9999999999308 	5.742681057245378e-12 	101324.9999999789
0.7570070070070062 	299.999999999882 	8.695728954241304e-12 	101324.999999979
0.7595095095095092 	299.9999999998641 	5.374981217454974e-12 	101324.999999979
0.7620120120120112 	300.0000000000045 	6.607030278260694e-12 	101324.9999999788
0.7645145145145138 	299.9999999999639 	6.015301650257313e-12 	101324.9999999788
0.7670170170170165 	299.9999999998593 	6.003965667449613e-12 	101324.9999999789
0.7695195195195191 	299.9999999998558 	6.56313258279644e-12 	101324.9999999791
0.7720220220220213 	299.999999999872 	4.318632821217566e-12 	101324.9999999791
0.7745245245245239 	299.9999999998493 	6.429214027558784e-12 	101324.999999979
0.7770270270270263 	299.9999999999283 	4.822357155351354e-12 	101324.999999979
0.779529529529529 	299.9999999999558 	6.179901500947265e-12 	101324.9999999789
0.7820320320320313 	299.9999999999283 	5.7860267197788e-12 	101324.9999999792
0.784534534534534 	299.9999999999994 	6.991935487321117e-12 	101324.9999999792
0.7870370370370364 	299.9999999999754 	7.933957441277707e-12 	101324.9999999789
0.7895395395395389 	299.9999999999443 	7.457467575417355e-12 	101324.9999999788
0.7920420420420413 	299.9999999999515 	8.854810873863415e-12 	101324.9999999789
0.794544544544544 	299.9999999999432 	7.698816646735278e-12 	101324.999999979
0.7970470470470463 	299.9999999999969 	1.038155745376586e-11 	101324.9999999792
0.799549549549549 	299.9999999999649 	7.113118458518258e-12 	101324.9999999793
0.8020520520520515 	299.9999999999591 	9.794690321958389e-12 	101324.9999999793
0.8045545545545539 	299.9999999998895 	7.411194766532297e-12 	101324.9999999793
0.8070570570570563 	299.9999999999543 	8.528930459386582e-12 	101324.9999999795
0.8095595595595589 	299.9999999999106 	7.507965279869229e-12 	101324.9999999794
0.8120620620620614 	299.9999999998827 	7.699861826992963e-12 	101324.9999999792
0.8145645645645638 	299.9999999999991 	7.526705083866301e-12 	101324.9999999789
0.8170670670670666 	299.9999999999939 	6.692764771475685e-12 	101324.9999999786
0.8195695695695689 	299.9999999999514 	8.05324044217062e-12 	101324.9999999785
0.8220720720720714 	299.9999999998799 	4.824634314898475e-12 	101324.999999978
0.8245745745745739 	299.9999999999752 	6.430831467804462e-12 	101324.9999999779
0.8270770770770765 	299.9999999999447 	3.847252477000067e-12 	101324.9999999777
0.8295795795795788 	299.999999999906 	4.946059963750665e-12 	101324.9999999776
0.8320820820820815 	300.0000000000234 	4.036653010821497e-12 	101324.9999999776
0.834584584584584 	300.0000000000058 	5.418909951927775e-12 	101324.9999999778
0.8370870870870865 	299.9999999999284 	5.447725227317767e-12 	101324.9999999777
0.8395895895895891 	299.9999999998638 	4.546663468943068e-12 	101324.9999999776
0.8420920920920915 	299.9999999999019 	4.383748537863354e-12 	101324.9999999777
0.844594594594594 	299.9999999998838 	4.747391193601679e-12 	101324.9999999777
0.8470970970970964 	299.9999999998934 	5.397173027544357e-12 	101324.9999999778
0.8495995995995991 	299.9999999999804 	6.36876437241613e-12 	101324.9999999781
0.8521021021021015 	299.9999999999594 	5.939770555437399e-12 	101324.9999999782
0.8546046046046039 	299.9999999999436 	6.842629633493005e-12 	101324.9999999782
0.8571071071071066 	299.9999999999942 	5.364305741928067e-12 	101324.9999999782
0.8596096096096089 	299.9999999999343 	7.236131013968635e-12 	101324.9999999782
0.8621121121121116 	299.9999999998707 	4.194305842813664e-12 	101324.9999999781
0.8646146146146139 	299.9999999999837 	6.993415777644727e-12 	101324.9999999778
0.8671171171171166 	299.9999999999332 	5.574880735623507e-12 	101324.9999999776
0.8696196196196189 	299.9999999998764 	6.654456864147121e-12 	101324.9999999775
0.8721221221221216 	299.9999999999632 	5.545176970953965e-12 	101324.9999999777
0.874624624624624 	299.9999999999914 	5.994839848613475e-12 	101324.999999978
0.8771271271271264 	299.9999999999897 	6.323303678388641e-12 	101324.9999999781
0.879629629629629 	300.0000000000227 	6.301114397951027e-12 	101324.9999999781
0.8821321321321317 	299.9999999999691 	8.31402924046014e-12 	101324.9999999781
0.8846346346346339 	299.9999999998503 	6.017222541547025e-12 	101324.9999999782
0.8871371371371364 	299.9999999999005 	8.310392280740234e-12 	101324.9999999782
0.8896396396396391 	299.9999999999118 	6.245466104705101e-12 	101324.9999999782
0.8921421421421414 	299.9999999999243 	7.522577081733623e-12 	101324.9999999782
0.8946446446446441 	299.999999999967 	6.277843217237357e-12 	101324.9999999782
0.8971471471471464 	300.0000000000022 	6.445172193100564e-12 	101324.9999999782
0.8996496496496489 	299.999999999965 	5.843661045638809e-12 	101324.9999999783
0.9021521521521517 	299.9999999999358 	5.339268631503425e-12 	101324.9999999784
0.9046546546546541 	299.9999999999875 	6.216952491607944e-12 	101324.9999999783
0.9071571571571564 	299.9999999999054 	5.880476582471937e-12 	101324.9999999783
0.9096596596596589 	299.9999999998938 	5.393972091561147e-12 	101324.9999999783
0.9121621621621616 	300.000000000007 	5.340632179574656e-12 	101324.9999999782
0.9146646646646639 	299.9999999999504 	5.246291402258382e-12 	101324.9999999782
0.9171671671671666 	299.9999999998956 	5.956502912930929e-12 	101324.9999999781
0.9196696696696689 	299.9999999999926 	5.060801570281732e-12 	101324.9999999779
0.9221721721721714 	299.9999999999821 	6.827710225829633e-12 	101324.9999999779
0.9246746746746741 	299.9999999998844 	4.492069938470346e-12 	101324.9999999781
0.9271771771771765 	299.9999999999101 	6.753426725496251e-12 	101324.9999999783
0.9296796796796791 	299.999999999977 	4.967954998618717e-12 	101324.9999999783
0.9321821821821816 	299.9999999999247 	6.510462883171775e-12 	101324.9999999783
0.9346846846846838 	299.9999999998922 	5.495813679503045e-12 	101324.9999999784
0.9371871871871866 	300.0000000000048 	5.860737659370948e-12 	101324.9999999784
0.9396896896896891 	299.9999999999948 	5.722004545892083e-12 	101324.9999999784
0.9421921921921914 	299.9999999999857 	5.210629620885121e-12 	101324.9999999785
0.9446946946946939 	299.9999999999316 	6.108188757999677e-12 	101324.9999999784
0.9471971971971965 	299.9999999998573 	4.363884527358083e-12 	101324.9999999782
0.9496996996996991 	299.9999999999271 	6.628738189864956e-12 	101324.9999999782
0.9522022022022016 	299.9999999999591 	5.033641090566953e-12 	101324.9999999785
0.9547047047047038 	299.9999999999544 	6.160590900052238e-12 	101324.9999999784
0.9572072072072064 	299.9999999999198 	4.790226652425079e-12 	101324.9999999782
0.9597097097097093 	299.9999999999233 	5.35660805813683e-12 	101324.9999999781
0.9622122122122114 	299.9999999999201 	4.998616776999072e-12 	101324.999999978
0.964714714714714 	299.999999999906 	4.560293731767586e-12 	101324.9999999778
0.9672172172172167 	299.9999999999034 	4.866737470397898e-12 	101324.999999978
0.969719719719719 	299.9999999999599 	4.927125258980121e-12 	101324.9999999783
0.9722222222222214 	299.9999999999591 	5.33177561396839e-12 	101324.9999999784
0.9747247247247239 	299.9999999999477 	5.745516477173899e-12 	101324.9999999783
0.9772272272272267 	300.0000000000068 	5.184483678772983e-12 	101324.9999999785
0.9797297297297292 	299.9999999999709 	6.060369223834879e-12 	101324.9999999787
0.9822322322322313 	299.9999999999649 	5.031301427797606e-12 	101324.9999999786
0.9847347347347344 	299.9999999999559 	7.111179547286323e-12 	101324.9999999784
0.9872372372372363 	299.9999999998782 	5.23312220932767e-12 	101324.9999999784
0.9897397397397389 	299.9999999999064 	7.600081799238875e-12 	101324.9999999785
0.9922422422422417 	299.999999999886 	5.599303354266998e-12 	101324.9999999787
0.9947447447447441 	299.9999999999318 	7.233600080855296e-12 	101324.9999999787
0.9972472472472468 	299.9999999999259 	6.853435576884566e-12 	101324.9999999786
0.999749749749749 	299.9999999999285 	7.665939471949286e-12 	101324.9999999785
1.002252252252252 	299.9999999999686 	7.288796459581e-12 	101324.9999999785
1.004754754754754 	299.9999999999788 	7.193029812926674e-12 	101324.9999999784
1.007257257257256 	299.9999999999397 	7.795096291832111e-12 	101324.9999999784
1.009759759759759 	299.9999999999146 	5.803282856097967e-12 	101324.9999999783
1.012262262262261 	299.9999999999316 	7.247768598247465e-12 	101324.9999999781
1.014764764764764 	299.9999999998675 	5.722946102601574e-12 	101324.9999999781
1.017267267267267 	299.9999999998442 	6.939633278502232e-12 	101324.999999978
1.019769769769769 	299.9999999999529 	6.123762237315265e-12 	101324.9999999781
1.022272272272272 	299.9999999999705 	6.969538374070207e-12 	101324.9999999783
1.024774774774774 	299.9999999999585 	6.814160120554189e-12 	101324.9999999784
1.027277277277277 	299.9999999999584 	6.344670114581635e-12 	101324.9999999783
1.029779779779779 	300.0000000000262 	6.469220003974946e-12 	101324.9999999783
1.032282282282282 	300.0000000000246 	6.308306814941788e-12 	101324.9999999782
1.034784784784784 	299.9999999999966 	6.407788865141481e-12 	101324.999999978
1.037287287287286 	299.9999999999371 	6.528599512758823e-12 	101324.999999978
1.039789789789789 	299.9999999999487 	6.021640629253956e-12 	101324.9999999779
1.042292292292291 	300.0000000000064 	6.14446235974069e-12 	101324.999999978
1.044794794794794 	300.0000000000357 	5.93928150702343e-12 	101324.9999999781
1.047297297297296 	300.0000000000663 	7.313932169268916e-12 	101324.999999978
1.049799799799799 	299.9999999999773 	5.714230647249556e-12 	101324.999999978
1.052302302302302 	299.9999999999105 	7.882180386260764e-12 	101324.9999999779
1.054804804804804 	299.9999999998701 	6.61156414351977e-12 	101324.9999999777
1.057307307307306 	299.999999999839 	7.792671446061532e-12 	101324.9999999776
1.059809809809809 	299.9999999999116 	6.658500524180621e-12 	101324.9999999776
1.062312312312312 	299.9999999999169 	7.59500042406812e-12 	101324.9999999776
1.064814814814814 	299.9999999999199 	7.191793678526797e-12 	101324.9999999776
1.067317317317317 	299.9999999998635 	7.985506962398099e-12 	101324.9999999779
1.069819819819819 	299.9999999998538 	8.378140512410887e-12 	101324.9999999781
1.072322322322321 	299.9999999999703 	6.894758576404247e-12 	101324.9999999781
1.074824824824824 	300.0000000000002 	7.988555003230824e-12 	101324.999999978
1.077327327327327 	300.0000000000338 	7.211345333443758e-12 	101324.9999999779
1.079829829829829 	300.0000000000572 	8.251285357372213e-12 	101324.9999999778
1.082332332332332 	300.0000000000031 	8.279808621033935e-12 	101324.9999999777
1.084834834834834 	299.9999999999521 	8.512509002446615e-12 	101324.9999999778
1.087337337337337 	299.9999999998687 	8.754471127098086e-12 	101324.9999999777
1.089839839839839 	299.9999999998608 	7.182130916659877e-12 	101324.9999999774
1.092342342342342 	299.9999999999333 	8.196710570702241e-12 	101324.9999999773
1.094844844844844 	299.9999999999332 	7.217050416958258e-12 	101324.9999999773
1.097347347347347 	299.9999999998779 	9.831656107624488e-12 	101324.9999999774
1.099849849849849 	299.9999999998476 	7.843844640321158e-12 	101324.9999999776
1.102352352352352 	299.999999999903 	1.002241677915553e-11 	101324.9999999777
1.104854854854854 	299.9999999999502 	8.199661828426081e-12 	101324.9999999777
1.107357357357357 	299.9999999999219 	1.007643408825023e-11 	101324.9999999779
1.109859859859859 	299.9999999998967 	8.610019147602766e-12 	101324.9999999779
1.112362362362362 	300.000000000021 	9.506925176807113e-12 	101324.9999999779
1.114864864864865 	300.0000000000226 	8.401979203159575e-12 	101324.9999999778
1.117367367367367 	299.9999999999269 	7.762180391580097e-12 	101324.9999999775
1.119869869869869 	299.9999999998577 	8.207887593199274e-12 	101324.9999999772
1.122372372372372 	299.999999999918 	7.245668235859927e-12 	101324.9999999769
1.124874874874874 	299.9999999999101 	7.645552571164494e-12 	101324.9999999767
1.127377377377377 	299.9999999999293 	6.644313517418436e-12 	101324.9999999767
1.129879879879879 	300.0000000000249 	6.790104194649774e-12 	101324.9999999765
1.132382382382382 	300.0000000000422 	6.526397484205356e-12 	101324.9999999765
1.134884884884884 	299.9999999999954 	6.511987119766051e-12 	101324.9999999766
1.137387387387387 	300.0000000000202 	6.592757640892649e-12 	101324.9999999767
1.139889889889889 	299.9999999999151 	5.55153702887486e-12 	101324.9999999769
1.142392392392392 	299.9999999998861 	6.528222355816294e-12 	101324.9999999769
1.144894894894894 	299.9999999999998 	5.204834925105141e-12 	101324.9999999767
1.147397397397397 	299.9999999999702 	6.239076583389285e-12 	101324.9999999767
1.149899899899899 	299.9999999998609 	5.256419543320421e-12 	101324.9999999767
1.152402402402402 	299.9999999998391 	5.92649893793918e-12 	101324.9999999767
1.154904904904904 	299.9999999999147 	5.309122161925934e-12 	101324.9999999766
1.157407407407407 	299.999999999917 	5.821778527176985e-12 	101324.9999999767
1.159909909909909 	299.9999999998631 	5.90915205815935e-12 	101324.9999999769
1.162412412412412 	299.9999999998437 	5.412771894647467e-12 	101324.999999977
1.164914914914914 	299.9999999998995 	7.212490169623837e-12 	101324.9999999772
1.167417417417417 	299.9999999999206 	6.668529764383974e-12 	101324.9999999771
1.169919919919919 	300.000000000009 	8.062604000257854e-12 	101324.9999999768
1.172422422422422 	300.0000000000559 	7.927979693696143e-12 	101324.9999999767
1.174924924924925 	299.9999999999565 	9.504280025942869e-12 	101324.9999999766
1.177427427427427 	299.9999999999071 	9.448415572432214e-12 	101324.9999999768
1.179929929929929 	299.9999999999981 	9.177113240230466e-12 	101324.9999999769
1.182432432432432 	300.0000000000468 	1.076636613613908e-11 	101324.9999999771
1.184934934934934 	299.9999999999936 	9.900622558960649e-12 	101324.9999999773
1.187437437437437 	299.9999999999491 	1.068385809995119e-11 	101324.9999999773
1.189939939939939 	299.9999999999305 	9.796724138516596e-12 	101324.9999999772
1.192442442442442 	299.9999999998536 	1.050950823429163e-11 	101324.999999977
1.194944944944944 	299.999999999856 	9.130477933406981e-12 	101324.9999999769
1.197447447447447 	299.9999999999672 	9.103753177153861e-12 	101324.9999999768
1.199949949949949 	299.9999999999935 	8.875562157975389e-12 	101324.9999999769
1.202452452452452 	299.9999999998954 	7.94071870306258e-12 	101324.999999977
1.204954954954955 	299.9999999998869 	9.23684678886054e-12 	101324.9999999772
1.207457457457457 	299.9999999999374 	8.802984709430194e-12 	101324.9999999773
1.20995995995996 	299.9999999999266 	1.065392008666171e-11 	101324.9999999774
1.212462462462462 	299.9999999999487 	1.026941317808224e-11 	101324.9999999774
1.214964964964964 	299.9999999999551 	1.114618563419498e-11 	101324.9999999774
1.217467467467467 	299.9999999999785 	1.001073574378597e-11 	101324.9999999771
1.219969969969969 	299.9999999999324 	1.063604538923375e-11 	101324.9999999767
1.222472472472472 	299.9999999999982 	9.462261440786663e-12 	101324.9999999764
1.224974974974975 	300.0000000000724 	8.6619643320772e-12 	101324.9999999763
1.227477477477477 	299.9999999999748 	9.403228110863024e-12 	101324.9999999764
1.229979979979979 	299.9999999999433 	7.752771984889743e-12 	101324.9999999764
1.232482482482482 	299.9999999998955 	8.689328946770293e-12 	101324.9999999765
1.234984984984984 	299.9999999998981 	7.689501849217582e-12 	101324.9999999765
1.237487487487487 	299.9999999999405 	9.113222162995672e-12 	101324.9999999763
1.239989989989989 	299.9999999999424 	8.289070919090992e-12 	101324.9999999763
1.242492492492492 	299.9999999999987 	7.562231601800455e-12 	101324.9999999761
1.244994994994994 	299.9999999999562 	8.683657424821752e-12 	101324.9999999761
1.247497497497497 	299.999999999976 	7.681474831708235e-12 	101324.9999999763
1.249999999999999 	300.0000000000385 	8.70458496855311e-12 	101324.9999999763
