-1.25 	300 	0.0304711756272339 	101312.5655056417
-1.247497497497497 	299.9872216960974 	0.03170507107044062 	101311.9084616634
-1.244994994994995 	299.9883585321439 	0.03380259531078985 	101311.2590024646
-1.242492492492492 	299.9878258561252 	0.0353301052999211 	101310.6070931999
-1.23998998998999 	299.9872758917743 	0.03683280169023753 	101309.9581225554
-1.237487487487487 	299.9867292330445 	0.03845949330242799 	101309.3119521943
-1.234984984984985 	299.9861850781376 	0.04003121213668198 	101308.6687389677
-1.232482482482482 	299.9856435481378 	0.04159620437511947 	101308.0286312426
-1.22997997997998 	299.9851046813315 	0.04315518896646121 	101307.3916746863
-1.227477477477477 	299.984568648501 	0.04470933040526373 	101306.7580707388
-1.224974974974975 	299.9840356444449 	0.04625536602490531 	101306.1280501528
-1.222472472472472 	299.9835056711633 	0.04779181029933566 	101305.5016141404
-1.21996996996997 	299.9829785937737 	0.04931661085311154 	101304.8786043228
-1.217467467467467 	299.9824543847715 	0.05083220376002518 	101304.2589875321
-1.214964964964965 	299.9819332636549 	0.05234549423646284 	101303.6430236592
-1.212462462462462 	299.9814155490229 	0.05384753942484903 	101303.0310894739
-1.20995995995996 	299.9809013597514 	0.05533668413547943 	101302.423324318
-1.207457457457457 	299.9803906377931 	0.05681219283869644 	101301.8196605421
-1.204954954954955 	299.9798834729055 	0.05827726025322501 	101301.2202037675
-1.202452452452452 	299.9793801524409 	0.05973895456479006 	101300.6252938672
-1.19994994994995 	299.9788808574369 	0.06118882594014738 	101300.0351441477
-1.197447447447447 	299.978385473085 	0.06262508602249992 	101299.4496184638
-1.194944944944945 	299.9778938081699 	0.06404624245773001 	101298.8684919239
-1.192442442442442 	299.9774059777993 	0.06545560578028346 	101298.2918999657
-1.18993993993994 	299.9769223826563 	0.0668598865135282 	101297.7203170029
-1.187437437437437 	299.9764432560474 	0.06825080290762611 	101297.1540183282
-1.184934934934935 	299.9759684729911 	0.06962668023309297 	101296.592855373
-1.182432432432432 	299.9754979163666 	0.07098804203520653 	101296.0366901084
-1.17992992992993 	299.9750317995822 	0.07233604003378304 	101295.4857743441
-1.177427427427427 	299.9745704735104 	0.07367365521183299 	101294.9405237206
-1.174924924924925 	299.9741140315973 	0.07499751843729555 	101294.4010479491
-1.172422422422422 	299.9736622821265 	0.07630717899133181 	101293.8671190139
-1.16991991991992 	299.9732151528059 	0.07760158443788528 	101293.338651977
-1.167417417417417 	299.972772908277 	0.07888149349282025 	101292.8159611934
-1.164914914914915 	299.9723358340537 	0.08014833806613374 	101292.2993862396
-1.162412412412412 	299.9719039333026 	0.08140021950076907 	101291.7889292425
-1.15990990990991 	299.9714770847974 	0.08263727104809571 	101291.2844429495
-1.157407407407407 	299.9710553634415 	0.08385806575574783 	101290.7860138837
-1.154904904904904 	299.9706390549467 	0.08506321414765305 	101290.2939818085
-1.152402402402403 	299.9702283367449 	0.08625331589922876 	101289.8085617839
-1.1498998998999 	299.9698231088618 	0.08742743398158476 	101289.3296382156
-1.147397397397397 	299.9694232866831 	0.08858630003382183 	101288.8571094926
-1.144894894894895 	299.969029053219 	0.08972808775222307 	101288.3911868858
-1.142392392392392 	299.9686406385308 	0.09085311568975507 	101287.9321369156
-1.13988988988989 	299.9682580783679 	0.09196116404933102 	101287.4800004011
-1.137387387387387 	299.9678812997349 	0.09305227934890982 	101287.0346926314
-1.134884884884885 	299.9675103153082 	0.0941279299165888 	101286.5962321536
-1.132382382382382 	299.9671453142101 	0.09518542378718532 	101286.1648448548
-1.12987987987988 	299.9667864926386 	0.09622484778221468 	101285.7407634644
-1.127377377377377 	299.9664338360987 	0.09724509706084834 	101285.3239722383
-1.124874874874875 	299.9660872853337 	0.09824765015690998 	101284.9144010689
-1.122372372372372 	299.9657469488301 	0.09923538244085894 	101284.5121782087
-1.11986986986987 	299.9654129757756 	0.1002038472240178 	101284.1174788422
-1.117367367367367 	299.9650854521832 	0.1011528003933867 	101283.7304031013
-1.114864864864865 	299.9647643902833 	0.1020799873072783 	101283.3509659972
-1.112362362362362 	299.9644497183689 	0.1029892034794607 	101282.9790823919
-1.10985985985986 	299.9641414947997 	0.1038856298800705 	101282.6148220208
-1.107357357357357 	299.9638399362194 	0.1047613787345984 	101282.258439666
-1.104854854854855 	299.9635450974064 	0.1056155625101895 	101281.9099987173
-1.102352352352353 	299.9632569296086 	0.1064468832702575 	101281.5694427586
-1.09984984984985 	299.9629755196729 	0.1072593147593179 	101281.2368741218
-1.097347347347347 	299.9627009845091 	0.1080580176609126 	101280.9124316676
-1.094844844844845 	299.9624334209191 	0.1088352518588215 	101280.5962290395
-1.092342342342342 	299.9621728701487 	0.10959045071798 	101280.2883142816
-1.08983983983984 	299.9619192269041 	0.110323223377613 	101279.9885637861
-1.087337337337337 	299.9616724663015 	0.1110363888947404 	101279.6969480499
-1.084834834834835 	299.9614327403823 	0.1117335588383135 	101279.4136471881
-1.082332332332332 	299.9612001229071 	0.1124090384035589 	101279.1387473009
-1.07982982982983 	299.960974621558 	0.1130623268328635 	101278.8722574436
-1.077327327327327 	299.960756311671 	0.1136932927483707 	101278.6142672428
-1.074824824824825 	299.9605452915897 	0.114303209413532 	101278.364892261
-1.072322322322323 	299.9603416852249 	0.1148938341982725 	101278.1242794682
-1.06981981981982 	299.9601455377838 	0.1154628496260412 	101277.8924818714
-1.067317317317317 	299.9599567201896 	0.1160105409734681 	101277.6693468694
-1.064814814814815 	299.9597751638814 	0.1165362764304072 	101277.4547937711
-1.062312312312312 	299.9596009494509 	0.1170410223184966 	101277.2489174499
-1.05980980980981 	299.9594341220695 	0.1175254074688776 	101277.0517714228
-1.057307307307307 	299.9592746807418 	0.1179877457519852 	101276.8633543372
-1.054804804804805 	299.95912265256 	0.1184281240411446 	101276.6836981741
-1.052302302302302 	299.9589781485116 	0.1188453193929573 	101276.5129341127
-1.0497997997998 	299.9588413770257 	0.1192401881815753 	101276.3513084363
-1.047297297297297 	299.958712439955 	0.119613348114561 	101276.1989413994
-1.044794794794795 	299.9585912051303 	0.1199644945179786 	101276.055676509
-1.042292292292292 	299.958477542123 	0.1202945996109862 	101275.9213603773
-1.03978978978979 	299.9583714824129 	0.1206025218235804 	101275.7960301176
-1.037287287287287 	299.9582730714096 	0.1208887439119815 	101275.6797384153
-1.034784784784785 	299.958182260486 	0.1211526343509897 	101275.5724280044
-1.032282282282283 	299.9580989504842 	0.1213937183204146 	101275.4739823742
-1.02977977977978 	299.9580231664182 	0.1216127445983189 	101275.3844317033
-1.027277277277277 	299.9579551988489 	0.1218081151471946 	101275.3041180289
-1.024774774774775 	299.9578953153069 	0.1219807755052244 	101275.2333563545
-1.022272272272272 	299.9578434077347 	0.1221301349345439 	101275.1720207958
-1.01976976976977 	299.9577992180149 	0.1222573182578444 	101275.1198075887
-1.017267267267267 	299.957762705422 	0.1223642744232393 	101275.0766673668
-1.014764764764765 	299.9577340331787 	0.1224484893682188 	101275.0427900934
-1.012262262262262 	299.9577132743194 	0.1225103739766682 	101275.0182630814
-1.00975975975976 	299.9577001993771 	0.1225472370330117 	101275.0028190621
-1.007257257257257 	299.9576945241522 	0.122561554409003 	101274.9961231881
-1.004754754754755 	299.9576964340085 	0.1225568241330149 	101274.9983898079
-1.002252252252252 	299.9577064050794 	0.1225280270046473 	101275.0101775801
-0.9997497497497498 	299.9577245341179 	0.1224756837754593 	101275.031605497
-0.9972472472472473 	299.9577504821225 	0.1223973645389763 	101275.0622791765
-0.9947447447447449 	299.957784016186 	0.1222974341161133 	101275.1019227517
-0.9922422422422421 	299.9578253128823 	0.1221807203241641 	101275.1507369573
-0.9897397397397399 	299.9578746620797 	0.1220404557309566 	101275.2090577661
-0.9872372372372376 	299.9579319001149 	0.1218765467214904 	101275.2766976378
-0.9847347347347346 	299.9579965664823 	0.1216862914326112 	101275.3531240945
-0.9822322322322323 	299.9580686192073 	0.1214742060499347 	101275.4382914916
-0.9797297297297296 	299.958148451629 	0.1212452241243008 	101275.5326549869
-0.9772272272272275 	299.958236303067 	0.1209924378919981 	101275.6364824215
-0.9747247247247248 	299.958332043087 	0.1207159188519328 	101275.7496184352
-0.9722222222222224 	299.9584353010678 	0.1204154416781047 	101275.8716382822
-0.9697197197197196 	299.9585459813029 	0.1200928757180203 	101276.0024437864
-0.9672172172172175 	299.9586644743158 	0.1197506312979146 	101276.1424992419
-0.9647147147147147 	299.9587908672755 	0.1193861528324979 	101276.2918943299
-0.9622122122122124 	299.95892468738 	0.1189993750160005 	101276.4500534403
-0.9597097097097099 	299.9590658378666 	0.1185893574533399 	101276.6168552915
-0.9572072072072073 	299.9592145517543 	0.1181575571197174 	101276.7925843596
-0.9547047047047047 	299.9593708413655 	0.1177051708370063 	101276.9772736533
-0.9522022022022023 	299.9595347080964 	0.117230962264919 	101277.1709392298
-0.9496996996996998 	299.9597060337922 	0.1167351581943225 	101277.3734408051
-0.9471971971971973 	299.9598845737135 	0.116216647089738 	101277.5844736947
-0.9446946946946947 	299.9600705445677 	0.1156770434142744 	101277.8042750257
-0.9421921921921923 	299.9602641255822 	0.1151170472206313 	101278.0330454068
-0.93968968968969 	299.9604650383112 	0.1145354495971267 	101278.2704600737
-0.9371871871871872 	299.9606731579731 	0.113933046873082 	101278.5163874505
-0.9346846846846848 	299.9608884030548 	0.1133091943848736 	101278.7707472974
-0.9321821821821823 	299.9611107289584 	0.1126645137777764 	101279.0334975159
-0.9296796796796799 	299.961340407176 	0.1119991294431768 	101279.3049608148
-0.9271771771771771 	299.9615772791774 	0.111313147558598 	101279.584942305
-0.9246746746746748 	299.9618209179946 	0.1106073065566732 	101279.8729243938
-0.9221721721721724 	299.9620715716344 	0.1098804594696569 	101280.1691857596
-0.9196696696696698 	299.9623294957382 	0.1091333189358406 	101280.4740174028
-0.9171671671671672 	299.9625944192869 	0.1083655520983262 	101280.7870962536
-0.9146646646646649 	299.9628661391987 	0.1075782385424384 	101281.1081872166
-0.9121621621621623 	299.9631446161726 	0.1067723448246442 	101281.4372508149
-0.9096596596596597 	299.9634299372863 	0.1059456859023209 	101281.7743970344
-0.9071571571571573 	299.9637222084939 	0.1050994223131834 	101282.1197578236
-0.9046546546546547 	299.9640210448529 	0.1042331293094473 	101282.4728819042
-0.9021521521521524 	299.9643261711237 	0.1033483907689653 	101282.8334472415
-0.8996496496496498 	299.9646378539707 	0.1024465504544983 	101283.2017705562
-0.8971471471471473 	299.9649562702843 	0.1015245558504455 	101283.5780598824
-0.894644644644645 	299.9652811641752 	0.1005834685978298 	101283.9620135211
-0.892142142142142 	299.9656123902774 	0.0996211462460953 	101284.3534597143
-0.8896396396396397 	299.9659498978469 	0.09864171002331684 	101284.7523355781
-0.8871371371371374 	299.9662938272745 	0.09764818980414859 	101285.1588056507
-0.8846346346346349 	299.9666441321033 	0.09663482879100566 	101285.5728123245
-0.8821321321321324 	299.9670004650762 	0.09560321221262855 	101285.9939455544
-0.8796296296296297 	299.9673624392322 	0.09455109884729786 	101286.4217497719
-0.8771271271271271 	299.9677303054534 	0.09348345235246945 	101286.8565231038
-0.8746246246246248 	299.9681042423243 	0.09240356228421136 	101287.2984745484
-0.8721221221221224 	299.9684842827887 	0.0913040493172434 	101287.7476402427
-0.8696196196196196 	299.9688701748458 	0.0901863323525742 	101288.2037209177
-0.8671171171171175 	299.969261697459 	0.08904913755538826 	101288.6664551681
-0.8646146146146148 	299.9696587685949 	0.08789676704193664 	101289.135748121
-0.8621121121121121 	299.9700617110128 	0.08673231841738036 	101289.6119836579
-0.8596096096096097 	299.9704703586453 	0.08555021956071844 	101290.0949659302
-0.857107107107107 	299.9708842872851 	0.08435167409199915 	101290.584194592
-0.8546046046046049 	299.9713032031003 	0.08313694957279104 	101291.0793203417
-0.8521021021021022 	299.9717270853957 	0.08190823681948305 	101291.5803156172
-0.8495995995995997 	299.9721560373055 	0.08066653617538821 	101292.0873012082
-0.8470970970970974 	299.9725903326722 	0.07940897847385488 	101292.6006009975
-0.8445945945945946 	299.9730299863579 	0.07813529181180086 	101293.1202346557
-0.8420920920920922 	299.9734749123833 	0.07684472030365161 	101293.6461030823
-0.8395895895895897 	299.9739249362951 	0.07554040363345522 	101294.178001835
-0.8370870870870872 	299.9743794554367 	0.07422482564896186 	101294.7152180746
-0.8345845845845846 	299.9748380107123 	0.07289708975751537 	101295.2572086982
-0.8320820820820823 	299.9753009864869 	0.07155643258949072 	101295.8044272992
-0.8295795795795798 	299.9757690508106 	0.07020000665192951 	101296.3576609025
-0.8270770770770772 	299.9762424323683 	0.06882881591248581 	101296.9171781394
-0.8245745745745746 	299.9767204435431 	0.06744562533148887 	101297.4821665225
-0.8220720720720721 	299.9772015101594 	0.06605228859828366 	101298.0507665723
-0.8195695695695699 	299.9776850589632 	0.06464955562885837 	101298.6223030079
-0.817067067067067 	299.9781726432527 	0.06323432440469309 	101299.1986121999
-0.8145645645645651 	299.9786660214964 	0.06180449908828697 	101299.7817725958
-0.8120620620620621 	299.9791653634531 	0.0603593655641489 	101300.3719857984
-0.8095595595595597 	299.9796692245007 	0.05890195225378504 	101300.9675455458
-0.8070570570570572 	299.9801752557123 	0.05743690243664532 	101301.5656748633
-0.8045545545545546 	299.980682587752 	0.05596610014117621 	101302.1653452296
-0.8020520520520523 	299.9811923166278 	0.0544904683470531 	101302.7678513717
-0.7995495495495494 	299.9817055340122 	0.05300418755988408 	101303.3744821435
-0.7970470470470474 	299.9822233359392 	0.05150197574944382 	101303.9865316196
-0.7945445445445446 	299.9827470129425 	0.04998373760513584 	101304.6055266917
-0.7920420420420423 	299.9832756390778 	0.04845139327394667 	101305.2303741351
-0.7895395395395397 	299.9838070607598 	0.04691263734992059 	101305.8585288029
-0.7870370370370371 	299.9843393369879 	0.04537251472328457 	101306.4876964764
-0.7845345345345348 	299.9848707688175 	0.04383235314146915 	101307.1158695138
-0.7820320320320323 	299.9854027802886 	0.04228943297503625 	101307.7447305565
-0.7795295295295296 	299.9859393358206 	0.04073612387372554 	101308.3789657055
-0.7770270270270272 	299.9864815156384 	0.03916751774489567 	101309.0198519369
-0.7745245245245247 	299.9870288075332 	0.03757944359081437 	101309.6667832742
-0.7720220220220222 	299.9875803384794 	0.03598051152747683 	101310.3187285698
-0.7695195195195199 	299.9881338730982 	0.03437829772641023 	101310.9730453753
-0.767017017017017 	299.9886876316846 	0.03277394698664492 	101311.6276297166
-0.7645145145145147 	299.9892408890379 	0.03117378239482974 	101312.2816248433
-0.7620120120120122 	299.9897921711913 	0.02957298356260266 	101312.9332880648
-0.7595095095095097 	299.9903432444422 	0.02797260008333454 	101313.5847072852
-0.7570070070070072 	299.9908974919176 	0.02637072597158275 	101314.239882032
-0.7545045045045048 	299.9914561456096 	0.02475404196204731 	101314.9002682572
-0.7520020020020022 	299.9920196822961 	0.02312199107326178 	101315.5664297649
-0.7494994994994997 	299.9925877697166 	0.02147444966544875 	101316.2379734759
-0.7469969969969972 	299.9931586544261 	0.01981889255801999 	101316.9128269054
-0.7444944944944945 	299.9937310480256 	0.01816297524915105 	101317.5894675514
-0.7419919919919924 	299.9943037955717 	0.01650647824134121 	101318.2665297571
-0.7394894894894897 	299.9948742095892 	0.01485465331700976 	101318.9408365945
-0.7369869869869872 	299.9954414198857 	0.0132095341213826 	101319.6113588749
-0.7344844844844846 	299.9960060464097 	0.01157289770912417 	101320.2788297549
-0.7319819819819822 	299.9965695487556 	0.009941424585101296 	101320.9449748081
-0.7294794794794797 	299.997132897587 	0.008309825213814742 	101321.6109418255
-0.7269769769769773 	299.9976968938224 	0.006676644965621157 	101322.2776775423
-0.7244744744744747 	299.9982621869237 	0.00503676037664825 	101322.9459494148
-0.721971971971972 	299.9988309877354 	0.003387665428605072 	101323.618370758
-0.7194694694694695 	299.9994043941105 	0.001727979303569347 	101324.2962394908
-0.7169669669669674 	299.9999815745321 	0.0006594090365424107 	101324.9785731739
-0.7144644644644647 	300.0005599346745 	0.001617034211032357 	101325.6623050676
-0.711961961961962 	300.0011375560625 	0.00329006134909144 	101326.3451671634
-0.7094594594594597 	300.0017139647966 	0.004959823296567968 	101327.0265989703
-0.7069569569569573 	300.0022891756964 	0.00662615224226906 	101327.7066172811
-0.7044544544544545 	300.0028632593994 	0.008289220520272282 	101328.3853056567
-0.7019519519519523 	300.0034362784763 	0.009949200154407367 	101329.062738539
-0.6994494494494495 	300.0040082684911 	0.01160619223369309 	101329.7389584902
-0.6969469469469471 	300.0045792352516 	0.01326021319602952 	101330.4139725767
-0.6944444444444446 	300.0051491576182 	0.01491120136061988 	101331.0877553912
-0.6919419419419421 	300.0057179919067 	0.01655902958558628 	101331.7602546287
-0.6894394394394396 	300.0062856763479 	0.01820351991670451 	101332.4313970445
-0.6869369369369374 	300.0068521361715 	0.01984445698168359 	101333.1010938902
-0.6844344344344344 	300.0074172865073 	0.02148159811829824 	101333.7692455667
-0.6819319319319321 	300.0079810364391 	0.0231146819646724 	101334.4357452083
-0.6794294294294296 	300.008543291233 	0.02474343471648292 	101335.1004811633
-0.6769269269269272 	300.0091039538926 	0.02636757460040798 	101335.7633385441
-0.6744244244244245 	300.0096629260277 	0.02798681588299384 	101336.4242003138
-0.6719219219219222 	300.0102201081344 	0.02960087002891348 	101337.0829483815
-0.6694194194194195 	300.0107754007859 	0.03120944625040576 	101337.7394643463
-0.6669169169169172 	300.0113287032983 	0.03281225361164247 	101338.3936295244
-0.6644144144144146 	300.0118799146704 	0.03440900147277668 	101339.0453250109
-0.661911911911912 	300.0124289341624 	0.03599939930423478 	101339.6944322002
-0.6594094094094097 	300.0129756612312 	0.03758315737434189 	101340.3408329428
-0.656906906906907 	300.013519996092 	0.03915998684547133 	101340.9844092743
-0.6544044044044046 	300.0140618394404 	0.04072959989798738 	101341.6250435879
-0.6519019019019021 	300.0146010929072 	0.04229170987920632 	101342.2626189242
-0.6493993993993996 	300.0151376585411 	0.04384603123803781 	101342.8970187215
-0.6468968968968971 	300.0156714384626 	0.04539227986840752 	101343.5281268953
-0.6443943943943946 	300.0162023355175 	0.046930173015837 	101344.1558280402
-0.6418918918918921 	300.0167302525869 	0.04845942949717864 	101344.7800073107
-0.6393893893893897 	300.0172550929412 	0.04997976955261838 	101345.4005504883
-0.6368868868868871 	300.0177767599962 	0.05149091470617868 	101346.0173438334
-0.6343843843843846 	300.0182951578397 	0.05299258829272915 	101346.6302743951
-0.6318818818818821 	300.0188101912908 	0.05448451593526567 	101347.2392300759
-0.6293793793793795 	300.0193217658225 	0.0559664242741216 	101347.8440993945
-0.6268768768768773 	300.0198297861206 	0.05743804311770545 	101348.444771544
-0.6243743743743745 	300.0203341785891 	0.05889910265780995 	101349.0411366601
-0.6218718718718721 	300.0208348287423 	0.06034933245975405 	101349.633085618
-0.6193693693693696 	300.0213316183234 	0.06178847120249523 	101350.2205097742
-0.6168668668668671 	300.0218245039595 	0.06321625596753871 	101350.8033014098
-0.6143643643643645 	300.0223133854788 	0.06463242255633098 	101351.3813541029
-0.6118618618618621 	300.0227981664195 	0.06603671312057971 	101351.9545620006
-0.6093593593593596 	300.0232787586749 	0.06742886951345629 	101352.5228195998
-0.6068568568568571 	300.0237550740396 	0.06880863625646068 	101353.0860225299
-0.6043543543543546 	300.0242270256999 	0.07017576126209543 	101353.6440679285
-0.6018518518518521 	300.0246945274206 	0.07152999360421124 	101354.1968533367
-0.5993493493493496 	300.0251574926892 	0.07287108422502279 	101354.7442768218
-0.5968468468468471 	300.0256158371915 	0.07419878810050975 	101355.2862383234
-0.5943443443443446 	300.0260694772963 	0.07551286285920186 	101355.822639127
-0.591841841841842 	300.0265183293102 	0.07681306680319748 	101356.3533803427
-0.5893393393393397 	300.0269623105156 	0.07809916031600024 	101356.8783637921
-0.5868368368368371 	300.0274013399307 	0.07937090871227621 	101357.3974938023
-0.5843343343343346 	300.0278353379596 	0.08062808074837566 	101357.9106761795
-0.5818318318318321 	300.0282642243138 	0.08187044443854602 	101358.4178159399
-0.5793293293293297 	300.028687919263 	0.08309777031116815 	101358.9188189271
-0.5768268268268271 	300.029106346692 	0.08430983613741683 	101359.4135947166
-0.5743243243243245 	300.0295194308939 	0.08550642201703984 	101359.9020539529
-0.5718218218218221 	300.0299270946162 	0.08668730538707964 	101360.3841051905
-0.5693193193193196 	300.030329261888 	0.08785226728461328 	101360.8596584024
-0.5668168168168171 	300.0307258604869 	0.08900109789903386 	101361.3286285519
-0.5643143143143147 	300.0311168195103 	0.09013358928277523 	101361.7909313072
-0.5618118118118121 	300.0315020648303 	0.09124952871391932 	101362.2464788807
-0.5593093093093094 	300.0318815239088 	0.09234870849545851 	101362.6951856718
-0.5568068068068072 	300.0322551303416 	0.09343093384989494 	101363.1369730955
-0.5543043043043046 	300.0326228177209 	0.09449601034349145 	101363.5717626337
-0.551801801801802 	300.0329845150985 	0.09554373493526042 	101363.999470174
-0.5492992992992995 	300.0333401534385 	0.09657391017632737 	101364.4200139199
-0.5467967967967969 	300.0336896714666 	0.0975863556900734 	101364.8333214497
-0.5442942942942947 	300.0340330082053 	0.09858089193131543 	101365.2393207099
-0.5417917917917919 	300.034370095369 	0.09955732489736835 	101365.6379309879
-0.5392892892892895 	300.0347008668166 	0.100515466140105 	101366.0290736305
-0.536786786786787 	300.0350252678327 	0.1014551533821877 	101366.4126838998
-0.5342842842842846 	300.0353432447993 	0.1023762269304024 	101366.7886987121
-0.531781781781782 	300.0356547329293 	0.1032785030290162 	101367.1570412115
-0.5292792792792794 	300.03595966653 	0.1041617983398752 	101367.5176336597
-0.526776776776777 	300.0362579962995 	0.105025964764255 	101367.8704173663
-0.5242742742742745 	300.0365496781836 	0.1058708666102633 	101368.2153405078
-0.521771771771772 	300.0368346525574 	0.1066963351433884 	101368.5523325442
-0.5192692692692695 	300.0371128519876 	0.1075021871526726 	101368.8813139546
-0.516766766766767 	300.0373842297599 	0.1082882839745557 	101369.2022287674
-0.5142642642642645 	300.037648754295 	0.1090545202217529 	101369.5150398323
-0.511761761761762 	300.0379063761739 	0.1098007514096518 	101369.8196887688
-0.5092592592592596 	300.0381570248825 	0.1105267908173627 	101370.1160923489
-0.506756756756757 	300.038400649048 	0.1112324960847633 	101370.404189686
-0.5042542542542544 	300.0386372304517 	0.1119177949538905 	101370.6839586099
-0.5017517517517521 	300.038866739067 	0.1125825881625037 	101370.9553637255
-0.4992492492492494 	300.0390891047664 	0.1132266910023404 	101371.2183226152
-0.496746746746747 	300.0393042619089 	0.1138499333095117 	101371.4727576819
-0.4942442442442445 	300.0395121960406 	0.114452258785574 	101371.7186516066
-0.4917417417417421 	300.0397129070319 	0.1150336379373852 	101371.956003357
-0.4892392392392395 	300.0399063401515 	0.1155939209884617 	101372.1847484867
-0.486736736736737 	300.0400924077887 	0.1161328900062043 	101372.4047839437
-0.4842342342342345 	300.0402710766514 	0.1166504520264229 	101372.616070691
-0.481731731731732 	300.0404423757765 	0.1171466495005851 	101372.8186423315
-0.4792292292292296 	300.0406062962178 	0.1176214365882983 	101373.0124878021
-0.4767267267267268 	300.0407627430781 	0.1180745789840097 	101373.1974948988
-0.4742242242242246 	300.0409116325526 	0.1185058749391622 	101373.3735649414
-0.471721721721722 	300.0410529889249 	0.118915367290507 	101373.5407276161
-0.4692192192192195 	300.0411868751705 	0.1193031761822002 	101373.699056786
-0.4667167167167169 	300.0413132464412 	0.1196691741758613 	101373.8484982088
-0.4642142142142145 	300.0414319642654 	0.1200130320456402 	101373.9888876251
-0.461711711711712 	300.041542972774 	0.1203346218384768 	101374.1201601497
-0.4592092092092094 	300.0416463691532 	0.1206341598930597 	101374.2424318349
-0.456706706706707 	300.0417422335083 	0.1209118082983619 	101374.3557974048
-0.4542042042042045 	300.0418304609995 	0.1211673012881989 	101374.4601315413
-0.451701701701702 	300.0419108711524 	0.1214002133303438 	101374.5552191451
-0.4491991991991995 	300.0419834598688 	0.1216105421222928 	101374.6410562122
-0.4466966966966969 	300.0420484139428 	0.1217987203314515 	101374.7178653447
-0.4441941941941945 	300.0421058245688 	0.1219649427463244 	101374.7857556032
-0.441691691691692 	300.0421555063241 	0.1221087586838375 	101374.844506606
-0.4391891891891895 	300.0421972204076 	0.122229608633393 	101374.8938336434
-0.436686686686687 	300.042231020161 	0.1223276267745565 	101374.9337989021
-0.4341841841841846 	300.0422572080524 	0.1224035203832766 	101374.9647614565
-0.431681681681682 	300.0422759086898 	0.1224575650736887 	101374.9868715498
-0.4291791791791794 	300.042286842811 	0.1224890906174795 	101374.9997996858
-0.426676676676677 	300.042289667762 	0.1224972979147037 	101375.0031380754
-0.4241741741741744 	300.0422844656522 	0.1224824028143319 	101374.9969813762
-0.421671671671672 	300.0422716927173 	0.1224454901494588 	101374.9818692292
-0.4191691691691694 	300.0422515860915 	0.12238709337044 	101374.9580827754
-0.4166666666666669 	300.0422237875366 	0.1223063427488335 	101374.9252022552
-0.4141641641641645 	300.0421877603889 	0.1222019760651978 	101374.8825947655
-0.411661661661662 	300.0421435181662 	0.1220740609957087 	101374.8302731568
-0.4091591591591594 	300.0420916991842 	0.1219241412670705 	101374.7689887384
-0.406656656656657 	300.0420328017336 	0.1217533869543841 	101374.6993287797
-0.4041541541541545 	300.0419664995757 	0.1215609829612698 	101374.6209094723
-0.401651651651652 	300.0418919655429 	0.1213449500030515 	101374.532757956
-0.3991491491491494 	300.0418089067057 	0.1211046323806274 	101374.434530225
-0.396646646646647 	300.0417180418977 	0.120841807876372 	101374.3270750898
-0.3941441441441444 	300.0416203392459 	0.1205588016991063 	101374.2115319315
-0.3916416416416419 	300.0415158340263 	0.1202556444347919 	101374.0879384069
-0.3891391391391395 	300.041403475561 	0.1199297600058656 	101373.9550521872
-0.3866366366366368 	300.0412823118502 	0.1195788851247475 	101373.8117528933
-0.3841341341341344 	300.0411527034319 	0.1192039904598116 	101373.6584727223
-0.381631631631632 	300.0410160844168 	0.1188086245912736 	101373.4969095741
-0.3791291291291294 	300.0408734016052 	0.1183950585216318 	101373.3281784211
-0.3766266266266269 	300.0407239502112 	0.1179614805819132 	101373.1514390325
-0.3741241241241244 	300.0405660246821 	0.117503674196275 	101372.9646700184
-0.371621621621622 	300.0403988108213 	0.1170197084072264 	101372.7669105078
-0.3691191191191194 	300.0402234668633 	0.1165125535024623 	101372.559537402
-0.366616616616617 	300.0400420815372 	0.1159874232460639 	101372.3450280548
-0.3641141141141143 	300.0398554744215 	0.1154462975902412 	101372.1243536644
-0.3616116116116119 	300.0396621722002 	0.1148854335290094 	101371.8957665317
-0.3591091091091095 	300.0394597912087 	0.1142988840612352 	101371.6564390556
-0.356606606606607 	300.039247548573 	0.1136847821721213 	101371.4054394134
-0.3541041041041044 	300.0390273179672 	0.113047923613482 	101371.144983897
-0.3516016016016019 	300.0388019883194 	0.1123955853645015 	101370.8784965326
-0.3490990990990994 	300.0385726106182 	0.1117303477424357 	101370.6072298001
-0.346596596596597 	300.0383371664709 	0.1110470493253144 	101370.3288020972
-0.3440940940940944 	300.038092334158 	0.1103373058397717 	101370.0392830821
-0.3415915915915919 	300.0378367165075 	0.1095976765273062 	101369.7370115815
-0.3390890890890895 	300.0375724537072 	0.1088336938950678 	101369.4245083275
-0.3365865865865869 	300.0373035333873 	0.108055515336677 	101369.1064837318
-0.3340840840840844 	300.0370321904888 	0.1072687654018572 	101368.7855840326
-0.3315815815815819 	300.0367566801808 	0.1064689131155761 	101368.4597554432
-0.3290790790790794 	300.0364725878176 	0.1056446785661391 	101368.1237885229
-0.3265765765765769 	300.0361766904771 	0.1047879210235167 	101367.7738782885
-0.3240740740740744 	300.0358700227135 	0.1039014391815382 	101367.4112455607
-0.3215715715715718 	300.0355573577735 	0.102997569765511 	101367.0415257782
-0.3190690690690695 	300.035243365301 	0.1020882784465402 	101366.6702292861
-0.3165665665665668 	300.0349286098199 	0.1011748890632397 	101366.2980150844
-0.3140640640640644 	300.0346088040591 	0.1002462315625988 	101365.9198134845
-0.311561561561562 	300.0342780971446 	0.0992871950761617 	101365.5287135334
-0.3090590590590593 	300.0339338499687 	0.09829109048284611 	101365.1216061201
-0.3065565565565568 	300.0335790631016 	0.09726588852980624 	101364.7020508027
-0.3040540540540545 	300.033220407255 	0.09622902794495215 	101364.2779403203
-0.3015515515515518 	300.0328632446937 	0.0951944326049666 	101363.8556119819
-0.2990490490490494 	300.0325074265863 	0.0941615769397311 	101363.4348798926
-0.2965465465465469 	300.0321471155089 	0.09311507309619388 	101363.0088287414
-0.2940440440440444 	300.0317748796644 	0.09203544139939827 	101362.5686616233
-0.2915415415415418 	300.0313871488416 	0.0909134273020451 	101362.1101539972
-0.2890390390390395 	300.0309870893742 	0.08975752038209191 	101361.6370544099
-0.2865365365365368 	300.0305827641777 	0.08858906926226279 	101361.1589067284
-0.2840340340340343 	300.0301817668927 	0.08742811962165481 	101360.6847014382
-0.2815315315315318 	300.0297859954147 	0.08627961647562586 	101360.2166921269
-0.2790290290290295 	300.0293901342133 	0.08512939366200105 	101359.7485972203
-0.2765265265265269 	300.028984898693 	0.08395278847593012 	101359.2694365486
-0.2740240240240244 	300.028562970431 	0.0827304130275829 	101358.770550061
-0.2715215215215219 	300.0281238386756 	0.08146102467087189 	101358.2513247527
-0.2690190190190194 	300.0276744736417 	0.08016330526499094 	101357.7199934633
-0.2665165165165169 	300.0272253702228 	0.07886530891780492 	101357.1889584182
-0.2640140140140144 	300.0267843574685 	0.077587938642627 	101356.6674738496
-0.2615115115115119 	300.0263518950396 	0.07633234955459078 	101356.1560831786
-0.2590090090090094 	300.0259206006392 	0.07507866145710969 	101355.6460614557
-0.2565065065065068 	300.0254792425989 	0.07379666792795778 	101355.1241340695
-0.2540040040040044 	300.0250189247586 	0.07246248754753737 	101354.5797902331
-0.2515015015015019 	300.0245380746849 	0.07107200716015355 	101354.0111784431
-0.2489989989989994 	300.0240435603371 	0.06964389766488649 	101353.4264262495
-0.2464964964964968 	300.023547370165 	0.06821065701503773 	101352.8397132194
-0.2439939939939944 	300.0230606282734 	0.06680243557214882 	101352.2641936047
-0.2414914914914919 	300.0225880382335 	0.06543196856408523 	101351.7054275396
-0.2389889889889893 	300.0221254977873 	0.06408804592636184 	101351.1585606368
-0.2364864864864869 	300.0216619241143 	0.06274042785867553 	101350.6104843186
-0.2339839839839843 	300.0211843015411 	0.06135358864961691 	101350.0458046958
-0.2314814814814819 	300.0206835750231 	0.0599028235566673 	101349.4538108164
-0.2289789789789792 	300.020158773012 	0.05838554842428129 	101348.8333513993
-0.2264764764764769 	300.019617625281 	0.05682300966925995 	101348.1935633406
-0.2239739739739743 	300.0190734904103 	0.0552519022294594 	101347.5502398986
-0.2214714714714718 	300.018539988558 	0.05370967828607618 	101346.9194839209
-0.2189689689689693 	300.0180256220899 	0.05221975894377371 	101346.3113471005
-0.2164664664664669 	300.0175305105591 	0.05078248044805233 	101345.7259704249
-0.2139639639639643 	300.017046349806 	0.04937489205977486 	101345.1535354931
-0.2114614614614618 	300.0165593989081 	0.04795894319466197 	101344.5777960532
-0.2089589589589593 	300.0160552503689 	0.0464946881732373 	101343.981718922
-0.2064564564564568 	300.0155236906899 	0.04495379753060282 	101343.3532299969
-0.2039539539539543 	300.0149620844018 	0.04332899288336443 	101342.6892152802
-0.2014514514514518 	300.0143762909675 	0.04163662639044402 	101341.9966041107
-0.1989489489489494 	300.0137789417819 	0.03991192543620121 	101341.2903327491
-0.1964464464464468 	300.013185738085 	0.03819872646703522 	101340.5889660854
-0.1939439439439443 	300.0126110022689 	0.03653711078200174 	101339.9094381541
-0.1914414414414418 	300.0120638532006 	0.0349526794697009 	101339.2625302209
-0.1889389389389393 	300.0115459735508 	0.03345020977268189 	101338.6502308633
-0.1864364364364368 	300.0110513408732 	0.03201283888487291 	101338.0654196181
-0.1839339339339343 	300.0105678055132 	0.03060639238183055 	101337.4937316214
-0.1814314314314318 	300.0100798955357 	0.0291872108177204 	101336.916873951
-0.1789289289289293 	300.0095720492009 	0.0277112896017944 	101336.3164486325
-0.1764264264264268 	300.0090316085773 	0.02614277849856891 	101335.6774902491
-0.1739239239239243 	300.0084510682803 	0.02446039904066442 	101334.991126577
-0.1714214214214218 	300.0078292918087 	0.02266092391091001 	101334.2560142048
-0.1689189189189193 	300.007171601301 	0.02075946420825478 	101333.4784467065
-0.1664164164164168 	300.0064888478983 	0.01878684798833536 	101332.6712532885
-0.1639139139139143 	300.0057957074376 	0.01678480855896705 	101331.8517852941
-0.1614114114114118 	300.005108561001 	0.01479999737763869 	101331.0394090555
-0.1589089089089093 	300.0044433651649 	0.01287803286361142 	101330.2529890544
-0.1564064064064068 	300.0038139985909 	0.01105881459209226 	101329.5089323191
-0.1539039039039043 	300.0032313264622 	0.009373713809234996 	101328.8200831
-0.1514014014014018 	300.0027028244904 	0.007844418598723148 	101328.1952783909
-0.1488988988988993 	300.0022326160361 	0.006482998303857157 	101327.6393920983
-0.1463963963963968 	300.0018218051241 	0.005292827056950565 	101327.1537282405
-0.1438938938938943 	300.0014689886748 	0.004270037508513083 	101326.7366275355
-0.1413913913913918 	300.001170850621 	0.003405215100613091 	101326.3841688784
-0.1388888888888893 	300.000922756782 	0.002685106679742406 	101326.0908730929
-0.1363863863863868 	300.0007192971649 	0.002094183768416925 	101325.850344547
-0.1338838838838843 	300.0005547450728 	0.001615965968212857 	101325.6558124035
-0.1313813813813818 	300.0004234148619 	0.001234061756607128 	101325.5005550056
-0.1288788788788793 	300.0003199221107 	0.0009329251383682133 	101325.3782071469
-0.1263763763763768 	300.0002393542201 	0.0006983523424418555 	101325.2829608291
-0.1238738738738743 	300.0001773633998 	0.0005177591419175793 	101325.2096762396
-0.1213713713713717 	300.0001302015288 	0.0003802845559196296 	101325.1539220855
-0.1188688688688693 	300.0000947097197 	0.0002767673292805663 	101325.1119641624
-0.1163663663663668 	300.0000682796042 	0.0001996360160202464 	101325.0807191055
-0.1138638638638643 	300.0000487974212 	0.000142747746808077 	101325.057687432
-0.1113613613613618 	300.0000345774876 	0.0001012021904731985 	101325.0408768797
-0.1088588588588592 	300.0000242974958 	7.11510082681863e-05 	101325.0287240747
-0.1063563563563568 	300.0000169346674 	4.961567062927725e-05 	101325.0200199263
-0.1038538538538543 	300.0000117088603 	3.432230030635394e-05 	101325.0138420313
-0.1013513513513517 	300.0000080324161 	2.355715379376733e-05 	101325.0094957128
-0.09884884884884926 	300.0000054679074 	1.604445427064643e-05 	101325.0064641596
-0.09634634634634676 	300.0000036941407 	1.084540293744233e-05 	101325.0043673373
-0.09384384384384425 	300.0000024774187 	7.276901936771307e-06 	101325.0029288843
-0.09134134134134177 	300.0000016495166 	4.847130366721947e-06 	101325.0019499633
-0.08883883883883925 	300.0000010903717 	3.205658451293791e-06 	101325.0012889768
-0.08633633633633674 	300.0000007156278 	2.105213088679046e-06 	101325.0008460796
-0.08383383383383426 	300.0000004665716 	1.373012456656071e-06 	101325.0005515384
-0.08133133133133173 	300.0000003020202 	8.894065168836466e-07 	101325.0003570976
-0.07882882882882926 	300.0000001940945 	5.722991336036597e-07 	101325.0002296639
-0.07632632632632676 	300.0000001240633 	3.658367930667869e-07 	101325.0001467355
-0.07382382382382424 	300.0000000786358 	2.323488179565583e-07 	101325.0000931443
-0.07132132132132173 	300.0000000497189 	1.466298004676248e-07 	101325.000058748
-0.06881881881881925 	300.0000000310941 	9.195640489203577e-08 	101325.0000368193
-0.06631631631631671 	300.0000000192449 	5.731308261973091e-08 	101325.0000229317
-0.06381381381381425 	300.0000000119515 	3.550491445150065e-08 	101325.0000141933
-0.06131131131131173 	300.0000000073335 	2.18637983699422e-08 	101325.0000087301
-0.05880880880880923 	300.0000000043886 	1.338464165957338e-08 	101325.0000053359
-0.05630630630630672 	300.0000000027042 	8.145235803471404e-09 	101325.0000032399
-0.05380380380380424 	300.0000000016955 	4.929095708702118e-09 	101325.0000019537
-0.05130130130130173 	300.0000000010201 	2.965653477672589e-09 	101325.000001169
-0.04879879879879922 	300.0000000004912 	1.775222331223248e-09 	101325.0000006929
-0.04629629629629672 	300.0000000002375 	1.056399407053689e-09 	101325.0000004056
-0.04379379379379422 	300.0000000000715 	6.261748725617874e-10 	101325.0000002336
-0.04129129129129173 	300.0000000000799 	3.690323659632263e-10 	101325.0000001311
-0.03878878878878922 	300.0000000000506 	2.172632953019175e-10 	101325.0000000702
-0.03628628628628671 	300.0000000000098 	1.26897630195585e-10 	101325.0000000345
-0.03378378378378422 	299.9999999998766 	7.458402713001951e-11 	101325.0000000133
-0.03128128128128172 	299.9999999999489 	4.287528728206428e-11 	101325.0000000011
-0.02877877877877922 	299.9999999999517 	2.629685523341625e-11 	101324.9999999937
-0.0262762762762767 	299.9999999998367 	1.581240607773187e-11 	101324.9999999897
-0.02377377377377422 	300.0000000000255 	1.044654872792139e-11 	101324.9999999872
-0.0212712712712717 	299.9999999998478 	6.566404827146894e-12 	101324.9999999861
-0.01876876876876921 	299.9999999999441 	4.0248415611374e-12 	101324.9999999855
-0.01626626626626671 	300.0000000000202 	3.585022300822695e-12 	101324.9999999853
-0.0137637637637642 	299.9999999999358 	3.364696313566669e-12 	101324.9999999851
-0.0112612612612617 	300.0000000000197 	3.719970035527389e-12 	101324.9999999853
-0.008758758758759198 	299.9999999999907 	3.428030577261954e-12 	101324.9999999855
-0.006256256256256697 	299.9999999998093 	3.626089895005465e-12 	101324.9999999857
-0.003753753753754195 	299.9999999999307 	3.037499630882641e-12 	101324.9999999855
-0.001251251251251693 	299.9999999998848 	4.168420503895935e-12 	101324.9999999854
0.00125125125125081 	299.9999999999295 	3.966027788526854e-12 	101324.9999999856
0.003753753753753312 	299.9999999999336 	4.224522578792389e-12 	101324.9999999855
0.006256256256255817 	299.9999999998167 	3.24448256107721e-12 	101324.9999999854
0.008758758758758317 	299.9999999999807 	3.158431194121354e-12 	101324.9999999856
0.01126126126126082 	300.0000000000142 	3.218696935412202e-12 	101324.9999999856
0.01376376376376332 	299.9999999999442 	3.667680554960586e-12 	101324.9999999859
0.01626626626626582 	300.0000000000187 	3.516453578689788e-12 	101324.9999999859
0.01876876876876833 	299.9999999999254 	4.017918550942665e-12 	101324.9999999859
0.02127127127127083 	299.9999999999388 	3.499367804871709e-12 	101324.999999986
0.02377377377377332 	299.9999999999947 	3.195288130566538e-12 	101324.9999999859
0.02627627627627583 	299.9999999998377 	2.804598867566017e-12 	101324.9999999857
0.02877877877877833 	300.0000000000151 	2.113944117471354e-12 	101324.9999999856
0.03128128128128083 	299.9999999999215 	2.093203041330466e-12 	101324.9999999856
0.03378378378378333 	299.9999999998349 	1.475567014331688e-12 	101324.9999999855
0.03628628628628584 	299.9999999999441 	1.515625883974228e-12 	101324.9999999857
0.03878878878878834 	299.9999999999691 	1.543772659024956e-12 	101324.9999999857
0.04129129129129084 	299.9999999999631 	1.715004287463859e-12 	101324.9999999855
0.04379379379379333 	299.9999999999071 	1.426383159167222e-12 	101324.9999999856
0.04629629629629585 	299.999999999815 	1.613723765671065e-12 	101324.9999999858
0.04879879879879834 	299.9999999999277 	1.661574172296753e-12 	101324.9999999861
0.05130130130130085 	300.0000000000214 	2.676048271017669e-12 	101324.9999999861
0.05380380380380335 	300.0000000000378 	2.749137958794106e-12 	101324.9999999861
0.05630630630630584 	299.9999999999935 	3.056725515912517e-12 	101324.9999999859
0.05880880880880836 	299.9999999998713 	2.804241627567859e-12 	101324.999999986
0.06131131131131085 	299.999999999945 	2.527048113771894e-12 	101324.9999999858
0.06381381381381336 	299.9999999999358 	1.952891508928797e-12 	101324.9999999857
0.06631631631631586 	299.9999999998207 	1.204435553539877e-12 	101324.9999999854
0.06881881881881835 	299.99999999992 	2.027561016694658e-13 	101324.999999985
0.07132132132132088 	299.9999999999721 	3.519733370575631e-13 	101324.9999999849
0.07382382382382337 	299.9999999998266 	6.162771582209031e-14 	101324.9999999849
0.07632632632632587 	299.9999999999482 	1.410478269538269e-13 	101324.9999999848
0.07882882882882837 	299.9999999998835 	2.77009384537285e-13 	101324.9999999843
0.08133133133133086 	299.9999999999728 	5.413973887964402e-13 	101324.9999999842
0.08383383383383337 	299.9999999999775 	3.825891064109712e-13 	101324.9999999842
0.08633633633633589 	299.999999999835 	1.111714299354741e-12 	101324.9999999843
0.08883883883883838 	300.0000000000045 	1.929259474486824e-12 	101324.9999999845
0.09134134134134086 	299.9999999999695 	1.89528500337667e-12 	101324.9999999846
0.09384384384384339 	299.9999999998299 	2.519864482114036e-12 	101324.9999999847
0.09634634634634588 	299.9999999999529 	2.627365462710779e-12 	101324.9999999848
0.09884884884884838 	299.9999999999666 	2.508258386963289e-12 	101324.9999999851
0.1013513513513509 	300.0000000000426 	2.609940414199351e-12 	101324.9999999856
0.1038538538538534 	299.9999999999175 	2.473369868646315e-12 	101324.9999999859
0.1063563563563559 	300.0000000000251 	2.459544034090554e-12 	101324.9999999857
0.1088588588588584 	300.0000000000371 	1.638709049517794e-12 	101324.9999999859
0.1113613613613609 	299.9999999998708 	1.814427226525195e-12 	101324.9999999859
0.1138638638638634 	299.9999999999167 	1.871206704229371e-12 	101324.999999986
0.1163663663663659 	299.9999999999192 	1.639075125866556e-12 	101324.9999999862
0.1188688688688684 	299.9999999999475 	1.38997092432845e-12 	101324.9999999862
0.1213713713713709 	299.9999999999914 	6.00606904678001e-13 	101324.9999999858
0.1238738738738734 	299.9999999998738 	5.674118771568119e-13 	101324.9999999857
0.1263763763763759 	299.9999999999839 	2.171387685440615e-13 	101324.9999999857
0.1288788788788784 	299.9999999999834 	3.076781249077358e-13 	101324.9999999854
0.1313813813813809 	299.9999999999768 	1.082899760543872e-13 	101324.9999999856
0.1338838838838834 	299.9999999999595 	1.104745693872152e-12 	101324.9999999856
0.1363863863863859 	300.0000000000343 	7.267628127988924e-14 	101324.9999999856
0.1388888888888884 	300.0000000000676 	1.166170086207818e-12 	101324.999999986
0.1413913913913909 	300.0000000000062 	4.703745964905811e-13 	101324.9999999862
0.1438938938938934 	299.9999999999836 	8.540760567367625e-13 	101324.9999999862
0.1463963963963959 	299.9999999999328 	8.779737014615551e-13 	101324.9999999863
0.1488988988988985 	299.999999999844 	1.526199098872519e-12 	101324.9999999862
0.1514014014014009 	299.9999999999557 	1.589215413738275e-12 	101324.999999986
0.1539039039039035 	299.9999999999403 	1.025409182853516e-12 	101324.999999986
0.1564064064064059 	299.9999999998856 	2.262734027550974e-12 	101324.999999986
0.1589089089089084 	299.999999999952 	1.496436598093973e-12 	101324.9999999861
0.1614114114114109 	299.9999999999455 	1.770243408458026e-12 	101324.9999999861
0.1639139139139134 	299.9999999998627 	1.180866457502378e-12 	101324.9999999864
0.166416416416416 	300.0000000000009 	3.445305880019535e-13 	101324.9999999862
0.1689189189189185 	300.0000000000588 	1.603669067713467e-12 	101324.9999999863
0.1714214214214209 	300.0000000000037 	2.184081188720744e-12 	101324.9999999863
0.1739239239239235 	299.9999999999845 	2.083043328441672e-12 	101324.9999999862
0.1764264264264259 	299.9999999999477 	4.34796104836802e-12 	101324.9999999862
0.1789289289289284 	300.0000000000144 	2.956981293056797e-12 	101324.9999999861
0.181431431431431 	299.9999999999409 	5.388309627667953e-12 	101324.9999999858
0.1839339339339334 	299.9999999999563 	3.718126299443603e-12 	101324.9999999859
0.186436436436436 	299.9999999998922 	5.378516643890633e-12 	101324.9999999858
0.1889389389389385 	299.9999999999688 	5.069726281930006e-12 	101324.9999999858
0.191441441441441 	299.9999999999579 	4.839547337282265e-12 	101324.9999999857
0.1939439439439434 	299.9999999998687 	5.819777879569174e-12 	101324.9999999857
0.196446446446446 	299.9999999999134 	4.683615560945559e-12 	101324.9999999855
0.1989489489489485 	299.9999999999462 	7.439524002251378e-12 	101324.9999999854
0.2014514514514509 	299.9999999999711 	6.140413382003941e-12 	101324.9999999855
0.2039539539539535 	299.9999999999847 	7.315512589164882e-12 	101324.9999999857
0.2064564564564559 	299.9999999999214 	6.731048059592685e-12 	101324.9999999855
0.2089589589589585 	299.9999999999705 	7.09814079425749e-12 	101324.9999999857
0.211461461461461 	299.9999999998967 	7.227149302143498e-12 	101324.9999999861
0.2139639639639635 	299.999999999969 	6.61729711707345e-12 	101324.9999999864
0.2164664664664659 	300.0000000000098 	7.242392654996831e-12 	101324.9999999867
0.2189689689689684 	300.0000000000092 	5.475411288475049e-12 	101324.9999999867
0.221471471471471 	299.9999999999995 	8.006089355588354e-12 	101324.9999999869
0.2239739739739735 	299.9999999999243 	5.967822738410595e-12 	101324.999999987
0.226476476476476 	299.9999999999722 	7.436161909462403e-12 	101324.999999987
0.2289789789789785 	299.9999999999933 	6.423573111301436e-12 	101324.9999999871
0.231481481481481 	299.9999999999784 	6.819863731283489e-12 	101324.999999987
0.2339839839839835 	299.9999999999709 	7.452551496954672e-12 	101324.9999999868
0.236486486486486 	300.0000000000425 	6.787846848941255e-12 	101324.9999999871
0.2389889889889885 	300.0000000000042 	8.421978938935695e-12 	101324.9999999871
0.241491491491491 	299.9999999998656 	6.240345895121654e-12 	101324.9999999874
0.2439939939939935 	299.9999999999799 	8.707241838652015e-12 	101324.9999999873
0.246496496496496 	299.9999999999912 	6.387041728824635e-12 	101324.9999999873
0.2489989989989985 	300.0000000000586 	7.301019303881293e-12 	101324.9999999873
0.251501501501501 	300.0000000000509 	6.078070353057353e-12 	101324.999999987
0.2540040040040035 	299.9999999999823 	5.982588334213137e-12 	101324.9999999872
0.256506506506506 	300.0000000000462 	6.162189458681993e-12 	101324.9999999874
0.2590090090090086 	299.9999999998526 	5.14335680669198e-12 	101324.9999999873
0.261511511511511 	300.0000000000031 	7.792328614570888e-12 	101324.9999999873
0.2640140140140135 	299.9999999999757 	5.157441247149681e-12 	101324.9999999872
0.2665165165165161 	299.9999999998857 	6.437824192385149e-12 	101324.9999999871
0.2690190190190185 	300.0000000000318 	5.06637695080966e-12 	101324.9999999872
0.271521521521521 	300.0000000000351 	5.824519258191568e-12 	101324.9999999873
0.2740240240240235 	300.0000000000338 	6.074463762685284e-12 	101324.9999999871
0.276526526526526 	300.0000000000054 	5.725089937446629e-12 	101324.9999999872
0.2790290290290286 	299.9999999999128 	6.345295027387923e-12 	101324.9999999874
0.281531531531531 	299.9999999998818 	5.758855042339931e-12 	101324.9999999871
0.2840340340340335 	299.999999999969 	6.948069030671068e-12 	101324.9999999868
0.2865365365365361 	299.9999999999383 	6.43947733417072e-12 	101324.9999999866
0.2890390390390385 	299.9999999999953 	6.006528410103746e-12 	101324.9999999865
0.291541541541541 	299.9999999999914 	6.65646993722355e-12 	101324.9999999868
0.2940440440440436 	299.9999999999833 	5.034139925381143e-12 	101324.9999999868
0.296546546546546 	299.999999999984 	7.63095269636888e-12 	101324.999999987
0.2990490490490486 	299.9999999999027 	4.276652975465496e-12 	101324.9999999873
0.3015515515515511 	300.0000000000605 	8.598935837547852e-12 	101324.9999999873
0.3040540540540535 	300.0000000000044 	2.892123325179065e-12 	101324.9999999874
0.3065565565565562 	299.999999999997 	9.588425581235132e-12 	101324.9999999875
0.3090590590590585 	299.9999999999803 	2.668440509521365e-12 	101324.9999999876
0.3115615615615611 	299.9999999998996 	8.304717436862901e-12 	101324.9999999875
0.3140640640640635 	300.000000000014 	3.656359222233567e-12 	101324.9999999875
0.316566566566566 	299.9999999999958 	7.765071716324404e-12 	101324.9999999875
0.3190690690690687 	299.9999999999231 	4.367291861615613e-12 	101324.9999999875
0.3215715715715711 	300.0000000000272 	8.740196343655747e-12 	101324.9999999877
0.3240740740740735 	299.9999999999995 	5.967084829064242e-12 	101324.9999999879
0.326576576576576 	299.9999999998412 	9.374294706355954e-12 	101324.999999988
0.3290790790790786 	300.0000000000186 	7.168136746533979e-12 	101324.9999999878
0.3315815815815811 	300.0000000000576 	8.989811925681257e-12 	101324.9999999878
0.3340840840840836 	299.9999999999799 	7.433077121252052e-12 	101324.9999999879
0.3365865865865861 	300.0000000000931 	8.82062573299087e-12 	101324.9999999881
0.3390890890890886 	300.000000000087 	6.775663954580099e-12 	101324.9999999878
0.3415915915915911 	300.000000000008 	7.523842452258883e-12 	101324.9999999879
0.3440940940940935 	299.9999999999215 	5.24001093184333e-12 	101324.9999999879
0.3465965965965962 	300.0000000000574 	6.942551485548176e-12 	101324.999999988
0.3490990990990985 	300.0000000000455 	4.796603978132129e-12 	101324.9999999879
0.3516016016016011 	299.9999999999818 	4.818821728311092e-12 	101324.9999999881
0.3541041041041035 	300.0000000000027 	4.914840026488208e-12 	101324.9999999885
0.3566066066066061 	299.9999999999248 	3.170734957072801e-12 	101324.9999999885
0.3591091091091085 	299.9999999998681 	5.02587428062098e-12 	101324.9999999888
0.3616116116116112 	299.9999999999095 	2.971759462208573e-12 	101324.9999999889
0.3641141141141137 	299.9999999998978 	6.194704358007749e-12 	101324.9999999888
0.3666166166166161 	299.9999999998817 	1.923883232960466e-12 	101324.9999999888
0.3691191191191185 	300.0000000000669 	7.699716475933105e-12 	101324.9999999888
0.371621621621621 	300.0000000000311 	2.055327211783316e-12 	101324.9999999886
0.3741241241241237 	300.0000000000773 	6.637644053666967e-12 	101324.9999999884
0.3766266266266261 	300.0000000000489 	2.514845503690524e-12 	101324.9999999882
0.3791291291291286 	299.9999999999768 	6.355753768061952e-12 	101324.9999999884
0.3816316316316311 	299.999999999874 	3.764349559675791e-12 	101324.9999999882
0.3841341341341336 	300.0000000000176 	7.388630503202582e-12 	101324.9999999881
0.3866366366366362 	299.9999999999933 	5.338544787056231e-12 	101324.9999999881
0.3891391391391387 	299.9999999999364 	8.368723539939278e-12 	101324.9999999882
0.391641641641641 	299.9999999999956 	6.669087141423554e-12 	101324.999999988
0.3941441441441436 	300.0000000000147 	8.188097168243248e-12 	101324.999999988
0.3966466466466462 	300.0000000000027 	6.464349959339281e-12 	101324.9999999882
0.3991491491491486 	299.9999999999262 	7.733647203570831e-12 	101324.9999999884
0.4016516516516512 	299.9999999998676 	6.184637113320629e-12 	101324.9999999884
0.4041541541541536 	299.9999999999273 	8.061479731984624e-12 	101324.9999999885
0.4066566566566561 	299.9999999999227 	6.141640140987848e-12 	101324.9999999883
0.4091591591591587 	299.9999999999795 	7.820993021448783e-12 	101324.999999988
0.4116616616616612 	299.9999999999948 	5.701858182840092e-12 	101324.9999999879
0.4141641641641635 	300.0000000000663 	5.835125683094049e-12 	101324.9999999883
0.4166666666666662 	300.0000000000018 	6.269166920773383e-12 	101324.9999999883
0.4191691691691687 	299.999999999909 	5.496670452911162e-12 	101324.9999999886
0.421671671671671 	300.000000000014 	7.722907859237842e-12 	101324.999999989
0.4241741741741737 	299.9999999999673 	4.22000444873817e-12 	101324.9999999892
0.4266766766766761 	299.9999999999218 	8.178676704058439e-12 	101324.9999999893
0.4291791791791785 	300.00000000004 	2.66621313106106e-12 	101324.9999999895
0.4316816816816812 	300.0000000000211 	8.129711277024826e-12 	101324.9999999898
0.4341841841841836 	299.9999999999862 	2.021852049289608e-12 	101324.99999999
0.4366866866866862 	299.9999999998764 	6.742560242025299e-12 	101324.99999999
0.4391891891891885 	299.9999999999876 	2.853623194949776e-12 	101324.99999999
0.4416916916916913 	299.9999999999781 	6.088107379780949e-12 	101324.9999999902
0.4441941941941936 	299.9999999999812 	2.913763158246251e-12 	101324.99999999
0.4466966966966961 	299.9999999998677 	5.271443502111208e-12 	101324.9999999896
0.4491991991991987 	299.9999999999655 	4.499600876171302e-12 	101324.9999999894
0.4517017017017012 	299.9999999999567 	6.109679885789706e-12 	101324.9999999892
0.4542042042042035 	300.0000000000074 	5.981549692249095e-12 	101324.999999989
0.4567067067067062 	299.9999999999997 	6.855421456469819e-12 	101324.9999999892
0.4592092092092087 	299.9999999998837 	7.354961766908799e-12 	101324.9999999893
0.4617117117117112 	300.0000000000367 	7.575925567735985e-12 	101324.9999999893
0.4642142142142137 	299.9999999999328 	7.92228663389906e-12 	101324.9999999894
0.4667167167167162 	299.9999999999883 	8.476492769228905e-12 	101324.9999999894
0.4692192192192187 	299.9999999999282 	8.483576991282535e-12 	101324.9999999894
0.4717217217217212 	300.0000000000281 	9.314174723004485e-12 	101324.9999999892
0.4742242242242236 	299.9999999999392 	9.738152926387892e-12 	101324.9999999891
0.4767267267267262 	299.9999999999364 	1.025540613485991e-11 	101324.9999999893
0.4792292292292287 	300.0000000000289 	1.05775412871514e-11 	101324.9999999893
0.4817317317317312 	300.0000000000512 	1.013112174755852e-11 	101324.9999999894
0.4842342342342336 	299.9999999999854 	1.066583425179325e-11 	101324.9999999897
0.4867367367367362 	299.9999999999412 	9.702260948971432e-12 	101324.9999999899
0.4892392392392387 	300.0000000000512 	1.024100187857002e-11 	101324.9999999897
0.4917417417417412 	300.0000000000195 	8.212028153036067e-12 	101324.9999999899
0.4942442442442437 	299.9999999998622 	9.20618543923565e-12 	101324.9999999898
0.4967467467467462 	299.9999999998825 	6.738610713869042e-12 	101324.9999999896
0.4992492492492487 	299.9999999998716 	8.856251021863324e-12 	101324.9999999896
0.5017517517517511 	299.9999999999282 	7.087475054915309e-12 	101324.9999999893
0.5042542542542537 	299.9999999999568 	7.666129430706285e-12 	101324.9999999892
0.5067567567567562 	299.9999999999188 	7.672051954495812e-12 	101324.9999999893
0.5092592592592589 	299.9999999999518 	7.37158872352762e-12 	101324.9999999896
0.5117617617617611 	299.9999999999422 	9.0890947475105e-12 	101324.9999999897
0.5142642642642637 	299.9999999999907 	7.167549654653292e-12 	101324.9999999897
0.5167667667667663 	299.9999999999633 	1.106181441527365e-11 	101324.9999999897
0.5192692692692688 	299.9999999998685 	7.155999525947149e-12 	101324.99999999
0.5217717717717714 	299.9999999999143 	1.352336905561213e-11 	101324.9999999902
0.5242742742742736 	299.9999999999171 	7.901831567944093e-12 	101324.9999999902
0.5267767767767763 	299.9999999999421 	1.377773155080063e-11 	101324.9999999901
0.5292792792792789 	299.9999999999155 	9.664734121053742e-12 	101324.9999999902
0.5317817817817813 	299.9999999998627 	1.365154631316938e-11 	101324.9999999901
0.5342842842842837 	300.0000000000193 	1.035155285334798e-11 	101324.9999999901
0.5367867867867864 	299.9999999999969 	1.226252034554445e-11 	101324.9999999904
0.5392892892892888 	299.9999999999305 	9.793423827032595e-12 	101324.9999999906
0.5417917917917912 	299.9999999999952 	1.170241346019333e-11 	101324.9999999905
0.5442942942942938 	299.9999999999675 	1.055545795584942e-11 	101324.9999999906
0.5467967967967964 	299.9999999999231 	1.236818938959183e-11 	101324.9999999904
0.5492992992992988 	299.9999999999168 	1.107952781318844e-11 	101324.9999999904
0.5518018018018012 	299.9999999999182 	1.270897586264341e-11 	101324.9999999904
0.5543043043043039 	300.0000000000298 	1.156267992520542e-11 	101324.9999999904
0.5568068068068063 	299.9999999999873 	1.278608330514956e-11 	101324.9999999903
0.5593093093093087 	299.9999999998615 	1.114278014477501e-11 	101324.9999999902
0.5618118118118114 	299.9999999999287 	1.413419857589505e-11 	101324.9999999901
0.5643143143143137 	299.9999999999077 	1.194818892739729e-11 	101324.9999999901
0.5668168168168163 	299.9999999999835 	1.320634690227526e-11 	101324.9999999901
0.5693193193193188 	300.0000000000467 	1.279857010241122e-11 	101324.99999999
0.5718218218218213 	300.0000000000418 	1.175531528679028e-11 	101324.99999999
0.5743243243243239 	300.0000000000226 	1.301577400469337e-11 	101324.9999999898
0.5768268268268262 	300.0000000000053 	1.016455971542611e-11 	101324.99999999
0.5793293293293288 	299.9999999999143 	1.330597782917762e-11 	101324.99999999
0.5818318318318314 	299.9999999998856 	8.492859988896344e-12 	101324.99999999
0.5843343343343338 	299.9999999999805 	1.444771754824791e-11 	101324.9999999901
0.5868368368368363 	299.999999999967 	8.66374656900773e-12 	101324.99999999
0.5893393393393387 	299.9999999999106 	1.347966127003197e-11 	101324.9999999901
0.5918418418418413 	299.9999999999152 	9.939031036345248e-12 	101324.99999999
0.5943443443443439 	300.0000000000253 	1.340613906293065e-11 	101324.9999999899
0.5968468468468463 	300.0000000000326 	1.086249777189462e-11 	101324.9999999899
0.5993493493493487 	300.0000000000597 	1.293808342386544e-11 	101324.9999999902
0.6018518518518514 	299.9999999999802 	1.075404655087611e-11 	101324.9999999903
0.6043543543543537 	300.000000000008 	1.22821031316432e-11 	101324.9999999905
0.6068568568568564 	299.9999999999868 	9.904986413603695e-12 	101324.9999999907
0.6093593593593587 	299.9999999999015 	1.142650706985434e-11 	101324.9999999908
0.6118618618618614 	299.9999999998959 	1.054981184066295e-11 	101324.9999999909
0.6143643643643638 	300.0000000000295 	1.242343787960029e-11 	101324.9999999908
0.6168668668668662 	300.0000000000007 	1.048245206974112e-11 	101324.9999999909
0.6193693693693688 	299.999999999948 	1.333915297478242e-11 	101324.9999999909
0.6218718718718714 	299.9999999999582 	1.133664539743812e-11 	101324.9999999907
0.6243743743743737 	299.9999999999107 	1.483393151457156e-11 	101324.9999999906
0.6268768768768762 	299.9999999998927 	1.272640824793586e-11 	101324.9999999905
0.629379379379379 	299.9999999999443 	1.401256036062058e-11 	101324.9999999905
0.6318818818818812 	299.9999999999823 	1.336020072246445e-11 	101324.9999999905
0.6343843843843838 	300.0000000000357 	1.325105385641168e-11 	101324.9999999903
0.6368868868868864 	299.9999999999875 	1.427990296699776e-11 	101324.9999999901
0.6393893893893888 	299.9999999998849 	1.257339260336533e-11 	101324.99999999
0.6418918918918912 	299.9999999999952 	1.600596826477972e-11 	101324.9999999902
0.6443943943943939 	299.9999999999563 	1.168004369088413e-11 	101324.9999999903
0.6468968968968963 	299.9999999999779 	1.773583836854117e-11 	101324.9999999902
0.6493993993993988 	299.9999999999593 	1.217040993213186e-11 	101324.9999999904
0.6519019019019012 	299.9999999999771 	1.724266732835879e-11 	101324.9999999907
0.6544044044044038 	299.9999999998595 	1.307928531468392e-11 	101324.9999999907
0.6569069069069065 	299.9999999999147 	1.684239457418129e-11 	101324.9999999906
0.6594094094094087 	299.999999999943 	1.351982459914484e-11 	101324.9999999907
0.6619119119119113 	299.9999999999466 	1.606458776856929e-11 	101324.9999999908
0.664414414414414 	300.0000000000219 	1.393707824078222e-11 	101324.9999999909
0.6669169169169162 	300.0000000000269 	1.566172850152528e-11 	101324.9999999911
0.6694194194194188 	299.9999999999784 	1.323684030218773e-11 	101324.999999991
0.6719219219219214 	299.9999999998881 	1.519157655495568e-11 	101324.9999999912
0.674424424424424 	299.9999999999565 	1.437559466359167e-11 	101324.9999999914
0.6769269269269262 	299.9999999998863 	1.589731362005395e-11 	101324.9999999913
0.679429429429429 	300.0000000000089 	1.504539793289764e-11 	101324.9999999911
0.6819319319319311 	299.9999999999824 	1.629818572099427e-11 	101324.9999999913
0.6844344344344341 	300.0000000000068 	1.497511345893096e-11 	101324.9999999914
0.686936936936936 	299.9999999999993 	1.665334265049232e-11 	101324.9999999915
0.6894394394394392 	299.9999999999932 	1.461849280748304e-11 	101324.9999999913
0.6919419419419413 	299.9999999999856 	1.502939696060966e-11 	101324.9999999912
0.694444444444444 	299.999999999881 	1.502504056735469e-11 	101324.9999999911
0.6969469469469463 	299.9999999998756 	1.49438851630265e-11 	101324.9999999914
0.6994494494494489 	299.9999999998886 	1.627095580262006e-11 	101324.9999999914
0.7019519519519515 	299.9999999999738 	1.540414037961268e-11 	101324.9999999914
0.7044544544544538 	299.9999999999232 	1.79412807069129e-11 	101324.9999999914
0.7069569569569564 	300.0000000000063 	1.47171557303869e-11 	101324.9999999916
0.7094594594594589 	299.9999999999578 	1.867990033748614e-11 	101324.9999999916
0.7119619619619615 	299.9999999998801 	1.500992244600014e-11 	101324.9999999916
0.7144644644644638 	299.9999999999377 	1.798585205445853e-11 	101324.9999999916
0.7169669669669665 	299.9999999998878 	1.642193369713612e-11 	101324.9999999916
0.7194694694694688 	299.9999999999989 	1.78256313961167e-11 	101324.9999999916
0.7219719719719715 	299.9999999999874 	1.640670496721282e-11 	101324.9999999918
0.7244744744744737 	300.0000000000147 	1.606597471356547e-11 	101324.9999999919
0.7269769769769764 	300.0000000000036 	1.62006113507393e-11 	101324.999999992
0.7294794794794791 	299.9999999999845 	1.401163661489119e-11 	101324.9999999918
0.7319819819819813 	299.9999999999601 	1.759191214664989e-11 	101324.9999999915
0.7344844844844839 	299.9999999998691 	1.475998555451463e-11 	101324.999999991
0.7369869869869864 	299.9999999999157 	1.683595225847535e-11 	101324.9999999909
0.739489489489489 	299.9999999999147 	1.586236243593278e-11 	101324.9999999909
0.7419919919919914 	299.9999999998898 	1.609078944399696e-11 	101324.9999999911
0.7444944944944939 	299.9999999999715 	1.724662458334755e-11 	101324.9999999914
0.7469969969969963 	299.999999999956 	1.515119483970098e-11 	101324.9999999916
0.7494994994994989 	299.9999999999003 	1.858466392245399e-11 	101324.9999999916
0.7520020020020015 	299.9999999999521 	1.424843287043572e-11 	101324.9999999917
0.7545045045045039 	299.9999999999485 	1.947038158264759e-11 	101324.9999999918
0.7570070070070062 	299.9999999999141 	1.559429399667751e-11 	101324.9999999918
0.7595095095095092 	299.9999999999054 	1.888975640977905e-11 	101324.999999992
0.7620120120120112 	300.0000000000193 	1.753229168210965e-11 	101324.9999999921
0.7645145145145138 	299.9999999999868 	1.813149156133137e-11 	101324.9999999921
0.7670170170170165 	299.999999999898 	1.831379292347986e-11 	101324.999999992
0.7695195195195191 	299.9999999998846 	1.618250777481838e-11 	101324.9999999919
0.7720220220220213 	299.9999999999108 	1.947506739046281e-11 	101324.9999999917
0.7745245245245239 	299.9999999998928 	1.636429377218553e-11 	101324.9999999917
0.7770270270270263 	299.9999999999462 	1.984716536504487e-11 	101324.9999999918
0.779529529529529 	299.999999999975 	1.821842642355899e-11 	101324.9999999919
0.7820320320320313 	299.999999999951 	1.934977106101527e-11 	101324.9999999919
0.784534534534534 	300.0000000000126 	1.947192121921178e-11 	101324.999999992
0.7870370370370364 	299.9999999999961 	1.943116892902321e-11 	101324.9999999918
0.7895395395395389 	299.9999999999681 	2.087605432212158e-11 	101324.9999999918
0.7920420420420413 	299.9999999999691 	1.963259850415741e-11 	101324.999999992
0.794544544544544 	299.9999999999695 	2.223954624322028e-11 	101324.999999992
0.7970470470470463 	300.0000000000045 	1.848732978597256e-11 	101324.9999999921
0.799549549549549 	299.9999999999879 	2.306631912679688e-11 	101324.9999999922
0.8020520520520515 	299.9999999999741 	1.887657074589904e-11 	101324.999999992
0.8045545545545539 	299.9999999999122 	2.235245434830589e-11 	101324.9999999919
0.8070570570570563 	299.999999999964 	2.047440382038579e-11 	101324.9999999918
0.8095595595595589 	299.9999999999324 	2.105749989529e-11 	101324.9999999915
0.8120620620620614 	299.999999999915 	1.963515416219149e-11 	101324.9999999915
0.8145645645645638 	300.0000000000067 	1.783999948454911e-11 	101324.9999999915
0.8170670670670666 	300.000000000007 	1.789484414774683e-11 	101324.9999999914
0.8195695695695689 	299.9999999999708 	1.537402375195458e-11 	101324.9999999915
0.8220720720720714 	299.9999999999105 	1.947082033531649e-11 	101324.9999999915
0.8245745745745739 	299.9999999999856 	1.64659963119267e-11 	101324.9999999915
0.8270770770770765 	299.9999999999574 	1.960332102214672e-11 	101324.9999999916
0.8295795795795788 	299.9999999999237 	1.816527743208134e-11 	101324.9999999918
0.8320820820820815 	300.0000000000284 	1.960402556314703e-11 	101324.999999992
0.834584584584584 	300.0000000000146 	1.908075835697839e-11 	101324.9999999919
0.8370870870870865 	299.99999999995 	1.923055178358169e-11 	101324.999999992
0.8395895895895891 	299.9999999998957 	2.082858602044101e-11 	101324.999999992
0.8420920920920915 	299.9999999999304 	2.000794196300404e-11 	101324.999999992
0.844594594594594 	299.9999999999155 	2.122392255487932e-11 	101324.9999999921
0.8470970970970964 	299.9999999999218 	2.138498999945979e-11 	101324.9999999923
0.8495995995995991 	299.9999999999925 	2.137062896160677e-11 	101324.9999999924
0.8521021021021015 	299.9999999999743 	2.21158587170776e-11 	101324.9999999924
0.8546046046046039 	299.9999999999586 	2.104953460687801e-11 	101324.9999999922
0.8571071071071066 	299.9999999999959 	2.259881731322315e-11 	101324.999999992
0.8596096096096089 	299.9999999999491 	1.925861930594088e-11 	101324.9999999921
0.8621121121121116 	299.9999999999083 	2.294642512286362e-11 	101324.9999999921
0.8646146146146139 	300.0000000000031 	1.909107820528347e-11 	101324.9999999922
0.8671171171171166 	299.9999999999624 	2.1851657125534e-11 	101324.9999999922
0.8696196196196189 	299.9999999999072 	2.123429902078869e-11 	101324.9999999922
0.8721221221221216 	299.9999999999681 	2.29164475689643e-11 	101324.9999999922
0.874624624624624 	300.0000000000066 	2.288764098599791e-11 	101324.9999999926
0.8771271271271264 	299.9999999999978 	2.250485723060219e-11 	101324.9999999929
0.879629629629629 	300.0000000000045 	2.297218103536347e-11 	101324.9999999927
0.8821321321321317 	299.9999999999805 	2.021738845719023e-11 	101324.9999999926
0.8846346346346339 	299.9999999998926 	2.365124468492294e-11 	101324.9999999924
0.8871371371371364 	299.9999999999335 	2.022815857901347e-11 	101324.9999999924
0.8896396396396391 	299.999999999933 	2.252052728673957e-11 	101324.9999999926
0.8921421421421414 	299.9999999999421 	2.026935068918761e-11 	101324.9999999926
0.8946446446446441 	299.9999999999786 	2.100430364642108e-11 	101324.9999999926
0.8971471471471464 	300.0000000000086 	1.999638377423992e-11 	101324.9999999926
0.8996496496496489 	299.9999999999777 	1.964575601406663e-11 	101324.9999999926
0.9021521521521517 	299.9999999999521 	2.087772087474511e-11 	101324.9999999926
0.9046546546546541 	299.9999999999899 	1.935661079186666e-11 	101324.9999999926
0.9071571571571564 	299.9999999999219 	2.036202539240152e-11 	101324.9999999926
0.9096596596596589 	299.999999999919 	2.04582064099141e-11 	101324.9999999928
0.9121621621621616 	300.0000000000159 	2.119444874341881e-11 	101324.9999999932
0.9146646646646639 	299.9999999999694 	2.137447333080405e-11 	101324.9999999933
0.9171671671671666 	299.999999999921 	2.067784126379504e-11 	101324.9999999932
0.9196696696696689 	300.0000000000001 	2.217274378278253e-11 	101324.9999999932
0.9221721721721714 	299.999999999998 	2.004545753452666e-11 	101324.9999999931
0.9246746746746741 	299.9999999999104 	2.423218433646758e-11 	101324.9999999928
0.9271771771771765 	299.9999999999267 	2.145000053118482e-11 	101324.9999999929
0.9296796796796791 	299.9999999999857 	2.420659706775457e-11 	101324.9999999932
0.9321821821821816 	299.9999999999509 	2.224421002841313e-11 	101324.9999999933
0.9346846846846838 	299.999999999924 	2.407245608860714e-11 	101324.9999999933
0.9371871871871866 	300.0000000000215 	2.327460955364132e-11 	101324.9999999934
0.9396896896896891 	300.0000000000152 	2.272166974547671e-11 	101324.9999999934
0.9421921921921914 	300.0000000000039 	2.242607865219615e-11 	101324.9999999932
0.9446946946946939 	299.9999999999524 	2.04373805440223e-11 	101324.9999999932
0.9471971971971965 	299.999999999893 	2.304449970497639e-11 	101324.9999999932
0.9496996996996991 	299.9999999999388 	1.986546918133009e-11 	101324.9999999931
0.9522022022022016 	299.9999999999601 	2.248916279539204e-11 	101324.999999993
0.9547047047047038 	299.9999999999643 	2.157758334800053e-11 	101324.999999993
0.9572072072072064 	299.9999999999422 	2.331885221359822e-11 	101324.9999999929
0.9597097097097093 	299.99999999994 	2.289402712085115e-11 	101324.9999999931
0.9622122122122114 	299.9999999999365 	2.233696054269087e-11 	101324.9999999932
0.964714714714714 	299.9999999999278 	2.339822344965733e-11 	101324.999999993
0.9672172172172167 	299.9999999999288 	2.191104232834361e-11 	101324.999999993
0.969719719719719 	299.999999999978 	2.302451227328459e-11 	101324.9999999931
0.9722222222222214 	299.9999999999737 	2.253803678459561e-11 	101324.9999999934
0.9747247247247239 	299.9999999999624 	2.291842388246921e-11 	101324.9999999935
0.9772272272272267 	300.0000000000037 	2.320812750554305e-11 	101324.9999999935
0.9797297297297292 	299.9999999999744 	2.307947593794997e-11 	101324.9999999935
0.9822322322322313 	299.9999999999775 	2.419463331552087e-11 	101324.9999999931
0.9847347347347344 	299.9999999999777 	2.230472533844146e-11 	101324.9999999931
0.9872372372372363 	299.9999999999057 	2.606650755923505e-11 	101324.9999999932
0.9897397397397389 	299.9999999999362 	2.322993394625336e-11 	101324.9999999931
0.9922422422422417 	299.999999999923 	2.617033677599307e-11 	101324.9999999929
0.9947447447447441 	299.9999999999441 	2.430343087814039e-11 	101324.9999999927
0.9972472472472468 	299.9999999999459 	2.53786522084702e-11 	101324.9999999927
0.999749749749749 	299.9999999999484 	2.390099216725071e-11 	101324.9999999928
1.002252252252252 	299.9999999999745 	2.379184769048684e-11 	101324.999999993
1.004754754754754 	299.9999999999908 	2.356784918688958e-11 	101324.9999999932
1.007257257257256 	299.9999999999661 	2.268394619329278e-11 	101324.9999999933
1.009759759759759 	299.9999999999422 	2.585896275744099e-11 	101324.9999999936
1.012262262262261 	299.9999999999211 	2.320871787013983e-11 	101324.9999999936
1.014764764764764 	299.9999999998977 	2.539004390263574e-11 	101324.9999999938
1.017267267267267 	299.9999999998962 	2.38850080831149e-11 	101324.9999999939
1.019769769769769 	299.9999999999651 	2.544405039287256e-11 	101324.9999999939
1.022272272272272 	299.9999999999823 	2.494748613734038e-11 	101324.9999999937
1.024774774774774 	299.9999999999799 	2.528819641067686e-11 	101324.9999999937
1.027277277277277 	299.9999999999703 	2.64536463557705e-11 	101324.9999999939
1.029779779779779 	300.0000000000052 	2.53027234273752e-11 	101324.999999994
1.032282282282282 	300.0000000000047 	2.644383609358897e-11 	101324.9999999938
1.034784784784784 	299.9999999999937 	2.557415528655719e-11 	101324.9999999936
1.037287287287286 	299.9999999999532 	2.572254933676536e-11 	101324.9999999936
1.039789789789789 	299.9999999999667 	2.515327812767263e-11 	101324.9999999937
1.042292292292291 	300.0000000000297 	2.462751019109088e-11 	101324.9999999937
1.044794794794794 	300.0000000000506 	2.436772678705442e-11 	101324.9999999936
1.047297297297296 	300.0000000000579 	2.272351044970174e-11 	101324.9999999935
1.049799799799799 	299.9999999999899 	2.54918051170797e-11 	101324.9999999936
1.052302302302302 	299.9999999999387 	2.285684426881757e-11 	101324.9999999938
1.054804804804804 	299.9999999999029 	2.559570808951595e-11 	101324.9999999942
1.057307307307306 	299.9999999998866 	2.420842335071547e-11 	101324.9999999944
1.059809809809809 	299.9999999999421 	2.569129201382382e-11 	101324.9999999945
1.062312312312312 	299.9999999999405 	2.450279745845142e-11 	101324.9999999944
1.064814814814814 	299.9999999999375 	2.474852205772228e-11 	101324.9999999947
1.067317317317317 	299.9999999998943 	2.377081511028015e-11 	101324.999999995
1.069819819819819 	299.999999999892 	2.311190521181796e-11 	101324.999999995
1.072322322322321 	299.9999999999908 	2.568091846126493e-11 	101324.9999999951
1.074824824824824 	300.0000000000266 	2.363000307803057e-11 	101324.999999995
1.077327327327327 	300.0000000000515 	2.54038327838282e-11 	101324.9999999947
1.079829829829829 	300.0000000000624 	2.328956626165154e-11 	101324.9999999946
1.082332332332332 	300.0000000000076 	2.404633084656133e-11 	101324.9999999947
1.084834834834834 	299.9999999999695 	2.342236376918159e-11 	101324.9999999948
1.087337337337337 	299.9999999999127 	2.313720007667808e-11 	101324.9999999948
1.089839839839839 	299.9999999998929 	2.439259122546258e-11 	101324.9999999948
1.092342342342342 	299.9999999999503 	2.194775004213304e-11 	101324.9999999948
1.094844844844844 	299.9999999999521 	2.320921191612118e-11 	101324.9999999947
1.097347347347347 	299.9999999999098 	2.094650314638382e-11 	101324.9999999946
1.099849849849849 	299.9999999998903 	2.431672753830931e-11 	101324.9999999946
1.102352352352352 	299.9999999999322 	2.116253815094953e-11 	101324.9999999947
1.104854854854854 	299.9999999999621 	2.38863791321107e-11 	101324.9999999951
1.107357357357357 	299.9999999999328 	2.207504976361145e-11 	101324.9999999952
1.109859859859859 	299.9999999999222 	2.469580564379008e-11 	101324.9999999951
1.112362362362362 	300.0000000000135 	2.389334416981157e-11 	101324.999999995
1.114864864864865 	300.0000000000064 	2.50728121445255e-11 	101324.9999999949
1.117367367367367 	299.9999999999364 	2.680328328518345e-11 	101324.9999999948
1.119869869869869 	299.9999999998882 	2.53869176228418e-11 	101324.9999999948
1.122372372372372 	299.9999999999427 	2.712314598457718e-11 	101324.9999999948
1.124874874874874 	299.9999999999366 	2.580815330980018e-11 	101324.9999999951
1.127377377377377 	299.999999999946 	2.718201783610289e-11 	101324.9999999952
1.129879879879879 	300.0000000000239 	2.624833411667511e-11 	101324.999999995
1.132382382382382 	300.000000000057 	2.663019607089792e-11 	101324.9999999947
1.134884884884884 	300.0000000000173 	2.555119884772804e-11 	101324.9999999945
1.137387387387387 	300.0000000000217 	2.464650715085116e-11 	101324.9999999946
1.139889889889889 	299.9999999999441 	2.56857253900234e-11 	101324.9999999946
1.142392392392392 	299.9999999999349 	2.342035973020373e-11 	101324.9999999945
1.144894894894894 	300.0000000000316 	2.45854880951733e-11 	101324.9999999944
1.147397397397397 	300.0000000000023 	2.231675737723571e-11 	101324.9999999948
1.149899899899899 	299.9999999999135 	2.337267222807254e-11 	101324.9999999951
1.152402402402402 	299.9999999998925 	2.251802032009138e-11 	101324.9999999953
1.154904904904904 	299.999999999944 	2.391542039366709e-11 	101324.9999999955
1.157407407407407 	299.9999999999439 	2.384165813291856e-11 	101324.9999999955
1.159909909909909 	299.999999999896 	2.457390948584691e-11 	101324.9999999955
1.162412412412412 	299.9999999998907 	2.686521437619157e-11 	101324.9999999958
1.164914914914914 	299.9999999999537 	2.507624840561529e-11 	101324.9999999958
1.167417417417417 	299.999999999966 	2.668438828956214e-11 	101324.9999999958
1.169919919919919 	300.0000000000302 	2.512629915480565e-11 	101324.9999999957
1.172422422422422 	300.0000000000731 	2.640378202090006e-11 	101324.9999999957
1.174924924924925 	299.9999999999972 	2.514622439730172e-11 	101324.9999999958
1.177427427427427 	299.9999999999533 	2.643931832123665e-11 	101324.9999999958
1.179929929929929 	300.0000000000229 	2.819606127935875e-11 	101324.9999999958
1.182432432432432 	300.0000000000628 	2.649995613519348e-11 	101324.9999999956
1.184934934934934 	300.0000000000116 	2.790580788030388e-11 	101324.9999999955
1.187437437437437 	299.9999999999757 	2.596849244697573e-11 	101324.9999999955
1.189939939939939 	299.9999999999691 	2.656975100591022e-11 	101324.9999999955
1.192442442442442 	299.9999999999051 	2.488805455015426e-11 	101324.9999999956
1.194944944944944 	299.9999999999012 	2.58926858261542e-11 	101324.9999999959
1.197447447447447 	299.9999999999962 	2.485132319984033e-11 	101324.9999999961
1.199949949949949 	300.0000000000252 	2.473785893457157e-11 	101324.9999999962
1.202452452452452 	299.9999999999392 	2.539652716561668e-11 	101324.9999999962
1.204954954954955 	299.9999999999299 	2.35126424034246e-11 	101324.9999999961
1.207457457457457 	299.9999999999773 	2.521943696262847e-11 	101324.9999999962
1.20995995995996 	299.99999999997 	2.38702851833791e-11 	101324.9999999962
1.212462462462462 	299.9999999999726 	2.525990751343842e-11 	101324.9999999962
1.214964964964964 	299.9999999999696 	2.409268423261348e-11 	101324.9999999962
1.217467467467467 	299.9999999999671 	2.542935919544753e-11 	101324.9999999963
1.219969969969969 	299.9999999999486 	2.436124659890608e-11 	101324.9999999961
1.222472472472472 	300.0000000000308 	2.475919089310992e-11 	101324.999999996
1.224974974974975 	300.0000000000682 	2.535708062907038e-11 	101324.999999996
1.227477477477477 	299.9999999999894 	2.329932931858616e-11 	101324.999999996
1.229979979979979 	299.9999999999699 	2.453685008900013e-11 	101324.9999999962
1.232482482482482 	299.9999999999307 	2.255761380996295e-11 	101324.9999999962
1.234984984984984 	299.9999999999313 	2.43720235843244e-11 	101324.9999999962
1.237487487487487 	299.9999999999687 	2.310249826148254e-11 	101324.999999996
1.239989989989989 	299.9999999999719 	2.415330736936632e-11 	101324.999999996
1.242492492492492 	300.0000000000209 	2.491343504694886e-11 	101324.9999999962
1.244994994994994 	299.9999999999753 	2.315365286960781e-11 	101324.9999999963
1.247497497497497 	299.9999999999691 	2.460384635247961e-11 	101324.9999999964
1.249999999999999 	300 	2.364993281859077e-11 	101324.9999999966
