/*--------------------------------*- C++ -*----------------------------------*\
  =========                 |
  \\      /  F ield         | OpenFOAM: The Open Source CFD Toolbox
   \\    /   O peration     | Website:  https://openfoam.org
    \\  /    A nd           | Version:  7
     \\/     M anipulation  |
\*---------------------------------------------------------------------------*/
FoamFile
{
    version     2.0;
    format      ascii;
    class       volScalarField;
    location    "0.00317";
    object      Ux;
}
// * * * * * * * * * * * * * * * * * * * * * * * * * * * * * * * * * * * * * //

dimensions      [0 1 -1 0 0 0 0];

internalField   nonuniform List<scalar> 
5000
(
23.099932
23.099932
23.099931
23.099931
23.099931
23.09993
23.09993
23.09993
23.09993
23.09993
23.09993
23.09993
23.099929
23.099929
23.099929
23.099929
23.099929
23.099928
23.099928
23.099928
23.099928
23.099928
23.099928
23.099927
23.099927
23.099927
23.099927
23.099927
23.099926
23.099926
23.099926
23.099926
23.099926
23.099925
23.099925
23.099925
23.099925
23.099925
23.099925
23.099924
23.099924
23.099924
23.099924
23.099924
23.099923
23.099923
23.099923
23.099923
23.099923
23.099923
23.099922
23.099922
23.099922
23.099922
23.099922
23.099922
23.099921
23.099921
23.099921
23.099921
23.099921
23.09992
23.09992
23.09992
23.09992
23.09992
23.09992
23.099919
23.099919
23.099919
23.099919
23.099919
23.099919
23.099918
23.099918
23.099918
23.099918
23.099918
23.099918
23.099917
23.099917
23.099917
23.099917
23.099917
23.099916
23.099916
23.099916
23.099916
23.099916
23.099916
23.099915
23.099915
23.099915
23.099915
23.099915
23.099915
23.099914
23.099914
23.099914
23.099914
23.099914
23.099913
23.099913
23.099913
23.099913
23.099913
23.099913
23.099912
23.099912
23.099912
23.099912
23.099912
23.099912
23.099911
23.099911
23.099911
23.099911
23.099911
23.09991
23.09991
23.09991
23.09991
23.09991
23.09991
23.099909
23.099909
23.099909
23.099909
23.099909
23.099909
23.099908
23.099908
23.099908
23.099908
23.099908
23.099908
23.099907
23.099907
23.099907
23.099907
23.099907
23.099906
23.099906
23.099906
23.099906
23.099906
23.099906
23.099905
23.099905
23.099905
23.099905
23.099905
23.099905
23.099904
23.099904
23.099904
23.099904
23.099904
23.099904
23.099903
23.099903
23.099903
23.099903
23.099903
23.099903
23.099903
23.099904
23.099904
23.099902
23.099901
23.099902
23.099901
23.099901
23.099901
23.099901
23.099901
23.0999
23.0999
23.0999
23.0999
23.0999
23.0999
23.099899
23.099899
23.099899
23.099899
23.099899
23.099899
23.099898
23.099898
23.099898
23.099898
23.099898
23.099898
23.099897
23.099897
23.099897
23.099897
23.099897
23.099897
23.099896
23.099896
23.099896
23.099896
23.099896
23.099896
23.099895
23.099895
23.099895
23.099895
23.099895
23.099895
23.099894
23.099894
23.099894
23.099894
23.099894
23.099894
23.099893
23.099893
23.099893
23.099893
23.099893
23.099893
23.099892
23.099892
23.099892
23.099892
23.099892
23.099892
23.099891
23.099891
23.099891
23.099891
23.099891
23.099891
23.099891
23.09989
23.09989
23.09989
23.09989
23.09989
23.09989
23.099889
23.099889
23.099889
23.099889
23.099889
23.099889
23.099888
23.099888
23.099888
23.099888
23.099888
23.099888
23.099887
23.099887
23.099887
23.099887
23.099887
23.099887
23.099886
23.099886
23.099886
23.099886
23.099886
23.099886
23.099886
23.099885
23.099885
23.099885
23.099885
23.099885
23.099885
23.099884
23.099884
23.099884
23.099884
23.099884
23.099884
23.099884
23.099883
23.099883
23.099883
23.099883
23.099883
23.099883
23.099882
23.099882
23.099882
23.099882
23.099882
23.099882
23.099881
23.099881
23.099881
23.099881
23.099881
23.099881
23.099881
23.09988
23.09988
23.09988
23.09988
23.09988
23.09988
23.099879
23.099879
23.099879
23.099879
23.099879
23.099879
23.099879
23.099878
23.099878
23.099878
23.099878
23.099878
23.099878
23.099877
23.099877
23.099877
23.099877
23.099877
23.099877
23.099877
23.099876
23.099876
23.099876
23.099876
23.099876
23.099876
23.099875
23.099875
23.099875
23.099875
23.099875
23.099875
23.099875
23.099874
23.099874
23.099874
23.099874
23.099874
23.099874
23.099873
23.099873
23.099873
23.099873
23.099873
23.099873
23.099873
23.099872
23.099872
23.099872
23.099872
23.099872
23.099872
23.099872
23.099871
23.099871
23.099871
23.099871
23.099871
23.099871
23.09987
23.09987
23.09987
23.09987
23.09987
23.09987
23.09987
23.099869
23.099869
23.099869
23.099869
23.099869
23.099869
23.099869
23.099868
23.099868
23.099868
23.099868
23.099868
23.099868
23.099868
23.099867
23.099867
23.099867
23.099867
23.099867
23.099867
23.099866
23.099866
23.099866
23.099866
23.099866
23.099866
23.099866
23.099865
23.099865
23.099865
23.099865
23.099865
23.099865
23.099865
23.099864
23.099864
23.099864
23.099864
23.099864
23.099864
23.099864
23.099863
23.099863
23.099863
23.099863
23.099863
23.099863
23.099863
23.099862
23.099862
23.099862
23.099862
23.099862
23.099862
23.099862
23.099861
23.099861
23.099861
23.099861
23.099861
23.099861
23.099861
23.09986
23.09986
23.09986
23.09986
23.09986
23.09986
23.09986
23.09986
23.099859
23.099859
23.099859
23.099859
23.099859
23.099859
23.099859
23.099858
23.099858
23.099858
23.099858
23.099858
23.099858
23.099858
23.099858
23.099857
23.099857
23.099857
23.099857
23.099857
23.099857
23.099857
23.099856
23.099856
23.099856
23.099856
23.099856
23.099856
23.099856
23.099856
23.099855
23.099855
23.099855
23.099855
23.099855
23.099855
23.099855
23.099854
23.099854
23.099854
23.099854
23.099854
23.099854
23.099854
23.099854
23.099853
23.099853
23.099853
23.099853
23.099853
23.099853
23.099853
23.099853
23.099852
23.099852
23.099852
23.099852
23.099852
23.099852
23.099852
23.099852
23.099852
23.099851
23.099851
23.099851
23.099851
23.099851
23.099851
23.099851
23.099851
23.09985
23.09985
23.09985
23.09985
23.09985
23.09985
23.09985
23.09985
23.099849
23.099849
23.099849
23.099849
23.099849
23.099849
23.099849
23.099849
23.099848
23.099848
23.099848
23.099848
23.099848
23.099848
23.099848
23.099848
23.099848
23.099847
23.099847
23.099847
23.099847
23.099847
23.099847
23.099847
23.099847
23.099846
23.099846
23.099846
23.099846
23.099846
23.099846
23.099846
23.099846
23.099845
23.099845
23.099845
23.099845
23.099845
23.099845
23.099845
23.099845
23.099845
23.099844
23.099844
23.099844
23.099844
23.099844
23.099844
23.099844
23.099844
23.099843
23.099843
23.099843
23.099843
23.099843
23.099843
23.099843
23.099843
23.099842
23.099842
23.099842
23.099842
23.099842
23.099842
23.099842
23.099842
23.099842
23.099841
23.099841
23.099841
23.099841
23.099841
23.099841
23.099841
23.099841
23.09984
23.09984
23.09984
23.09984
23.09984
23.09984
23.09984
23.09984
23.099839
23.099839
23.099839
23.099839
23.099839
23.099839
23.099839
23.099839
23.099838
23.099838
23.099838
23.099838
23.099838
23.099838
23.099838
23.099838
23.099838
23.099837
23.099837
23.099837
23.099837
23.099837
23.099837
23.099837
23.099837
23.099836
23.099836
23.099836
23.099836
23.099836
23.099836
23.099836
23.099836
23.099835
23.099835
23.099835
23.099835
23.099835
23.099835
23.099835
23.099835
23.099835
23.099834
23.099834
23.099834
23.099834
23.099834
23.099834
23.099834
23.099834
23.099833
23.099833
23.099833
23.099833
23.099833
23.099833
23.099833
23.099833
23.099832
23.099832
23.099832
23.099832
23.099832
23.099832
23.099832
23.099832
23.099831
23.099831
23.099831
23.099831
23.099831
23.099831
23.099831
23.099831
23.099831
23.09983
23.09983
23.09983
23.09983
23.09983
23.09983
23.09983
23.09983
23.099829
23.099829
23.099829
23.099829
23.099829
23.099829
23.099829
23.099829
23.099829
23.099828
23.099828
23.099828
23.099828
23.099828
23.099828
23.099828
23.099828
23.099828
23.099828
23.099827
23.099827
23.099827
23.099827
23.099827
23.099827
23.099827
23.099827
23.099827
23.099826
23.099826
23.099826
23.099826
23.099826
23.099826
23.099826
23.099826
23.099826
23.099825
23.099825
23.099825
23.099825
23.099825
23.099825
23.099825
23.099825
23.099825
23.099825
23.099824
23.099824
23.099824
23.099824
23.099824
23.099824
23.099824
23.099824
23.099824
23.099824
23.099823
23.099823
23.099823
23.099823
23.099823
23.099823
23.099823
23.099823
23.099823
23.099823
23.099822
23.099822
23.099822
23.099822
23.099822
23.099822
23.099822
23.099822
23.099822
23.099822
23.099822
23.099821
23.099821
23.099821
23.099821
23.099821
23.099821
23.099821
23.099821
23.099821
23.099821
23.09982
23.09982
23.09982
23.09982
23.09982
23.09982
23.09982
23.09982
23.09982
23.099819
23.099819
23.099819
23.099819
23.099819
23.099819
23.099819
23.099819
23.099819
23.099819
23.099818
23.099818
23.099818
23.099818
23.099818
23.099818
23.099818
23.099818
23.099818
23.099818
23.099817
23.099817
23.099817
23.099817
23.099817
23.099817
23.099817
23.099817
23.099817
23.099816
23.099816
23.099816
23.099816
23.099816
23.099816
23.099816
23.099816
23.099816
23.099816
23.099815
23.099815
23.099815
23.099815
23.099815
23.099815
23.099815
23.099815
23.099815
23.099815
23.099814
23.099814
23.099814
23.099814
23.099814
23.099814
23.099814
23.099814
23.099814
23.099813
23.099813
23.099813
23.099813
23.099813
23.099813
23.099813
23.099813
23.099813
23.099812
23.099812
23.099812
23.099812
23.099812
23.099812
23.099812
23.099812
23.099812
23.099812
23.099811
23.099811
23.099811
23.099811
23.099811
23.099811
23.099811
23.099811
23.099811
23.09981
23.09981
23.09981
23.09981
23.09981
23.09981
23.09981
23.09981
23.09981
23.099809
23.099809
23.099809
23.099809
23.099809
23.099809
23.099809
23.099809
23.099809
23.099808
23.099808
23.099808
23.099808
23.099808
23.099808
23.099808
23.099808
23.099808
23.099807
23.099807
23.099807
23.099807
23.099807
23.099807
23.099807
23.099807
23.099807
23.099806
23.099806
23.099806
23.099806
23.099806
23.099806
23.099806
23.099806
23.099806
23.099806
23.099805
23.099805
23.099805
23.099805
23.099805
23.099805
23.099805
23.099805
23.099805
23.099804
23.099804
23.099804
23.099804
23.099804
23.099804
23.099804
23.099804
23.099804
23.099804
23.099803
23.099803
23.099803
23.099803
23.099803
23.099803
23.099803
23.099803
23.099803
23.099802
23.099802
23.099802
23.099802
23.099802
23.099802
23.099802
23.099802
23.099802
23.099802
23.099801
23.099801
23.099801
23.099801
23.099801
23.099801
23.099801
23.099801
23.099801
23.0998
23.0998
23.0998
23.0998
23.0998
23.0998
23.0998
23.0998
23.0998
23.0998
23.099799
23.099799
23.099799
23.099799
23.099799
23.099799
23.099799
23.099799
23.099799
23.099798
23.099798
23.099798
23.099798
23.099798
23.099798
23.099798
23.099798
23.099798
23.099798
23.099797
23.099797
23.099797
23.099797
23.099797
23.099797
23.099797
23.099797
23.099797
23.099796
23.099796
23.099796
23.099796
23.099796
23.099796
23.099796
23.099796
23.099796
23.099796
23.099795
23.099795
23.099795
23.099795
23.099795
23.099795
23.099795
23.099795
23.099795
23.099794
23.099794
23.099794
23.099794
23.099794
23.099794
23.099794
23.099794
23.099794
23.099794
23.099793
23.099793
23.099793
23.099793
23.099793
23.099793
23.099793
23.099793
23.099793
23.099792
23.099792
23.099792
23.099792
23.099792
23.099792
23.099792
23.099792
23.099792
23.099792
23.099791
23.099791
23.099791
23.099791
23.099791
23.099791
23.099791
23.099791
23.099791
23.099791
23.09979
23.09979
23.09979
23.09979
23.09979
23.09979
23.09979
23.09979
23.09979
23.09979
23.099789
23.099789
23.099789
23.099789
23.099789
23.099789
23.099789
23.099789
23.099789
23.099789
23.099789
23.099788
23.099788
23.099788
23.099788
23.099788
23.099788
23.099788
23.099788
23.099788
23.099788
23.099788
23.099788
23.099787
23.099787
23.099787
23.099787
23.099787
23.099787
23.099787
23.099787
23.099787
23.099787
23.099787
23.099787
23.099786
23.099786
23.099786
23.099786
23.099786
23.099786
23.099786
23.099786
23.099786
23.099786
23.099786
23.099786
23.099786
23.099785
23.099785
23.099785
23.099785
23.099785
23.099785
23.099785
23.099785
23.099785
23.099785
23.099785
23.099785
23.099785
23.099785
23.099785
23.099784
23.099784
23.099784
23.099784
23.099784
23.099784
23.099784
23.099784
23.099784
23.099784
23.099784
23.099784
23.099784
23.099784
23.099784
23.099784
23.099783
23.099783
23.099783
23.099783
23.099783
23.099783
23.099783
23.099783
23.099783
23.099783
23.099783
23.099783
23.099783
23.099783
23.099783
23.099783
23.099783
23.099783
23.099782
23.099782
23.099782
23.099782
23.099782
23.099782
23.099782
23.099782
23.099782
23.099782
23.099782
23.099782
23.099782
23.099782
23.099782
23.099782
23.099782
23.099782
23.099781
23.099781
23.099781
23.099781
23.099781
23.099781
23.099781
23.099781
23.099781
23.099781
23.099781
23.099781
23.099781
23.099781
23.099781
23.099781
23.099781
23.09978
23.09978
23.09978
23.09978
23.09978
23.09978
23.09978
23.09978
23.09978
23.09978
23.09978
23.09978
23.09978
23.09978
23.09978
23.09978
23.099779
23.099779
23.099779
23.099779
23.099779
23.099779
23.099779
23.099779
23.099779
23.099779
23.099779
23.099779
23.099779
23.099779
23.099779
23.099778
23.099778
23.099778
23.099778
23.099778
23.099778
23.099778
23.099778
23.099778
23.099778
23.099778
23.099778
23.099778
23.099778
23.099777
23.099777
23.099777
23.099777
23.099777
23.099777
23.099777
23.099777
23.099777
23.099777
23.099777
23.099777
23.099777
23.099776
23.099776
23.099776
23.099776
23.099776
23.099776
23.099776
23.099776
23.099776
23.099776
23.099776
23.099776
23.099775
23.099775
23.099775
23.099775
23.099775
23.099775
23.099775
23.099775
23.099775
23.099775
23.099775
23.099774
23.099774
23.099774
23.099774
23.099774
23.099774
23.099774
23.099774
23.099774
23.099774
23.099774
23.099773
23.099773
23.099773
23.099773
23.099773
23.099773
23.099773
23.099773
23.099773
23.099773
23.099773
23.099772
23.099772
23.099772
23.099772
23.099772
23.099772
23.099772
23.099772
23.099772
23.099772
23.099772
23.099771
23.099771
23.099771
23.099771
23.099771
23.099771
23.099771
23.099771
23.099771
23.099771
23.099771
23.099771
23.09977
23.09977
23.09977
23.09977
23.09977
23.09977
23.09977
23.09977
23.09977
23.09977
23.09977
23.099769
23.099769
23.099769
23.099769
23.099769
23.099769
23.099769
23.099769
23.099769
23.099769
23.099769
23.099769
23.099768
23.099768
23.099768
23.099768
23.099768
23.099768
23.099768
23.099768
23.099768
23.099768
23.099768
23.099768
23.099767
23.099767
23.099767
23.099767
23.099767
23.099767
23.099767
23.099767
23.099767
23.099767
23.099767
23.099767
23.099767
23.099766
23.099766
23.099766
23.099766
23.099766
23.099766
23.099766
23.099766
23.099766
23.099766
23.099766
23.099766
23.099766
23.099766
23.099765
23.099765
23.099765
23.099765
23.099765
23.099765
23.099765
23.099765
23.099765
23.099765
23.099765
23.099765
23.099765
23.099765
23.099765
23.099765
23.099764
23.099764
23.099764
23.099764
23.099764
23.099764
23.099764
23.099764
23.099764
23.099764
23.099764
23.099764
23.099764
23.099764
23.099764
23.099764
23.099764
23.099764
23.099763
23.099763
23.099763
23.099763
23.099763
23.099763
23.099763
23.099763
23.099763
23.099763
23.099763
23.099763
23.099763
23.099763
23.099763
23.099763
23.099763
23.099763
23.099763
23.099763
23.099763
23.099762
23.099762
23.099762
23.099762
23.099762
23.099762
23.099762
23.099762
23.099762
23.099762
23.099762
23.099762
23.099762
23.099762
23.099762
23.099762
23.099762
23.099762
23.099762
23.099762
23.099762
23.099762
23.099762
23.099761
23.099761
23.099761
23.099761
23.099761
23.099761
23.099761
23.099761
23.099761
23.099761
23.099761
23.099761
23.099761
23.099761
23.099761
23.099761
23.099761
23.099761
23.099761
23.099761
23.099761
23.099761
23.099761
23.099761
23.099761
23.09976
23.09976
23.09976
23.09976
23.09976
23.09976
23.09976
23.09976
23.09976
23.09976
23.09976
23.09976
23.09976
23.09976
23.09976
23.09976
23.09976
23.09976
23.09976
23.09976
23.09976
23.09976
23.09976
23.09976
23.09976
23.099759
23.099759
23.099759
23.099759
23.099759
23.099759
23.099759
23.099759
23.099759
23.099759
23.099759
23.099759
23.099759
23.099759
23.099759
23.099759
23.099759
23.099759
23.099759
23.099759
23.099759
23.099759
23.099759
23.099759
23.099759
23.099759
23.099758
23.099758
23.099758
23.099758
23.099758
23.099758
23.099758
23.099758
23.099758
23.099758
23.099758
23.099758
23.099758
23.099758
23.099758
23.099758
23.099758
23.099758
23.099758
23.099758
23.099758
23.099758
23.099758
23.099758
23.099758
23.099758
23.099757
23.099757
23.099757
23.099757
23.099757
23.099757
23.099757
23.099757
23.099757
23.099757
23.099757
23.099757
23.099757
23.099757
23.099757
23.099757
23.099757
23.099757
23.099757
23.099757
23.099757
23.099757
23.099757
23.099757
23.099756
23.099756
23.099756
23.099756
23.099756
23.099756
23.099756
23.099756
23.099756
23.099756
23.099756
23.099756
23.099756
23.099756
23.099756
23.099756
23.099756
23.099756
23.099756
23.099756
23.099756
23.099756
23.099756
23.099756
23.099756
23.099756
23.099755
23.099755
23.099755
23.099755
23.099755
23.099755
23.099755
23.099755
23.099755
23.099755
23.099755
23.099755
23.099755
23.099755
23.099755
23.099755
23.099755
23.099755
23.099755
23.099755
23.099755
23.099755
23.099755
23.099755
23.099755
23.099755
23.099755
23.099755
23.099755
23.099755
23.099755
23.099755
23.099755
23.099755
23.099755
23.099755
23.099755
23.099755
23.099755
23.099755
23.099755
23.099755
23.099755
23.099755
23.099755
23.099755
23.099755
23.099755
23.099755
23.099755
23.099755
23.099755
23.099755
23.099755
23.099755
23.099755
23.099755
23.099755
23.099755
23.099755
23.099755
23.099755
23.099755
23.099755
23.099755
23.099755
23.099755
23.099755
23.099756
23.099756
23.099756
23.099756
23.099756
23.099756
23.099756
23.099756
23.099756
23.099757
23.099757
23.099757
23.099757
23.099757
23.099757
23.099758
23.099758
23.099758
23.099758
23.099759
23.099759
23.099759
23.099759
23.09976
23.09976
23.09976
23.099761
23.099761
23.099761
23.099762
23.099762
23.099762
23.099763
23.099763
23.099764
23.099764
23.099765
23.099765
23.099766
23.099767
23.099767
23.099768
23.099769
23.099769
23.09977
23.099771
23.099772
23.099772
23.099773
23.099774
23.099775
23.099776
23.099777
23.099778
23.099779
23.099781
23.099782
23.099783
23.099784
23.099786
23.099787
23.099789
23.09979
23.099792
23.099793
23.099795
23.099797
23.099799
23.099801
23.099803
23.099805
23.099807
23.09981
23.099812
23.099814
23.099817
23.09982
23.099822
23.099825
23.099828
23.099831
23.099835
23.099838
23.099842
23.099845
23.099849
23.099853
23.099857
23.099861
23.099866
23.09987
23.099875
23.09988
23.099885
23.09989
23.099896
23.099901
23.099907
23.099913
23.09992
23.099926
23.099933
23.09994
23.099948
23.099955
23.099963
23.099971
23.09998
23.099988
23.099998
23.100007
23.100017
23.100027
23.100037
23.100048
23.10006
23.100071
23.100083
23.100096
23.100109
23.100122
23.100136
23.10015
23.100165
23.100181
23.100196
23.100213
23.10023
23.100248
23.100266
23.100285
23.100304
23.100324
23.100345
23.100367
23.100389
23.100412
23.100436
23.100461
23.100486
23.100512
23.10054
23.100568
23.100597
23.100627
23.100658
23.10069
23.100723
23.100757
23.100792
23.100829
23.100866
23.100905
23.100945
23.100986
23.101029
23.101073
23.101118
23.101165
23.101213
23.101263
23.101314
23.101367
23.101422
23.101479
23.101537
23.101597
23.101658
23.101722
23.101788
23.101855
23.101925
23.101997
23.102071
23.102147
23.102225
23.102306
23.102389
23.102475
23.102563
23.102654
23.102748
23.102844
23.102943
23.103045
23.10315
23.103258
23.103369
23.103483
23.103601
23.103722
23.103846
23.103974
23.104106
23.104241
23.10438
23.104523
23.10467
23.104821
23.104976
23.105136
23.1053
23.105468
23.105641
23.105818
23.106001
23.106188
23.10638
23.106578
23.106781
23.106989
23.107202
23.107422
23.107647
23.107877
23.108114
23.108357
23.108607
23.108862
23.109124
23.109393
23.109669
23.109952
23.110242
23.110539
23.110843
23.111155
23.111475
23.111803
23.112139
23.112483
23.112835
23.113196
23.113565
23.113944
23.114331
23.114728
23.115134
23.11555
23.115975
23.116411
23.116856
23.117312
23.117779
23.118256
23.118744
23.119243
23.119753
23.120275
23.120809
23.121354
23.121912
23.122482
23.123064
23.123659
23.124267
23.124889
23.125523
23.126172
23.126834
23.12751
23.1282
23.128905
23.129625
23.130359
23.131109
23.131874
23.132655
23.133452
23.134265
23.135094
23.13594
23.136802
23.137682
23.138579
23.139494
23.140426
23.141376
23.142345
23.143332
23.144338
23.145363
23.146407
23.147471
23.148555
23.149658
23.150782
23.151926
23.153091
23.154277
23.155484
23.156713
23.157963
23.159235
23.16053
23.161847
23.163186
23.164549
23.165934
23.167343
23.168776
23.170233
23.171713
23.173218
23.174748
23.176302
23.177882
23.179486
23.181116
23.182772
23.184454
23.186162
23.187896
23.189656
23.191444
23.193258
23.1951
23.196968
23.198865
23.200789
23.202741
23.204721
23.206729
23.208766
23.210831
23.212925
23.215049
23.217201
23.219382
23.221593
23.223834
23.226104
23.228404
23.230734
23.233094
23.235484
23.237904
23.240355
23.242836
23.245348
23.247891
23.250464
23.253069
23.255704
23.25837
23.261067
23.263796
23.266555
23.269346
23.272168
23.275021
23.277905
23.280821
23.283768
23.286746
23.289756
23.292796
23.295868
23.298971
23.302105
23.305271
23.308467
23.311694
23.314952
23.318241
23.321561
23.324911
23.328292
23.331703
23.335144
23.338616
23.342118
23.345649
23.34921
23.352801
23.356421
23.36007
23.363749
23.367456
23.371191
23.374955
23.378748
23.382568
23.386416
23.390291
23.394194
23.398123
23.402079
23.406062
23.41007
23.414105
23.418165
23.42225
23.426359
23.430494
23.434653
23.438835
23.443041
23.44727
23.451522
23.455796
23.460093
23.464411
23.46875
23.47311
23.47749
23.48189
23.48631
23.490749
23.495207
23.499683
23.504177
23.508688
23.513216
23.51776
23.52232
23.526896
23.531487
23.536092
23.540711
23.545343
23.549989
23.554646
23.559316
23.563997
23.568689
23.573392
23.578104
23.582825
23.587555
23.592293
23.597039
23.601791
23.606551
23.611316
23.616086
23.620862
23.625641
23.630424
23.635211
23.639999
23.64479
23.649582
23.654375
23.659168
23.663961
23.668752
23.673542
23.67833
23.683115
23.687897
23.692675
23.697449
23.702217
23.70698
23.711737
23.716487
23.72123
23.725964
23.730691
23.735408
23.740115
23.744813
23.749499
23.754175
23.758838
23.763489
23.768128
23.772752
23.777363
23.781959
23.786541
23.791106
23.795656
23.800188
23.804704
23.809202
23.813682
23.818144
23.822586
23.827008
23.831411
23.835793
23.840154
23.844493
23.848811
23.853107
23.857379
23.861628
23.865854
23.870056
23.874233
23.878386
23.882513
23.886615
23.89069
23.89474
23.898762
23.902758
23.906726
23.910666
23.914579
23.918463
23.922318
23.926145
23.929942
23.93371
23.937448
23.941156
23.944833
23.94848
23.952096
23.955682
23.959236
23.962758
23.966249
23.969708
23.973136
23.976531
23.979893
23.983224
23.986521
23.989786
23.993018
23.996218
23.999384
24.002517
24.005616
24.008683
24.011716
24.014715
24.017681
24.020614
24.023513
24.026378
24.02921
24.032008
24.034772
24.037503
24.040201
24.042865
24.045495
24.048092
24.050656
24.053186
24.055683
24.058147
24.060577
24.062975
24.06534
24.067672
24.069971
24.072238
24.074473
24.076675
24.078845
24.080983
24.083089
24.085163
24.087206
24.089218
24.091198
24.093148
24.095067
24.096955
24.098813
24.100641
24.102438
24.104206
24.105945
24.107654
24.109334
24.110985
24.112608
24.114203
24.115769
24.117308
24.118818
24.120302
24.121759
24.123188
24.124592
24.125969
24.12732
24.128645
24.129945
24.13122
24.132469
24.133695
24.134896
24.136073
24.137226
24.138356
24.139462
24.140546
24.141607
24.142646
24.143663
24.144658
24.145632
24.146585
24.147517
24.148428
24.14932
24.150191
24.151043
24.151875
24.152688
24.153483
24.154259
24.155018
24.155758
24.15648
24.157186
24.157874
24.158545
24.1592
24.159839
24.160463
24.16107
24.161663
24.16224
24.162802
24.16335
24.163884
24.164403
24.164909
24.165402
24.165882
24.166348
24.166802
24.167244
24.167673
24.16809
24.168496
24.16889
24.169274
24.169646
24.170008
24.170359
24.1707
24.17103
24.171351
24.171663
24.171965
24.172258
24.172542
24.172817
24.173084
24.173343
24.173593
24.173835
24.17407
24.174297
24.174517
24.17473
24.174935
24.175134
24.175326
24.175512
24.175691
24.175865
24.176033
24.176194
24.17635
24.1765
24.176645
24.176785
24.17692
24.177051
24.177176
24.177296
24.177412
24.177523
24.177631
24.177734
24.177834
24.17793
24.178021
24.178109
24.178194
24.178275
24.178353
24.178428
24.178499
24.178568
24.178633
24.178696
24.178757
24.178815
24.17887
24.178922
24.178972
24.17902
24.179066
24.17911
24.179151
24.179191
24.179228
24.179264
24.179299
24.179331
24.179362
24.179391
24.179418
24.179445
24.17947
24.179494
24.179516
24.179537
24.179556
24.179575
24.179593
24.17961
24.179625
24.17964
24.179654
24.179667
24.179678
24.179689
24.1797
24.179709
24.179719
24.179727
24.179735
24.179742
24.179749
24.179755
24.17976
24.179766
24.17977
24.179775
24.179778
24.179781
24.179784
24.179787
24.17979
24.179792
24.179794
24.179795
24.179797
24.179798
24.179799
24.179799
24.1798
24.1798
24.179801
24.179801
24.179801
24.179801
24.179801
24.1798
24.1798
24.1798
24.1798
24.179799
24.179798
24.179798
24.179797
24.179796
24.179796
24.179795
24.179795
24.179793
24.179792
24.179792
24.179791
24.17979
24.179789
24.179788
24.179788
24.179787
24.179787
24.179786
24.179786
24.179786
24.179785
24.179784
24.179783
24.179783
24.179783
24.179783
24.179782
24.179783
24.179783
24.179783
24.179783
24.179783
24.179782
24.179783
24.179783
24.179784
24.179784
24.179784
24.179785
24.179785
24.179786
24.179786
24.179787
24.179787
24.179788
24.179789
24.17979
24.17979
24.179791
24.179792
24.179793
24.179794
24.179795
24.179796
24.179796
24.179797
24.179798
24.179799
24.1798
24.179801
24.179802
24.179803
24.179804
24.179805
24.179806
24.179806
24.179807
24.179808
24.179808
24.179809
24.17981
24.17981
24.179811
24.179811
24.179811
24.179812
24.179812
24.179812
24.179812
24.179812
24.179811
24.179811
24.179811
24.17981
24.17981
24.179809
24.179808
24.179807
24.179805
24.179804
24.179802
24.1798
24.179799
24.179797
24.179794
24.179792
24.179789
24.179786
24.179783
24.17978
24.179776
24.179772
24.179768
24.179764
24.179759
24.179754
24.179749
24.179743
24.179737
24.179731
24.179725
24.179718
24.17971
24.179703
24.179695
24.179686
24.179678
24.179669
24.179659
24.179649
24.179639
24.179628
24.179616
24.179604
24.179592
24.179579
24.179565
24.179551
24.179537
24.179522
24.179506
24.17949
24.179473
24.179455
24.179437
24.179418
24.179399
24.179379
24.179358
24.179336
24.179313
24.17929
24.179266
24.179241
24.179216
24.179189
24.179162
24.179134
24.179105
24.179075
24.179044
24.179012
24.178979
24.178945
24.17891
24.178874
24.178837
24.178799
24.17876
24.178719
24.178678
24.178635
24.178591
24.178546
24.1785
24.178452
24.178403
24.178352
24.178301
24.178247
24.178193
24.178137
24.178079
24.17802
24.177959
24.177897
24.177833
24.177768
24.177701
24.177633
24.177562
24.17749
24.177416
24.17734
24.177262
24.177183
24.177101
24.177018
24.176933
24.176845
24.176756
24.176664
24.176571
24.176475
24.176377
24.176276
24.176174
24.176069
24.175962
24.175853
24.175741
24.175626
24.175509
24.17539
24.175268
24.175143
24.175016
24.174886
24.174753
24.174618
24.174479
24.174338
24.174194
24.174046
24.173896
24.173743
24.173587
24.173427
24.173265
24.173099
24.17293
24.172757
24.172582
24.172403
24.17222
24.172034
24.171844
24.171651
24.171454
24.171253
24.171049
24.170841
24.170629
24.170413
24.170193
24.16997
24.169742
24.16951
24.169274
24.169034
24.168789
24.168541
24.168288
24.16803
24.167768
24.167502
24.167231
24.166956
24.166676
24.166391
24.166101
24.165807
24.165508
24.165203
24.164894
24.16458
24.164261
24.163937
24.163608
24.163273
24.162933
24.162588
24.162237
24.161881
24.16152
24.161152
24.16078
24.160401
24.160017
24.159628
24.159232
24.158831
24.158423
24.15801
24.157591
24.157166
24.156734
24.156297
24.155853
24.155403
24.154947
24.154484
24.154015
24.153539
24.153057
24.152568
24.152073
24.151571
24.151062
24.150547
24.150024
24.149495
24.148959
24.148416
24.147866
24.147309
24.146745
24.146173
24.145595
24.145009
24.144416
24.143816
24.143208
24.142593
24.14197
24.14134
24.140702
24.140057
24.139404
24.138743
24.138075
24.137399
24.136715
24.136023
24.135324
24.134617
24.133901
24.133178
24.132446
24.131707
24.130959
24.130203
24.12944
24.128668
24.127887
24.127099
24.126302
24.125497
24.124683
24.123862
24.123031
24.122193
24.121346
24.12049
24.119625
24.118752
24.11787
24.116979
24.116079
24.115169
24.114251
24.113323
24.112386
24.11144
24.110485
24.109522
24.108551
24.107573
24.106586
24.105591
24.104587
24.103572
24.102545
24.101504
24.100451
24.099385
24.098311
24.097233
24.096153
24.095079
24.094008
24.092934
24.091849
24.090751
24.089636
24.088509
24.087372
24.086228
24.085078
24.083918
24.082744
24.081553
24.080344
24.079124
24.077898
24.076673
24.075445
24.074206
24.072952
24.071684
24.070407
24.069128
24.067848
24.066563
24.065268
24.063962
24.062644
24.061318
24.059983
24.05864
24.057289
24.055928
24.054559
24.053182
24.051797
24.050406
24.049015
24.047638
24.046287
24.045024
24.04405
24.042603
24.040443
24.038887
24.037558
24.036106
24.034576
24.033079
24.031585
24.030075
24.028551
24.027024
24.025491
24.023951
24.022403
24.020848
24.019287
24.017719
24.016144
24.014562
24.012973
24.011377
24.009774
24.008165
24.006548
24.004925
24.003296
24.00166
24.000018
23.99837
23.996715
23.995054
23.993387
23.991714
23.990035
23.988351
23.986661
23.984965
23.983263
23.981555
23.979842
23.978124
23.9764
23.97467
23.972935
23.971195
23.96945
23.9677
23.965944
23.964184
23.962417
23.960643
23.958866
23.957092
23.955312
23.953521
23.951727
23.949929
23.948128
23.946321
23.944511
23.942696
23.940878
23.939055
23.937229
23.935399
23.933565
23.931727
23.929886
23.928042
23.926194
23.924343
23.922488
23.92063
23.91877
23.916906
23.91504
23.91317
23.911298
23.909424
23.907546
23.905667
23.903785
23.9019
23.900013
23.898125
23.896234
23.894341
23.892446
23.890549
23.888651
23.886751
23.884849
23.882946
23.881042
23.879136
23.877229
23.875321
23.873412
23.871502
23.869591
23.867679
23.865766
23.863853
23.861939
23.860025
23.85811
23.856195
23.85428
23.852364
23.850449
23.848533
23.846618
23.844703
23.842788
23.840873
23.838959
23.837045
23.835132
23.83322
23.831308
23.829397
23.827487
23.825578
23.82367
23.821763
23.819858
23.817953
23.81605
23.814149
23.812248
23.81035
23.808453
23.806558
23.804665
23.802774
23.800884
23.798997
23.797111
23.795228
23.793347
23.791469
23.789593
23.787719
23.785848
23.783979
23.782113
23.78025
23.77839
23.776532
23.774678
23.772826
23.770978
23.769132
23.76729
23.765451
23.763615
23.761783
23.759954
23.758129
23.756307
23.754489
23.752675
23.750864
23.749057
23.747254
23.745455
23.74366
23.741869
23.740081
23.738299
23.73652
23.734745
23.732975
23.731209
23.729448
23.727691
23.725938
23.72419
23.722447
23.720708
23.718974
23.717244
23.71552
23.7138
23.712085
23.710375
23.70867
23.70697
23.705274
23.703585
23.7019
23.70022
23.698545
23.696876
23.695212
23.693553
23.6919
23.690252
23.68861
23.686973
23.685341
23.683715
23.682095
23.68048
23.67887
23.677266
23.675668
23.674076
23.672489
23.670907
23.669332
23.667763
23.666199
23.664641
23.66309
23.661544
23.660004
23.658469
23.656941
23.655419
23.653903
23.652393
23.650889
23.649391
23.647898
23.646413
23.644933
23.643459
23.641992
23.640531
23.639076
23.637627
23.636184
23.634748
23.633317
23.631893
23.630476
23.629064
23.627659
23.62626
23.624868
23.623481
23.622101
23.620727
23.61936
23.617999
23.616645
23.615296
23.613954
23.612619
23.61129
23.609967
23.60865
23.60734
23.606036
23.604739
23.603448
23.602164
23.600885
23.599613
23.598348
23.597089
23.595836
23.59459
23.59335
23.592116
23.590889
23.589668
23.588454
23.587246
23.586044
23.584849
23.58366
23.582477
23.581301
23.580131
23.578967
23.57781
23.576659
23.575514
23.574376
23.573244
23.572118
23.570999
23.569886
23.568779
23.567678
23.566583
23.565495
23.564413
23.563338
23.562268
23.561205
23.560148
23.559097
23.558052
23.557013
23.555981
23.554954
23.553934
23.55292
23.551912
23.55091
23.549914
23.548924
23.547941
23.546963
23.545991
23.545026
23.544066
23.543112
23.542164
23.541223
23.540287
23.539357
23.538433
23.537515
23.536603
23.535696
23.534796
23.533901
23.533012
23.532129
23.531252
23.53038
23.529514
23.528654
23.5278
23.526952
23.526109
23.525272
23.52444
23.523614
23.522794
23.521979
23.52117
23.520367
23.519569
23.518776
23.517989
23.517208
23.516432
23.515662
23.514897
23.514137
23.513383
23.512634
23.511891
23.511153
23.51042
23.509693
23.508971
23.508254
23.507543
23.506836
23.506135
23.50544
23.504749
23.504064
23.503383
23.502708
23.502038
23.501374
23.500714
23.500059
23.499409
23.498764
23.498125
23.49749
23.49686
23.496235
23.495616
23.495
23.49439
23.493785
23.493185
23.492589
23.491998
23.491412
23.490831
23.490255
23.489683
23.489116
23.488554
23.487996
23.487443
23.486895
23.486351
23.485812
23.485277
23.484747
23.484221
23.4837
23.483184
23.482672
23.482164
23.481661
23.481162
23.480667
23.480177
23.479691
23.47921
23.478733
23.47826
23.477791
23.477327
23.476866
23.47641
23.475959
23.475511
23.475067
23.474628
23.474192
23.473761
23.473333
23.47291
23.472491
23.472075
23.471664
23.471256
23.470853
23.470453
23.470057
23.469665
23.469277
23.468893
23.468512
23.468135
23.467762
23.467393
23.467027
23.466665
23.466307
23.465952
23.465601
23.465253
23.464909
23.464569
23.464232
23.463898
23.463568
23.463242
23.462919
23.462599
23.462283
23.46197
23.46166
23.461354
23.461051
23.460751
23.460455
23.460161
23.459871
23.459585
23.459301
23.45902
23.458743
23.458469
23.458197
23.457929
23.457664
23.457402
23.457143
23.456887
23.456633
23.456383
23.456136
23.455891
23.45565
23.455411
23.455175
23.454942
23.454711
23.454484
23.454259
23.454037
23.453817
23.4536
23.453386
23.453174
23.452966
23.452759
23.452555
23.452354
23.452155
23.451959
23.451765
23.451574
23.451385
23.451199
23.451015
23.450833
23.450654
23.450477
23.450303
23.45013
23.44996
23.449793
23.449627
23.449464
23.449303
23.449144
23.448987
23.448833
23.44868
23.44853
23.448382
23.448235
23.448091
23.447949
23.447809
23.447671
23.447535
23.447401
23.447269
23.447138
23.44701
23.446884
23.446759
23.446636
23.446515
23.446396
23.446279
23.446163
23.44605
23.445938
23.445827
23.445719
23.445612
23.445507
23.445403
23.445302
23.445201
23.445103
23.445006
23.44491
23.444817
23.444724
23.444634
23.444545
23.444457
23.444371
23.444286
23.444203
23.444121
23.444041
23.443962
23.443885
23.443809
23.443734
23.443661
23.443589
23.443518
23.443449
23.443381
23.443315
23.443249
23.443185
23.443123
23.443061
23.443001
23.442942
23.442884
23.442828
23.442772
23.442718
23.442665
23.442614
23.442563
23.442513
23.442465
23.442418
23.442372
23.442327
23.442283
23.44224
23.442199
23.442158
23.442118
23.44208
23.442042
23.442006
23.44197
23.441936
23.441903
23.44187
23.441839
23.441808
23.441779
23.441751
23.441723
23.441696
23.441671
23.441646
23.441622
23.4416
23.441578
23.441557
23.441537
23.441517
23.441499
23.441482
23.441465
23.441449
23.441434
23.44142
23.441407
23.441395
23.441384
23.441373
23.441363
23.441354
23.441346
23.441339
23.441332
23.441326
23.441321
23.441317
23.441314
23.441311
23.44131
23.441309
23.441308
23.441309
23.44131
23.441312
23.441315
23.441318
23.441322
23.441327
23.441333
23.441339
23.441347
23.441354
23.441363
23.441372
23.441382
23.441393
23.441404
23.441416
23.441429
23.441442
23.441456
23.441471
23.441487
23.441503
23.441519
23.441537
23.441555
23.441574
23.441593
23.441613
23.441634
23.441655
23.441677
23.441699
23.441722
23.441746
23.441771
23.441796
23.441821
23.441847
23.441874
23.441902
23.44193
23.441958
23.441987
23.442017
23.442047
23.442078
23.44211
23.442142
23.442174
23.442207
23.442241
23.442275
23.44231
23.442345
23.442381
23.442417
23.442454
23.442492
23.442529
23.442568
23.442607
23.442646
23.442686
23.442726
23.442767
23.442808
23.44285
23.442892
23.442935
23.442978
23.443022
23.443066
23.44311
23.443155
23.443201
23.443246
23.443292
23.443339
23.443386
23.443433
23.443481
23.443529
23.443578
23.443627
23.443676
23.443726
23.443776
23.443826
23.443877
23.443928
23.443979
23.444031
23.444083
23.444135
23.444188
23.444241
23.444294
23.444347
23.444401
23.444455
23.444509
23.444564
23.444619
23.444674
23.444729
23.444785
23.44484
23.444896
23.444952
23.445009
23.445065
23.445122
23.445179
23.445236
23.445294
23.445351
23.445409
23.445466
23.445524
23.445582
23.44564
23.445699
23.445757
23.445815
23.445874
23.445933
23.445991
23.44605
23.446109
23.446168
23.446227
23.446286
23.446345
23.446404
23.446463
23.446522
23.446582
23.446641
23.4467
23.446759
23.446818
23.446877
23.446936
23.446995
23.447054
23.447113
23.447172
23.447231
23.44729
23.447348
23.447407
23.447465
23.447524
23.447582
23.44764
23.447698
23.447756
23.447814
23.447872
23.447929
23.447986
23.448044
23.448101
23.448158
23.448214
23.448271
23.448327
23.448383
23.448439
23.448495
23.448551
23.448606
23.448661
23.448716
23.448771
23.448825
23.448879
23.448933
23.448987
23.449041
23.449094
23.449147
23.4492
23.449252
23.449304
23.449356
23.449408
23.449459
23.44951
23.449561
23.449611
23.449662
23.449712
23.449761
23.44981
23.449859
23.449908
23.449956
23.450004
23.450052
23.450099
23.450146
23.450193
23.450239
23.450286
23.450331
23.450377
23.450422
23.450466
23.450511
23.450555
23.450598
23.450641
23.450684
23.450727
23.450769
23.450811
23.450853
23.450894
23.450934
23.450975
23.451015
23.451055
23.451094
23.451133
23.451171
23.45121
23.451248
23.451285
23.451322
23.451359
23.451395
23.451431
23.451467
23.451502
23.451537
23.451572
23.451606
23.45164
23.451673
23.451707
23.451739
23.451772
23.451804
23.451835
23.451867
23.451898
23.451928
23.451959
23.451988
23.452018
23.452047
23.452076
23.452105
23.452133
23.45216
23.452188
23.452215
23.452242
23.452268
23.452294
23.45232
23.452345
23.45237
23.452395
23.45242
23.452444
23.452468
23.452491
23.452514
23.452537
23.452559
23.452582
23.452603
23.452625
23.452646
23.452667
23.452688
23.452708
23.452728
23.452748
23.452767
23.452787
23.452805
23.452824
23.452842
23.45286
23.452878
23.452896
23.452913
23.45293
23.452946
23.452963
23.452979
23.452995
23.45301
23.453026
23.453041
23.453056
23.45307
23.453085
23.453099
23.453113
23.453127
23.45314
23.453153
23.453166
23.453179
23.453191
23.453204
23.453216
23.453228
23.453239
23.453251
23.453262
23.453273
23.453284
23.453295
23.453305
23.453315
23.453326
23.453335
23.453345
23.453355
23.453364
23.453373
23.453382
23.453391
23.4534
23.453408
23.453416
23.453425
23.453433
23.45344
23.453448
23.453456
23.453463
23.45347
23.453477
23.453484
23.453491
23.453498
23.453504
23.453511
23.453517
23.453523
23.453529
23.453535
23.453541
23.453546
23.453552
23.453557
23.453562
23.453568
23.453573
23.453578
23.453582
23.453587
23.453592
23.453596
23.453601
23.453605
23.453609
23.453613
23.453617
23.453621
23.453625
23.453629
23.453633
23.453636
23.45364
23.453643
23.453646
23.45365
23.453653
23.453656
23.453659
23.453662
23.453665
23.453668
23.45367
23.453673
23.453676
23.453678
23.453681
23.453683
23.453685
23.453688
23.45369
23.453692
23.453694
23.453696
23.453698
23.4537
23.453702
23.453704
23.453706
23.453708
23.45371
23.453711
23.453713
23.453715
23.453716
23.453718
23.453719
23.45372
23.453722
23.453723
23.453725
23.453726
23.453727
23.453728
23.453729
23.453731
23.453732
23.453733
23.453734
23.453735
23.453736
23.453737
23.453738
23.453739
23.45374
23.45374
23.453741
23.453742
23.453743
23.453744
23.453744
23.453745
23.453746
23.453746
23.453747
23.453748
23.453748
23.453749
23.453749
23.45375
23.45375
23.453751
23.453751
23.453752
23.453752
23.453753
23.453753
23.453754
23.453754
23.453754
23.453755
23.453755
23.453756
23.453756
23.453756
23.453757
23.453757
23.453757
23.453757
23.453758
23.453758
23.453758
23.453758
23.453759
23.453759
23.453759
23.453759
23.453759
23.45376
23.45376
23.45376
23.45376
23.45376
23.45376
23.453761
23.453761
23.453761
23.453761
23.453761
23.453761
23.453761
23.453761
23.453761
23.453761
23.453762
23.453762
23.453762
23.453762
23.453762
23.453762
23.453762
23.453762
23.453762
23.453762
23.453762
23.453762
23.453762
23.453762
23.453762
23.453762
23.453762
23.453762
23.453762
23.453762
23.453762
23.453762
23.453762
23.453762
23.453762
23.453762
23.453762
23.453762
23.453762
23.453762
23.453762
23.453762
23.453762
23.453762
23.453762
23.453762
23.453762
23.453762
23.453762
23.453762
23.453762
23.453762
23.453762
23.453762
23.453762
23.453762
23.453762
23.453762
23.453762
23.453761
23.453761
23.453761
23.453761
23.453761
23.453761
23.453761
23.453761
23.453761
23.453761
23.453761
23.453761
23.453761
23.453761
23.453761
23.453761
23.453761
23.453761
23.453761
23.453761
23.45376
23.45376
23.45376
23.45376
23.45376
23.45376
23.45376
23.45376
23.45376
23.45376
23.45376
23.45376
23.45376
23.45376
23.45376
23.45376
23.45376
23.45376
23.45376
23.453759
23.453759
23.453759
23.453759
23.453759
23.453759
23.453759
23.453759
23.453759
23.453759
23.453759
23.453759
23.453759
23.453759
23.453759
23.453759
23.453759
23.453758
23.453758
23.453758
23.453758
23.453758
23.453758
23.453758
23.453758
23.453758
23.453758
23.453758
23.453758
23.453758
23.453758
23.453758
23.453758
23.453758
23.453757
23.453757
23.453757
23.453757
23.453757
23.453757
23.453757
23.453757
23.453757
23.453757
23.453757
23.453757
23.453757
23.453757
23.453757
23.453757
23.453756
23.453756
23.453756
23.453756
23.453756
23.453756
23.453756
23.453756
23.453756
23.453756
23.453756
23.453756
23.453756
23.453756
23.453756
23.453755
23.453755
23.453755
23.453755
23.453755
23.453755
23.453755
23.453755
23.453755
23.453755
23.453755
23.453755
23.453755
23.453755
23.453754
23.453754
23.453754
23.453754
23.453754
23.453754
23.453754
23.453754
23.453754
23.453754
23.453754
23.453754
23.453753
23.453753
23.453753
23.453753
23.453753
23.453753
23.453753
23.453753
23.453753
23.453753
23.453753
23.453753
23.453752
23.453752
23.453752
23.453752
23.453752
23.453752
23.453752
23.453752
23.453752
23.453752
23.453752
23.453751
23.453751
23.453751
23.453751
23.453751
23.453751
23.453751
23.453751
23.453751
23.453751
23.453751
23.45375
23.45375
23.45375
23.45375
23.45375
23.45375
23.45375
23.45375
23.45375
23.45375
23.453749
23.453749
23.453749
23.453749
23.453749
23.453749
23.453749
23.453749
23.453749
23.453749
23.453749
23.453748
23.453748
23.453748
23.453748
23.453748
23.453748
23.453748
23.453748
23.453748
23.453748
23.453747
23.453747
23.453747
23.453747
23.453747
23.453747
23.453747
23.453747
23.453747
23.453747
23.453746
23.453746
23.453746
23.453746
23.453746
23.453746
23.453746
23.453746
23.453746
23.453746
23.453746
23.453745
23.453745
23.453745
23.453745
23.453745
23.453745
23.453745
23.453745
23.453745
23.453745
23.453745
23.453744
23.453744
23.453744
23.453744
23.453744
23.453744
23.453744
23.453744
23.453744
23.453744
23.453744
23.453743
23.453743
23.453743
23.453743
23.453743
23.453743
23.453743
23.453743
23.453743
23.453743
23.453743
23.453743
23.453742
23.453742
23.453742
23.453742
23.453742
23.453742
23.453742
23.453742
23.453742
23.453742
23.453742
23.453742
23.453741
23.453741
23.453741
23.453741
23.453741
23.453741
23.453741
23.453741
23.453741
23.453741
23.453741
23.453741
23.453741
23.45374
23.45374
23.45374
23.45374
23.45374
23.45374
23.45374
23.45374
23.45374
23.45374
23.45374
23.45374
23.45374
23.453739
23.453739
23.453739
23.453739
23.453739
23.453739
23.453739
23.453739
23.453739
23.453739
23.453739
23.453739
23.453739
23.453738
23.453738
23.453738
23.453738
23.453738
23.453738
23.453738
23.453738
23.453738
23.453738
23.453738
23.453738
23.453738
23.453738
23.453737
23.453737
23.453737
23.453737
23.453737
23.453737
23.453737
23.453737
23.453737
23.453737
23.453737
23.453737
23.453737
23.453736
23.453736
23.453736
23.453736
23.453736
23.453736
23.453736
23.453736
23.453736
23.453736
23.453736
23.453736
23.453736
23.453735
23.453735
23.453735
23.453735
23.453735
23.453735
23.453735
23.453735
23.453735
23.453735
23.453735
23.453735
23.453734
23.453734
23.453734
23.453734
23.453734
23.453734
23.453734
23.453734
23.453734
23.453734
23.453734
23.453734
23.453734
23.453733
23.453733
23.453733
23.453733
23.453733
23.453733
23.453733
23.453733
23.453733
23.453733
23.453733
23.453733
23.453732
23.453732
23.453732
23.453732
23.453732
23.453732
23.453732
23.453732
23.453732
23.453732
23.453732
23.453732
23.453732
23.453731
23.453731
23.453731
23.453731
23.453731
23.453731
23.453731
23.453731
23.453731
23.453731
23.453731
23.453731
23.453731
23.45373
23.45373
23.45373
23.45373
23.45373
23.45373
23.45373
23.45373
23.45373
23.45373
23.45373
23.45373
23.45373
23.453729
23.453729
23.453729
23.453729
23.453729
23.453729
23.453729
23.453729
23.453729
23.453729
23.453729
23.453729
23.453729
23.453728
23.453728
23.453728
23.453728
23.453728
23.453728
23.453728
23.453728
23.453728
23.453728
23.453728
23.453728
23.453728
23.453727
23.453727
23.453727
23.453727
23.453727
23.453727
23.453727
23.453727
23.453727
23.453727
23.453727
23.453727
23.453727
23.453726
23.453726
23.453726
23.453726
23.453726
23.453726
23.453726
23.453726
23.453726
23.453726
23.453726
23.453726
23.453726
23.453725
23.453725
23.453725
23.453725
23.453725
23.453725
23.453725
23.453725
23.453725
23.453725
23.453725
23.453725
23.453725
23.453724
23.453724
23.453724
23.453724
23.453724
23.453724
23.453724
23.453724
23.453724
23.453724
23.453724
23.453724
23.453724
23.453723
23.453723
23.453723
23.453723
23.453723
23.453723
23.453723
23.453723
23.453723
23.453723
23.453723
23.453723
23.453722
23.453722
23.453722
23.453722
23.453722
23.453722
23.453722
23.453722
23.453722
23.453722
23.453722
23.453721
23.453721
23.453721
23.453721
23.453721
23.453721
23.453721
23.453721
23.453721
23.453721
23.453721
23.45372
23.45372
23.45372
23.45372
23.45372
23.45372
23.45372
23.45372
23.45372
23.45372
23.453719
23.453719
23.453719
23.453719
23.453719
23.453719
23.453719
23.453719
23.453719
23.453718
23.453718
23.453718
23.453718
23.453718
23.453718
23.453718
23.453718
23.453718
23.453717
23.453717
23.453717
23.453717
23.453717
23.453717
23.453717
23.453717
23.453717
23.453716
23.453716
23.453716
23.453716
23.453716
23.453716
23.453716
23.453716
23.453715
23.453715
23.453715
23.453715
23.453715
23.453715
23.453715
23.453715
23.453714
23.453714
23.453714
23.453714
23.453714
23.453714
23.453714
23.453713
23.453713
23.453713
23.453713
23.453713
23.453713
23.453713
23.453713
23.453712
23.453712
23.453712
23.453712
23.453712
23.453712
23.453712
23.453711
23.453711
23.453711
23.453711
23.453711
23.453711
23.453711
23.453711
23.45371
23.45371
23.45371
23.45371
23.45371
23.45371
23.45371
23.453709
23.453709
23.453709
23.453709
23.453709
23.453709
23.453709
23.453708
23.453708
23.453708
23.453708
23.453708
23.453708
23.453708
23.453707
23.453707
23.453707
23.453707
23.453707
23.453707
23.453707
23.453707
23.453706
23.453706
23.453706
23.453706
23.453706
23.453706
23.453706
23.453705
23.453705
23.453705
23.453705
23.453705
23.453705
23.453705
23.453704
23.453704
23.453704
23.453704
23.453704
23.453704
23.453704
23.453704
23.453703
23.453703
23.453703
23.453703
23.453703
23.453703
23.453703
23.453703
23.453702
23.453702
23.453702
23.453702
23.453702
23.453702
23.453702
23.453701
23.453701
23.453701
23.453701
23.453701
23.453701
23.453701
23.453701
23.4537
23.4537
23.4537
23.4537
23.4537
23.4537
23.4537
23.4537
23.453699
23.453699
23.453699
23.453699
23.453699
23.453699
23.453699
23.453699
23.453699
23.453698
23.453698
23.453698
23.453698
23.453698
23.453698
23.453698
23.453698
23.453697
23.453697
23.453697
23.453697
23.453697
23.453697
23.453697
23.453697
23.453697
23.453696
23.453696
23.453696
23.453696
23.453696
23.453696
23.453696
23.453696
23.453696
23.453695
23.453695
23.453695
23.453695
23.453695
23.453695
23.453695
23.453695
23.453695
23.453694
23.453694
23.453694
23.453694
23.453694
23.453694
23.453694
23.453694
23.453694
23.453694
23.453694
23.453694
23.453693
23.453693
23.453693
23.453693
23.453693
23.453693
23.453693
23.453693
23.453693
23.453693
23.453693
23.453693
23.453693
23.453692
23.453692
23.453692
23.453692
23.453692
23.453692
23.453692
23.453692
23.453692
23.453692
23.453692
23.453692
23.453691
23.453691
23.453691
23.453691
23.453691
23.453691
23.453691
23.453691
23.453691
23.453691
23.453691
23.453691
23.45369
23.45369
23.45369
23.45369
23.45369
23.45369
23.45369
23.45369
23.45369
23.45369
23.45369
23.45369
23.453689
23.453689
23.453689
23.453689
23.453689
23.453689
23.453689
23.453689
23.453689
23.453689
23.453689
23.453688
23.453688
23.453688
23.453688
23.453688
23.453688
23.453688
23.453688
23.453688
23.453688
23.453688
23.453688
23.453687
23.453687
23.453687
23.453687
23.453687
23.453687
23.453687
23.453687
23.453687
23.453687
23.453687
23.453687
23.453686
23.453686
23.453686
23.453686
23.453686
23.453686
23.453686
23.453686
23.453686
23.453686
23.453686
23.453685
23.453685
23.453685
23.453685
23.453685
23.453685
23.453685
23.453685
23.453685
23.453685
23.453685
23.453685
23.453684
23.453684
23.453684
23.453684
23.453684
23.453684
23.453684
23.453684
23.453684
23.453684
23.453684
23.453683
23.453683
23.453683
23.453683
23.453683
23.453683
23.453683
23.453683
23.453683
23.453683
23.453683
23.453682
23.453682
23.453682
23.453682
23.453682
23.453682
23.453682
23.453682
23.453682
23.453682
23.453682
23.453682
23.453681
23.453681
23.453681
23.453681
23.453681
23.453681
23.453681
23.453681
23.453681
23.453681
23.453681
23.453681
23.45368
23.45368
23.45368
23.45368
23.45368
23.45368
23.45368
23.45368
23.45368
23.45368
23.45368
23.45368
23.45368
23.453679
23.453679
23.453679
23.453679
23.453679
23.453679
23.453679
23.453679
23.453679
23.453679
23.453679
23.453679
23.453678
23.453678
23.453678
23.453678
23.453678
23.453678
23.453678
23.453678
23.453678
23.453678
23.453678
23.453678
23.453678
23.453678
23.453677
23.453677
23.453677
23.453677
23.453677
23.453677
23.453677
23.453677
23.453677
23.453677
23.453677
23.453677
23.453676
23.453676
23.453676
23.453676
23.453676
23.453676
23.453676
23.453676
23.453676
23.453676
23.453676
23.453675
23.453675
23.453675
23.453675
23.453675
23.453675
23.453675
23.453675
23.453675
23.453675
23.453674
23.453674
23.453674
23.453674
23.453674
23.453674
23.453674
23.453674
23.453674
23.453673
23.453673
23.453673
23.453673
23.453673
23.453673
23.453673
23.453673
23.453672
23.453672
23.453672
23.453672
23.453672
23.453672
23.453672
23.453672
23.453671
23.453671
)
;

boundaryField
{
    leftSide
    {
        type            calculated;
        value           uniform 23.099932;
    }
    rightSide
    {
        type            calculated;
        value           uniform 23.453671;
    }
    emptywalls
    {
        type            empty;
    }
}


// ************************************************************************* //
