/*--------------------------------*- C++ -*----------------------------------*\
  =========                 |
  \\      /  F ield         | OpenFOAM: The Open Source CFD Toolbox
   \\    /   O peration     | Website:  https://openfoam.org
    \\  /    A nd           | Version:  7
     \\/     M anipulation  |
\*---------------------------------------------------------------------------*/
FoamFile
{
    version     2.0;
    format      ascii;
    class       surfaceScalarField;
    location    "0.00315";
    object      phi;
}
// * * * * * * * * * * * * * * * * * * * * * * * * * * * * * * * * * * * * * //

dimensions      [1 0 -1 0 0 0 0];

internalField   nonuniform List<scalar> 
4999
(
0.0037607877
0.0037607734
0.0037607602
0.0037607467
0.0037607332
0.0037607194
0.0037607056
0.0037606916
0.0037606776
0.0037606635
0.0037606494
0.0037606352
0.0037606211
0.0037606069
0.0037605927
0.0037605786
0.0037605644
0.0037605503
0.0037605361
0.003760522
0.0037605078
0.0037604937
0.0037604796
0.0037604655
0.0037604514
0.0037604373
0.0037604232
0.0037604091
0.0037603951
0.003760381
0.0037603669
0.0037603529
0.0037603389
0.0037603248
0.0037603108
0.0037602968
0.0037602828
0.0037602688
0.0037602548
0.0037602408
0.0037602268
0.0037602128
0.0037601988
0.0037601849
0.0037601709
0.0037601569
0.003760143
0.003760129
0.0037601151
0.0037601011
0.0037600872
0.0037600733
0.0037600593
0.0037600454
0.0037600315
0.0037600176
0.0037600037
0.0037599898
0.0037599759
0.003759962
0.0037599481
0.0037599342
0.0037599204
0.0037599065
0.0037598926
0.0037598788
0.0037598649
0.0037598511
0.0037598373
0.0037598234
0.0037598096
0.0037597958
0.0037597821
0.0037597683
0.0037597544
0.0037597406
0.0037597268
0.0037597131
0.0037596993
0.0037596856
0.0037596718
0.0037596581
0.0037596444
0.0037596306
0.0037596169
0.0037596032
0.0037595895
0.0037595758
0.0037595622
0.0037595485
0.0037595348
0.0037595212
0.0037595075
0.0037594939
0.0037594802
0.0037594666
0.003759453
0.0037594394
0.0037594258
0.0037594122
0.0037593986
0.0037593851
0.0037593715
0.003759358
0.0037593444
0.0037593309
0.0037593174
0.0037593038
0.0037592903
0.0037592768
0.0037592634
0.0037592499
0.0037592364
0.003759223
0.0037592095
0.0037591961
0.0037591827
0.0037591693
0.0037591559
0.0037591425
0.0037591292
0.0037591158
0.0037591024
0.0037590891
0.0037590758
0.0037590625
0.0037590492
0.0037590359
0.0037590226
0.0037590094
0.0037589961
0.0037589829
0.0037589697
0.0037589565
0.0037589433
0.0037589301
0.0037589169
0.0037589038
0.0037588906
0.0037588775
0.0037588643
0.0037588512
0.0037588381
0.003758825
0.003758812
0.0037587989
0.0037587858
0.0037587728
0.0037587597
0.0037587467
0.0037587336
0.0037587206
0.0037587076
0.0037586946
0.0037586815
0.0037586685
0.0037586555
0.0037586425
0.0037586295
0.0037586165
0.0037586035
0.0037585905
0.0037585775
0.0037585644
0.0037585514
0.0037585384
0.0037585254
0.0037585123
0.0037584993
0.0037584862
0.0037584732
0.0037584601
0.003758447
0.0037584339
0.0037584208
0.0037584077
0.0037583946
0.0037583815
0.0037583683
0.0037583551
0.003758342
0.0037583288
0.0037583156
0.0037583024
0.0037582891
0.0037582759
0.0037582627
0.0037582494
0.0037582361
0.0037582228
0.0037582095
0.0037581962
0.0037581829
0.0037581696
0.0037581562
0.0037581429
0.0037581295
0.0037581162
0.0037581028
0.0037580894
0.003758076
0.0037580626
0.0037580492
0.0037580358
0.0037580224
0.003758009
0.0037579956
0.0037579822
0.0037579687
0.0037579553
0.0037579419
0.0037579285
0.0037579151
0.0037579016
0.0037578882
0.0037578748
0.0037578614
0.0037578479
0.0037578345
0.0037578211
0.0037578077
0.0037577943
0.0037577809
0.0037577675
0.0037577541
0.0037577407
0.0037577273
0.0037577139
0.0037577006
0.0037576872
0.0037576738
0.0037576605
0.0037576471
0.0037576337
0.0037576204
0.0037576071
0.0037575937
0.0037575804
0.0037575671
0.0037575538
0.0037575405
0.0037575272
0.0037575139
0.0037575006
0.0037574873
0.003757474
0.0037574607
0.0037574475
0.0037574342
0.0037574209
0.0037574077
0.0037573944
0.0037573812
0.0037573679
0.0037573547
0.0037573415
0.0037573282
0.003757315
0.0037573018
0.0037572886
0.0037572753
0.0037572621
0.0037572489
0.0037572357
0.0037572225
0.0037572093
0.0037571961
0.0037571829
0.0037571697
0.0037571565
0.0037571433
0.0037571301
0.0037571169
0.0037571037
0.0037570906
0.0037570774
0.0037570642
0.003757051
0.0037570378
0.0037570246
0.0037570114
0.0037569982
0.003756985
0.0037569718
0.0037569586
0.0037569454
0.0037569322
0.003756919
0.0037569058
0.0037568926
0.0037568794
0.0037568662
0.0037568529
0.0037568397
0.0037568265
0.0037568133
0.0037568001
0.0037567868
0.0037567736
0.0037567604
0.0037567471
0.0037567339
0.0037567207
0.0037567074
0.0037566942
0.0037566809
0.0037566677
0.0037566544
0.0037566411
0.0037566279
0.0037566146
0.0037566013
0.003756588
0.0037565748
0.0037565615
0.0037565482
0.0037565349
0.0037565216
0.0037565083
0.003756495
0.0037564817
0.0037564684
0.0037564551
0.0037564418
0.0037564285
0.0037564152
0.0037564019
0.0037563885
0.0037563752
0.0037563619
0.0037563486
0.0037563352
0.0037563219
0.0037563086
0.0037562952
0.0037562819
0.0037562686
0.0037562552
0.0037562419
0.0037562285
0.0037562152
0.0037562019
0.0037561885
0.0037561752
0.0037561618
0.0037561485
0.0037561351
0.0037561218
0.0037561085
0.0037560951
0.0037560818
0.0037560684
0.0037560551
0.0037560418
0.0037560284
0.0037560151
0.0037560018
0.0037559885
0.0037559751
0.0037559618
0.0037559485
0.0037559352
0.0037559219
0.0037559086
0.0037558953
0.003755882
0.0037558688
0.0037558555
0.0037558422
0.003755829
0.0037558157
0.0037558025
0.0037557892
0.003755776
0.0037557628
0.0037557496
0.0037557364
0.0037557232
0.00375571
0.0037556968
0.0037556836
0.0037556705
0.0037556573
0.0037556442
0.0037556311
0.003755618
0.0037556049
0.0037555918
0.0037555787
0.0037555656
0.0037555526
0.0037555396
0.0037555265
0.0037555135
0.0037555006
0.0037554876
0.0037554746
0.0037554617
0.0037554488
0.0037554359
0.003755423
0.0037554102
0.0037553973
0.0037553845
0.0037553717
0.0037553589
0.0037553462
0.0037553334
0.0037553207
0.0037553081
0.0037552954
0.0037552828
0.0037552702
0.0037552576
0.003755245
0.0037552325
0.00375522
0.0037552076
0.0037551951
0.0037551827
0.0037551703
0.003755158
0.0037551457
0.0037551334
0.0037551211
0.0037551089
0.0037550967
0.0037550846
0.0037550725
0.0037550604
0.0037550483
0.0037550363
0.0037550243
0.0037550124
0.0037550005
0.0037549886
0.0037549768
0.003754965
0.0037549533
0.0037549416
0.0037549299
0.0037549183
0.0037549067
0.0037548951
0.0037548836
0.0037548722
0.0037548607
0.0037548494
0.003754838
0.0037548267
0.0037548155
0.0037548042
0.0037547931
0.0037547819
0.0037547709
0.0037547598
0.0037547488
0.0037547379
0.003754727
0.0037547161
0.0037547053
0.0037546945
0.0037546838
0.0037546731
0.0037546625
0.0037546519
0.0037546414
0.0037546309
0.0037546204
0.00375461
0.0037545996
0.0037545893
0.003754579
0.0037545688
0.0037545586
0.0037545485
0.0037545384
0.0037545283
0.0037545183
0.0037545084
0.0037544984
0.0037544886
0.0037544787
0.003754469
0.0037544592
0.0037544496
0.0037544399
0.0037544303
0.0037544208
0.0037544113
0.0037544018
0.0037543924
0.003754383
0.0037543737
0.0037543645
0.0037543552
0.0037543461
0.0037543369
0.0037543278
0.0037543188
0.0037543098
0.0037543009
0.003754292
0.0037542831
0.0037542743
0.0037542655
0.0037542568
0.0037542481
0.0037542394
0.0037542308
0.0037542223
0.0037542138
0.0037542053
0.0037541968
0.0037541884
0.0037541801
0.0037541718
0.0037541635
0.0037541553
0.0037541471
0.0037541389
0.0037541308
0.0037541228
0.0037541148
0.0037541068
0.0037540988
0.0037540909
0.0037540831
0.0037540752
0.0037540674
0.0037540597
0.003754052
0.0037540443
0.0037540367
0.0037540291
0.0037540216
0.003754014
0.0037540066
0.0037539991
0.0037539917
0.0037539843
0.003753977
0.0037539697
0.0037539624
0.0037539552
0.003753948
0.0037539408
0.0037539337
0.0037539266
0.0037539196
0.0037539125
0.0037539055
0.0037538986
0.0037538917
0.0037538848
0.0037538779
0.0037538711
0.0037538643
0.0037538575
0.0037538507
0.003753844
0.0037538373
0.0037538307
0.0037538241
0.0037538175
0.0037538109
0.0037538043
0.0037537978
0.0037537913
0.0037537848
0.0037537784
0.003753772
0.0037537656
0.0037537592
0.0037537529
0.0037537466
0.0037537403
0.003753734
0.0037537277
0.0037537215
0.0037537153
0.0037537091
0.003753703
0.0037536968
0.0037536907
0.0037536846
0.0037536785
0.0037536724
0.0037536663
0.0037536603
0.0037536542
0.0037536482
0.0037536423
0.0037536363
0.0037536303
0.0037536244
0.0037536184
0.0037536125
0.0037536066
0.0037536007
0.0037535948
0.003753589
0.0037535831
0.0037535773
0.0037535714
0.0037535656
0.0037535598
0.003753554
0.0037535482
0.0037535424
0.0037535366
0.0037535309
0.0037535251
0.0037535194
0.0037535136
0.0037535079
0.0037535022
0.0037534965
0.0037534909
0.0037534852
0.0037534796
0.0037534739
0.0037534683
0.0037534627
0.0037534571
0.0037534514
0.0037534459
0.0037534403
0.0037534347
0.0037534291
0.0037534236
0.003753418
0.0037534124
0.0037534069
0.0037534013
0.0037533958
0.0037533903
0.0037533847
0.0037533792
0.0037533737
0.0037533681
0.0037533626
0.0037533571
0.0037533516
0.0037533461
0.0037533406
0.0037533351
0.0037533296
0.0037533241
0.0037533186
0.0037533132
0.0037533077
0.0037533022
0.0037532967
0.0037532913
0.0037532858
0.0037532803
0.0037532749
0.0037532694
0.003753264
0.0037532585
0.0037532531
0.0037532477
0.0037532422
0.0037532368
0.0037532314
0.003753226
0.0037532206
0.0037532152
0.0037532098
0.0037532044
0.0037531989
0.0037531935
0.0037531881
0.0037531827
0.0037531772
0.0037531718
0.0037531664
0.0037531609
0.0037531554
0.00375315
0.0037531445
0.003753139
0.0037531336
0.0037531281
0.0037531226
0.0037531171
0.0037531116
0.0037531061
0.0037531006
0.0037530951
0.0037530897
0.0037530842
0.0037530787
0.0037530733
0.0037530678
0.0037530623
0.0037530569
0.0037530514
0.0037530459
0.0037530404
0.0037530349
0.0037530294
0.0037530239
0.0037530184
0.0037530129
0.0037530074
0.0037530019
0.0037529964
0.0037529909
0.0037529854
0.00375298
0.0037529746
0.0037529692
0.0037529637
0.0037529582
0.0037529527
0.0037529473
0.0037529418
0.0037529364
0.003752931
0.0037529256
0.0037529202
0.0037529148
0.0037529094
0.003752904
0.0037528987
0.0037528933
0.003752888
0.0037528826
0.0037528773
0.003752872
0.0037528667
0.0037528614
0.003752856
0.0037528507
0.0037528455
0.0037528402
0.0037528349
0.0037528296
0.0037528244
0.0037528191
0.0037528139
0.0037528087
0.0037528035
0.0037527983
0.0037527932
0.003752788
0.0037527829
0.0037527778
0.0037527727
0.0037527676
0.0037527625
0.0037527575
0.0037527525
0.0037527474
0.0037527424
0.0037527375
0.0037527325
0.0037527276
0.0037527227
0.0037527178
0.0037527129
0.0037527081
0.0037527032
0.0037526984
0.0037526936
0.0037526888
0.0037526841
0.0037526793
0.0037526746
0.0037526699
0.0037526652
0.0037526605
0.0037526559
0.0037526513
0.0037526466
0.0037526421
0.0037526375
0.003752633
0.0037526284
0.003752624
0.0037526195
0.003752615
0.0037526106
0.0037526062
0.0037526018
0.0037525975
0.0037525931
0.0037525888
0.0037525845
0.0037525803
0.003752576
0.0037525718
0.0037525676
0.0037525635
0.0037525593
0.0037525552
0.0037525511
0.0037525471
0.003752543
0.003752539
0.003752535
0.0037525311
0.0037525272
0.0037525233
0.0037525194
0.0037525156
0.0037525118
0.003752508
0.0037525042
0.0037525005
0.0037524968
0.0037524931
0.0037524895
0.0037524859
0.0037524823
0.0037524788
0.0037524753
0.0037524718
0.0037524683
0.0037524649
0.0037524615
0.0037524582
0.0037524549
0.0037524516
0.0037524483
0.0037524451
0.0037524419
0.0037524387
0.0037524356
0.0037524325
0.0037524294
0.0037524264
0.0037524234
0.0037524205
0.0037524176
0.0037524147
0.0037524118
0.003752409
0.0037524063
0.0037524035
0.0037524008
0.0037523981
0.0037523955
0.0037523929
0.0037523903
0.0037523878
0.0037523853
0.0037523829
0.0037523804
0.003752378
0.0037523757
0.0037523734
0.0037523711
0.0037523689
0.0037523667
0.0037523646
0.0037523625
0.0037523604
0.0037523584
0.0037523564
0.0037523545
0.0037523526
0.0037523507
0.0037523488
0.003752347
0.0037523453
0.0037523435
0.0037523418
0.0037523402
0.0037523385
0.0037523369
0.0037523353
0.0037523338
0.0037523322
0.0037523308
0.0037523293
0.0037523279
0.0037523265
0.0037523251
0.0037523238
0.0037523225
0.0037523212
0.00375232
0.0037523187
0.0037523176
0.0037523164
0.0037523153
0.0037523143
0.0037523132
0.0037523122
0.0037523113
0.0037523104
0.0037523095
0.0037523086
0.0037523078
0.0037523071
0.0037523063
0.0037523056
0.0037523049
0.0037523043
0.0037523037
0.0037523031
0.0037523026
0.0037523021
0.0037523016
0.0037523012
0.0037523008
0.0037523004
0.0037523
0.0037522997
0.0037522994
0.0037522992
0.003752299
0.0037522988
0.0037522986
0.0037522985
0.0037522984
0.0037522983
0.0037522983
0.0037522982
0.0037522983
0.0037522983
0.0037522984
0.0037522985
0.0037522987
0.0037522989
0.0037522991
0.0037522993
0.0037522996
0.0037522999
0.0037523002
0.0037523006
0.0037523009
0.0037523014
0.0037523018
0.0037523023
0.0037523028
0.0037523033
0.0037523039
0.0037523045
0.0037523052
0.0037523058
0.0037523065
0.0037523073
0.003752308
0.0037523088
0.0037523096
0.0037523105
0.0037523114
0.0037523123
0.0037523132
0.0037523142
0.0037523152
0.0037523162
0.0037523173
0.0037523184
0.0037523195
0.0037523207
0.0037523219
0.0037523231
0.0037523243
0.0037523256
0.0037523269
0.0037523283
0.0037523297
0.0037523311
0.0037523325
0.003752334
0.0037523355
0.0037523371
0.0037523386
0.0037523402
0.0037523419
0.0037523435
0.0037523452
0.0037523469
0.0037523487
0.0037523505
0.0037523523
0.0037523541
0.003752356
0.0037523579
0.0037523599
0.0037523619
0.0037523639
0.0037523659
0.003752368
0.0037523701
0.0037523722
0.0037523744
0.0037523765
0.0037523788
0.003752381
0.0037523833
0.0037523856
0.003752388
0.0037523904
0.0037523928
0.0037523952
0.0037523977
0.0037524002
0.0037524028
0.0037524053
0.0037524079
0.0037524106
0.0037524133
0.003752416
0.0037524187
0.0037524215
0.0037524243
0.0037524272
0.00375243
0.003752433
0.0037524359
0.0037524389
0.0037524419
0.003752445
0.0037524481
0.0037524512
0.0037524544
0.0037524575
0.0037524608
0.003752464
0.0037524673
0.0037524707
0.003752474
0.0037524774
0.0037524809
0.0037524844
0.0037524879
0.0037524914
0.003752495
0.0037524985
0.0037525021
0.0037525058
0.0037525094
0.0037525131
0.0037525168
0.0037525206
0.0037525244
0.0037525282
0.003752532
0.0037525359
0.0037525398
0.0037525437
0.0037525476
0.0037525516
0.0037525556
0.0037525596
0.0037525636
0.0037525677
0.0037525718
0.003752576
0.0037525802
0.0037525844
0.0037525886
0.0037525929
0.0037525972
0.0037526015
0.0037526059
0.0037526103
0.0037526147
0.0037526192
0.0037526237
0.0037526282
0.0037526327
0.0037526373
0.0037526419
0.0037526466
0.0037526512
0.0037526559
0.0037526606
0.0037526654
0.0037526702
0.003752675
0.0037526798
0.0037526847
0.0037526896
0.0037526945
0.0037526995
0.0037527045
0.0037527095
0.0037527145
0.0037527196
0.0037527247
0.0037527298
0.0037527349
0.0037527401
0.0037527453
0.0037527505
0.0037527558
0.0037527611
0.0037527664
0.0037527717
0.0037527771
0.0037527825
0.0037527879
0.0037527934
0.0037527989
0.0037528044
0.00375281
0.0037528156
0.0037528212
0.0037528269
0.0037528325
0.0037528382
0.003752844
0.0037528498
0.0037528556
0.0037528614
0.0037528673
0.0037528732
0.0037528792
0.0037528851
0.0037528911
0.0037528972
0.0037529033
0.0037529094
0.0037529156
0.0037529217
0.003752928
0.0037529342
0.0037529405
0.0037529468
0.0037529532
0.0037529596
0.003752966
0.0037529725
0.003752979
0.0037529855
0.003752992
0.0037529986
0.0037530052
0.0037530118
0.0037530185
0.0037530252
0.0037530319
0.0037530387
0.0037530455
0.0037530523
0.0037530592
0.0037530661
0.003753073
0.0037530799
0.0037530869
0.0037530939
0.003753101
0.0037531081
0.0037531152
0.0037531224
0.0037531296
0.0037531369
0.0037531442
0.0037531515
0.0037531589
0.0037531664
0.0037531738
0.0037531814
0.003753189
0.0037531966
0.0037532043
0.003753212
0.0037532197
0.0037532275
0.0037532353
0.0037532432
0.0037532511
0.0037532591
0.0037532671
0.0037532752
0.0037532833
0.0037532914
0.0037532996
0.0037533078
0.0037533161
0.0037533245
0.0037533329
0.0037533413
0.0037533498
0.0037533584
0.003753367
0.0037533757
0.0037533844
0.0037533932
0.0037534021
0.003753411
0.0037534199
0.0037534289
0.003753438
0.0037534472
0.0037534564
0.0037534656
0.003753475
0.0037534843
0.0037534938
0.0037535033
0.0037535128
0.0037535224
0.0037535321
0.0037535419
0.0037535517
0.0037535615
0.0037535714
0.0037535814
0.0037535915
0.0037536016
0.0037536118
0.003753622
0.0037536324
0.0037536427
0.0037536532
0.0037536637
0.0037536743
0.0037536849
0.0037536957
0.0037537065
0.0037537173
0.0037537282
0.0037537392
0.0037537503
0.0037537614
0.0037537727
0.0037537839
0.0037537953
0.0037538067
0.0037538182
0.0037538298
0.0037538414
0.0037538531
0.0037538649
0.0037538768
0.0037538887
0.0037539007
0.0037539127
0.0037539249
0.0037539371
0.0037539494
0.0037539617
0.0037539741
0.0037539866
0.0037539991
0.0037540117
0.0037540244
0.0037540372
0.00375405
0.0037540629
0.0037540759
0.003754089
0.0037541021
0.0037541153
0.0037541286
0.003754142
0.0037541554
0.003754169
0.0037541826
0.0037541963
0.0037542101
0.003754224
0.003754238
0.003754252
0.0037542662
0.0037542804
0.0037542947
0.0037543091
0.0037543236
0.0037543381
0.0037543528
0.0037543675
0.0037543822
0.0037543971
0.003754412
0.003754427
0.003754442
0.0037544571
0.0037544723
0.0037544875
0.0037545029
0.0037545183
0.0037545338
0.0037545493
0.003754565
0.0037545808
0.0037545966
0.0037546125
0.0037546286
0.0037546447
0.0037546609
0.0037546772
0.0037546936
0.0037547101
0.0037547267
0.0037547434
0.0037547602
0.0037547771
0.0037547941
0.0037548112
0.0037548284
0.0037548457
0.0037548631
0.0037548806
0.0037548983
0.003754916
0.0037549339
0.0037549518
0.0037549699
0.0037549881
0.0037550064
0.0037550249
0.0037550434
0.003755062
0.0037550806
0.0037550994
0.0037551182
0.0037551371
0.0037551562
0.0037551753
0.0037551945
0.0037552138
0.0037552331
0.0037552526
0.0037552721
0.0037552918
0.0037553115
0.0037553314
0.0037553514
0.0037553716
0.0037553918
0.0037554122
0.0037554327
0.0037554533
0.003755474
0.0037554948
0.0037555157
0.0037555368
0.003755558
0.0037555793
0.0037556007
0.0037556222
0.0037556439
0.0037556656
0.0037556875
0.0037557096
0.0037557317
0.003755754
0.0037557764
0.0037557989
0.0037558215
0.0037558443
0.0037558672
0.0037558902
0.0037559134
0.0037559366
0.0037559601
0.0037559837
0.0037560074
0.0037560312
0.0037560552
0.0037560794
0.0037561036
0.0037561281
0.0037561526
0.0037561774
0.0037562022
0.0037562272
0.0037562524
0.0037562777
0.0037563031
0.0037563287
0.0037563544
0.0037563803
0.0037564063
0.0037564324
0.0037564587
0.0037564852
0.0037565118
0.0037565385
0.0037565654
0.0037565925
0.0037566198
0.0037566472
0.0037566747
0.0037567024
0.0037567303
0.0037567583
0.0037567865
0.0037568149
0.0037568434
0.0037568721
0.003756901
0.00375693
0.0037569592
0.0037569885
0.0037570181
0.0037570478
0.0037570777
0.0037571078
0.0037571381
0.0037571686
0.0037571992
0.0037572301
0.0037572611
0.0037572924
0.0037573238
0.0037573554
0.0037573872
0.0037574192
0.0037574515
0.0037574839
0.0037575165
0.0037575493
0.0037575823
0.0037576155
0.003757649
0.0037576826
0.0037577164
0.0037577505
0.0037577847
0.0037578192
0.0037578539
0.0037578887
0.0037579238
0.0037579591
0.0037579947
0.0037580304
0.0037580663
0.0037581025
0.0037581389
0.0037581755
0.0037582124
0.0037582494
0.0037582867
0.0037583243
0.003758362
0.0037584
0.0037584382
0.0037584767
0.0037585154
0.0037585544
0.0037585936
0.003758633
0.0037586725
0.0037587122
0.0037587521
0.0037587922
0.0037588327
0.0037588733
0.0037589142
0.0037589554
0.0037589968
0.0037590384
0.0037590802
0.0037591223
0.0037591647
0.0037592072
0.00375925
0.003759293
0.0037593363
0.0037593798
0.0037594235
0.0037594675
0.0037595117
0.0037595562
0.0037596009
0.0037596458
0.003759691
0.0037597364
0.003759782
0.0037598279
0.0037598741
0.0037599205
0.0037599671
0.003760014
0.0037600612
0.0037601085
0.0037601562
0.003760204
0.0037602522
0.0037603005
0.0037603492
0.003760398
0.0037604471
0.0037604965
0.0037605461
0.0037605959
0.003760646
0.0037606963
0.0037607469
0.0037607977
0.0037608487
0.0037609
0.0037609515
0.0037610033
0.0037610553
0.0037611075
0.00376116
0.0037612127
0.0037612656
0.0037613188
0.0037613723
0.0037614259
0.0037614798
0.003761534
0.0037615884
0.003761643
0.0037616978
0.0037617529
0.0037618083
0.0037618638
0.0037619197
0.0037619757
0.003762032
0.0037620885
0.0037621452
0.0037622022
0.0037622594
0.0037623169
0.0037623746
0.0037624325
0.0037624906
0.003762549
0.0037626076
0.0037626664
0.0037627255
0.0037627848
0.0037628443
0.0037629041
0.0037629641
0.0037630243
0.0037630847
0.0037631454
0.0037632063
0.0037632674
0.0037633287
0.0037633902
0.003763452
0.003763514
0.0037635762
0.0037636387
0.0037637013
0.0037637642
0.0037638273
0.0037638906
0.0037639542
0.0037640179
0.0037640818
0.003764146
0.0037642104
0.003764275
0.0037643397
0.0037644047
0.0037644699
0.0037645353
0.0037646009
0.0037646667
0.0037647327
0.0037647989
0.0037648653
0.0037649319
0.0037649987
0.0037650657
0.0037651328
0.0037652002
0.0037652677
0.0037653354
0.0037654033
0.0037654714
0.0037655396
0.0037656081
0.0037656767
0.0037657454
0.0037658143
0.0037658834
0.0037659527
0.0037660221
0.0037660917
0.0037661614
0.0037662312
0.0037663012
0.0037663714
0.0037664417
0.0037665121
0.0037665826
0.0037666533
0.0037667241
0.003766795
0.003766866
0.0037669372
0.0037670084
0.0037670798
0.0037671512
0.0037672228
0.0037672944
0.0037673661
0.0037674379
0.0037675097
0.0037675817
0.0037676536
0.0037677257
0.0037677977
0.0037678698
0.003767942
0.0037680142
0.0037680863
0.0037681585
0.0037682307
0.0037683029
0.0037683751
0.0037684472
0.0037685193
0.0037685914
0.0037686634
0.0037687354
0.0037688072
0.003768879
0.0037689507
0.0037690223
0.0037690937
0.003769165
0.0037692362
0.0037693071
0.0037693779
0.0037694485
0.0037695189
0.0037695891
0.003769659
0.0037697286
0.003769798
0.003769867
0.0037699357
0.0037700041
0.003770072
0.0037701396
0.0037702068
0.0037702735
0.0037703397
0.0037704055
0.0037704707
0.0037705353
0.0037705994
0.0037706628
0.0037707256
0.0037707876
0.003770849
0.0037709095
0.0037709693
0.0037710281
0.0037710861
0.0037711432
0.0037711992
0.0037712542
0.0037713081
0.0037713608
0.0037714123
0.0037714626
0.0037715115
0.0037715591
0.0037716051
0.0037716497
0.0037716926
0.0037717339
0.0037717734
0.0037718111
0.0037718469
0.0037718806
0.0037719123
0.0037719417
0.0037719689
0.0037719937
0.0037720159
0.0037720356
0.0037720525
0.0037720665
0.0037720776
0.0037720856
0.0037720903
0.0037720917
0.0037720894
0.003772083
0.0037720722
0.003772057
0.0037720375
0.0037720134
0.0037719844
0.0037719505
0.0037719112
0.0037718666
0.0037718162
0.00377176
0.0037716975
0.0037716286
0.0037715529
0.0037714702
0.0037713802
0.0037712825
0.0037711768
0.0037710627
0.00377094
0.0037708082
0.0037706669
0.0037705157
0.0037703543
0.0037701821
0.0037699986
0.0037698035
0.0037695962
0.0037693762
0.0037691429
0.0037688957
0.0037686342
0.0037683576
0.0037680653
0.0037677567
0.003767431
0.0037670876
0.0037667257
0.0037663445
0.0037659431
0.0037655208
0.0037650767
0.0037646098
0.0037641191
0.0037636038
0.0037630627
0.0037624948
0.0037618989
0.0037612739
0.0037606186
0.0037599317
0.0037592118
0.0037584577
0.0037576679
0.0037568409
0.0037559751
0.003755069
0.003754121
0.0037531291
0.0037520918
0.003751007
0.0037498729
0.0037486873
0.0037474483
0.0037461536
0.0037448009
0.0037433878
0.0037419119
0.0037403707
0.0037387614
0.0037370813
0.0037353274
0.0037334969
0.0037315866
0.0037295933
0.0037275135
0.0037253439
0.0037230807
0.0037207202
0.0037182584
0.0037156914
0.0037130148
0.0037102243
0.0037073152
0.0037042829
0.0037011224
0.0036978285
0.0036943959
0.0036908191
0.0036870923
0.0036832096
0.0036791648
0.0036749513
0.0036705626
0.0036659916
0.0036612311
0.0036562737
0.0036511115
0.0036457364
0.0036401401
0.0036343138
0.0036282485
0.0036219347
0.0036153627
0.0036085224
0.0036014032
0.0035939943
0.0035862842
0.0035782612
0.0035699131
0.0035612272
0.0035521904
0.003542789
0.0035330087
0.003522835
0.0035122525
0.0035012454
0.0034897973
0.003477891
0.0034655089
0.0034526327
0.0034392433
0.0034253209
0.003410845
0.0033957943
0.0033801469
0.0033638798
0.0033469692
0.0033293906
0.0033111185
0.0032921263
0.0032723867
0.0032518711
0.00323055
0.0032083928
0.0031853677
0.0031614419
0.0031365813
0.0031107504
0.0030839126
0.0030560299
0.0030270629
0.0029969708
0.0029657112
0.0029332402
0.0028995124
0.0028644807
0.0028280962
0.0027903083
0.0027510646
0.0027103108
0.0026679905
0.0026240455
0.0025784153
0.0025310374
0.0024818468
0.0024307764
0.0023777567
0.0023227155
0.0022655782
0.0022062675
0.0021447034
0.0020808029
0.0020144802
0.0019456464
0.0018742094
0.001800074
0.0017231416
0.00164331
0.0015604736
0.0014745231
0.0013853454
0.0012928235
0.0011968363
0.0010972588
0.00099396156
0.00088681093
0.00077566877
0.00066039237
0.0005408343
0.00041684222
0.00028825869
0.00015492077
1.6659525e-05
-0.00012670099
-0.00027534592
-0.00042947775
-0.0005897969
-0.00075607652
-0.0009285821
-0.0011069246
-0.0012919389
-0.0014837761
-0.0016825725
-0.0018886037
-0.0021021341
-0.0023234312
-0.0025527559
-0.0027903847
-0.0030366055
-0.0032917131
-0.0035560121
-0.0038298173
-0.0041134539
-0.0044072576
-0.0047115747
-0.0050267626
-0.0053531901
-0.0056912376
-0.0060412975
-0.0064037741
-0.0067790846
-0.0071676586
-0.0075699392
-0.0079863828
-0.0084174594
-0.0088636534
-0.0093254633
-0.0098034025
-0.010297999
-0.010809798
-0.011339358
-0.011887255
-0.012454081
-0.013040446
-0.013646976
-0.014274314
-0.014923122
-0.015594079
-0.016287885
-0.017005257
-0.01774693
-0.018513661
-0.019306226
-0.02012542
-0.02097206
-0.021846983
-0.022751048
-0.023685133
-0.024650139
-0.025646989
-0.026676629
-0.027740023
-0.028838163
-0.029972058
-0.031142744
-0.032351278
-0.033598739
-0.03488623
-0.036214875
-0.037585825
-0.039000249
-0.040459341
-0.041964318
-0.043516418
-0.045116901
-0.04676705
-0.048468168
-0.050221582
-0.052028635
-0.053890693
-0.055809142
-0.057785385
-0.059820843
-0.061916957
-0.064075182
-0.066296987
-0.06858386
-0.070937298
-0.073358812
-0.075849923
-0.078412162
-0.081047068
-0.083756184
-0.08654106
-0.089403248
-0.092344299
-0.095365764
-0.098469192
-0.10165612
-0.10492809
-0.10828662
-0.11173322
-0.11526938
-0.11889657
-0.12261626
-0.12642986
-0.13033878
-0.13434438
-0.13844801
-0.14265095
-0.14695445
-0.15135973
-0.15586795
-0.1604802
-0.16519755
-0.17002098
-0.1749514
-0.17998969
-0.18513662
-0.19039289
-0.19575914
-0.2012359
-0.20682362
-0.21252267
-0.21833329
-0.22425567
-0.23028985
-0.23643578
-0.2426933
-0.24906214
-0.25554189
-0.26213206
-0.26883199
-0.27564092
-0.28255795
-0.28958208
-0.29671212
-0.3039468
-0.31128469
-0.31872422
-0.3262637
-0.33390128
-0.341635
-0.34946273
-0.35738223
-0.36539113
-0.3734869
-0.3816669
-0.38992836
-0.39826837
-0.40668391
-0.41517184
-0.42372889
-0.43235171
-0.44103682
-0.44978064
-0.4585795
-0.46742964
-0.47632722
-0.4852683
-0.49424891
-0.50326497
-0.51231238
-0.52138697
-0.53048453
-0.53960082
-0.54873157
-0.55787247
-0.56701922
-0.5761675
-0.58531303
-0.5944515
-0.60357865
-0.61269023
-0.62178204
-0.6308499
-0.6398897
-0.64889738
-0.65786893
-0.66680043
-0.67568802
-0.68452792
-0.69331644
-0.70205
-0.7107251
-0.71933833
-0.72788641
-0.73636617
-0.74477452
-0.75310853
-0.76136537
-0.76954232
-0.77763681
-0.78564639
-0.79356871
-0.80140158
-0.80914293
-0.81679082
-0.82434344
-0.83179909
-0.83915624
-0.84641345
-0.85356942
-0.86062299
-0.86757309
-0.8744188
-0.88115932
-0.88779394
-0.89432209
-0.90074332
-0.90705725
-0.91326365
-0.91936236
-0.92535335
-0.93123666
-0.93701243
-0.9426809
-0.9482424
-0.95369733
-0.95904616
-0.96428946
-0.96942787
-0.97446207
-0.97939284
-0.98422101
-0.98894746
-0.99357314
-0.99809902
-1.0025262
-1.0068556
-1.0110886
-1.0152262
-1.0192696
-1.0232201
-1.0270789
-1.0308473
-1.0345266
-1.0381182
-1.0416235
-1.0450437
-1.0483802
-1.0516346
-1.0548081
-1.0579022
-1.0609183
-1.0638577
-1.0667221
-1.0695127
-1.072231
-1.0748783
-1.0774562
-1.079966
-1.0824091
-1.084787
-1.0871009
-1.0893523
-1.0915424
-1.0936728
-1.0957446
-1.0977593
-1.0997181
-1.1016222
-1.1034731
-1.1052719
-1.1070198
-1.1087181
-1.110368
-1.1119707
-1.1135273
-1.1150389
-1.1165068
-1.117932
-1.1193155
-1.1206585
-1.121962
-1.1232271
-1.1244546
-1.1256457
-1.1268013
-1.1279223
-1.1290097
-1.1300643
-1.1310871
-1.1320789
-1.1330406
-1.133973
-1.1348769
-1.1357532
-1.1366025
-1.1374257
-1.1382234
-1.1389965
-1.1397456
-1.1404713
-1.1411745
-1.1418556
-1.1425155
-1.1431546
-1.1437735
-1.144373
-1.1449535
-1.1455156
-1.1460599
-1.1465868
-1.147097
-1.1475908
-1.1480689
-1.1485316
-1.1489794
-1.1494128
-1.1498323
-1.1502381
-1.1506309
-1.1510108
-1.1513785
-1.1517341
-1.1520782
-1.152411
-1.1527329
-1.1530442
-1.1533453
-1.1536365
-1.1539181
-1.1541904
-1.1544537
-1.1547083
-1.1549543
-1.1551923
-1.1554222
-1.1556445
-1.1558594
-1.156067
-1.1562677
-1.1564616
-1.156649
-1.1568301
-1.157005
-1.1571741
-1.1573373
-1.157495
-1.1576474
-1.1577945
-1.1579366
-1.1580738
-1.1582063
-1.1583342
-1.1584577
-1.1585769
-1.158692
-1.158803
-1.1589102
-1.1590136
-1.1591134
-1.1592097
-1.1593026
-1.1593922
-1.1594786
-1.1595619
-1.1596422
-1.1597197
-1.1597943
-1.1598663
-1.1599356
-1.1600024
-1.1600667
-1.1601286
-1.1601883
-1.1602457
-1.160301
-1.1603541
-1.1604053
-1.1604544
-1.1605017
-1.1605472
-1.1605908
-1.1606327
-1.160673
-1.1607116
-1.1607486
-1.1607841
-1.1608182
-1.1608507
-1.1608819
-1.1609118
-1.1609403
-1.1609675
-1.1609935
-1.1610183
-1.1610418
-1.1610643
-1.1610856
-1.1611059
-1.1611251
-1.1611432
-1.1611604
-1.1611765
-1.1611917
-1.161206
-1.1612193
-1.1612318
-1.1612434
-1.1612541
-1.1612639
-1.161273
-1.1612812
-1.1612886
-1.1612953
-1.1613011
-1.1613062
-1.1613106
-1.1613142
-1.1613171
-1.1613193
-1.1613208
-1.1613217
-1.1613218
-1.1613212
-1.16132
-1.1613181
-1.1613155
-1.1613122
-1.1613082
-1.1613036
-1.1612983
-1.1612924
-1.1612857
-1.1612784
-1.1612705
-1.1612618
-1.1612525
-1.1612426
-1.1612319
-1.1612206
-1.1612086
-1.1611959
-1.1611825
-1.1611684
-1.1611536
-1.1611381
-1.1611218
-1.1611049
-1.1610872
-1.1610688
-1.1610496
-1.1610297
-1.161009
-1.1609875
-1.1609652
-1.1609422
-1.1609183
-1.1608936
-1.160868
-1.1608416
-1.1608144
-1.1607862
-1.1607572
-1.1607273
-1.1606964
-1.1606646
-1.1606319
-1.1605981
-1.1605634
-1.1605277
-1.160491
-1.1604533
-1.1604145
-1.1603746
-1.1603336
-1.1602915
-1.1602483
-1.1602039
-1.1601584
-1.1601116
-1.1600637
-1.1600145
-1.159964
-1.1599123
-1.1598592
-1.1598049
-1.1597491
-1.159692
-1.1596335
-1.1595736
-1.1595122
-1.1594493
-1.159385
-1.1593191
-1.1592516
-1.1591826
-1.1591119
-1.1590396
-1.1589657
-1.15889
-1.1588126
-1.1587335
-1.1586525
-1.1585698
-1.1584852
-1.1583987
-1.1583103
-1.15822
-1.1581277
-1.1580334
-1.157937
-1.1578386
-1.1577381
-1.1576354
-1.1575306
-1.1574235
-1.1573143
-1.1572027
-1.1570888
-1.1569726
-1.156854
-1.1567329
-1.1566095
-1.1564835
-1.156355
-1.1562239
-1.1560902
-1.1559539
-1.1558149
-1.1556731
-1.1555286
-1.1553813
-1.1552312
-1.1550782
-1.1549223
-1.1547634
-1.1546016
-1.1544367
-1.1542687
-1.1540976
-1.1539233
-1.1537459
-1.1535652
-1.1533813
-1.153194
-1.1530033
-1.1528093
-1.1526118
-1.1524108
-1.1522063
-1.1519982
-1.1517865
-1.1515712
-1.1513521
-1.1511294
-1.1509028
-1.1506724
-1.1504382
-1.1502
-1.1499579
-1.1497118
-1.1494616
-1.1492074
-1.1489491
-1.1486866
-1.1484199
-1.1481489
-1.1478737
-1.1475941
-1.1473102
-1.1470218
-1.146729
-1.1464317
-1.1461299
-1.1458234
-1.1455124
-1.1451966
-1.1448762
-1.144551
-1.1442211
-1.1438863
-1.1435466
-1.1432021
-1.1428525
-1.142498
-1.1421385
-1.1417739
-1.1414042
-1.1410293
-1.1406493
-1.140264
-1.1398735
-1.1394777
-1.1390765
-1.1386699
-1.138258
-1.1378406
-1.1374177
-1.1369892
-1.1365553
-1.1361157
-1.1356705
-1.1352196
-1.134763
-1.1343007
-1.1338326
-1.1333587
-1.132879
-1.1323934
-1.1319019
-1.1314044
-1.130901
-1.1303916
-1.1298762
-1.1293547
-1.1288271
-1.1282934
-1.1277535
-1.1272075
-1.1266553
-1.1260968
-1.125532
-1.124961
-1.1243836
-1.1237999
-1.1232098
-1.1226133
-1.1220104
-1.1214011
-1.1207853
-1.1201629
-1.1195341
-1.1188987
-1.1182568
-1.1176083
-1.1169531
-1.1162914
-1.115623
-1.1149479
-1.1142661
-1.1135777
-1.1128825
-1.1121806
-1.1114719
-1.1107564
-1.1100342
-1.1093052
-1.1085693
-1.1078266
-1.1070771
-1.1063207
-1.1055574
-1.1047872
-1.1040102
-1.1032262
-1.1024353
-1.1016375
-1.1008328
-1.1000211
-1.0992024
-1.0983768
-1.0975443
-1.0967047
-1.0958582
-1.0950047
-1.0941441
-1.0932766
-1.0924021
-1.0915206
-1.0906321
-1.0897366
-1.088834
-1.0879245
-1.0870079
-1.0860843
-1.0851537
-1.0842161
-1.0832714
-1.0823198
-1.0813612
-1.0803955
-1.0794228
-1.0784432
-1.0774565
-1.0764629
-1.0754622
-1.0744546
-1.07344
-1.0724185
-1.07139
-1.0703545
-1.069312
-1.0682627
-1.0672064
-1.0661432
-1.065073
-1.063996
-1.0629121
-1.0618213
-1.0607236
-1.059619
-1.0585076
-1.0573894
-1.0562644
-1.0551325
-1.0539938
-1.0528484
-1.0516962
-1.0505373
-1.0493716
-1.0481991
-1.04702
-1.0458342
-1.0446417
-1.0434426
-1.0422368
-1.0410243
-1.0398053
-1.0385797
-1.0373475
-1.0361088
-1.0348635
-1.0336117
-1.0323534
-1.0310887
-1.0298175
-1.0285398
-1.0272558
-1.0259653
-1.0246685
-1.0233654
-1.0220559
-1.0207401
-1.019418
-1.0180896
-1.0167551
-1.0154143
-1.0140673
-1.0127141
-1.0113548
-1.0099894
-1.0086179
-1.0072403
-1.0058567
-1.004467
-1.0030713
-1.0016697
-1.0002621
-0.99884858
-0.99742917
-0.99600388
-0.99457274
-0.99313578
-0.99169303
-0.9902445
-0.98879023
-0.98733025
-0.98586458
-0.98439324
-0.98291627
-0.98143369
-0.97994553
-0.97845181
-0.97695257
-0.97544783
-0.97393762
-0.97242196
-0.97090089
-0.96937443
-0.9678426
-0.96630545
-0.96476299
-0.96321526
-0.96166228
-0.96010407
-0.95854068
-0.95697212
-0.95539843
-0.95381964
-0.95223576
-0.95064684
-0.9490529
-0.94745396
-0.94585007
-0.94424124
-0.9426275
-0.94100889
-0.93938543
-0.93775716
-0.9361241
-0.93448628
-0.93284373
-0.93119647
-0.92954455
-0.92788798
-0.92622679
-0.92456102
-0.9228907
-0.92121584
-0.91953649
-0.91785267
-0.91616441
-0.91447173
-0.91277468
-0.91107327
-0.90936753
-0.9076575
-0.90594321
-0.90422468
-0.90250195
-0.90077503
-0.89904397
-0.89730878
-0.8955695
-0.89382616
-0.89207878
-0.8903274
-0.88857204
-0.88681272
-0.88504949
-0.88328237
-0.88151139
-0.87973657
-0.87795795
-0.87617555
-0.8743894
-0.87259953
-0.87080598
-0.86900876
-0.8672079
-0.86540343
-0.86359539
-0.8617838
-0.85996868
-0.85815007
-0.85632799
-0.85450247
-0.85267354
-0.85084123
-0.84900556
-0.84716656
-0.84532427
-0.84347871
-0.8416299
-0.83977787
-0.83792266
-0.83606429
-0.83420279
-0.83233818
-0.83047049
-0.82859975
-0.82672599
-0.82484924
-0.82296951
-0.82108685
-0.81920128
-0.81731281
-0.8154215
-0.81352736
-0.81163041
-0.80973069
-0.80782823
-0.80592305
-0.80401518
-0.80210466
-0.80019149
-0.79827573
-0.79635738
-0.79443649
-0.79251307
-0.79058716
-0.78865878
-0.78672795
-0.78479471
-0.78285907
-0.78092106
-0.77898071
-0.77703804
-0.77509306
-0.77314582
-0.77119632
-0.7692446
-0.76729068
-0.76533458
-0.76337632
-0.76141593
-0.75945341
-0.75748882
-0.75552216
-0.75355346
-0.75158272
-0.74960996
-0.74763518
-0.74565842
-0.74367969
-0.74169902
-0.73971644
-0.73773198
-0.73574566
-0.73375752
-0.73176757
-0.72977586
-0.72778241
-0.72578724
-0.7237904
-0.72179191
-0.7197918
-0.7177901
-0.71578684
-0.71378206
-0.71177579
-0.70976804
-0.70775887
-0.70574829
-0.70373635
-0.70172308
-0.69970852
-0.69769269
-0.69567561
-0.69365729
-0.69163774
-0.68961694
-0.68759481
-0.68557112
-0.68354526
-0.68151549
-0.67947731
-0.67741974
-0.67531859
-0.67312924
-0.67078579
-0.66821815
-0.66539044
-0.66232251
-0.65905877
-0.65563418
-0.65205956
-0.6483453
-0.64454111
-0.64069483
-0.63682545
-0.63297465
-0.62917751
-0.62545526
-0.62183453
-0.61832996
-0.61495382
-0.61171224
-0.60860711
-0.60563634
-0.60279468
-0.60007447
-0.59746636
-0.5949599
-0.5925442
-0.59020832
-0.58794169
-0.58573434
-0.5835771
-0.58146173
-0.57938093
-0.57732836
-0.57529858
-0.57328703
-0.57128987
-0.56930398
-0.56732682
-0.56535633
-0.56339091
-0.56142928
-0.55947048
-0.55751375
-0.55555851
-0.55360429
-0.5516508
-0.54969783
-0.54774529
-0.54579311
-0.5438412
-0.54188951
-0.53993797
-0.53798658
-0.53603533
-0.53408422
-0.53213328
-0.53018252
-0.52823198
-0.52628167
-0.52433164
-0.52238189
-0.52043247
-0.51848338
-0.51653466
-0.51458632
-0.51263838
-0.51069088
-0.50874381
-0.50679721
-0.50485109
-0.50290546
-0.50096035
-0.49901578
-0.49707175
-0.49512828
-0.4931854
-0.49124312
-0.48930146
-0.48736043
-0.48542007
-0.48348038
-0.48154139
-0.47960312
-0.4776656
-0.47572884
-0.47379286
-0.4718577
-0.46992336
-0.46798988
-0.46605728
-0.46412558
-0.4621948
-0.46026497
-0.45833611
-0.45640825
-0.4544814
-0.4525556
-0.45063086
-0.4487072
-0.44678465
-0.44486324
-0.44294299
-0.44102391
-0.43910603
-0.43718938
-0.43527397
-0.43335984
-0.43144699
-0.42953546
-0.42762527
-0.42571644
-0.42380899
-0.42190295
-0.41999834
-0.41809518
-0.41619349
-0.41429331
-0.41239464
-0.41049751
-0.40860196
-0.40670799
-0.40481564
-0.40292492
-0.40103586
-0.39914848
-0.39726281
-0.39537886
-0.39349667
-0.39161625
-0.38973762
-0.38786082
-0.38598587
-0.38411278
-0.38224159
-0.38037231
-0.37850496
-0.37663958
-0.37477619
-0.37291481
-0.37105546
-0.36919817
-0.36734295
-0.36548985
-0.36363887
-0.36179004
-0.35994339
-0.35809894
-0.35625672
-0.35441674
-0.35257903
-0.35074363
-0.34891054
-0.3470798
-0.34525142
-0.34342544
-0.34160188
-0.33978076
-0.3379621
-0.33614594
-0.33433228
-0.33252117
-0.33071263
-0.32890667
-0.32710332
-0.32530261
-0.32350456
-0.3217092
-0.31991655
-0.31812664
-0.31633948
-0.31455511
-0.31277355
-0.31099482
-0.30921895
-0.30744597
-0.30567589
-0.30390875
-0.30214456
-0.30038336
-0.29862516
-0.29687
-0.29511789
-0.29336887
-0.29162295
-0.28988016
-0.28814053
-0.28640408
-0.28467084
-0.28294083
-0.28121407
-0.2794906
-0.27777043
-0.27605359
-0.27434011
-0.27263
-0.27092331
-0.26922004
-0.26752023
-0.2658239
-0.26413107
-0.26244177
-0.26075603
-0.25907387
-0.25739531
-0.25572039
-0.25404911
-0.25238152
-0.25071763
-0.24905746
-0.24740106
-0.24574843
-0.2440996
-0.2424546
-0.24081345
-0.23917619
-0.23754282
-0.23591338
-0.23428789
-0.23266638
-0.23104887
-0.22943538
-0.22782594
-0.22622058
-0.22461932
-0.22302218
-0.22142918
-0.21984036
-0.21825574
-0.21667533
-0.21509918
-0.21352729
-0.21195969
-0.21039641
-0.20883747
-0.2072829
-0.20573272
-0.20418695
-0.20264562
-0.20110875
-0.19957636
-0.19804848
-0.19652514
-0.19500635
-0.19349214
-0.19198253
-0.19047754
-0.18897721
-0.18748155
-0.18599058
-0.18450433
-0.18302282
-0.18154607
-0.18007411
-0.17860696
-0.17714464
-0.17568717
-0.17423458
-0.17278689
-0.17134412
-0.16990629
-0.16847342
-0.16704554
-0.16562266
-0.16420482
-0.16279202
-0.1613843
-0.15998166
-0.15858414
-0.15719176
-0.15580453
-0.15442247
-0.15304561
-0.15167396
-0.15030755
-0.14894639
-0.14759051
-0.14623993
-0.14489465
-0.14355472
-0.14222013
-0.14089091
-0.13956709
-0.13824867
-0.13693568
-0.13562814
-0.13432605
-0.13302945
-0.13173835
-0.13045276
-0.1291727
-0.1278982
-0.12662926
-0.1253659
-0.12410814
-0.122856
-0.12160949
-0.12036863
-0.11913343
-0.1179039
-0.11668007
-0.11546195
-0.11424955
-0.11304288
-0.11184197
-0.11064681
-0.10945744
-0.10827386
-0.10709608
-0.10592411
-0.10475798
-0.10359768
-0.10244324
-0.10129466
-0.10015196
-0.099015147
-0.097884231
-0.096759224
-0.095640135
-0.094526975
-0.093419754
-0.092318481
-0.091223165
-0.090133815
-0.089050439
-0.087973046
-0.086901644
-0.085836239
-0.08477684
-0.083723454
-0.082676086
-0.081634744
-0.080599434
-0.079570161
-0.07854693
-0.077529748
-0.076518618
-0.075513544
-0.074514532
-0.073521585
-0.072534706
-0.071553898
-0.070579164
-0.069610507
-0.068647929
-0.067691431
-0.066741014
-0.065796681
-0.064858431
-0.063926265
-0.063000183
-0.062080185
-0.06116627
-0.060258437
-0.059356684
-0.05846101
-0.057571413
-0.056687891
-0.05581044
-0.054939058
-0.05407374
-0.053214483
-0.052361284
-0.051514136
-0.050673036
-0.049837978
-0.049008956
-0.048185965
-0.047368997
-0.046558047
-0.045753106
-0.044954169
-0.044161226
-0.043374269
-0.042593291
-0.041818281
-0.041049232
-0.040286132
-0.039528973
-0.038777744
-0.038032434
-0.037293032
-0.036559528
-0.03583191
-0.035110165
-0.034394281
-0.033684247
-0.032980048
-0.032281673
-0.031589107
-0.030902336
-0.030221346
-0.029546123
-0.028876652
-0.028212917
-0.027554904
-0.026902595
-0.026255975
-0.025615027
-0.024979734
-0.024350079
-0.023726045
-0.023107612
-0.022494764
-0.02188748
-0.021285743
-0.020689533
-0.02009883
-0.019513615
-0.018933867
-0.018359565
-0.017790689
-0.017227218
-0.016669129
-0.016116401
-0.015569012
-0.015026939
-0.01449016
-0.013958651
-0.013432389
-0.012911351
-0.012395514
-0.011884853
-0.011379346
-0.010878969
-0.010383698
-0.00989351
-0.0094083823
-0.0089282924
-0.0084532174
-0.0079831339
-0.0075180196
-0.007057854
-0.0066026138
-0.0061522709
-0.0057067958
-0.0052661873
-0.0048304214
-0.0043994176
-0.003973178
-0.0035516928
-0.003134994
-0.0027227974
-0.0023149241
-0.0019122782
-0.0015138639
-0.0011197081
-0.00072903663
-0.00034272857
3.918981e-05
0.0004167202
0.00078987383
0.0011586674
0.0015231212
0.0018832584
0.0022391042
0.0025906855
0.0029380303
0.0032811675
0.0036201268
0.0039549384
0.0042856333
0.0046122426
0.0049347975
0.0052533297
0.0055678707
0.0058784525
0.0061851068
0.0064878655
0.0067867604
0.0070818233
0.0073730861
0.0076605806
0.0079443386
0.0082243919
0.0085007721
0.008773511
0.0090426402
0.0093081914
0.009570196
0.0098286858
0.010083692
0.010335246
0.01058338
0.010828125
0.011069512
0.011307572
0.011542337
0.011773838
0.012002106
0.012227172
0.012449067
0.012667822
0.012883469
0.013096037
0.013305558
0.013512062
0.01371558
0.013916142
0.014113779
0.014308522
0.014500399
0.014689443
0.014875681
0.015059146
0.015239865
0.015417869
0.015593189
0.015765852
0.015935888
0.016103327
0.016268198
0.01643053
0.016590351
0.01674769
0.016902576
0.017055038
0.017205102
0.017352798
0.017498154
0.017641196
0.017781954
0.017920453
0.018056723
0.018190789
0.018322679
0.018452419
0.018580037
0.018705558
0.018829009
0.018950416
0.019069804
0.019187201
0.01930263
0.019416119
0.01952769
0.019637371
0.019745185
0.019851157
0.019955311
0.020057672
0.020158264
0.020257111
0.020354235
0.020449661
0.020543412
0.020635511
0.02072598
0.020814843
0.020902121
0.020987837
0.021072012
0.021154669
0.02123583
0.021315514
0.021393745
0.021470541
0.021545926
0.021619917
0.021692537
0.021763805
0.021833742
0.021902365
0.021969696
0.022035754
0.022100556
0.022164123
0.022226473
0.022287624
0.022347594
0.022406401
0.022464063
0.022520598
0.022576022
0.022630353
0.022683608
0.022735804
0.022786956
0.022837081
0.022886195
0.022934313
0.022981453
0.023027627
0.023072853
0.023117144
0.023160516
0.023202982
0.023244558
0.023285257
0.023325094
0.023364081
0.023402232
0.023439561
0.02347608
0.023511803
0.023546742
0.023580908
0.023614316
0.023646975
0.023678899
0.023710098
0.023740585
0.02377037
0.023799463
0.023827877
0.023855621
0.023882705
0.023909141
0.023934936
0.023960102
0.023984648
0.024008583
0.024031916
0.024054656
0.024076812
0.024098391
0.024119403
0.024139856
0.024159756
0.024179113
0.024197932
0.024216222
0.02423399
0.024251242
0.024267986
0.024284226
0.024299971
0.024315225
0.024329995
0.024344286
0.024358103
0.024371453
0.024384339
0.024396767
0.024408741
0.024420267
0.024431347
0.024441987
0.02445219
0.024461959
0.024471298
0.024480211
0.024488701
0.02449677
0.024504421
0.024511656
0.024518479
0.02452489
0.024530892
0.024536486
0.024541675
0.024546458
0.024550838
0.024554815
0.024558391
0.024561565
0.024564338
0.02456671
0.024568681
0.024570253
0.024571423
0.02457219
0.024572554
0.024572515
0.024572074
0.024571229
0.02456998
0.024568323
0.024566255
0.024563774
0.024560879
0.024557566
0.024553833
0.024549677
0.024545094
0.024540082
0.024534638
0.024528757
0.024522437
0.024515673
0.024508461
0.024500797
0.024492678
0.024484098
0.024475054
0.02446554
0.024455551
0.024445084
0.024434131
0.024422689
0.024410752
0.024398315
0.024385371
0.024371916
0.024357943
0.024343447
0.024328421
0.02431286
0.024296757
0.024280106
0.024262901
0.024245135
0.024226802
0.024207895
0.024188408
0.024168334
0.024147666
0.024126398
0.024104523
0.024082034
0.024058924
0.024035187
0.024010816
0.023985805
0.023960145
0.023933831
0.023906856
0.023879213
0.023850896
0.023821898
0.023792212
0.023761833
0.023730754
0.023698968
0.023666469
0.023633252
0.02359931
0.023564638
0.02352923
0.02349308
0.023456184
0.023418535
0.023380129
0.02334096
0.023301025
0.023260319
0.023218837
0.023176575
0.023133529
0.023089696
0.023045073
0.022999656
0.022953442
0.022906429
0.022858613
0.022809995
0.02276057
0.022710339
0.022659299
0.022607449
0.02255479
0.022501321
0.022447042
0.022391953
0.022336055
0.02227935
0.022221838
0.022163522
0.022104403
0.022044484
0.021983768
0.021922259
0.021859959
0.021796874
0.021733007
0.021668363
0.021602948
0.021536766
0.021469825
0.02140213
0.021333688
0.021264507
0.021194594
0.021123957
0.021052604
0.020980545
0.020907788
0.020834342
0.020760219
0.020685428
0.02060998
0.020533885
0.020457157
0.020379805
0.020301844
0.020223284
0.02014414
0.020064424
0.01998415
0.019903332
0.019821985
0.019740123
0.01965776
0.019574913
0.019491596
0.019407826
0.019323619
0.01923899
0.019153958
0.019068538
0.018982747
0.018896604
0.018810125
0.018723329
0.018636233
0.018548856
0.018461216
0.018373331
0.01828522
0.018196902
0.018108396
0.01801972
0.017930895
0.017841938
0.017752869
0.017663709
0.017574474
0.017485187
0.017395865
0.017306528
0.017217195
0.017127887
0.017038621
0.016949418
0.016860297
0.016771277
0.016682377
0.016593615
0.016505011
0.016416584
0.016328352
0.016240333
0.016152546
0.016065009
0.01597774
0.015890756
0.015804076
0.015717715
0.015631692
0.015546024
0.015460726
0.015375815
0.015291308
0.01520722
0.015123566
0.015040362
0.014957622
0.014875362
0.014793596
0.014712336
0.014631598
0.014551395
0.014471739
0.014392643
0.014314119
0.014236179
0.014158835
0.014082098
0.014005979
0.013930487
0.013855634
0.013781429
0.013707881
0.013634999
0.013562792
0.013491268
0.013420434
0.013350298
0.013280867
0.013212148
0.013144146
0.013076869
0.01301032
0.012944505
0.01287943
0.012815098
0.012751513
0.012688679
0.012626599
0.012565276
0.012504713
0.012444911
0.012385872
0.012327598
0.012270091
0.01221335
0.012157376
0.01210217
0.01204773
0.011994058
0.01194115
0.011889008
0.011837629
0.011787011
0.011737153
0.011688051
0.011639705
0.01159211
0.011545263
0.011499162
0.011453803
0.011409182
0.011365294
0.011322136
0.011279703
0.011237991
0.011196994
0.011156707
0.011117126
0.011078244
0.011040056
0.011002557
0.01096574
0.010929598
0.010894127
0.010859319
0.010825169
0.010791668
0.010758811
0.010726591
0.010695001
0.010664033
0.010633681
0.010603937
0.010574794
0.010546245
0.010518282
0.010490898
0.010464084
0.010437835
0.010412141
0.010386995
0.01036239
0.010338317
0.01031477
0.010291739
0.010269219
0.0102472
0.010225675
0.010204636
0.010184075
0.010163985
0.010144359
0.010125187
0.010106463
0.010088179
0.010070328
0.010052901
0.010035891
0.010019292
0.010003094
0.009987292
0.0099718773
0.009956843
0.0099421818
0.0099278867
0.0099139505
0.0099003661
0.0098871267
0.0098742253
0.0098616552
0.0098494095
0.0098374816
0.009825865
0.009814553
0.0098035393
0.0097928175
0.0097823814
0.0097722245
0.0097623409
0.0097527248
0.0097433701
0.0097342709
0.0097254213
0.0097168158
0.0097084488
0.0097003147
0.0096924081
0.0096847237
0.0096772562
0.0096700004
0.0096629514
0.009656104
0.0096494535
0.0096429949
0.0096367236
0.0096306349
0.0096247243
0.0096189873
0.0096134195
0.0096080166
0.0096027743
0.0095976887
0.0095927555
0.0095879709
0.0095833309
0.0095788317
0.0095744697
0.009570241
0.0095661423
0.0095621699
0.0095583205
0.0095545907
0.0095509772
0.0095474768
0.0095440865
0.0095408031
0.0095376236
0.0095345452
0.009531565
0.0095286802
0.0095258881
0.009523186
0.0095205714
0.0095180417
0.0095155945
0.0095132273
0.0095109378
0.0095087238
0.0095065829
0.0095045131
0.0095025122
0.0095005782
0.0094987091
0.0094969028
0.0094951575
0.0094934714
0.0094918426
0.0094902694
0.0094887501
0.009487283
0.0094858665
0.009484499
0.009483179
0.009481905
0.0094806755
0.0094794893
0.0094783447
0.0094772407
0.0094761758
0.0094751488
0.0094741586
0.0094732038
0.0094722834
0.0094713963
0.0094705415
0.0094697178
0.0094689243
0.0094681599
0.0094674237
0.0094667148
0.0094660324
0.0094653754
0.0094647431
0.0094641347
0.0094635494
0.0094629864
0.009462445
0.0094619245
0.0094614243
0.0094609436
0.0094604819
0.0094600386
0.0094596128
0.0094592035
0.0094588105
0.0094584334
0.0094580717
0.009457725
0.0094573926
0.009457074
0.0094567686
0.0094564762
0.0094561963
0.0094559284
0.0094556722
0.0094554273
0.0094551932
0.0094549697
0.0094547562
0.0094545526
0.0094543583
0.0094541731
0.0094539967
0.0094538286
0.0094536685
0.0094535163
0.0094533716
0.009453234
0.0094531032
0.0094529791
0.0094528613
0.0094527496
0.0094526438
0.0094525438
0.0094524493
0.0094523601
0.0094522761
0.0094521974
0.009452124
0.0094520554
0.0094519911
0.009451931
0.0094518751
0.0094518231
0.0094517749
0.0094517303
0.009451689
0.0094516504
0.0094516148
0.0094515823
0.0094515528
0.0094515261
0.0094515022
0.0094514808
0.0094514618
0.0094514452
0.0094514309
0.0094514187
0.0094514086
0.0094514005
0.0094513942
0.0094513897
0.009451387
0.0094513859
0.0094513864
0.0094513884
0.0094513919
0.0094513967
0.0094514028
0.0094514101
0.0094514186
0.0094514282
0.0094514388
0.0094514505
0.0094514631
0.0094514767
0.0094514912
0.0094515065
0.0094515225
0.0094515394
0.009451557
0.0094515754
0.0094515944
0.0094516141
0.0094516344
0.0094516552
0.0094516766
0.0094516984
0.0094517208
0.0094517435
0.0094517668
0.0094517904
0.0094518145
0.009451839
0.0094518639
0.0094518891
0.0094519147
0.0094519406
0.0094519668
0.0094519932
0.0094520199
0.0094520469
0.0094520741
0.0094521015
0.0094521291
0.0094521569
0.0094521849
0.0094522131
0.0094522414
0.0094522698
0.0094522984
0.0094523272
0.009452356
0.0094523849
0.009452414
0.0094524431
0.0094524723
0.0094525015
0.0094525309
0.0094525602
0.0094525897
0.0094526192
0.0094526487
0.0094526783
0.0094527079
0.0094527376
0.0094527673
0.009452797
0.0094528267
0.0094528565
0.0094528863
0.0094529161
0.0094529459
0.0094529757
0.0094530056
0.0094530354
0.0094530652
0.009453095
0.0094531248
0.0094531546
0.0094531844
0.0094532141
0.0094532439
0.0094532736
0.0094533032
0.0094533329
0.0094533625
0.0094533922
0.0094534218
0.0094534514
0.009453481
0.0094535105
0.0094535401
0.0094535697
0.0094535995
0.0094536291
0.0094536583
0.0094536875
0.0094537166
0.0094537458
0.009453775
0.0094538042
0.0094538335
0.0094538627
0.0094538919
0.009453921
0.0094539501
0.0094539791
0.0094540081
0.0094540371
0.0094540661
0.009454095
0.0094541238
0.0094541527
0.0094541815
0.0094542103
0.009454239
0.0094542677
0.0094542963
0.0094543249
0.0094543535
0.009454382
0.0094544104
0.0094544388
0.0094544671
0.0094544954
0.0094545237
0.009454552
0.0094545802
0.0094546083
0.0094546364
0.0094546645
0.0094546925
0.0094547205
0.0094547484
0.0094547763
0.0094548041
0.0094548319
0.0094548596
0.0094548872
0.0094549149
0.0094549425
0.00945497
0.0094549975
0.009455025
0.0094550525
0.0094550799
0.0094551072
0.0094551345
0.0094551617
0.0094551888
0.009455216
0.009455243
0.0094552701
0.0094552971
0.0094553241
0.009455351
0.0094553779
0.0094554047
0.0094554315
0.0094554583
0.009455485
0.0094555116
0.0094555381
0.0094555646
0.0094555911
0.0094556175
0.0094556438
0.0094556701
0.0094556963
0.0094557225
0.0094557486
0.0094557747
0.0094558009
0.0094558271
0.0094558532
0.0094558787
0.0094559041
0.0094559296
0.0094559552
0.0094559808
0.0094560063
0.0094560318
0.0094560573
0.0094560826
0.009456108
0.0094561333
0.0094561585
0.0094561836
0.0094562087
0.0094562337
0.0094562587
0.0094562836
0.0094563084
0.0094563332
0.0094563579
0.0094563826
0.0094564073
0.0094564318
0.0094564564
0.0094564809
0.0094565053
0.0094565297
0.009456554
0.0094565783
0.0094566025
0.0094566268
0.0094566509
0.009456675
0.0094566991
0.0094567231
0.009456747
0.0094567709
0.0094567947
0.0094568184
0.0094568421
0.0094568658
0.0094568894
0.0094569129
0.0094569363
0.0094569597
0.009456983
0.0094570063
0.0094570294
0.0094570526
0.0094570756
0.0094570984
0.009457121
0.0094571435
0.0094571659
0.0094571882
0.0094572104
0.0094572325
0.0094572546
0.0094572765
0.0094572984
0.0094573202
0.009457342
0.0094573638
0.0094573855
0.0094574071
0.0094574287
0.0094574503
0.0094574717
0.0094574931
0.0094575145
0.0094575357
0.0094575569
0.009457578
0.009457599
0.0094576199
0.0094576408
0.0094576615
0.0094576822
0.0094577029
0.0094577235
0.009457744
0.0094577644
0.0094577847
0.009457805
0.0094578252
0.0094578453
0.0094578653
0.0094578852
0.009457905
0.0094579248
0.0094579445
0.0094579641
0.0094579836
0.0094580031
0.0094580225
0.0094580418
0.009458061
0.0094580802
0.0094580992
0.0094581182
0.0094581371
0.009458156
0.0094581747
0.0094581934
0.009458212
0.0094582306
0.0094582491
0.0094582675
0.0094582858
0.0094583041
0.0094583223
0.0094583405
0.0094583586
0.0094583766
0.0094583946
0.0094584125
0.0094584303
0.0094584481
0.0094584659
0.0094584836
0.0094585012
0.0094585188
0.0094585363
0.0094585538
0.0094585712
0.0094585885
0.0094586058
0.009458623
0.0094586401
0.0094586572
0.0094586741
0.0094586911
0.0094587079
0.0094587247
0.0094587415
0.0094587582
0.0094587749
0.0094587915
0.009458808
0.0094588245
0.0094588409
0.0094588572
0.0094588735
0.0094588898
0.0094589059
0.0094589221
0.0094589382
0.0094589543
0.0094589704
0.0094589864
0.0094590024
0.0094590184
0.0094590343
0.0094590501
0.009459066
0.0094590817
0.0094590975
0.0094591132
0.0094591289
0.0094591446
0.0094591603
0.0094591759
0.0094591916
0.0094592071
0.0094592227
0.0094592382
0.0094592537
0.0094592692
0.0094592846
0.0094593
0.0094593154
0.0094593307
0.009459346
0.0094593613
0.0094593766
0.0094593918
0.009459407
0.0094594221
0.0094594372
0.0094594522
0.0094594672
0.0094594822
0.0094594972
0.0094595121
0.009459527
0.0094595419
0.0094595567
0.0094595715
0.0094595862
0.0094596009
0.0094596156
0.0094596302
0.0094596448
0.0094596594
0.0094596739
0.0094596884
0.0094597029
0.0094597173
0.0094597317
0.0094597461
0.0094597604
0.0094597747
0.009459789
0.0094598032
0.0094598174
0.0094598316
0.0094598457
0.0094598599
0.009459874
0.0094598881
0.0094599021
0.0094599162
0.0094599302
0.0094599441
0.0094599581
0.009459972
0.0094599858
0.0094599996
0.0094600134
0.0094600271
0.0094600407
0.0094600543
0.0094600677
0.0094600811
0.0094600944
0.0094601077
0.0094601209
0.0094601342
0.0094601474
0.0094601605
0.0094601735
0.0094601864
0.0094601993
0.009460212
0.0094602247
0.0094602373
0.0094602498
0.0094602623
0.0094602747
0.0094602871
0.0094602994
0.0094603116
0.0094603237
0.0094603358
0.0094603478
0.0094603598
0.0094603717
0.0094603836
0.0094603955
0.0094604073
0.009460419
0.0094604306
0.0094604422
0.0094604536
0.009460465
0.0094604764
0.0094604876
0.0094604988
0.0094605099
0.0094605209
0.0094605319
0.0094605428
0.0094605536
0.0094605643
0.009460575
0.0094605856
0.0094605962
0.0094606066
0.009460617
0.0094606273
0.0094606376
0.0094606477
0.0094606578
0.0094606677
0.0094606776
0.0094606875
0.0094606972
0.0094607069
0.0094607166
0.0094607262
0.0094607357
0.0094607452
0.0094607546
0.009460764
0.0094607733
0.0094607825
0.0094607916
0.0094608008
0.0094608098
0.0094608188
0.0094608278
0.0094608366
0.0094608455
0.0094608543
0.009460863
0.0094608717
0.0094608804
0.009460889
0.0094608976
0.0094609062
0.0094609147
0.0094609231
0.0094609315
0.0094609399
0.0094609482
0.0094609565
0.0094609647
0.0094609729
0.0094609811
0.0094609892
0.0094609973
0.0094610053
0.0094610134
0.0094610213
0.0094610293
0.0094610372
0.0094610451
0.009461053
0.0094610608
0.0094610686
0.0094610763
0.009461084
0.0094610916
0.0094610992
0.0094611068
0.0094611143
0.0094611218
0.0094611293
0.0094611367
0.0094611441
0.0094611515
0.0094611588
0.0094611661
0.0094611733
0.0094611806
0.0094611878
0.0094611949
0.0094612021
0.0094612093
0.0094612165
0.0094612236
0.0094612307
0.0094612378
0.0094612449
0.0094612519
0.009461259
0.009461266
0.009461273
0.00946128
0.009461287
0.009461294
0.0094613011
0.0094613082
0.0094613152
0.0094613223
0.0094613293
0.0094613363
0.0094613432
0.0094613501
0.009461357
0.0094613639
0.0094613708
0.0094613776
0.0094613845
0.0094613914
0.0094613982
0.0094614051
0.0094614119
0.0094614187
0.0094614255
0.0094614323
0.0094614391
0.0094614459
0.0094614527
0.0094614595
0.0094614663
0.0094614732
0.00946148
0.0094614868
0.0094614936
0.0094615004
0.0094615072
0.009461514
0.0094615208
0.0094615276
0.0094615343
0.0094615411
0.009461548
0.0094615548
0.0094615617
0.0094615686
0.0094615755
0.0094615825
0.0094615894
0.0094615963
0.0094616033
0.0094616102
0.0094616174
0.0094616244
0.0094616311
0.0094616378
0.0094616446
0.0094616514
0.0094616583
0.0094616652
0.0094616721
0.0094616789
0.0094616858
0.0094616927
0.0094616996
0.0094617066
0.0094617135
0.0094617205
0.0094617275
0.0094617345
0.0094617415
0.0094617486
0.0094617556
0.0094617627
0.0094617698
0.0094617769
0.009461784
0.0094617911
0.0094617983
0.0094618056
0.0094618128
0.0094618201
0.0094618274
0.0094618347
0.009461842
0.0094618494
0.0094618568
0.0094618642
0.0094618716
0.009461879
0.0094618864
0.0094618938
0.0094619011
0.0094619085
0.009461916
0.0094619234
0.0094619308
0.0094619382
0.0094619457
0.0094619531
0.0094619605
0.0094619679
0.0094619753
0.0094619828
0.0094619903
0.009461998
0.0094620058
0.0094620135
0.0094620213
0.0094620291
0.0094620368
0.0094620445
0.0094620522
0.0094620598
0.0094620674
0.0094620751
0.0094620827
0.0094620903
0.009462098
0.0094621056
0.0094621132
0.0094621208
0.0094621284
0.0094621359
0.0094621434
0.009462151
0.0094621585
0.009462166
0.0094621734
0.0094621809
0.0094621883
0.0094621956
0.0094622029
0.0094622102
0.0094622178
0.0094622253
0.0094622326
0.0094622399
0.0094622472
0.0094622545
0.0094622617
0.009462269
0.0094622762
0.0094622833
0.0094622905
0.0094622976
0.0094623047
0.0094623117
0.0094623187
0.0094623258
0.0094623328
0.0094623397
0.0094623467
0.0094623536
0.0094623604
0.0094623672
0.009462374
0.0094623808
0.0094623875
0.0094623942
0.0094624008
0.0094624074
0.0094624139
0.0094624204
0.0094624269
0.0094624333
0.0094624396
0.0094624459
0.0094624522
0.0094624583
0.0094624645
0.0094624707
0.0094624768
0.0094624828
0.0094624888
0.0094624947
0.0094625005
0.0094625062
0.0094625119
0.0094625175
0.0094625231
0.0094625286
0.0094625341
0.0094625395
0.0094625449
0.0094625502
0.0094625555
0.0094625608
0.009462566
0.0094625712
0.0094625763
0.0094625814
0.0094625864
0.0094625913
0.0094625962
0.009462601
0.0094626058
0.0094626105
0.0094626152
0.0094626198
0.0094626244
0.009462629
0.0094626335
0.0094626379
0.0094626423
0.0094626466
0.0094626509
0.0094626551
0.0094626593
0.0094626635
0.0094626676
0.0094626717
0.0094626759
0.0094626797
0.0094626831
0.0094626867
0.0094626904
0.0094626941
0.0094626977
0.0094627012
0.0094627047
0.0094627081
0.0094627114
0.0094627148
0.0094627181
0.0094627214
0.0094627247
0.0094627278
0.0094627309
0.009462734
0.0094627369
0.0094627397
0.0094627425
0.0094627451
0.0094627475
0.0094627501
0.0094627529
0.0094627558
0.0094627585
0.0094627612
0.0094627638
0.0094627663
0.0094627688
0.0094627712
0.0094627736
0.009462776
0.0094627783
0.0094627806
0.0094627829
0.0094627852
0.0094627874
0.0094627896
0.0094627917
0.0094627938
0.0094627959
0.009462798
0.0094628
0.009462802
0.0094628039
0.0094628058
0.0094628076
0.0094628094
0.0094628113
0.0094628131
0.009462815
0.0094628168
0.0094628185
0.0094628202
0.0094628218
0.0094628234
0.009462825
0.0094628266
0.0094628281
0.0094628297
0.0094628313
0.0094628328
0.0094628344
0.0094628359
0.0094628373
0.0094628388
0.0094628402
0.0094628415
0.0094628428
0.0094628442
0.0094628456
0.009462847
0.0094628484
0.0094628498
0.0094628511
0.0094628524
0.0094628537
0.0094628549
0.0094628561
0.0094628572
0.0094628584
0.0094628595
0.0094628607
0.0094628618
0.009462863
0.0094628642
0.0094628654
0.0094628665
0.0094628676
0.0094628687
0.0094628697
0.0094628706
0.0094628716
0.0094628726
0.0094628735
0.0094628746
0.0094628756
0.0094628765
0.0094628774
0.0094628783
0.0094628793
0.0094628802
0.009462881
0.0094628818
0.0094628826
0.0094628833
0.009462884
0.0094628848
0.0094628855
0.0094628862
0.0094628868
0.0094628874
0.0094628881
0.0094628887
0.0094628893
0.0094628898
0.0094628904
0.0094628909
0.0094628914
0.0094628919
0.0094628925
0.0094628929
0.0094628933
0.0094628937
0.0094628941
0.0094628944
0.0094628947
0.0094628951
0.0094628954
0.0094628958
0.0094628961
0.0094628963
0.0094628965
0.0094628968
0.0094628972
0.0094628977
0.009462898
0.0094628983
0.0094628984
0.0094628986
0.0094628988
0.0094628989
0.0094628991
0.0094628992
0.0094628992
0.0094628993
0.0094628993
0.0094628994
0.0094628994
0.0094628994
0.0094628994
0.0094628994
0.0094628994
0.0094628993
0.0094628992
0.0094628991
0.009462899
0.0094628989
0.0094628987
0.0094628986
0.0094628984
0.0094628982
0.009462898
0.0094628978
0.0094628976
0.0094628974
0.0094628971
0.0094628968
0.0094628966
0.0094628963
0.009462896
0.0094628957
0.0094628954
0.009462895
0.0094628947
0.0094628943
0.009462894
0.0094628936
0.0094628932
0.0094628928
0.0094628924
0.009462892
0.0094628915
0.0094628911
0.0094628906
0.0094628901
0.0094628896
0.0094628891
0.0094628885
0.009462888
0.0094628874
0.0094628868
0.0094628862
0.0094628856
0.009462885
0.0094628843
0.0094628836
0.009462883
0.0094628823
0.0094628816
0.0094628809
0.0094628802
0.0094628795
0.0094628788
0.0094628781
0.0094628774
0.0094628767
0.009462876
0.0094628752
0.0094628745
0.0094628738
0.0094628731
0.0094628723
0.0094628716
0.0094628709
0.0094628702
0.0094628695
0.0094628687
0.009462868
0.0094628673
0.0094628666
0.0094628658
0.0094628651
0.0094628644
0.0094628637
0.0094628629
0.0094628622
0.0094628615
0.0094628607
0.00946286
0.0094628593
0.0094628585
0.0094628578
0.009462857
0.0094628563
0.0094628556
0.0094628549
0.0094628541
0.0094628534
0.0094628527
0.009462852
0.0094628514
0.0094628507
0.00946285
0.0094628493
0.0094628487
0.009462848
0.0094628473
0.0094628466
0.009462846
0.0094628453
0.0094628447
0.0094628439
0.0094628431
0.0094628422
0.0094628413
0.0094628403
0.0094628395
0.0094628386
0.0094628378
0.0094628369
0.0094628361
0.0094628354
0.0094628346
0.0094628338
0.0094628331
0.0094628324
0.0094628317
0.009462831
0.0094628303
0.0094628297
0.009462829
0.0094628284
0.0094628277
0.0094628271
0.0094628265
0.0094628258
0.0094628252
0.0094628246
0.009462824
0.0094628234
0.0094628229
0.0094628223
0.0094628217
0.0094628212
0.0094628206
0.0094628201
0.0094628195
0.009462819
0.0094628185
0.009462818
0.0094628175
0.009462817
0.0094628165
0.009462816
0.0094628155
0.0094628151
0.0094628146
0.0094628141
0.0094628137
0.0094628132
0.0094628128
0.0094628124
0.0094628119
0.0094628115
0.0094628111
0.0094628107
0.0094628103
0.0094628098
0.0094628094
0.009462809
0.0094628086
0.0094628083
0.0094628079
0.0094628075
0.0094628071
0.0094628067
0.0094628063
0.0094628059
0.0094628056
0.0094628052
0.0094628048
0.0094628044
0.009462804
0.0094628036
0.0094628033
0.009462803
0.0094628026
0.0094628022
0.0094628019
0.0094628015
0.0094628011
0.0094628007
0.0094628003
0.0094627999
0.0094627995
0.0094627991
0.0094627987
0.0094627982
0.0094627978
0.0094627973
0.0094627969
0.0094627964
0.0094627959
0.0094627954
0.0094627949
0.0094627944
0.0094627938
0.0094627933
0.0094627927
0.0094627921
0.0094627914
0.0094627908
0.0094627901
0.0094627895
0.0094627887
0.009462788
0.0094627873
0.0094627865
0.0094627856
0.0094627849
0.009462784
)
;

boundaryField
{
    leftSide
    {
        type            calculated;
        value           uniform -0.003760802;
    }
    rightSide
    {
        type            calculated;
        value           uniform 0.0094627827;
    }
    emptywalls
    {
        type            empty;
        value           nonuniform 0();
    }
}


// ************************************************************************* //
