/*--------------------------------*- C++ -*----------------------------------*\
  =========                 |
  \\      /  F ield         | OpenFOAM: The Open Source CFD Toolbox
   \\    /   O peration     | Website:  https://openfoam.org
    \\  /    A nd           | Version:  7
     \\/     M anipulation  |
\*---------------------------------------------------------------------------*/
FoamFile
{
    version     2.0;
    format      ascii;
    class       volScalarField;
    location    "0.00305";
    object      Uz;
}
// * * * * * * * * * * * * * * * * * * * * * * * * * * * * * * * * * * * * * //

dimensions      [0 1 -1 0 0 0 0];

internalField   nonuniform List<scalar> 
5000
(
0
0
0
0
0
-9.052647e-22
-1.7694568e-36
2.6988491e-21
9.9043483e-22
-2.0866536e-21
-2.1242388e-21
1.0669659e-21
-9.0921695e-36
-9.3741893e-36
2.1222706e-21
-2.1142674e-21
-2.288975e-51
-9.2122477e-36
-1.0390056e-21
2.0660438e-21
1.0282727e-21
0
0
-1.0133944e-21
8.6883603e-36
-8.470441e-36
-1.0350925e-21
1.039804e-21
1.0426423e-21
-1.0423076e-21
1.8148785e-35
-8.8064742e-36
-1.0269453e-21
1.0218409e-21
1.0171055e-21
0
0
-1.0124303e-21
-1.0189235e-21
1.0257238e-21
-1.7253485e-35
-1.0277891e-21
1.0229089e-21
-1.7163077e-35
-1.008195e-21
1.0003297e-21
-3.4168346e-35
3.4092637e-35
-3.4529029e-35
1.7270408e-35
1.0193139e-21
0
0
0
0
0
0
0
0
0
0
0
0
-9.7407763e-22
-9.6671246e-22
9.7605381e-22
-1.7044824e-35
-1.0023689e-52
1.0020459e-21
0
0
-9.6943527e-22
-9.6189526e-22
0
9.8076781e-22
3.4257852e-35
-9.9405834e-22
-9.8677072e-22
9.7821504e-22
1.9401806e-21
-1.9259302e-21
5.4721987e-37
2.9103025e-21
-1.9589189e-21
-1.0242218e-34
1.9633125e-21
-2.9222157e-21
9.6802864e-22
9.6102111e-22
-9.5618685e-22
9.6027998e-22
9.6918359e-22
3.398364e-35
-1.9497998e-21
-6.6960776e-35
-9.6112478e-22
-9.5418544e-22
-3.3314864e-35
6.6315856e-35
1.9213636e-21
9.6618261e-22
-9.65422e-22
1.3657856e-37
9.5630504e-22
0
-9.5047731e-22
-3.322364e-35
9.5686185e-22
-9.5554178e-22
-9.5263512e-22
1.8953024e-21
9.4371157e-22
-2.8345349e-21
-9.5038757e-22
2.8600273e-21
-9.5111361e-22
-9.4704199e-22
-5.3552547e-37
-9.3831908e-22
2.8160911e-21
-6.5936557e-35
-1.8927589e-21
1.892614e-21
9.4430305e-22
-9.4174898e-22
9.3978883e-22
-9.3929891e-22
-1.8799325e-21
9.4017322e-22
3.2424446e-35
9.3734496e-22
1.8717314e-21
-9.3387265e-22
-9.3274553e-22
-9.3356661e-22
-3.2530557e-35
-3.2406076e-35
3.2581776e-35
1.8762235e-21
9.4108103e-22
-9.4410563e-22
-1.8920287e-21
-9.4550289e-22
-9.4175836e-22
6.477879e-35
1.8450353e-21
-2.5769836e-37
2.5400373e-37
-2.1677524e-50
6.9915893e-22
-5.3413612e-35
1.3512108e-34
9.4118162e-22
-8.3098501e-22
8.3581518e-22
3.1293411e-35
-9.1930043e-22
9.1449981e-22
-1.3068987e-37
-9.2780809e-22
0
9.1683464e-22
6.2846934e-35
-1.8038719e-21
9.0592392e-22
-2.6013436e-37
-9.2022703e-22
9.1717316e-22
-9.1060455e-22
9.0353657e-22
-3.738372e-34
-2.4869302e-34
9.0360934e-22
-1.8244261e-21
0
-6.3282426e-35
-1.8886518e-34
9.0340761e-22
9.0032197e-22
6.2178069e-35
-9.0597789e-22
9.0796826e-22
6.2419653e-35
3.8560349e-37
1.2499862e-34
-1.8088203e-21
9.0584084e-22
9.0376962e-22
-6.1941406e-35
6.1626431e-35
-1.8487677e-34
6.1624378e-35
-9.0155254e-22
0
0
0
0
-8.81093e-22
1.8455311e-34
8.9609006e-22
9.0302538e-22
-9.016532e-22
-8.9566262e-22
1.776595e-21
6.1012157e-35
-1.8290161e-34
-8.8853029e-22
-8.9804132e-22
9.0158019e-22
0
8.9168006e-22
6.1305989e-35
-8.8139781e-22
-8.8348295e-22
1.2406558e-34
8.9640713e-22
-1.7920854e-21
8.9161688e-22
8.8637969e-22
-8.8109171e-22
8.7943252e-22
0
0
0
8.9241502e-22
-8.8816387e-22
-1.7676157e-21
8.8061992e-22
-6.1341549e-35
8.8833381e-22
8.9214115e-22
-1.7817296e-21
2.5233834e-37
-2.5150831e-37
8.8285757e-22
8.8441166e-22
-1.7748691e-21
1.263737e-37
-1.8522379e-34
8.8766587e-22
-4.9254231e-34
-1.229533e-34
8.8677659e-22
-8.8664691e-22
0
-8.8252253e-22
8.8276982e-22
8.8611137e-22
-8.8853637e-22
0
-8.8303956e-22
8.7885024e-22
8.7567339e-22
-3.0495866e-34
-1.7698354e-21
-1.7773609e-21
2.6587073e-21
1.7643252e-21
0
-1.7493589e-21
-8.7719607e-22
8.8338858e-22
8.8752223e-22
8.8626507e-22
-1.7663996e-21
-1.7608196e-21
8.7848951e-22
1.7595695e-21
2.4495684e-34
-1.7712726e-21
8.8590684e-22
-1.2276094e-34
-8.8459146e-22
1.7687633e-21
-8.8408961e-22
1.2301095e-34
8.8209343e-22
-8.8153688e-22
8.8305528e-22
-1.7685233e-21
3.6881027e-34
1.7659141e-21
-1.760966e-21
-6.0792286e-35
8.7967361e-22
0
0
8.8334976e-22
-8.8017009e-22
-1.753039e-21
8.7485582e-22
-2.4976179e-37
8.8342004e-22
8.8483788e-22
-8.8269543e-22
0
-8.7503766e-22
-8.7423698e-22
0
1.7672323e-21
8.8478065e-22
-1.7655479e-21
6.0871083e-35
-2.4913626e-37
8.7587734e-22
8.7929662e-22
-8.8368105e-22
8.8536077e-22
-8.8402002e-22
5.0147972e-37
1.7614893e-21
-8.7947873e-22
-8.7946272e-22
-8.8100303e-22
-1.2254798e-34
8.8464009e-22
0
0
-8.7959691e-22
1.2187153e-34
-2.4378196e-34
-1.2250025e-34
8.8394729e-22
-8.8321278e-22
1.2522191e-37
8.7902945e-22
0
0
0
0
0
0
0
-8.7941166e-22
0
8.8091232e-22
0
-8.777495e-22
-2.4298594e-34
8.7755099e-22
0
0
-8.7867265e-22
-1.2151259e-34
8.7212755e-22
0
0
-8.8044428e-22
-8.7899274e-22
8.7598548e-22
8.7192751e-22
0
-8.7037054e-22
1.2444923e-37
8.7970169e-22
-8.7850228e-22
-8.7531816e-22
8.724597e-22
8.7039933e-22
0
-8.7391175e-22
-8.7635052e-22
8.7660292e-22
8.7560192e-22
0
-8.7369094e-22
-8.7300351e-22
8.7145638e-22
8.6964146e-22
0
0
0
0
0
0
0
0
-8.6788431e-22
-2.0719359e-51
8.6875391e-22
0
0
0
-8.6330508e-22
-1.2016501e-34
8.6601975e-22
-8.6390584e-22
1.1941195e-34
-1.2180233e-37
-1.1922941e-34
8.6162023e-22
-8.6276778e-22
8.6106671e-22
-4.7581839e-34
-8.5198596e-22
8.5189964e-22
0
0
-8.5876211e-22
-1.1864696e-34
8.4834096e-22
-8.4370932e-22
-8.4653914e-22
0
8.5899755e-22
8.5518487e-22
-8.4916093e-22
-2.337603e-34
-9.2848221e-52
-1.1671366e-34
8.4947639e-22
-8.5393656e-22
-5.3328331e-51
-1.1740111e-34
-8.3883052e-22
0
0
8.4202555e-22
1.2045263e-37
-3.526157e-34
8.4305347e-22
0
0
-8.3030486e-22
2.3129172e-34
8.4055777e-22
0
0
0
-8.3093958e-22
1.1757102e-37
8.283039e-22
-8.3308499e-22
8.3589966e-22
-2.3185522e-34
-1.6616407e-21
8.2688405e-22
3.4308267e-34
1.1439659e-34
-1.1484509e-34
-8.2960806e-22
0
0
8.2232521e-22
1.1384421e-34
-2.2779321e-34
4.5692189e-53
-8.2216975e-22
8.2070373e-22
8.1789027e-22
0
-8.1543526e-22
-1.1333495e-34
8.1658846e-22
0
0
-8.106698e-22
2.3031628e-37
4.3344108e-53
-8.1037198e-22
8.0920925e-22
-1.1168695e-34
1.1151304e-34
-2.229656e-34
-8.0496906e-22
8.053798e-22
-2.2304802e-34
2.2203849e-34
-2.2086839e-34
-7.9338894e-22
7.9676829e-22
-2.2199309e-34
1.1111056e-34
0
-7.906676e-22
7.8634564e-22
-1.0912087e-34
1.1229438e-37
-1.1012112e-34
1.1009072e-34
7.8925276e-22
-7.8523302e-22
-7.8200181e-22
7.8201704e-22
7.8444345e-22
0
-7.8534632e-22
-7.828669e-22
0
7.7891565e-22
-1.0816787e-34
1.108073e-37
1.0805678e-34
-7.7675542e-22
7.7453102e-22
1.0734492e-34
-2.1497477e-34
-7.7411859e-22
-7.727592e-22
1.539063e-21
-1.0891045e-37
1.0620189e-34
7.6816655e-22
-7.7016882e-22
1.0667086e-34
7.6495949e-22
0
0
0
-7.6269077e-22
-7.6353914e-22
7.6132564e-22
7.5711575e-22
0
-7.5172664e-22
-7.5547845e-22
7.5828414e-22
7.5754613e-22
0
-7.5060914e-22
-7.4693769e-22
7.4728883e-22
2.0868796e-34
-7.5472851e-22
0
0
0
0
7.444063e-22
-2.0730734e-34
-7.4888018e-22
7.4761827e-22
1.0336102e-34
-1.0303329e-34
-8.3426262e-53
7.4308751e-22
7.4587942e-22
-1.489681e-21
-1.0303659e-34
1.0247251e-34
-7.3619928e-22
0
7.4060217e-22
7.4157323e-22
-7.4008725e-22
-2.0429235e-34
7.3302337e-22
0
0
-7.3961353e-22
1.0246471e-34
7.3638559e-22
0
-7.2997639e-22
1.0395951e-37
-2.0410763e-34
-1.0223586e-34
7.3597017e-22
-7.3273368e-22
1.0364054e-37
-2.0221045e-34
-7.3197193e-22
7.3500983e-22
2.0403799e-34
1.0416676e-37
-1.0122518e-34
-7.2589264e-22
7.2728811e-22
0
-4.0866982e-34
-1.0184989e-34
-3.0425072e-34
-1.0333342e-37
-7.2406042e-22
7.2672384e-22
-1.2670436e-52
-1.0203083e-34
2.0367066e-34
-1.0139847e-34
1.4531352e-21
-7.2463399e-22
-7.2850606e-22
-1.0169851e-34
1.0184872e-34
1.4649296e-21
-7.2858984e-22
-7.2528996e-22
-1.5485774e-52
0
1.2212976e-52
-7.3418349e-22
7.3061223e-22
-1.0981614e-52
-1.0005371e-34
-1.0316855e-37
-7.3407361e-22
1.475796e-21
2.0394035e-34
-7.292657e-22
1.0007412e-34
-9.9428775e-35
7.2382054e-22
-7.3622596e-22
-7.3750784e-52
-3.0678259e-34
2.0268462e-34
-1.9930809e-34
-1.9728371e-34
-3.7548725e-52
0
7.4358174e-22
0
0
-7.2897777e-22
-1.9884958e-34
7.0809225e-22
0
0
-1.483399e-21
-6.2162076e-34
1.4915201e-21
-7.4168375e-22
1.048777e-37
-1.0207803e-34
-7.3200519e-22
0
0
0
-7.4407026e-22
-2.0724696e-34
7.4667518e-22
0
0
-7.4218371e-22
1.0539829e-37
7.4285235e-22
0
0
-7.4349144e-22
-2.0582843e-34
-2.0667568e-34
2.0750652e-34
7.4851259e-22
-7.4582283e-22
2.056999e-34
-2.0388036e-34
2.0292697e-34
7.3795575e-22
0
0
-7.4731564e-22
-1.1667519e-50
7.2323657e-22
0
0
-7.4026552e-22
5.3373343e-52
7.5797088e-22
0
0
-7.4305975e-22
5.2603946e-52
7.3145489e-22
0
0
-7.4879361e-22
1.0705413e-37
7.5456989e-22
-7.5407035e-22
2.0931829e-34
-2.0950882e-34
2.0917097e-34
7.5031536e-22
0
0
0
0
0
-7.5445746e-22
2.1011083e-34
7.5246069e-22
0
0
0
0
0
0
0
-7.5139738e-22
4.1555672e-34
7.4551627e-22
0
0
0
0
0
0
0
-7.4874403e-22
2.0777003e-34
7.5000735e-22
0
0
-7.5274302e-22
2.0870814e-34
7.5003901e-22
0
0
0
-7.4722443e-22
-2.073072e-34
7.4548513e-22
0
0
0
0
0
0
0
-7.4288979e-22
1.0558684e-37
7.4304308e-22
0
0
0
0
0
0
0
-7.4165402e-22
-1.0535509e-37
7.4104737e-22
0
0
0
-7.3927386e-22
4.1020404e-34
7.3836366e-22
0
-7.3758136e-22
-2.0483294e-34
7.3697584e-22
0
0
-7.3604555e-22
-7.357468e-22
7.3544812e-22
7.3514924e-22
0
0
0
0
7.3367754e-22
-1.0422105e-37
-1.4662143e-21
-7.3282716e-22
1.4651015e-21
1.4645578e-21
-7.3201238e-22
-7.3175199e-22
0
0
0
0
-7.2990908e-22
-2.0255688e-34
7.2804979e-22
0
0
0
0
0
0
0
0
0
0
0
0
0
0
-7.1814672e-22
3.9875004e-34
7.1785364e-22
0
0
7.1729242e-22
-1.9911959e-34
1.0187197e-37
-7.166226e-22
-7.1637128e-22
-3.975887e-34
1.9886811e-34
7.154792e-22
0
0
0
0
0
-7.1210346e-22
3.9510088e-34
7.1119351e-22
0
0
0
0
0
0
0
-7.086177e-22
3.9311349e-34
7.0781863e-22
0
0
0
0
0
0
0
-7.0552379e-22
5.8732823e-34
7.0504388e-22
0
0
0
0
0
0
0
0
-7.0305588e-22
9.9880233e-38
7.0263396e-22
0
0
0
0
-7.0156559e-22
7.0134482e-22
7.011206e-22
-1.4017854e-21
-1.9455948e-34
7.0042318e-22
0
0
0
0
-6.9907772e-22
1.9392612e-34
1.3966497e-21
-6.9784471e-22
-6.9728155e-22
6.9664095e-22
0
0
0
-6.9406332e-22
-1.9241279e-34
6.9327529e-22
6.9297504e-22
-6.9270786e-22
-6.9240943e-22
6.9208913e-22
0
0
-6.9109492e-22
-6.9073758e-22
6.9035964e-22
6.899637e-22
6.8955238e-22
3.8271701e-34
-6.8871693e-22
0
0
0
-6.8715119e-22
-6.8677057e-22
6.8638373e-22
6.8599681e-22
6.8560952e-22
1.9017442e-34
-6.8482462e-22
0
0
0
-6.8319754e-22
1.8949604e-34
6.8234533e-22
0
0
0
0
0
0
0
-6.7851261e-22
1.8814975e-34
1.3545783e-21
1.8787794e-34
-6.7584931e-22
0
0
-6.7345653e-22
9.5597006e-38
-1.8660347e-34
1.8632746e-34
6.7070769e-22
6.7002255e-22
-1.8585281e-34
-6.6858049e-22
0
0
-6.6668376e-22
5.5472925e-34
1.8472713e-34
-9.4506251e-38
6.6446395e-22
-6.6390307e-22
-6.6333938e-22
1.3255466e-21
-3.6738693e-34
-6.6163962e-22
6.6107124e-22
0
-6.5993409e-22
-1.8318602e-34
6.587942e-22
0
-6.5765318e-22
6.5708125e-22
-7.2901197e-34
-6.5593768e-22
6.5536538e-22
0
-6.5421743e-22
0
6.5305267e-22
0
-6.5183873e-22
6.512066e-22
-3.609219e-34
-6.4988263e-22
6.4919724e-22
0
-6.478336e-22
-1.7970881e-34
6.4655844e-22
0
-6.4544095e-22
6.4493092e-22
-1.8316295e-37
-6.4397928e-22
6.435298e-22
0
-6.426441e-22
-6.4221218e-22
6.4179104e-22
6.413799e-22
-6.4097862e-22
6.4058716e-22
6.4020642e-22
-6.3983665e-22
0
0
0
0
0
0
-6.3754946e-22
-1.3482845e-53
1.2739772e-21
-6.3672285e-22
-6.3646836e-22
6.3622599e-22
0
0
-6.355715e-22
-6.3537805e-22
6.3519789e-22
6.3503076e-22
0
-6.347363e-22
-1.7630867e-34
6.3449667e-22
0
0
-6.3423377e-22
-6.3416944e-22
6.3411478e-22
6.3406854e-22
0
-6.3400012e-22
1.7604311e-34
6.339679e-22
-6.3397332e-22
-3.5209858e-34
-9.0104951e-38
-6.3415135e-22
6.34261e-22
6.3439309e-22
0
0
-6.349333e-22
1.7627495e-34
6.353561e-22
0
-6.3582028e-22
-6.3607439e-22
6.3634486e-22
6.3662679e-22
0
0
0
0
0
0
-6.3891569e-22
1.7742659e-34
6.3966997e-22
0
0
0
0
0
0
-6.4259117e-22
2.1015258e-53
6.4348362e-22
6.4393605e-22
1.7875137e-34
-6.4484508e-22
0
0
0
0
-6.4719303e-22
-1.7975763e-34
6.4818443e-22
-6.486866e-22
-6.4919226e-22
6.4969938e-22
-3.6091425e-34
-5.418859e-34
-5.4212228e-34
1.8106367e-34
-3.6222142e-34
1.8115672e-34
6.5322413e-22
0
-6.5420613e-22
5.4510493e-34
-9.3105527e-38
-6.5564918e-22
6.5612255e-22
6.565913e-22
-6.5705522e-22
1.8248513e-34
-5.4764605e-34
-3.65564e-34
-3.6552797e-34
1.8288427e-34
-3.6619177e-34
-6.6013077e-22
6.6053725e-22
6.6093321e-22
-6.6131807e-22
1.8355041e-34
-7.3497778e-34
-1.8384063e-34
1.8402706e-34
1.8392686e-34
1.8410515e-34
-6.6363867e-22
0
6.6416193e-22
-1.8439544e-34
4.0648035e-53
6.6482033e-22
0
-6.6517714e-22
6.6533117e-22
6.6546936e-22
-6.6559201e-22
0
0
0
0
-6.6596454e-22
1.8483753e-34
-3.6977444e-34
6.6599008e-22
6.6596419e-22
-6.6592075e-22
0
0
0
0
-6.6543552e-22
-9.4542412e-38
6.6511163e-22
0
0
0
0
0
0
0
-6.6303905e-22
-6.6269127e-22
6.6232369e-22
6.6193631e-22
0
0
0
0
0
0
-6.5866263e-22
-6.5811385e-22
6.5754448e-22
6.5695457e-22
0
0
0
0
0
0
-6.5219137e-22
-6.5142221e-22
6.506458e-22
6.4986878e-22
0
0
0
0
0
0
-6.4431546e-22
3.5727438e-34
6.4264474e-22
0
0
0
0
0
0
-6.3651888e-22
1.7649627e-34
6.3469358e-22
0
0
0
0
-6.2999923e-22
-8.9391662e-38
6.2806701e-22
-6.2708539e-22
-4.8228488e-53
6.2508084e-22
-6.2405828e-22
3.460084e-34
6.2202376e-22
-6.2103617e-22
-3.4427383e-34
-3.4374607e-34
-7.2068149e-52
-3.4261853e-34
-1.7096387e-34
6.153956e-22
-6.1448496e-22
-6.1358645e-22
1.2254e-21
-3.3943609e-34
-1.2219304e-21
0
6.0928514e-22
-1.6895909e-34
-1.6882229e-34
-5.0520601e-34
-5.046489e-34
-3.3584034e-34
5.034018e-34
-3.351135e-34
1.6757482e-34
6.0248291e-22
0
-6.0115522e-22
-8.5338771e-38
-4.9939945e-34
-4.9898501e-34
8.5082984e-38
3.3202211e-34
-1.6594537e-34
-5.9709063e-22
0
5.961064e-22
-3.3062846e-34
-8.4583938e-38
5.9479023e-22
0
-5.9402613e-22
5.9367969e-22
5.9335817e-22
-5.9306194e-22
0
0
-5.9232958e-22
6.5744863e-34
-3.2842336e-34
3.2860019e-34
-1.6439604e-34
5.9164988e-22
5.9159632e-22
-5.9157007e-22
0
0
0
0
-5.9184737e-22
-1.6438186e-34
-6.5737054e-34
5.9233321e-22
5.9254471e-22
-5.9278101e-22
0
0
0
0
-5.9436975e-22
-5.9476564e-22
5.951869e-22
5.9563332e-22
0
0
0
0
0
0
-5.9942302e-22
-6.0005354e-22
6.0070442e-22
6.0137511e-22
0
0
0
0
0
0
-6.0656363e-22
5.057886e-34
1.216368e-21
-6.0901394e-22
-6.0985607e-22
6.1070966e-22
0
1.2248984e-21
-6.8106705e-34
-2.0454766e-33
-6.1512627e-22
-1.2320681e-21
1.2338959e-21
-6.1786745e-22
-6.1879194e-22
6.1972037e-22
-6.2065197e-22
8.8332699e-38
6.2252214e-22
6.2345902e-22
-6.2439583e-22
-6.2533232e-22
6.2626763e-22
-6.2720108e-22
-8.9262895e-38
6.2905885e-22
0
0
0
1.2654439e-21
-6.3362262e-22
-1.2690336e-21
6.3540341e-22
-6.3628097e-22
-6.3714959e-22
1.2760187e-21
-3.2409901e-52
-6.3969859e-22
6.4052746e-22
1.2826891e-21
6.4214939e-22
-1.9288263e-21
6.4372206e-22
-3.9251236e-51
-1.9357249e-21
1.291961e-21
6.4670495e-22
6.4741432e-22
1.2962172e-21
-1.2975742e-21
-6.4944984e-22
-6.5009643e-22
6.5072667e-22
6.5134052e-22
-1.9558109e-21
6.5251596e-22
6.5307774e-22
-6.5362216e-22
-6.5414919e-22
-9.3032506e-38
1.9654468e-21
-6.5562177e-22
1.0923297e-33
-1.0934288e-33
-1.9707892e-21
6.5732868e-22
6.5770913e-22
1.3161404e-21
-6.5841222e-22
-1.3174749e-21
1.3180919e-21
-6.5933761e-22
6.5961295e-22
6.5987184e-22
-1.9803425e-21
6.6034094e-22
6.6055212e-22
-1.3214953e-21
-6.6092812e-22
6.6109355e-22
1.9837329e-21
-6.6138034e-22
-2.6460076e-21
3.6724348e-34
1.3234056e-21
6.61782e-22
0
1.3237985e-21
1.4695143e-33
-1.9858873e-21
6.6197364e-22
-1.4697788e-33
6.6195744e-22
6.6192978e-22
-1.3237793e-21
0
0
0
-6.6160822e-22
3.6728165e-34
1.322796e-21
-6.6127653e-22
-1.3222886e-21
1.9830047e-21
-2.2009289e-33
-1.3213741e-21
6.6051561e-22
0
0
0
1.3194823e-21
-6.5952755e-22
-1.3186125e-21
1.9772328e-21
-1.8725417e-37
-1.3171997e-21
0
0
-6.5783546e-22
3.6509435e-34
1.3145957e-21
-6.5702116e-22
-1.3134796e-21
1.9693616e-21
-1.092475e-33
-1.3117364e-21
6.5556919e-22
-6.5526662e-22
1.3099208e-21
6.5465051e-22
-2.1790561e-33
-6.5402137e-22
-1.3074041e-21
1.9601394e-21
-3.7121882e-37
-6.5272775e-22
3.6213043e-34
-6.5206589e-22
-6.5173139e-22
3.6157356e-34
1.9531686e-21
-1.8494458e-37
-1.9511219e-21
1.3000604e-21
7.9953773e-52
-1.2986759e-21
6.4898969e-22
-6.4864027e-22
1.2965788e-21
6.479374e-22
-1.4380181e-33
-6.4723021e-22
-1.2937507e-21
-6.4651979e-22
-6.4616348e-22
1.9374197e-21
0
-6.4509103e-22
-3.5787527e-34
3.5767557e-34
-3.5738424e-34
6.4365184e-22
-7.1414999e-34
6.4292765e-22
-2.1400316e-33
-1.9265987e-21
1.2836677e-21
1.9244002e-21
6.4109798e-22
-1.9221841e-21
-1.2807119e-21
1.9199452e-21
-6.3960549e-22
-1.9176807e-21
0
0
6.3807675e-22
6.3768827e-22
0
-6.3690175e-22
-6.3650389e-22
1.2722058e-21
-1.4114442e-33
-1.9058722e-21
7.0481257e-34
6.3446401e-22
6.3404513e-22
6.336232e-22
-6.3319762e-22
-6.3276862e-22
6.3233573e-22
1.8956979e-21
-6.3145982e-22
-2.524068e-21
6.30571e-22
1.2602442e-21
6.296703e-22
0
-6.287601e-22
0
-6.2784142e-22
6.2737934e-22
-1.391944e-33
6.2645116e-22
-2.084815e-33
-1.8765523e-21
6.2504872e-22
6.2457865e-22
-6.2410768e-22
-6.2363549e-22
6.2316195e-22
1.8680614e-21
-6.2221074e-22
-2.486933e-21
1.0347066e-33
6.2077387e-22
1.2405841e-21
6.198084e-22
-1.2386467e-21
-3.4350133e-34
-8.7872563e-38
6.1785809e-22
-1.370741e-33
-6.1687355e-22
1.8491377e-21
-6.8372411e-34
-1.2307722e-21
0
0
-6.1388867e-22
3.40477e-34
1.2257739e-21
-6.1238551e-22
-1.2237688e-21
-6.1138379e-22
6.7799977e-34
1.8311524e-21
6.0988642e-22
-6.0938967e-22
1.217789e-21
-3.4583623e-37
-2.0247911e-33
-6.0742089e-22
-1.2138677e-21
1.8193471e-21
-6.7288765e-34
-1.2109758e-21
0
0
1.2081377e-21
-1.3401812e-33
-6.6940613e-34
-1.7129255e-37
-1.8066845e-21
-1.2035576e-21
1.0015294e-33
1.8026852e-21
6.0046143e-22
-6.0003396e-22
1.1992263e-21
6.6503131e-34
-1.9940781e-33
-5.983914e-22
-1.1959989e-21
1.7928464e-21
-5.9723931e-22
-5.9687191e-22
5.9651341e-22
-5.9616374e-22
1.1916467e-21
-6.6108724e-34
-5.9517098e-22
-8.4534536e-38
-1.1891144e-21
1.1885314e-21
-9.8895043e-34
-1.1874264e-21
5.9345257e-22
0
-5.9296253e-22
-3.2892777e-34
1.7775451e-21
-5.9230768e-22
-1.1842209e-21
-5.9192366e-22
-5.9174825e-22
5.9158296e-22
5.9142918e-22
5.9128563e-22
-5.9115128e-22
3.2806526e-34
-3.2791802e-34
5.9081233e-22
-6.5595782e-34
5.9063676e-22
-1.9668438e-33
-1.7714981e-21
1.1808894e-21
1.656896e-53
-5.9036424e-22
-6.5527646e-34
3.2775331e-34
1.7709095e-21
-5.9030202e-22
-1.7709244e-21
0
0
5.9035891e-22
5.9039322e-22
1.1808661e-21
-5.9047591e-22
-1.1810443e-21
1.1811505e-21
-5.9063104e-22
-1.7720862e-21
5.9076418e-22
5.9082853e-22
5.9089659e-22
5.9096964e-22
-1.1820874e-21
-5.9111913e-22
5.911923e-22
1.7737858e-21
-5.9133482e-22
3.8082992e-52
-9.8477771e-34
-1.1830815e-21
1.1831995e-21
1.183316e-21
-5.9171278e-22
-1.1835166e-21
1.1835891e-21
5.9182612e-22
-1.7755616e-21
-1.7756195e-21
5.9187982e-22
1.1837507e-21
5.918641e-22
-3.285188e-34
-1.1836221e-21
-5.91762e-22
5.9170229e-22
1.1832654e-21
-8.4064083e-38
-1.1828917e-21
1.1826558e-21
-9.8464666e-34
-1.1821044e-21
5.9088758e-22
1.1814073e-21
1.1810061e-21
0
-5.9004794e-22
-1.7693685e-21
-5.8951044e-22
5.8921092e-22
0
0
0
0
-5.8737875e-22
3.2579759e-34
1.759446e-21
-5.8599757e-22
-1.7564665e-21
-5.8495582e-22
9.7332252e-34
1.1676336e-21
5.8321217e-22
-5.8258455e-22
1.1638684e-21
5.8126271e-22
-1.9337321e-33
-5.7986032e-22
-1.1582627e-21
1.7351577e-21
-1.6417093e-37
-5.7685063e-22
8.1863729e-38
-5.7526863e-22
-5.7446401e-22
6.3684254e-34
1.7185144e-21
-1.6257774e-37
-1.7135993e-21
-1.1407612e-21
3.1598912e-34
1.1374999e-21
5.6794168e-22
-5.6713998e-22
1.1326922e-21
5.655609e-22
-1.8808328e-33
-5.6402105e-22
-1.126536e-21
1.6875813e-21
-6.2384139e-34
-5.6108272e-22
-5.6038003e-22
-5.5968996e-22
-3.1013563e-34
3.0984606e-34
1.1153889e-21
3.0912747e-34
-1.112845e-21
1.1116046e-21
-2.7737196e-33
-1.6637697e-21
1.1079934e-21
-6.1452819e-34
-1.1056672e-21
5.5226218e-22
5.5169737e-22
1.1022788e-21
-5.5058744e-22
-1.6501244e-21
0
0
0
1.6437699e-21
1.642237e-21
-1.64073e-21
-1.63925e-21
1.091867e-21
-1.5502938e-37
5.449999e-22
-1.8139124e-33
-1.6323453e-21
1.6310766e-21
-2.7145312e-33
-1.0857739e-21
-3.0105451e-34
3.0100427e-34
1.0835647e-21
-5.4144084e-22
5.4111177e-22
-1.8014023e-33
-1.6214764e-21
1.6206051e-21
5.3992471e-22
-1.1982162e-33
1.0788331e-21
-1.078365e-21
-5.3895687e-22
-5.3873345e-22
-1.6155235e-21
5.9757561e-34
5.3806111e-22
1.6135193e-21
-3.5810029e-33
-1.612159e-21
0
5.3694608e-22
1.0734623e-21
-5.36506e-22
5.3627271e-22
-1.7852753e-33
-1.0716612e-21
1.6068605e-21
-1.1885972e-33
-5.9441779e-34
-5.9385419e-34
-5.9361224e-34
5.3449923e-22
-1.6027973e-21
-1.6020279e-21
5.3375408e-22
1.0670378e-21
0
-5.3303471e-22
5.9129002e-34
-1.1822821e-33
5.9085338e-34
5.3195123e-22
-5.3164903e-22
-5.3135152e-22
1.5932421e-21
1.3687082e-51
-8.8366511e-34
5.3034146e-22
-5.8823019e-34
1.059841e-21
-1.0593605e-21
-1.0588442e-21
-5.2916866e-22
5.8710461e-34
5.2864268e-22
0
0
0
1.0548998e-21
-5.27126e-22
-1.0535895e-21
1.5793306e-21
-5.2603691e-22
-1.5767351e-21
1.5753324e-21
-1.7472541e-33
-1.0481684e-21
1.5703901e-21
1.0455902e-21
0
-1.0426374e-21
-1.7331133e-33
-5.1938529e-22
-1.036278e-21
5.1714215e-22
0
1.0058732e-21
1.4480172e-37
5.2480275e-34
-4.7247257e-22
-1.4130316e-21
1.4097552e-21
-7.8099159e-34
-1.3281206e-21
1.3720148e-21
-2.2785865e-33
-9.1415208e-22
4.6903447e-22
-4.8263675e-22
9.8257855e-22
4.8987716e-22
-2.1311873e-33
-4.7262095e-22
-9.5610985e-22
-4.8404191e-22
-4.7625098e-22
9.3462234e-22
4.6901714e-22
0
-4.6452446e-22
2.546161e-34
5.009004e-52
4.5917932e-22
-1.2773022e-37
4.4017188e-22
6.2763265e-51
-1.3421841e-21
1.3149979e-21
1.2779338e-21
-8.5120961e-22
-8.5865231e-22
0
8.2563671e-22
-4.0475076e-22
-1.2166699e-21
1.224296e-21
-6.6830825e-34
-7.7670702e-22
3.7889496e-22
0
-3.7749505e-22
-3.733424e-22
3.643546e-22
-5.9543816e-34
7.0905563e-22
1.9763565e-37
-1.0076817e-21
0
9.6352926e-22
6.3921063e-22
-9.3865463e-22
-6.045137e-22
8.7587657e-22
2.844647e-22
-1.1092563e-21
-2.6872022e-22
5.1852222e-22
4.9829882e-22
-2.6426074e-34
-2.2670734e-22
-2.1802766e-22
-2.1062325e-22
1.9994992e-22
-2.0740768e-34
3.4835628e-22
-5.3939575e-34
-4.4505406e-22
0
0
2.1925153e-22
-2.1323041e-34
-7.8393877e-23
1.7838449e-22
-4.377918e-23
-5.3395941e-35
-6.1522785e-35
2.8400067e-24
-2.3788163e-23
2.5527163e-35
-7.2035528e-35
-8.1599398e-23
1.0025148e-22
-1.7535034e-38
8.2997626e-35
-1.9445554e-34
-1.9755046e-22
0
2.4497371e-22
-5.4965877e-22
-3.0592593e-22
6.6861753e-22
0
-3.9170896e-22
4.2686864e-22
9.2572426e-22
-1.4881458e-21
1.7555695e-33
1.8773129e-33
-6.0778439e-22
1.9613852e-21
-9.8541731e-38
-7.2802789e-22
-7.6842225e-22
8.1877869e-22
8.755338e-22
-9.3124575e-22
0
1.0287874e-21
-2.1672289e-21
1.9117757e-33
1.2128215e-21
2.8258478e-33
2.9609735e-33
3.9941191e-37
2.9610496e-21
-4.6429135e-21
-4.8442542e-21
0
3.5760243e-21
5.6293674e-21
2.7778466e-37
-2.0309137e-21
-2.1221464e-21
2.2333495e-21
2.3496481e-21
-2.4593901e-21
0
-5.3097276e-21
-5.5310171e-21
8.6980155e-21
3.0449342e-21
-3.1857153e-21
9.4100222e-37
3.4335297e-21
7.1538784e-21
3.7437699e-21
-6.5164373e-33
-1.625958e-20
1.4041483e-32
1.3176047e-20
-4.5942922e-21
-4.7986606e-21
-4.979808e-21
5.1543589e-21
5.3580171e-21
5.5934594e-21
1.6593776e-36
-6.0596053e-21
6.2646582e-21
-1.9500187e-20
-1.355274e-20
2.1216604e-20
-7.3672349e-21
-1.5276192e-20
1.5788597e-20
-8.1808852e-21
8.5103919e-21
1.7731115e-20
-2.7661182e-20
9.5558976e-21
-3.2926441e-32
-3.0730341e-20
2.1294509e-20
1.1079024e-20
1.1508927e-20
2.3836305e-20
-1.2323752e-20
1.8304557e-75
-2.650229e-20
-1.3764417e-20
1.584513e-32
1.4767506e-20
3.0546469e-20
-3.1643161e-20
1.6415491e-20
5.1107616e-20
-5.2998554e-20
-1.8298806e-20
-3.39015e-48
-1.9579082e-20
6.0778077e-20
2.0982318e-20
-2.1733924e-20
-4.4994729e-20
2.3276076e-20
-2.4088737e-20
8.3076676e-32
5.1662778e-20
-8.0188263e-20
-3.0693595e-32
1.2685213e-31
-6.5570606e-32
6.1107895e-20
-6.3204268e-20
3.2676591e-20
1.3515936e-19
-3.4950488e-20
-7.2295225e-20
0
-7.718918e-20
8.8506248e-32
2.3411228e-35
4.7255085e-32
4.3991383e-20
4.5459686e-20
-4.6974764e-20
-4.8523084e-20
1.002111e-19
-1.0347105e-19
5.9305441e-32
1.1033119e-19
-1.1392349e-19
-1.9585158e-31
6.7394936e-32
6.2671294e-20
1.2938719e-19
-6.6769034e-20
6.889696e-20
-3.9457632e-32
-7.3341214e-20
-1.5133507e-19
7.8064747e-20
1.6106829e-19
-8.3075002e-20
8.5684987e-20
-1.4717033e-31
9.1113718e-20
2.0863245e-31
-1.9370688e-19
-1.9970885e-19
-2.2854425e-31
3.5348631e-31
-3.6435952e-31
1.1273725e-19
1.1616679e-19
1.1969408e-19
-1.2333001e-19
0
0
1.3487877e-19
-7.7116462e-32
-2.0333624e-35
-1.6358367e-31
-1.5173845e-19
0
1.6088662e-19
3.313028e-19
-1.705404e-19
-3.5110542e-19
-3.6138352e-19
-3.7192928e-19
5.7413831e-19
6.5590856e-31
-6.0797088e-19
4.1704454e-19
4.2907536e-19
0
2.2702733e-19
-4.6702155e-19
-2.401604e-19
4.9396427e-19
2.5398166e-19
-2.8992962e-31
-8.0557058e-19
2.7606657e-19
8.5138862e-19
-8.7516117e-19
-2.9984497e-19
9.2451523e-19
-3.5154245e-31
-3.254409e-19
-6.6879056e-19
-3.8131763e-31
7.0593633e-19
-7.2518377e-19
3.7244872e-19
1.1476427e-18
0
-4.0348625e-19
-8.2864961e-19
2.3625767e-31
-4.3676247e-19
-8.9676689e-19
9.2056581e-19
9.4492403e-19
0
4.9766465e-19
5.6695548e-31
5.8183679e-31
5.9691088e-31
-1.6549223e-18
-1.131824e-18
0
1.1908378e-18
1.3556998e-30
6.2626336e-19
1.926611e-18
-6.58495e-19
3.7465933e-31
-9.8360824e-35
-7.0953449e-19
-1.4545889e-18
7.4543827e-19
1.5279437e-18
-7.8290197e-19
0
-1.6439551e-18
8.4213321e-19
2.5881275e-18
-8.8371479e-19
-9.0515979e-19
-1.8541025e-18
9.4939327e-19
2.9165701e-18
-9.9544834e-19
1.1312967e-30
2.0867706e-18
-1.0680796e-18
-1.0932661e-18
-2.2379039e-18
-3.4354361e-18
2.3437091e-18
2.3981731e-18
-2.4536948e-18
-1.3930424e-30
2.5679578e-18
-2.6267284e-18
-1.4912764e-30
2.7476427e-18
0
-2.8731633e-18
-2.937675e-18
0
4.6053963e-18
1.5691914e-18
4.5584781e-34
1.6391804e-18
1.6751221e-18
1.8997632e-30
-3.4978546e-18
-3.5736087e-18
6.0792212e-30
3.7290994e-18
-3.8088735e-18
-6.4777734e-30
3.9725555e-18
0
0
0
0
-4.4063816e-18
-2.497088e-30
4.5900789e-18
2.3420798e-18
-4.7797469e-18
8.1224618e-30
4.975496e-18
-5.0756784e-18
-2.8745938e-30
2.640358e-18
-5.3856003e-18
9.1471264e-30
5.600167e-18
-5.7098714e-18
-5.821205e-18
5.9341798e-18
6.0488055e-18
0
0
0
0
3.3234873e-18
-3.3858504e-18
-3.4490728e-18
3.9001362e-30
2.6045721e-73
3.6439144e-18
7.4212035e-18
3.7781663e-18
-7.6932204e-18
-1.1747809e-17
3.9861481e-18
8.1144976e-18
-1.2387719e-17
-8.4042413e-18
1.2827678e-17
8.7011169e-18
4.4261229e-18
4.9985591e-30
-9.1599195e-18
0
4.7373928e-18
-4.8174496e-18
1.0875943e-29
1.4154743e-33
1.6860714e-29
5.1466768e-18
5.2312334e-18
-1.511092e-33
-1.0806044e-17
-1.0980501e-17
1.8576914e-29
1.1334727e-17
0
0
0
6.0321583e-18
6.1255361e-18
-6.2197735e-18
-6.3148669e-18
6.4108121e-18
-1.3015205e-17
-1.9815692e-17
0
1.3605955e-17
7.661516e-30
7.0040147e-18
2.1317223e-17
-7.2082558e-18
1.2175405e-29
-1.4831272e-17
5.009763e-29
1.5252237e-17
4.2921184e-30
1.1140725e-33
-7.9474098e-18
8.0559478e-18
-1.6330393e-17
-8.2751477e-18
1.6771577e-17
-1.69942e-17
-2.4468421e-33
9.6848358e-30
8.8348573e-18
2.6846039e-17
-1.8126228e-17
1.1082763e-47
-9.293754e-18
1.5672315e-29
1.9053175e-17
-9.6437859e-18
-1.9522983e-17
1.0965147e-29
2.9995057e-17
-2.8755572e-33
-1.023702e-17
1.0356996e-17
-2.095475e-17
-1.059813e-17
2.1438461e-17
-2.1681305e-17
-1.2166795e-29
6.1530076e-29
-2.4885556e-29
2.2658672e-17
-2.2904324e-17
1.1575181e-17
2.3396742e-17
-1.1821722e-17
1.1945225e-17
-2.4137715e-17
2.0306908e-29
3.694919e-17
0
0
-3.806401e-17
-1.2811829e-17
2.5871177e-17
-2.6118551e-17
-7.4936012e-33
5.9088432e-29
1.4909043e-29
2.7105756e-17
-2.7351588e-17
-2.7596942e-17
1.3920902e-17
4.21292e-17
1.4164928e-17
-1.4286449e-17
0
0
1.4648624e-17
-8.1976117e-30
-4.4663394e-17
-4.2651504e-33
3.0250042e-17
1.5242818e-17
-1.7047567e-29
-4.6429584e-17
-3.4619872e-29
3.1415243e-17
0
1.5935995e-17
-3.2098104e-17
-1.6161291e-17
3.6134924e-29
1.6383209e-17
3.2985737e-17
-1.6601655e-17
0
0
0
0
1.7131062e-17
-9.5660909e-30
-5.2006675e-17
1.7436158e-17
5.2606723e-17
-5.2901289e-17
-1.7730716e-17
3.565289e-17
1.7920953e-17
2.9995205e-29
-5.4318478e-17
1.0343653e-32
6.0905754e-29
1.8373779e-17
3.6920447e-17
1.854524e-17
2.0675456e-29
-1.8710725e-17
-1.8791154e-17
-1.8870086e-17
-1.8947529e-17
4.22378e-29
3.8195427e-17
0
0
1.9310622e-17
3.2266504e-29
2.7631876e-33
-2.7723006e-33
-1.9570676e-17
-3.9262586e-17
-3.9380415e-17
3.949474e-17
2.1995255e-29
1.9856123e-17
5.9723025e-17
0
0
-2.0051173e-17
-2.0095133e-17
0
2.017721e-17
-1.1221095e-29
-2.025173e-17
2.0286059e-17
-4.0636693e-17
6.7770044e-29
6.1130295e-17
-2.0402915e-17
-2.0427038e-17
-4.0898309e-17
2.0469289e-17
6.1462304e-17
-2.0503541e-17
1.1391711e-29
-4.1058811e-17
-2.053914e-17
4.1093553e-17
-4.1104597e-17
2.7447511e-48
4.1113299e-17
0
0
-4.1094426e-17
2.2779014e-29
6.8387388e-29
-1.9759135e-47
6.1516338e-17
2.2749787e-29
-2.0472231e-17
-4.0904987e-17
-4.0861313e-17
4.0813487e-17
4.5251561e-29
2.0352851e-17
6.7696149e-29
-2.029099e-17
4.0514045e-17
0
2.018295e-17
-2.2355966e-29
-2.0100943e-17
-4.0114165e-17
-2.2209915e-29
3.9927209e-17
0
0
1.9808737e-17
-1.0964625e-29
-5.9088713e-17
-2.1800395e-29
3.9153089e-17
0
-1.9449475e-17
1.938326e-17
1.9315359e-17
1.9245812e-17
1.9174598e-17
-3.8203352e-17
-5.7081099e-17
1.8950719e-17
3.7745657e-17
-5.6380311e-17
-3.1552251e-47
3.7260246e-17
0
0
0
0
-3.6391004e-17
-3.6208914e-17
1.8011988e-17
5.3754363e-17
1.9796332e-29
-1.7726634e-17
3.5258307e-17
3.5060949e-17
-1.7430554e-17
-6.9317689e-17
-3.4454365e-17
5.1371795e-17
3.4039377e-17
-5.0743246e-17
-3.731431e-29
3.3401586e-17
0
0
0
-3.2525966e-17
-1.7930524e-29
3.5616172e-29
-1.592603e-17
4.7436956e-17
-1.5697942e-17
-1.5582927e-17
4.6401996e-17
3.0702395e-17
-1.5234526e-17
-3.023464e-17
-2.999926e-17
4.9570741e-29
-1.6393444e-29
4.1621443e-33
2.905013e-17
0
1.4285832e-17
1.4165869e-17
-1.4045699e-17
-1.392535e-17
1.3804868e-17
1.3684291e-17
-2.7127287e-17
-1.3442951e-17
1.3322255e-17
-1.3201592e-17
1.308099e-17
2.5920946e-17
0
0
-3.779912e-17
-1.2479801e-17
2.4720291e-17
1.2240791e-17
1.2121759e-17
-2.4006091e-17
1.320053e-29
2.3533251e-17
0
-1.1531852e-17
-3.4245535e-17
-2.5083994e-29
6.208227e-29
-2.2136348e-17
3.2860812e-17
1.0839642e-17
3.0486009e-33
-1.0613631e-17
1.7484611e-29
1.7305185e-29
-3.0839116e-17
3.0509492e-17
-5.0268698e-29
1.6575803e-29
1.9689733e-17
-9.7382015e-18
9.6323844e-18
-1.9054829e-17
-9.4233105e-18
1.8640231e-17
-1.8435733e-17
5.1821721e-33
7.006826e-29
5.068637e-33
5.8743871e-29
-1.7442153e-17
2.5874277e-17
5.6828607e-29
-2.5305625e-17
1.6683982e-17
1.6499723e-17
-1.6317695e-17
2.6877859e-29
2.3940445e-17
-8.7618279e-30
-2.3417699e-17
4.3885926e-33
1.5272501e-17
-1.510635e-17
-2.4882747e-29
2.4613912e-29
-8.1142686e-30
1.4465368e-17
-1.4311069e-17
-1.4159155e-17
0
2.0793894e-17
1.3718017e-17
-2.0363899e-17
1.4918275e-29
1.4764096e-29
6.5822148e-18
1.3032134e-17
3.5799654e-30
-7.0910958e-30
-6.3251029e-18
6.263959e-18
-6.8883299e-30
6.1453988e-18
2.0275742e-29
-1.2063585e-17
0
-1.1846254e-17
-1.1741315e-17
1.1638864e-17
5.7694437e-18
5.7206834e-18
5.6731423e-18
-1.1253634e-17
-1.2393885e-29
1.1075639e-17
5.4951411e-18
-5.4536705e-18
1.8032188e-29
-5.9663325e-30
1.1850804e-29
-5.2997312e-18
-1.0528461e-17
1.0462128e-17
4.7339781e-18
-8.8941335e-18
-4.663123e-18
0
0
4.863923e-18
4.86677e-18
0
4.8583344e-18
4.8478655e-18
-9.6701129e-18
1.0709548e-29
4.8099847e-18
1.0653134e-29
-4.7849698e-18
-9.5442879e-18
9.5201384e-18
-1.0545681e-29
-9.477372e-18
9.4568689e-18
4.7183225e-18
-9.4178365e-18
4.7006167e-18
9.3866932e-18
-9.3738027e-18
-9.3623038e-18
0
9.3425042e-18
4.6672279e-18
-9.3284441e-18
-5.1765185e-30
4.6611396e-18
4.6604649e-18
-5.1749749e-30
5.1736138e-30
6.6254267e-34
1.0358277e-29
-4.6672978e-18
-9.3421648e-18
9.3510778e-18
4.6804274e-18
-9.3714874e-18
-9.3834474e-18
9.397072e-18
4.7061075e-18
-9.4285546e-18
0
4.7323173e-18
9.4844792e-18
4.7526983e-18
-9.5272983e-18
-9.5502183e-18
9.5741944e-18
9.599202e-18
0
0
-4.8403709e-18
-9.7100915e-18
-4.8701379e-18
9.7712295e-18
9.8030096e-18
-9.8356351e-18
1.0953326e-29
9.9031883e-18
-9.9381816e-18
1.1074184e-29
5.0054369e-18
-5.0241743e-18
0
5.0625864e-18
-5.6428026e-30
-5.1022004e-18
5.1223988e-18
-1.1420295e-29
5.7340878e-30
-5.7554978e-30
-5.2066257e-18
-5.2283329e-18
-5.2501944e-18
1.054454e-17
1.0589234e-17
-1.063447e-17
1.1853543e-29
3.5725957e-29
-1.0772419e-17
0
0
1.0913413e-17
2.4338438e-29
-5.5044706e-18
1.1057061e-17
-5.552714e-18
-5.5770134e-18
1.1202818e-17
7.9948603e-34
1.2546474e-29
8.0647386e-34
1.265765e-29
5.7245749e-18
0
-1.1548797e-17
-1.1598668e-17
1.164845e-17
2.5975086e-29
-1.1747844e-17
1.1797714e-17
2.6309098e-29
1.3211972e-29
5.9740403e-18
1.3320338e-29
8.5602497e-34
-6.048501e-18
6.0732859e-18
-1.3540438e-29
-1.2245563e-17
6.1473697e-18
-1.3706927e-29
-1.2392682e-17
0
0
1.2538908e-17
-1.3973459e-29
1.4030131e-29
-3.6519941e-47
1.4134284e-29
1.277768e-17
-1.2824756e-17
-6.4357171e-18
1.291784e-17
-6.4820302e-18
-1.3010048e-17
0
6.5504908e-18
1.3145969e-17
-7.3227805e-30
1.4694893e-29
-1.68019e-47
1.4790234e-29
6.6829038e-18
0
-1.3450949e-17
-1.3493125e-17
0
0
0
1.3657372e-17
6.8486719e-18
-1.3737067e-17
7.647932e-30
1.3815185e-17
-7.6906396e-30
-6.9454704e-18
6.9640539e-18
-7.7515883e-30
-1.4001365e-17
-7.0186897e-18
0
0
0
1.4175631e-17
3.1552598e-29
-1.424218e-17
1.4274644e-17
1.4306413e-17
-2.1506279e-17
-1.436809e-17
7.1991426e-18
7.2140835e-18
1.4457543e-17
-7.243042e-18
-1.4513746e-17
7.2704652e-18
1.4568008e-17
-7.2973926e-18
3.2464568e-29
1.4645751e-17
0
-7.3471843e-18
8.1706219e-30
7.3703262e-18
-1.4762753e-17
-1.4784634e-17
0
0
0
1.4865933e-17
1.6524583e-29
-1.4903253e-17
0
1.4937277e-17
7.4770236e-18
8.3086586e-30
-7.4927852e-18
-7.4997815e-18
-8.3356715e-30
-7.513654e-18
1.5040716e-17
7.5263223e-18
-1.506348e-17
7.5371243e-18
3.3498048e-29
3.3520983e-29
-6.6677696e-48
3.3556679e-29
1.5120655e-17
0
-1.5135372e-17
-7.5704465e-18
1.0761933e-33
-7.5758002e-18
1.5156625e-17
-2.4727881e-48
-1.5162452e-17
0
1.5167176e-17
1.5168826e-17
0
-7.5845624e-18
-1.0777885e-33
7.5838393e-18
0
0
-1.516077e-17
-1.5157194e-17
1.5153204e-17
-1.6819503e-29
-1.5143466e-17
0
0
1.5124084e-17
7.5583293e-18
1.6773888e-29
-7.5499123e-18
3.3505628e-29
1.5080843e-17
0
0
-7.5239828e-18
8.3471876e-30
-7.5118099e-18
-1.501061e-17
0
0
0
1.4952582e-17
1.4936945e-17
0
-1.4903643e-17
-7.4431051e-18
7.4342095e-18
7.4250892e-18
7.4156631e-18
-1.4811837e-17
-1.4791858e-17
1.4771523e-17
1.4750778e-17
0
-7.3537552e-18
8.1513251e-30
7.3311298e-18
0
0
-7.2954183e-18
1.6171415e-29
7.2703273e-18
-1.4515029e-17
-1.4488889e-17
0
0
0
1.4380283e-17
3.1868689e-29
-1.4323866e-17
7.1473744e-18
1.4265036e-17
-1.580463e-29
1.5769901e-29
-7.865849e-30
1.5697696e-29
-7.0515793e-18
-1.4069789e-17
0
0
0
1.3945375e-17
1.3913919e-17
0
-1.3844994e-17
1.5332044e-29
6.8847941e-18
1.5249864e-29
6.853503e-18
-1.3680339e-17
-1.365283e-17
0
1.3570014e-17
-3.0021886e-29
-1.3479926e-17
0
1.340432e-17
1.3362811e-17
0
0
-6.61995e-18
-9.3816171e-34
-6.5831369e-18
-1.3127352e-17
1.3088398e-17
6.5261234e-18
1.4454098e-29
6.4924629e-18
-1.2955239e-17
-6.4616723e-18
3.1010939e-48
6.4234029e-18
6.3007109e-18
6.8112792e-30
1.5993133e-47
-6.3042336e-18
-6.2944352e-18
-6.2473547e-18
1.2472674e-17
-1.3835195e-29
-6.2089138e-18
1.2369044e-17
-6.1612952e-18
-1.2276423e-17
1.2230467e-17
2.7057388e-29
-6.0697573e-18
1.2094556e-17
8.5617543e-34
1.3327571e-29
8.4973943e-34
-1.1913564e-17
5.9340301e-18
-1.3124675e-29
3.9224542e-29
1.2545879e-47
-1.1684042e-17
1.1637639e-17
1.1591218e-17
0
-1.1498379e-17
-1.1451751e-17
-5.7024117e-18
1.1357804e-17
1.6966353e-17
-5.6320009e-18
-5.6084637e-18
5.5848705e-18
-5.5612863e-18
1.2295368e-29
5.5140546e-18
6.0951475e-30
-6.0696157e-30
1.2086565e-29
5.4192131e-18
-5.3954519e-18
1.1929063e-29
5.3479e-18
0
-1.0600348e-17
-1.0552497e-17
0
0
0
-5.1807245e-18
-1.7176137e-29
1.0266753e-17
1.0218998e-17
7.2261731e-34
1.6858169e-29
-5.0374314e-18
-5.0136579e-18
9.9797193e-18
-4.9660563e-18
-1.4826763e-17
5.4616353e-30
4.8946708e-18
0
0
9.6467097e-18
-1.0656616e-29
1.0606693e-29
9.504465e-18
-9.4571665e-18
2.0896886e-29
4.6813425e-18
1.0343574e-29
4.6341555e-18
-9.2212527e-18
2.0372335e-29
2.0268195e-29
2.0158957e-29
4.516857e-18
9.9775529e-30
4.4701636e-18
-4.4468682e-18
9.8217425e-30
4.4003711e-18
0
-8.7080106e-18
-8.6617442e-18
8.6155692e-18
-9.5146606e-30
-8.5235372e-18
8.4776915e-18
2.8084541e-29
-8.3861917e-18
8.3405073e-18
4.1474579e-18
9.1587338e-30
-4.1020618e-18
1.8115237e-29
8.1137486e-18
-8.0686619e-18
-8.0236666e-18
0
0
0
7.8448118e-18
1.7320205e-29
-7.75598e-18
7.711746e-18
7.6675883e-18
0
-7.5796165e-18
8.3658882e-30
3.7460478e-18
1.2404512e-29
-3.7025078e-18
-3.6808236e-18
-8.125581e-30
-3.6376349e-18
7.2322506e-18
-1.5963569e-29
-3.5732766e-18
7.1038594e-18
5.0173465e-34
7.793478e-30
3.4882651e-18
0
0
-6.8502913e-18
-6.8084655e-18
0
6.7251602e-18
7.420852e-30
-6.6423244e-18
0
3.2799998e-18
6.5190307e-18
-3.596807e-30
-3.2187303e-18
3.19843e-18
-7.0570067e-30
7.0122008e-30
3.1379025e-18
-3.1178591e-18
-6.195751e-18
3.0779569e-18
1.3581579e-29
-6.0766175e-18
3.0185787e-18
-2.9989157e-18
2.9793133e-18
8.8793313e-18
-5.8806139e-18
-2.9208969e-18
2.9015533e-18
2.8822764e-18
4.0686556e-34
6.3147585e-30
-2.824831e-18
0
2.7868519e-18
6.1457151e-30
2.7491351e-18
-2.7303789e-18
9.0319242e-30
2.6930567e-18
0
0
-2.6375551e-18
5.8165095e-30
2.6008849e-18
-5.1652936e-18
-5.1289554e-18
0
0
5.0206961e-18
-1.1070052e-29
-2.4745877e-18
2.4568114e-18
2.4390977e-18
-2.6881738e-30
5.3376497e-30
-2.6495438e-30
-2.3688901e-18
2.3515071e-18
-2.3341888e-18
-4.6338682e-18
0
0
0
4.4971586e-18
4.4633161e-18
0
-4.3960262e-18
-2.1812876e-18
4.3292469e-18
-2.3849451e-30
-4.2630048e-18
-2.1150386e-18
4.1972952e-18
-4.6239792e-30
9.1757191e-30
-5.8260527e-34
-4.0674594e-18
0
4.0033406e-18
3.9714902e-18
0
-1.9541001e-18
4.3046197e-30
-3.8454332e-18
-3.814246e-18
1.8916001e-18
0
0
3.6908425e-18
-1.830161e-18
-3.6299461e-18
3.5997126e-18
3.5696067e-18
-1.9647663e-30
5.8453625e-30
1.7400435e-18
-1.7252572e-18
1.8992043e-30
-1.6958894e-18
-3.3626153e-18
0
0
0
3.2473265e-18
3.2188448e-18
-4.7857617e-18
-3.1623191e-18
3.1342444e-18
3.1062955e-18
2.1874039e-34
-3.0508356e-18
-1.5116535e-18
0
-1.4843324e-18
-2.604817e-48
1.4572858e-18
2.8877334e-18
5.1303519e-48
-2.8344654e-18
2.808038e-18
2.7817422e-18
0
-1.3647865e-18
3.0020692e-30
-1.338965e-18
-2.6523181e-18
2.6268342e-18
1.300751e-18
2.8606457e-30
-2.5512536e-18
-2.5263528e-18
3.7523767e-18
1.238463e-18
-1.2262053e-18
1.2140222e-18
1.2019076e-18
0
-1.1778973e-18
-2.3319843e-18
-1.1541531e-18
2.284751e-18
-5.0211053e-30
-1.1189884e-18
2.2147767e-18
-1.0958535e-18
-2.1687944e-18
2.1460545e-18
4.7150592e-30
-1.0505276e-18
1.039392e-18
1.0283099e-18
1.4456412e-34
-2.0126097e-18
-9.9538662e-19
1.9690828e-18
-4.3244369e-30
4.2769561e-30
5.414152e-34
-1.8838355e-18
1.8628494e-18
1.8419935e-18
0
-1.800668e-18
3.9528487e-30
2.5009304e-34
1.931545e-30
1.7196165e-18
-1.6997041e-18
-8.3995872e-19
1.8862695e-48
-8.2036438e-19
0
8.0101756e-19
7.9144379e-19
7.8193568e-19
-8.5769871e-31
1.6945766e-30
-1.6738888e-30
1.6532342e-30
7.3535604e-19
0
-1.4343194e-18
-1.4163164e-18
0
0
0
1.3456668e-18
4.4244612e-30
2.9105843e-30
6.4695871e-19
1.417633e-30
8.9527715e-35
-1.2432356e-18
6.1330662e-19
6.0505309e-19
-1.1937185e-18
-1.1774405e-18
-1.5512757e-48
5.7261361e-19
0
0
1.0977904e-18
6.730477e-48
-6.6750357e-48
1.0514023e-18
-1.0361717e-18
1.1336659e-30
5.0302332e-19
-4.9557235e-19
-4.8817631e-19
-4.8084147e-19
9.4711507e-19
4.6632488e-19
-4.5914614e-19
-4.5201341e-19
-4.4493386e-19
8.7582985e-19
4.309486e-19
4.7080485e-31
4.1717793e-19
0
-8.0719861e-19
-7.9377314e-19
0
0
0
7.410692e-19
3.2338311e-30
-7.1532924e-19
0
6.8997068e-19
3.3871519e-19
7.382608e-31
-3.2629387e-19
-3.2015177e-19
-3.4860643e-31
-3.0801639e-19
6.0405484e-19
2.9607829e-19
-5.803329e-19
2.8429199e-19
6.1825232e-31
-1.5499022e-34
7.5862704e-35
1.1600333e-30
5.11126e-19
-4.9991659e-19
5.4261921e-31
2.3886155e-19
-4.6675074e-19
-2.2792084e-19
4.450066e-19
4.3425212e-19
-4.2357052e-19
-4.1298209e-19
0
3.9203882e-19
3.816658e-19
-1.856826e-19
4.0098396e-31
1.754899e-19
0
0
-3.2100495e-19
-3.1115625e-19
3.0136147e-19
4.1444309e-35
-2.8198423e-19
0
2.6287786e-19
7.2433029e-48
-1.2203632e-19
1.1738123e-19
-1.127515e-19
2.4011345e-31
2.071542e-19
9.9051063e-20
0
-9.0106147e-20
1.902421e-31
-8.128445e-20
-1.5383641e-19
0
6.8257991e-20
1.2793908e-19
5.9708072e-20
-1.6643367e-19
-2.1664428e-47
4.7128627e-20
9.5467642e-32
3.888042e-20
7.7283791e-32
3.075441e-20
-5.349782e-20
-4.5549954e-20
3.764777e-20
2.9775335e-20
-1.0954902e-20
-7.0501223e-21
3.2070268e-21
-5.6219493e-22
0
0
1.1288458e-20
-3.3352899e-32
-1.8708885e-20
4.4726018e-20
5.1972274e-20
0
0
0
0
-8.7550164e-20
1.3430665e-35
5.0701751e-20
-1.0822541e-19
-5.7492593e-20
0
6.4194622e-20
-1.4993517e-31
7.0804919e-20
1.4811567e-19
0
0
0
-1.7364215e-19
-1.7986133e-19
0
1.9214743e-19
9.912597e-20
-1.0215295e-19
-1.0513631e-19
-1.0807757e-19
2.2197478e-19
2.2776319e-19
-2.3353595e-19
-2.3928017e-19
0
2.5052348e-19
2.5602323e-19
-2.6147281e-19
-2.6689078e-19
0
1.3878261e-19
-6.2795897e-31
-1.4400504e-19
2.9315051e-19
2.9823354e-19
0
0
0
-3.1796422e-19
-7.1665268e-31
1.6375732e-19
-1.6609068e-19
-1.683907e-19
3.902421e-48
-7.6793078e-31
3.8127714e-48
1.7735147e-19
1.7951124e-19
1.8163608e-19
0
-3.7161026e-19
-1.8785368e-19
-2.6982688e-35
-1.9185996e-19
0
0
3.952259e-19
1.9947673e-19
-4.0263009e-19
2.2549584e-31
2.0489084e-19
0
2.083249e-19
-2.1000195e-19
9.39994e-31
4.2655115e-19
0
-2.164036e-19
2.4195094e-31
2.1940453e-19
0
0
0
-2.2506642e-19
-2.2638946e-19
-2.27684e-19
9.5827555e-49
-1.2778118e-30
-2.3140316e-19
0
0
4.6965066e-19
2.3589758e-19
2.3694347e-19
0
0
2.3990337e-19
-2.673743e-31
-2.4169208e-19
-4.8509187e-19
2.4337626e-19
2.441752e-19
-4.89869e-19
-5.4549965e-31
-1.0941419e-30
-4.9403067e-19
4.9530894e-19
2.4825603e-19
-2.4881967e-19
0
0
0
5.015964e-19
5.0240485e-19
-2.5157521e-19
-2.5192699e-19
0
-5.0512602e-19
-5.0565433e-19
5.0610243e-19
5.064866e-19
0
-5.0709437e-19
-5.632741e-31
2.5374786e-19
-2.5380558e-19
0
0
-2.53772e-19
2.5369979e-19
4.3720526e-50
5.6293093e-31
7.5995669e-19
2.5313654e-19
-5.0584991e-19
-7.5805416e-19
2.5241753e-19
7.5637384e-19
-2.5180573e-19
-5.0291933e-19
2.5108562e-19
2.5068453e-19
0
0
-4.9866467e-19
-4.9766157e-19
4.9660588e-19
7.4325038e-19
-2.4717387e-19
-4.9314913e-19
0
0
4.8926272e-19
6.9330999e-35
-2.4322055e-19
-2.6919221e-31
-2.417211e-19
-2.4093705e-19
-2.4013162e-19
4.7861206e-19
4.769203e-19
0
-4.7340798e-19
-4.715888e-19
4.6973231e-19
2.3392028e-19
-2.3295618e-19
0
2.3096954e-19
2.2994766e-19
-4.578166e-19
-4.5570405e-19
6.8033595e-19
4.5137665e-19
-4.4916398e-19
2.2346059e-19
2.2232417e-19
-2.2117198e-19
0
2.1881999e-19
-2.176221e-19
-4.8062094e-31
-2.1518676e-19
-2.1394973e-19
1.2098192e-49
-4.2287386e-19
4.203223e-19
2.0887293e-19
-2.9497975e-35
4.1252814e-19
-2.0494455e-19
5.7870676e-35
1.2971963e-49
-4.018416e-19
1.9955959e-19
-1.981904e-19
1.9681321e-19
3.9085454e-19
-5.8209645e-19
4.2774872e-31
3.8243638e-19
0
0
-3.7390234e-19
-3.7103006e-19
0
3.6524818e-19
1.8117223e-19
-3.5943357e-19
1.7825705e-19
1.7679248e-19
-3.5064635e-19
-3.8602389e-31
3.4474648e-19
2.4285637e-35
1.6941524e-19
3.3586719e-19
-1.6644953e-19
-1.649628e-19
0
0
1.6049444e-19
-3.1801007e-19
-1.5751572e-19
1.5602637e-19
-3.0907447e-19
1.5304858e-19
1.5156046e-19
0
2.1115554e-35
-1.4710424e-19
2.9124703e-19
-6.4013212e-31
-3.1680697e-31
2.8238623e-19
-2.7944266e-19
6.1400939e-31
1.3679064e-19
-2.7066265e-19
-4.4590316e-31
1.3242189e-19
0
0
-2.5618004e-19
1.2665679e-19
5.1497594e-48
-3.7141463e-19
2.4477389e-19
3.6292509e-19
-1.1956913e-19
-2.3633841e-19
-1.1677559e-19
1.1538881e-19
2.2801818e-19
-1.1263593e-19
-1.112688e-19
1.0990811e-19
1.0855498e-19
0
0
0
1.0322364e-19
-1.0190977e-19
-2.0120775e-19
0
-9.8017424e-20
9.6736819e-20
1.9092931e-19
0
-1.8589311e-19
-9.1700886e-20
1.809285e-19
-1.9815846e-31
-8.8019167e-20
1.7362133e-19
-8.5610664e-20
-6.1726994e-48
1.6647447e-19
-1.6413164e-19
-1.7965668e-31
1.5950837e-19
-7.8612484e-20
-7.7479359e-20
-7.6355405e-20
7.5241623e-20
2.4695715e-31
-2.1913839e-19
1.4392818e-19
7.0892051e-20
-6.9828749e-20
0
-6.7732705e-20
6.670062e-20
1.313579e-19
6.4667214e-20
-1.4133564e-31
-6.2673165e-20
0
0
0
0
0
0
0
-5.5105908e-20
-1.0841424e-19
5.3319024e-20
5.2440608e-20
-5.1571043e-20
5.0710531e-20
-4.9860159e-20
-2.1769566e-31
4.8192176e-20
-4.7374228e-20
9.3132403e-20
-4.5767324e-20
-4.0845831e-48
4.4196779e-20
-4.3426354e-20
-9.4744312e-32
4.1916635e-20
-4.1177147e-20
-4.0447205e-20
1.1290784e-35
-7.8026235e-20
1.1492878e-19
-1.2525724e-31
-1.1079824e-19
7.2519038e-20
3.5595572e-20
-3.4939844e-20
0
6.7306103e-20
-7.3313011e-32
-3.240402e-20
6.3588396e-20
3.4633741e-32
-3.0600239e-20
0
0
0
0
0
0
0
-5.2315886e-20
-2.5639046e-20
2.5128229e-20
0
0
-2.3645507e-20
-2.3167493e-20
0
4.4466144e-20
6.5329101e-20
-2.1327051e-20
9.2749978e-32
5.8127064e-36
-2.0025324e-20
1.9605843e-20
1.9192843e-20
-1.8786493e-20
-1.5244924e-49
-3.9949014e-32
-5.28286e-20
1.7230684e-20
-3.7434874e-32
-3.2983607e-20
3.2264014e-20
1.5778732e-20
-1.5431736e-20
0
0
0
-1.4104642e-20
2.7574844e-20
2.6950958e-20
-3.9507366e-20
-2.5737891e-20
2.5150285e-20
2.4574011e-20
0
0
0
-2.2363077e-20
-2.424643e-32
1.0662063e-20
-2.081991e-20
1.4440779e-36
2.9753133e-20
-9.678236e-21
-9.443796e-21
-2.0461927e-32
-8.9905034e-21
2.6311893e-20
-3.7989818e-32
3.7045242e-32
-8.1345097e-21
-7.9310998e-21
1.5464032e-20
7.5369427e-21
-7.3455783e-21
-7.1466352e-50
6.9781327e-50
-2.0386446e-20
6.6198713e-21
-1.4315061e-32
-1.2555827e-20
6.11216e-21
1.1901477e-20
-6.4325026e-33
-5.6394682e-21
0
0
1.0384499e-20
1.0099692e-20
-4.9116672e-21
-4.7770631e-21
0
0
0
4.2605139e-21
-4.1382133e-21
-4.0197595e-21
-3.9047977e-21
3.7921487e-21
-2.4515665e-32
-3.5720018e-21
3.4650766e-21
-3.3608153e-21
-3.2595388e-21
3.1609731e-21
-1.3608328e-32
-5.9397441e-21
2.8770782e-21
5.5730066e-21
2.6985632e-21
2.6131063e-21
2.5295378e-21
-2.4473988e-21
-2.366584e-21
0
2.2104264e-21
-2.1364062e-21
-4.1298343e-21
1.9948389e-21
-1.9255678e-21
1.8571983e-21
3.5801267e-21
-3.4494159e-21
-4.7233403e-37
1.7785744e-33
-1.5431831e-21
0
1.4282925e-21
2.7439088e-21
-1.316748e-21
2.805242e-33
2.4241278e-21
-1.1627743e-21
-2.2293049e-21
1.0673056e-21
-1.0207979e-21
-2.9257626e-21
1.8615784e-21
-3.9417864e-33
-1.6916865e-21
0
1.5314396e-21
7.2688103e-22
-6.8889166e-22
0
0
5.8189169e-22
1.2172744e-33
7.3209745e-38
4.8280372e-22
4.5130792e-22
4.2083678e-22
-3.9133339e-22
-3.626176e-22
0
0
0
0
-2.2939513e-22
-2.0519543e-22
-1.817372e-22
1.5884631e-22
1.3628355e-22
0
-1.0229913e-34
-7.1440848e-23
0
0
2.8295277e-23
9.7386784e-36
6.8402923e-23
-3.0241031e-50
-1.1533505e-22
7.3753629e-23
-3.9663255e-34
4.638999e-34
2.384414e-22
-1.3364841e-22
4.9268285e-34
1.6191779e-22
0
0
-4.0163851e-22
-2.1221861e-22
2.2369993e-22
0
2.3770332e-22
-3.5515612e-38
-5.380141e-22
-2.5358053e-22
-2.4950235e-22
-7.7609375e-38
2.9641161e-22
0
0
0
0
0
3.4620318e-22
3.5897273e-22
3.6944069e-22
-3.7305946e-22
-3.744249e-22
0
3.8826993e-22
7.9684378e-22
-8.145673e-22
-4.1147964e-22
-4.1362069e-22
4.1750377e-22
1.4118476e-33
-1.2951468e-21
4.3789256e-22
8.8112098e-22
-4.4250677e-22
4.4645322e-22
1.3578296e-21
-4.5897306e-22
1.5428563e-33
4.6481467e-22
0
-1.4084258e-21
-9.5051571e-22
9.6157487e-22
-4.8350162e-22
2.1484016e-33
4.8392092e-22
-4.8666575e-22
0
-4.9581806e-22
5.0054152e-22
5.0238668e-22
1.1131608e-33
-5.5545043e-34
2.2299876e-33
-1.124062e-33
-5.1078926e-22
0
5.1729211e-22
5.1740416e-22
5.1557838e-22
-5.1556608e-22
-5.1821304e-22
5.2164599e-22
5.246179e-22
-5.8517755e-34
-1.0562775e-21
7.4972476e-38
5.2699221e-22
5.2767802e-22
-1.0591303e-21
-1.5949775e-21
1.6004224e-21
5.3496726e-22
-1.606499e-21
5.3541303e-22
1.0716138e-21
-5.3677959e-22
-5.3814098e-22
-5.3937809e-22
-1.5338936e-37
1.6185515e-21
1.0794338e-21
-1.0811798e-21
-5.4146915e-22
5.4153073e-22
0
0
0
-5.4262728e-22
6.0360132e-34
-2.4160917e-33
6.0285169e-34
-1.2015839e-33
5.4030307e-22
1.0820508e-21
0
-1.0868846e-21
-1.0896391e-21
1.0898085e-21
3.6144437e-33
-5.3970052e-22
1.0786248e-21
-5.9991425e-34
-5.4234057e-22
-5.4428857e-22
5.4360628e-22
1.0816703e-21
-5.3895633e-22
-5.3909355e-22
-1.0822654e-21
2.4132126e-33
-2.4125711e-33
-5.4003146e-22
3.0493559e-37
5.3629106e-22
1.0754315e-21
-5.3990791e-22
-5.4228312e-22
1.0821264e-21
-1.1915192e-33
1.1846249e-33
-5.34172e-22
-1.0721745e-21
1.0762835e-21
5.4018688e-22
0
0
-5.3229991e-22
-1.0647976e-21
5.3391786e-22
5.356271e-22
-1.0741032e-21
5.3675911e-22
1.6039186e-21
5.3252536e-22
-1.0648383e-21
-1.066723e-21
0
-5.3520022e-22
1.069234e-21
5.3280631e-22
2.3600775e-33
2.358885e-33
2.3605019e-33
1.063849e-21
-1.0634408e-21
-1.0628469e-21
0
-5.3127133e-22
1.1809745e-33
5.3182415e-22
0
0
0
0
-5.2713301e-22
5.27825e-22
1.0570043e-21
5.2930386e-22
-5.3011477e-22
2.3454841e-33
1.0471783e-21
-1.0415099e-21
-1.0431202e-21
1.0472141e-21
1.0517525e-21
-5.2836818e-22
-5.2802022e-22
-1.047786e-21
-5.1989766e-22
1.0391179e-21
1.0437421e-21
-1.0485678e-21
-5.2581779e-22
1.5806686e-21
-5.264042e-22
-1.5721425e-21
-5.7944992e-34
1.0428556e-21
1.1607249e-33
-5.2415212e-22
1.0502728e-21
-1.1679358e-33
-5.2554831e-22
1.0464432e-21
-5.2125153e-22
2.3152705e-33
5.2249226e-22
-1.0481243e-21
-5.2553718e-22
0
1.0488336e-21
1.0448947e-21
-1.0441679e-21
-1.0463365e-21
-5.2455061e-22
-7.4685863e-38
1.0522668e-21
1.1674745e-33
-5.2467414e-22
1.04801e-21
1.0486167e-21
-1.05014e-21
-5.2583913e-22
1.0528866e-21
5.2620717e-22
-5.2532771e-22
-1.049983e-21
-5.2553942e-22
0
0
5.2908849e-22
-1.1720178e-33
-5.2504442e-22
5.2390575e-22
7.4594875e-38
-5.2666072e-22
5.280496e-22
5.290361e-22
-5.2972551e-22
-5.3035226e-22
-5.3085571e-22
5.8862982e-34
1.057365e-21
1.055174e-21
7.5029581e-38
1.1758644e-33
5.3111441e-22
-1.0647281e-21
-1.0668937e-21
1.0655235e-21
-5.3042929e-22
-5.2890624e-22
5.2951336e-22
5.3110883e-22
-5.3312064e-22
-1.0704473e-21
1.0710305e-21
5.3320348e-22
5.3057143e-22
5.3067741e-22
-1.597421e-21
-1.0703911e-21
5.3814392e-22
0
5.3568721e-22
-5.3213697e-22
5.3211286e-22
1.06852e-21
-1.0744803e-21
-5.3994657e-22
1.0806052e-21
-2.3901953e-33
-5.3606819e-22
5.3678657e-22
5.3872939e-22
-5.4107844e-22
1.2069371e-33
-4.0825184e-53
-5.3906867e-22
2.2051342e-52
5.375962e-22
1.1991716e-33
-1.0857474e-21
0
5.4627315e-22
1.0861787e-21
-5.9855421e-34
-5.3847706e-22
0
0
-1.0944453e-21
-5.4927421e-22
5.4726367e-22
1.0843736e-21
-5.3983555e-22
-1.0838122e-21
1.0901436e-21
5.4803838e-22
5.5102209e-22
-5.5005678e-22
3.6335773e-33
1.204188e-33
-1.0866001e-21
0
1.0979768e-21
5.5186275e-22
6.130996e-34
-5.4939976e-22
-1.0920663e-21
0
1.0956512e-21
-1.2223963e-33
-1.1064374e-21
-5.5362694e-22
-1.546462e-52
1.0955542e-21
1.0956177e-21
-1.0989425e-21
1.8387822e-33
-1.8471154e-33
-1.8458862e-33
5.5039299e-22
-1.095212e-21
0
5.5081365e-22
1.1069989e-21
-5.5629529e-22
-5.5465869e-22
5.4951683e-22
5.4640503e-22
-1.0952828e-21
-1.1007333e-21
5.5326844e-22
0
-5.5614842e-22
-6.1298754e-34
1.0960151e-21
1.0953477e-21
-5.5011079e-22
2.4551061e-33
-2.6359534e-51
-5.5609641e-22
-6.1674847e-34
-5.5274077e-22
1.1015884e-21
1.1017092e-21
-1.104388e-21
-5.535512e-22
1.2310721e-33
-5.549488e-22
5.5440704e-22
-1.2280873e-33
5.5230373e-22
2.4532979e-33
-1.1063091e-21
5.5374895e-22
6.1487468e-34
-1.1066711e-21
1.104956e-21
1.9032958e-52
-1.1052071e-21
1.1061933e-21
6.1420857e-34
-5.5269757e-22
5.5159776e-22
1.1021074e-21
-5.5140326e-22
-5.5189582e-22
5.5188778e-22
5.5122501e-22
-5.5038901e-22
-5.4997354e-22
-1.5643543e-37
-5.5113903e-22
0
5.4942061e-22
5.4786755e-22
5.4764973e-22
-5.4861081e-22
-1.2204327e-33
-3.5390197e-52
-5.4879526e-22
1.092252e-21
-5.4461067e-22
1.2106033e-33
5.4675163e-22
-1.096064e-21
5.4895364e-22
5.4731165e-22
-1.6300643e-21
1.2004852e-33
5.4132033e-22
-5.4289311e-22
0
0
5.4612924e-22
1.0835669e-21
-1.0760929e-21
-1.0757879e-21
5.9915977e-34
2.7707931e-52
5.4447143e-22
1.0899464e-21
2.406306e-33
-5.3742399e-22
1.0720867e-21
-5.3747836e-22
-1.6193963e-21
5.4165983e-22
1.0853408e-21
-5.4103727e-22
-2.9333425e-52
5.9452591e-34
-5.3638129e-22
0
1.0817738e-21
5.4249558e-22
-5.3980163e-22
-5.3376398e-22
5.3033832e-22
-1.1787929e-33
-5.336198e-22
1.0720175e-21
-5.3788065e-22
2.3944294e-33
5.3937633e-22
-1.0757519e-21
5.3597776e-22
2.3736798e-33
1.1835739e-33
-1.5126455e-37
-5.3259026e-22
1.0672633e-21
-5.3509676e-22
-1.0742221e-21
5.3763589e-22
1.0681118e-21
-1.0580554e-21
-2.2428145e-51
1.5882611e-21
-1.0645225e-21
-1.0686927e-21
1.0721049e-21
1.1878895e-33
-5.3116001e-22
1.0561803e-21
-5.2799829e-22
-5.3000237e-22
1.0642527e-21
-5.3379617e-22
-1.0700539e-21
-5.3372445e-22
1.0606557e-21
5.2823401e-22
2.3484667e-33
1.5073773e-37
-1.595728e-21
1.0663664e-21
1.5990224e-21
-5.3160616e-22
-1.0613628e-21
-5.307657e-22
-5.3177451e-22
-5.9151001e-34
1.0646503e-21
5.3069804e-22
-5.2965456e-22
5.2974871e-22
5.3116777e-22
-5.3298003e-22
-5.3317432e-22
-5.308484e-22
5.2788922e-22
-5.2762772e-22
-5.2896285e-22
1.0628731e-21
1.0690165e-21
-1.0687039e-21
-1.0595375e-21
1.0500899e-21
1.7461991e-33
5.2664447e-22
-5.2981036e-22
-1.064816e-21
1.0690822e-21
7.6112718e-38
1.1857676e-33
5.3111769e-22
5.2985935e-22
-5.3015739e-22
-1.0621706e-21
0
-5.3281212e-22
7.5847382e-38
1.0698019e-21
1.0728935e-21
-1.0721111e-21
3.5511506e-33
1.5911756e-21
-5.301022e-22
-5.3209299e-22
-5.3453872e-22
-1.0731276e-21
1.0763625e-21
1.0742978e-21
-1.0674328e-21
7.5530147e-38
1.0642998e-21
5.3437563e-22
-1.0736278e-21
-1.0783777e-21
0
1.0766807e-21
2.0604539e-51
-5.3334465e-22
5.3502037e-22
-5.3781183e-22
-5.4008357e-22
1.0830629e-21
1.5384537e-37
-5.3979344e-22
4.580426e-53
5.406293e-22
2.4084693e-33
-5.4314936e-22
0
5.4047501e-22
5.4044342e-22
-5.4150182e-22
-5.4359772e-22
-5.4616032e-22
1.0920942e-21
-5.4313981e-22
-1.0812293e-21
1.0821951e-21
6.0299372e-34
-1.0917211e-21
1.0971674e-21
1.6475058e-21
-5.4733757e-22
-5.4549162e-22
-5.4590053e-22
5.4824289e-22
-1.2222951e-33
-5.5135977e-22
1.1009887e-21
7.7972024e-38
1.8274414e-33
5.500463e-22
-5.5238771e-22
-5.5510545e-22
-5.5604637e-22
-7.8685217e-38
-1.8332301e-33
5.4963719e-22
5.5138314e-22
-1.1082065e-21
-5.5620908e-22
1.1151487e-21
-2.4813059e-33
-1.6785633e-21
-1.5922636e-37
1.6818739e-21
3.7310397e-33
-5.5896246e-22
0
5.5859265e-22
5.6010512e-22
-5.6181443e-22
-5.6327314e-22
-6.2701213e-34
1.1311997e-21
5.6470523e-22
-1.1256068e-21
2.4957102e-33
2.500985e-33
-5.6500022e-22
8.0563509e-38
6.3128146e-34
1.138019e-21
-6.3029705e-34
1.2590093e-33
-1.1353067e-21
-1.1392724e-21
5.7175438e-22
0
5.7090935e-22
1.138965e-21
-5.700974e-22
-5.7191623e-22
5.7419222e-22
-5.7641796e-22
-8.1840047e-38
-6.3642454e-34
-8.1216602e-38
-8.1380713e-38
5.8580207e-53
-6.4148928e-34
5.7986757e-22
-5.7953105e-22
-1.154765e-21
1.7293471e-21
-1.2823336e-33
3.8631927e-33
1.1647881e-21
-1.1666435e-21
1.2919948e-33
1.1586627e-21
0
-5.8073594e-22
-1.1667897e-21
5.8577772e-22
-5.8775396e-22
-1.1739848e-21
5.8369835e-22
0
-5.8209726e-22
1.2983219e-33
1.1745994e-21
-4.221738e-52
-5.9126532e-22
1.1815715e-21
1.3062245e-33
-5.862825e-22
6.5119834e-34
-5.8885193e-22
5.9123881e-22
1.1866006e-21
-5.9500146e-22
-5.9407452e-22
5.9081802e-22
-1.1774853e-21
-5.8943335e-22
1.1834295e-21
1.1884692e-21
-5.9661066e-22
-1.1960975e-21
1.1935991e-21
1.1879233e-21
-1.7786047e-21
-5.9415979e-22
1.7893038e-21
-5.9824518e-22
1.3313206e-33
1.2000797e-21
-1.1991479e-21
2.6608522e-33
5.9943305e-22
-8.5294173e-38
6.0099304e-22
-1.2030558e-21
-6.0198331e-22
-6.0248347e-22
-6.0241274e-22
6.0152623e-22
0
0
0
-6.0304621e-22
-8.5921617e-38
1.2119566e-21
1.2100061e-21
-6.0193947e-22
-1.1998129e-21
1.200512e-21
2.674336e-33
-1.8121972e-21
1.21125e-21
6.0676844e-22
-6.0700059e-22
-6.7313485e-34
-1.2113439e-21
6.7223551e-34
1.2106114e-21
1.2107886e-21
-6.0591906e-22
-1.2129405e-21
-6.0722547e-22
1.2165863e-21
3.4579267e-37
-6.0676559e-22
1.3434833e-33
-6.0457047e-22
6.0537585e-22
1.2138862e-21
2.7031667e-33
4.0569148e-33
1.215394e-21
-1.2117356e-21
4.0346048e-33
1.2143042e-21
-1.2175713e-21
-1.2189755e-21
6.0795843e-22
1.2099223e-21
8.5810289e-38
-1.2094195e-21
6.0701324e-22
-6.0976117e-22
-6.1057673e-22
1.2143526e-21
0
-6.0028004e-22
6.0231977e-22
-6.0544083e-22
-1.2161624e-21
6.1044746e-22
1.2193899e-21
1.7203329e-37
-6.0148209e-22
-6.6718913e-34
-6.023185e-22
0
0
1.2160916e-21
-2.7052281e-33
1.3499017e-33
1.2096785e-21
-1.204031e-21
-1.2023454e-21
6.025538e-22
6.0441913e-22
-6.0594685e-22
-6.0748482e-22
1.2139523e-21
-1.7155594e-37
-6.0020795e-22
1.1985203e-21
-6.0071525e-22
2.6771742e-33
1.2090037e-21
-1.2117691e-21
-1.209992e-21
6.0184061e-22
-5.9937123e-22
-9.5937387e-53
6.0036543e-22
6.0169499e-22
-6.0272681e-22
-1.2057222e-21
1.2044613e-21
6.0147888e-22
-6.0156605e-22
6.0193062e-22
1.2024488e-21
-1.1989094e-21
-5.9775897e-22
1.1949632e-21
-6.6390862e-34
-5.9895583e-22
6.0028068e-22
-5.9997771e-22
-1.1951469e-21
1.1900653e-21
1.1888505e-21
-1.1902719e-21
-1.1926664e-21
5.9740528e-22
6.6341056e-34
-5.9636822e-22
0
0
5.9521953e-22
6.6097381e-34
5.94929e-22
-1.3187816e-33
-1.1869108e-21
0
5.9389304e-22
-6.5996863e-34
-2.5299673e-37
5.914025e-22
0
0
-1.1820557e-21
-5.9235356e-22
5.9244315e-22
1.1808127e-21
-5.8759235e-22
-1.1734607e-21
1.1745289e-21
5.8873713e-22
5.9043324e-22
-5.9003463e-22
3.9127461e-33
2.5967338e-33
-1.1692445e-21
1.1716887e-21
1.1749562e-21
0
0
-1.1693098e-21
-1.164612e-21
0
5.8404256e-22
-6.5012484e-34
-5.8625373e-22
5.8570062e-22
5.8456397e-22
0
0
0
5.8410347e-22
-1.1627804e-21
-4.505524e-51
5.7974566e-22
-1.163053e-21
0
5.847911e-22
1.1641131e-21
-6.4081742e-34
-5.7505687e-22
0
-5.7920069e-22
5.8205149e-22
-1.461783e-51
-1.1619336e-21
0
-5.725555e-22
-1.9122816e-33
1.1541943e-21
-4.9149691e-52
-5.819029e-22
1.1614343e-21
-5.7594065e-22
-1.1445274e-21
5.7222303e-22
0
1.1533501e-21
5.7898435e-22
-1.1599158e-21
8.2126805e-38
5.7442811e-22
-5.7312211e-22
1.9116197e-33
-6.3903635e-34
5.7700493e-22
1.2823404e-33
-1.1539939e-21
5.7613071e-22
1.2796679e-33
-1.1536131e-21
-8.1920534e-38
1.7248989e-21
-1.2728294e-33
-5.7297751e-22
0
-5.7507867e-22
5.7704088e-22
1.1512877e-21
-5.7120476e-22
-5.6789548e-22
5.684767e-22
5.7057326e-22
-1.1470736e-21
-1.1542316e-21
5.7584157e-22
0
0
5.6499656e-22
5.6770153e-22
5.7130096e-22
-5.7508935e-22
1.6378995e-37
2.5391954e-33
-5.6510082e-22
6.2460178e-34
-5.6488739e-22
1.13717e-21
1.1442328e-21
-1.15241e-21
2.5602312e-33
-1.2647232e-33
-1.6852501e-21
1.1186094e-21
5.6115627e-22
1.2551926e-33
-1.3346927e-51
-1.1477587e-21
5.7794493e-22
1.1482093e-21
-1.1279073e-21
1.8583633e-33
-1.8577934e-33
-1.1217263e-21
5.6515944e-22
1.1396233e-21
3.8261917e-33
-5.7826155e-22
1.1473251e-21
5.6277291e-22
-5.5661968e-22
-5.5672413e-22
0
-5.6446737e-22
-1.6181232e-37
1.1489511e-21
-5.7880043e-22
-1.1464881e-21
5.6139542e-22
5.5602057e-22
5.5744654e-22
-5.611726e-22
2.510826e-33
-5.0256734e-51
-1.7186498e-21
1.1524156e-21
5.7501093e-22
1.2626375e-33
1.1260921e-21
-1.1233291e-21
5.0031865e-33
3.7670411e-33
-1.7039483e-21
5.7079324e-22
5.7330393e-22
-5.7560863e-22
0
0
5.6290778e-22
1.1237207e-21
-1.129455e-21
-1.1365956e-21
6.3455024e-34
-1.6348527e-37
5.7520055e-22
1.1385247e-21
2.501097e-33
-1.1238539e-21
1.1300284e-21
-1.2630369e-33
-5.7203557e-22
5.75274e-22
0
-5.7036592e-22
-6.2750762e-34
1.1283837e-21
-5.6691516e-22
-1.1408972e-21
1.1467977e-21
-5.7604187e-22
-5.7493046e-22
5.6986808e-22
-5.6607912e-22
0
0
-5.7231564e-22
8.1878821e-38
5.7633281e-22
1.1435329e-21
1.2594729e-33
5.0425932e-33
1.1413145e-21
-1.1497412e-21
-1.1601261e-21
5.8145229e-22
0
-1.1537623e-21
-6.4404585e-34
1.1673045e-21
1.1736382e-21
-1.1783032e-21
-1.1757533e-21
1.1727953e-21
1.9558583e-33
5.8701884e-22
1.1730629e-21
-1.173715e-21
-5.8679779e-22
1.1720042e-21
-5.856681e-22
-5.8673106e-22
1.1748185e-21
-5.8560657e-22
-1.1683618e-21
1.171678e-21
-5.8780314e-22
-1.1716864e-21
1.1671871e-21
1.1714176e-21
5.6942847e-54
1.2990863e-33
5.8350847e-22
-1.1737485e-21
-1.1764511e-21
0
1.1669762e-21
1.3057173e-33
-1.175931e-21
0
5.842998e-22
1.1771908e-21
5.8561341e-22
0
-1.1717926e-21
5.2324841e-33
1.1692295e-21
-1.7488866e-21
-1.1766603e-21
1.1790626e-21
1.1662121e-21
-5.8273193e-22
2.6167572e-33
1.5991986e-51
-5.8352763e-22
-6.5055939e-34
5.9089084e-22
3.3270082e-37
-5.8076387e-22
-1.3030547e-33
1.9669936e-33
-5.8415144e-22
5.8355121e-22
5.9086324e-22
-1.180727e-21
1.1685291e-21
-5.8636279e-22
-1.1843371e-21
1.1718027e-21
1.2882034e-33
-1.1739986e-21
1.184544e-21
1.7588915e-21
-5.8549811e-22
-5.9334448e-22
-5.9417339e-22
-1.1728964e-21
1.0974188e-51
5.939639e-22
1.1838683e-21
5.8652409e-22
1.9693051e-33
5.9747443e-22
-5.9078239e-22
-1.7565385e-21
-5.9381165e-22
1.2008429e-21
-6.5992815e-34
5.9048814e-22
5.9760164e-22
-6.6862263e-34
-5.9690714e-22
1.1571819e-51
-3.4201019e-37
-6.0348975e-22
-1.3252559e-33
5.9634549e-22
-2.68299e-33
-1.2102563e-21
0
1.1943839e-21
1.2117426e-21
0
-1.1979457e-21
-1.1973513e-21
1.2156468e-21
1.2180663e-21
-1.2012618e-21
-6.0034559e-22
1.2197695e-21
-1.2221464e-21
-1.2043882e-21
1.8055953e-21
6.1188229e-22
-1.2263207e-21
6.0390062e-22
-6.0353211e-22
-1.2278659e-21
6.1522991e-22
0
6.0518553e-22
1.2319389e-21
-6.173423e-22
-6.0739917e-22
6.0694384e-22
-6.179987e-22
6.8798322e-34
1.4330185e-51
2.0310072e-33
6.8826388e-34
1.3781244e-33
-6.7780623e-34
6.1073887e-22
-6.214516e-22
-1.2405499e-21
6.0884463e-22
-6.1154181e-22
-2.0783491e-33
1.8610735e-21
2.7136546e-33
2.7457453e-33
1.2587996e-21
-1.2449412e-21
-6.1446397e-22
6.2354702e-22
6.3272018e-22
-1.2553298e-21
-1.2511431e-21
6.3345507e-22
0
-6.3247838e-22
2.1091998e-33
1.2785226e-21
7.0847908e-34
-6.350707e-22
1.277083e-21
4.2765821e-33
-6.3892518e-22
2.128008e-33
-6.4369092e-22
6.4409446e-22
1.2825241e-21
-6.4271379e-22
-6.4611001e-22
-1.4301074e-33
6.4309154e-22
1.4366337e-33
-6.4886356e-22
6.4621277e-22
-6.4653931e-22
-6.5016247e-22
1.2992697e-21
2.8777892e-33
-1.9506696e-21
6.5261766e-22
1.4453798e-33
-6.5037268e-22
1.9605688e-21
1.3096307e-21
-1.3047993e-21
1.4494669e-33
1.3126882e-21
0
0
-6.5493923e-22
-6.586012e-22
-1.3187403e-21
-6.5700012e-22
1.9724703e-21
5.8717839e-33
-6.6205068e-22
6.5984136e-22
0
0
0
-1.3257338e-21
-6.6283941e-22
1.997558e-21
1.3346854e-21
-1.3318962e-21
-6.6538628e-22
1.3356081e-21
-6.698212e-22
-6.6937441e-22
6.685909e-22
-1.3401405e-21
-6.7225011e-22
1.3456571e-21
1.4926162e-33
-6.7271275e-22
0
1.3513556e-21
1.3513375e-21
-2.0281832e-21
-1.3547177e-21
-9.6408705e-38
-7.5387362e-34
1.3593816e-21
9.6721257e-38
-6.8140641e-22
1.3643744e-21
1.3661037e-21
-1.3678257e-21
3.0403308e-33
-1.5214164e-33
-1.9490803e-37
-3.046764e-33
-6.8662405e-22
-1.5266661e-33
-6.8820771e-22
0
0
-6.894111e-22
6.9040323e-22
1.3810345e-21
6.9015371e-22
-6.9074022e-22
1.5369862e-33
-6.9298357e-22
-6.9258709e-22
2.076373e-21
6.9297223e-22
-1.3887918e-21
-6.9490878e-22
1.388473e-21
2.311439e-33
-1.3903769e-21
-1.5465234e-33
1.3927464e-21
-1.3910593e-21
-6.9595295e-22
2.0924207e-21
-6.9794239e-22
-1.394104e-21
6.9697333e-22
6.9827529e-22
-6.9905859e-22
-6.9846862e-22
1.3960951e-21
-3.1037588e-33
-6.9983215e-22
1.3993322e-21
-6.9920523e-22
3.1062549e-33
7.0020668e-22
-1.4007005e-21
-7.0020646e-22
1.4005683e-21
-7.0056226e-22
-7.0075357e-22
7.0079725e-22
-7.0084205e-22
-7.0094814e-22
-1.5567429e-33
1.4022202e-21
7.0115211e-22
-7.0119461e-22
7.0123199e-22
-7.0125611e-22
-1.4025321e-21
7.0126147e-22
0
7.012286e-22
7.0122971e-22
7.0122397e-22
7.7835013e-34
-1.4020744e-21
7.0099852e-22
7.0090364e-22
-1.40159e-21
-7.0068066e-22
7.0056744e-22
1.4008876e-21
-7.0030497e-22
-1.4003175e-21
0
6.9983981e-22
0
6.9946681e-22
1.9873467e-37
-1.3979754e-21
0
6.608572e-22
5.7091286e-22
)
;

boundaryField
{
    leftSide
    {
        type            calculated;
        value           uniform 0;
    }
    rightSide
    {
        type            calculated;
        value           uniform 5.7094207e-22;
    }
    emptywalls
    {
        type            empty;
    }
}


// ************************************************************************* //
