/*--------------------------------*- C++ -*----------------------------------*\
  =========                 |
  \\      /  F ield         | OpenFOAM: The Open Source CFD Toolbox
   \\    /   O peration     | Website:  https://openfoam.org
    \\  /    A nd           | Version:  7
     \\/     M anipulation  |
\*---------------------------------------------------------------------------*/
FoamFile
{
    version     2.0;
    format      ascii;
    class       volScalarField;
    location    "0.0015";
    object      p;
}
// * * * * * * * * * * * * * * * * * * * * * * * * * * * * * * * * * * * * * //

dimensions      [1 -1 -2 0 0 0 0];

internalField   nonuniform List<scalar> 
5000
(
115535.42
115504.38
115473.16
115442.19
115411.43
115380.68
115349.84
115318.94
115288.04
115257.12
115226.19
115195.23
115164.25
115133.26
115102.25
115071.23
115040.19
115009.13
114978.07
114947
114915.91
114884.82
114853.72
114822.62
114791.51
114760.39
114729.28
114698.16
114667.04
114635.92
114604.81
114573.69
114542.58
114511.48
114480.38
114449.3
114418.22
114387.15
114356.09
114325.04
114294.01
114262.99
114231.99
114201
114170.04
114139.09
114108.16
114077.26
114046.38
114015.52
113984.69
113953.88
113923.11
113892.36
113861.64
113830.95
113800.3
113769.68
113739.09
113708.54
113678.03
113647.55
113617.12
113586.73
113556.37
113526.07
113495.8
113465.58
113435.41
113405.28
113375.21
113345.18
113315.21
113285.29
113255.42
113225.61
113195.85
113166.15
113136.51
113106.93
113077.41
113047.95
113018.56
112989.23
112959.96
112930.76
112901.63
112872.57
112843.58
112814.66
112785.82
112757.05
112728.35
112699.73
112671.19
112642.72
112614.34
112586.04
112557.82
112529.68
112501.63
112473.66
112445.78
112417.99
112390.29
112362.68
112335.16
112307.74
112280.4
112253.17
112226.03
112198.99
112172.04
112145.2
112118.46
112091.82
112065.28
112038.85
112012.52
111986.3
111960.19
111934.19
111908.29
111882.51
111856.84
111831.29
111805.85
111780.52
111755.32
111730.23
111705.25
111680.4
111655.67
111631.07
111606.58
111582.22
111557.99
111533.88
111509.89
111486.04
111462.32
111438.72
111415.26
111391.93
111368.74
111345.67
111322.75
111299.96
111277.3
111254.78
111232.41
111210.17
111188.07
111166.12
111144.3
111122.63
111101.1
111079.72
111058.49
111037.4
111016.45
110995.66
110975.01
110954.51
110934.17
110913.97
110893.92
110874.03
110854.29
110834.7
110815.27
110795.99
110776.86
110757.89
110739.08
110720.42
110701.92
110683.58
110665.39
110647.37
110629.5
110611.79
110594.24
110576.85
110559.63
110542.56
110525.65
110508.9
110492.32
110475.89
110459.63
110443.53
110427.59
110411.82
110396.2
110380.75
110365.46
110350.33
110335.37
110320.56
110305.92
110291.44
110277.13
110262.97
110248.98
110235.14
110221.47
110207.96
110194.62
110181.43
110168.4
110155.53
110142.82
110130.27
110117.88
110105.65
110093.58
110081.66
110069.9
110058.3
110046.85
110035.56
110024.42
110013.43
110002.6
109991.93
109981.4
109971.03
109960.8
109950.73
109940.8
109931.02
109921.39
109911.91
109902.57
109893.38
109884.33
109875.42
109866.66
109858.03
109849.55
109841.2
109833
109824.93
109816.99
109809.19
109801.52
109793.99
109786.59
109779.31
109772.17
109765.15
109758.26
109751.5
109744.86
109738.34
109731.94
109725.67
109719.51
109713.47
109707.55
109701.74
109696.05
109690.47
109685
109679.64
109674.39
109669.24
109664.21
109659.27
109654.44
109649.72
109645.09
109640.56
109636.13
109631.8
109627.56
109623.41
109619.36
109615.4
109611.53
109607.74
109604.04
109600.43
109596.91
109593.46
109590.1
109586.81
109583.61
109580.48
109577.43
109574.46
109571.56
109568.73
109565.97
109563.28
109560.66
109558.1
109555.61
109553.19
109550.83
109548.53
109546.29
109544.12
109542
109539.94
109537.93
109535.98
109534.08
109532.24
109530.45
109528.7
109527.01
109525.37
109523.77
109522.22
109520.71
109519.25
109517.83
109516.45
109515.12
109513.82
109512.56
109511.35
109510.16
109509.02
109507.91
109506.83
109505.79
109504.78
109503.81
109502.86
109501.95
109501.06
109500.2
109499.37
109498.57
109497.8
109497.05
109496.32
109495.62
109494.95
109494.29
109493.66
109493.05
109492.46
109491.9
109491.35
109490.82
109490.31
109489.82
109489.34
109488.88
109488.44
109488.02
109487.61
109487.22
109486.84
109486.47
109486.12
109485.78
109485.45
109485.14
109484.84
109484.55
109484.27
109484
109483.74
109483.5
109483.26
109483.03
109482.81
109482.6
109482.4
109482.21
109482.02
109481.84
109481.67
109481.51
109481.35
109481.2
109481.06
109480.92
109480.79
109480.66
109480.54
109480.42
109480.31
109480.21
109480.1
109480.01
109479.92
109479.83
109479.74
109479.66
109479.58
109479.51
109479.44
109479.37
109479.31
109479.25
109479.19
109479.14
109479.08
109479.03
109478.99
109478.94
109478.9
109478.86
109478.82
109478.78
109478.74
109478.71
109478.68
109478.65
109478.62
109478.59
109478.57
109478.54
109478.52
109478.5
109478.48
109478.46
109478.44
109478.42
109478.41
109478.39
109478.38
109478.36
109478.35
109478.34
109478.33
109478.32
109478.31
109478.3
109478.29
109478.28
109478.27
109478.26
109478.26
109478.25
109478.24
109478.24
109478.23
109478.23
109478.22
109478.22
109478.21
109478.21
109478.2
109478.2
109478.19
109478.19
109478.18
109478.18
109478.17
109478.16
109478.16
109478.15
109478.14
109478.14
109478.13
109478.12
109478.12
109478.11
109478.11
109478.1
109478.09
109478.09
109478.08
109478.08
109478.07
109478.07
109478.06
109478.05
109478.05
109478.04
109478.04
109478.03
109478.03
109478.02
109478.02
109478.01
109478.01
109478
109478
109478
109477.99
109477.99
109477.98
109477.98
109477.97
109477.97
109477.96
109477.96
109477.95
109477.95
109477.95
109477.94
109477.94
109477.93
109477.93
109477.93
109477.92
109477.92
109477.91
109477.91
109477.91
109477.9
109477.9
109477.89
109477.89
109477.89
109477.88
109477.88
109477.88
109477.87
109477.87
109477.86
109477.86
109477.86
109477.85
109477.85
109477.85
109477.85
109477.84
109477.84
109477.84
109477.83
109477.83
109477.83
109477.82
109477.82
109477.82
109477.81
109477.81
109477.81
109477.81
109477.8
109477.8
109477.8
109477.8
109477.79
109477.79
109477.79
109477.79
109477.78
109477.78
109477.78
109477.78
109477.77
109477.77
109477.77
109477.77
109477.77
109477.76
109477.76
109477.76
109477.76
109477.75
109477.75
109477.75
109477.75
109477.74
109477.74
109477.74
109477.74
109477.74
109477.73
109477.73
109477.73
109477.73
109477.73
109477.72
109477.72
109477.72
109477.72
109477.72
109477.72
109477.72
109477.71
109477.71
109477.71
109477.71
109477.71
109477.71
109477.7
109477.7
109477.7
109477.7
109477.7
109477.7
109477.7
109477.7
109477.7
109477.69
109477.69
109477.69
109477.69
109477.69
109477.69
109477.69
109477.69
109477.68
109477.68
109477.68
109477.68
109477.68
109477.68
109477.68
109477.67
109477.67
109477.67
109477.67
109477.67
109477.67
109477.67
109477.67
109477.67
109477.67
109477.67
109477.67
109477.67
109477.67
109477.67
109477.67
109477.67
109477.67
109477.67
109477.67
109477.66
109477.66
109477.66
109477.66
109477.66
109477.66
109477.66
109477.66
109477.66
109477.66
109477.66
109477.66
109477.66
109477.66
109477.66
109477.66
109477.66
109477.66
109477.66
109477.66
109477.66
109477.66
109477.66
109477.66
109477.66
109477.66
109477.66
109477.66
109477.66
109477.66
109477.66
109477.66
109477.66
109477.66
109477.66
109477.66
109477.66
109477.66
109477.66
109477.66
109477.66
109477.66
109477.66
109477.66
109477.66
109477.66
109477.66
109477.66
109477.66
109477.66
109477.66
109477.66
109477.66
109477.66
109477.66
109477.66
109477.66
109477.66
109477.67
109477.67
109477.67
109477.67
109477.67
109477.67
109477.67
109477.67
109477.67
109477.67
109477.67
109477.68
109477.68
109477.68
109477.68
109477.68
109477.68
109477.68
109477.68
109477.69
109477.69
109477.69
109477.69
109477.69
109477.69
109477.69
109477.69
109477.69
109477.7
109477.7
109477.7
109477.7
109477.7
109477.7
109477.7
109477.7
109477.7
109477.71
109477.71
109477.71
109477.71
109477.71
109477.71
109477.71
109477.71
109477.71
109477.71
109477.72
109477.72
109477.72
109477.72
109477.72
109477.72
109477.72
109477.72
109477.72
109477.72
109477.72
109477.73
109477.73
109477.73
109477.73
109477.73
109477.73
109477.73
109477.73
109477.73
109477.73
109477.73
109477.73
109477.74
109477.74
109477.74
109477.74
109477.74
109477.74
109477.74
109477.74
109477.74
109477.74
109477.74
109477.75
109477.75
109477.75
109477.75
109477.75
109477.75
109477.75
109477.75
109477.75
109477.75
109477.75
109477.75
109477.76
109477.76
109477.76
109477.76
109477.76
109477.76
109477.76
109477.76
109477.76
109477.76
109477.76
109477.77
109477.77
109477.77
109477.77
109477.77
109477.77
109477.77
109477.77
109477.77
109477.77
109477.77
109477.78
109477.78
109477.78
109477.78
109477.78
109477.78
109477.78
109477.78
109477.78
109477.78
109477.78
109477.79
109477.79
109477.79
109477.79
109477.79
109477.79
109477.79
109477.79
109477.79
109477.79
109477.79
109477.79
109477.79
109477.8
109477.8
109477.8
109477.8
109477.8
109477.8
109477.8
109477.8
109477.8
109477.8
109477.8
109477.8
109477.8
109477.81
109477.81
109477.81
109477.81
109477.81
109477.81
109477.81
109477.81
109477.81
109477.81
109477.81
109477.81
109477.81
109477.81
109477.81
109477.82
109477.82
109477.82
109477.82
109477.82
109477.82
109477.82
109477.82
109477.82
109477.82
109477.82
109477.82
109477.82
109477.82
109477.83
109477.83
109477.83
109477.83
109477.83
109477.83
109477.83
109477.83
109477.83
109477.83
109477.83
109477.83
109477.83
109477.83
109477.84
109477.84
109477.84
109477.84
109477.84
109477.84
109477.84
109477.84
109477.84
109477.84
109477.84
109477.84
109477.84
109477.84
109477.85
109477.85
109477.85
109477.85
109477.85
109477.85
109477.85
109477.85
109477.85
109477.85
109477.85
109477.85
109477.85
109477.85
109477.85
109477.86
109477.86
109477.86
109477.86
109477.86
109477.86
109477.86
109477.86
109477.86
109477.86
109477.86
109477.86
109477.86
109477.86
109477.86
109477.86
109477.86
109477.87
109477.87
109477.87
109477.87
109477.87
109477.87
109477.87
109477.87
109477.87
109477.87
109477.87
109477.87
109477.87
109477.87
109477.87
109477.87
109477.87
109477.88
109477.88
109477.88
109477.88
109477.88
109477.88
109477.88
109477.88
109477.88
109477.88
109477.88
109477.88
109477.88
109477.88
109477.88
109477.88
109477.88
109477.89
109477.89
109477.89
109477.89
109477.89
109477.89
109477.89
109477.89
109477.89
109477.89
109477.89
109477.89
109477.89
109477.89
109477.89
109477.89
109477.89
109477.89
109477.9
109477.9
109477.9
109477.9
109477.9
109477.9
109477.9
109477.9
109477.9
109477.9
109477.9
109477.9
109477.9
109477.9
109477.9
109477.9
109477.9
109477.9
109477.91
109477.91
109477.91
109477.91
109477.91
109477.91
109477.91
109477.91
109477.91
109477.91
109477.91
109477.91
109477.91
109477.91
109477.91
109477.91
109477.91
109477.91
109477.91
109477.91
109477.92
109477.92
109477.92
109477.92
109477.92
109477.92
109477.92
109477.92
109477.92
109477.92
109477.92
109477.92
109477.92
109477.92
109477.92
109477.92
109477.92
109477.92
109477.92
109477.92
109477.92
109477.93
109477.93
109477.93
109477.93
109477.93
109477.93
109477.93
109477.93
109477.93
109477.93
109477.93
109477.93
109477.93
109477.93
109477.93
109477.93
109477.93
109477.93
109477.93
109477.93
109477.94
109477.94
109477.94
109477.94
109477.94
109477.94
109477.94
109477.94
109477.94
109477.94
109477.94
109477.94
109477.94
109477.94
109477.94
109477.94
109477.94
109477.94
109477.94
109477.94
109477.95
109477.95
109477.95
109477.95
109477.95
109477.95
109477.95
109477.95
109477.95
109477.95
109477.95
109477.95
109477.95
109477.95
109477.95
109477.95
109477.95
109477.95
109477.95
109477.95
109477.95
109477.95
109477.96
109477.96
109477.96
109477.96
109477.96
109477.96
109477.96
109477.96
109477.96
109477.96
109477.96
109477.96
109477.96
109477.96
109477.96
109477.96
109477.96
109477.96
109477.96
109477.96
109477.96
109477.96
109477.96
109477.96
109477.97
109477.97
109477.97
109477.97
109477.97
109477.97
109477.97
109477.97
109477.97
109477.97
109477.97
109477.97
109477.97
109477.97
109477.97
109477.97
109477.97
109477.97
109477.97
109477.97
109477.97
109477.97
109477.97
109477.97
109477.97
109477.98
109477.98
109477.98
109477.98
109477.98
109477.98
109477.98
109477.98
109477.98
109477.98
109477.98
109477.98
109477.98
109477.98
109477.98
109477.98
109477.98
109477.98
109477.98
109477.98
109477.98
109477.98
109477.98
109477.98
109477.99
109477.99
109477.99
109477.99
109477.99
109477.99
109477.99
109477.99
109477.99
109477.99
109477.99
109477.99
109477.99
109477.99
109477.99
109477.99
109477.99
109477.99
109477.99
109477.99
109477.99
109477.99
109477.99
109477.99
109477.99
109477.99
109477.99
109478
109478
109478
109478
109478
109478
109478
109478
109478
109478
109478
109478
109478
109478
109478
109478
109478
109478
109478
109478
109478
109478
109478
109478
109478
109478
109478
109478
109478.01
109478.01
109478.01
109478.01
109478.01
109478.01
109478.01
109478.01
109478.01
109478.01
109478.01
109478.01
109478.01
109478.01
109478.01
109478.01
109478.01
109478.01
109478.01
109478.01
109478.01
109478.01
109478.01
109478.01
109478.01
109478.01
109478.01
109478.01
109478.01
109478.02
109478.02
109478.02
109478.02
109478.02
109478.02
109478.02
109478.02
109478.02
109478.02
109478.02
109478.02
109478.02
109478.02
109478.02
109478.02
109478.02
109478.02
109478.02
109478.02
109478.02
109478.02
109478.02
109478.02
109478.02
109478.02
109478.02
109478.02
109478.02
109478.02
109478.02
109478.03
109478.03
109478.03
109478.03
109478.03
109478.03
109478.03
109478.03
109478.03
109478.03
109478.03
109478.03
109478.03
109478.03
109478.03
109478.03
109478.03
109478.03
109478.03
109478.03
109478.03
109478.03
109478.03
109478.03
109478.03
109478.03
109478.03
109478.03
109478.03
109478.03
109478.03
109478.03
109478.03
109478.04
109478.04
109478.04
109478.04
109478.04
109478.04
109478.04
109478.04
109478.04
109478.04
109478.04
109478.04
109478.04
109478.04
109478.04
109478.04
109478.04
109478.04
109478.04
109478.04
109478.04
109478.04
109478.04
109478.04
109478.04
109478.04
109478.04
109478.04
109478.04
109478.04
109478.04
109478.04
109478.04
109478.04
109478.04
109478.04
109478.05
109478.05
109478.05
109478.05
109478.05
109478.05
109478.05
109478.05
109478.05
109478.05
109478.05
109478.05
109478.05
109478.05
109478.05
109478.05
109478.05
109478.05
109478.05
109478.05
109478.05
109478.05
109478.05
109478.05
109478.05
109478.05
109478.05
109478.05
109478.05
109478.05
109478.05
109478.05
109478.05
109478.05
109478.05
109478.05
109478.05
109478.05
109478.05
109478.06
109478.06
109478.06
109478.06
109478.06
109478.06
109478.06
109478.06
109478.06
109478.06
109478.06
109478.06
109478.06
109478.06
109478.06
109478.06
109478.06
109478.06
109478.06
109478.06
109478.06
109478.06
109478.06
109478.06
109478.06
109478.06
109478.06
109478.06
109478.06
109478.06
109478.06
109478.06
109478.06
109478.06
109478.06
109478.06
109478.06
109478.06
109478.06
109478.06
109478.07
109478.07
109478.07
109478.07
109478.07
109478.07
109478.07
109478.07
109478.07
109478.07
109478.07
109478.07
109478.07
109478.07
109478.07
109478.07
109478.07
109478.07
109478.07
109478.07
109478.07
109478.07
109478.07
109478.07
109478.07
109478.07
109478.07
109478.07
109478.07
109478.07
109478.07
109478.07
109478.07
109478.07
109478.07
109478.07
109478.07
109478.07
109478.07
109478.07
109478.07
109478.07
109478.07
109478.08
109478.08
109478.08
109478.08
109478.08
109478.08
109478.08
109478.08
109478.08
109478.08
109478.08
109478.08
109478.08
109478.08
109478.08
109478.08
109478.08
109478.08
109478.08
109478.08
109478.08
109478.08
109478.08
109478.08
109478.08
109478.08
109478.08
109478.08
109478.08
109478.08
109478.08
109478.08
109478.08
109478.08
109478.08
109478.08
109478.08
109478.08
109478.08
109478.08
109478.08
109478.08
109478.08
109478.08
109478.08
109478.08
109478.08
109478.09
109478.09
109478.09
109478.09
109478.09
109478.09
109478.09
109478.09
109478.09
109478.09
109478.09
109478.09
109478.09
109478.09
109478.09
109478.09
109478.09
109478.09
109478.09
109478.09
109478.09
109478.09
109478.09
109478.09
109478.09
109478.09
109478.09
109478.09
109478.09
109478.09
109478.09
109478.09
109478.09
109478.09
109478.09
109478.09
109478.09
109478.09
109478.09
109478.09
109478.09
109478.09
109478.09
109478.09
109478.09
109478.09
109478.09
109478.09
109478.09
109478.1
109478.1
109478.1
109478.1
109478.1
109478.1
109478.1
109478.1
109478.1
109478.1
109478.1
109478.1
109478.1
109478.1
109478.1
109478.1
109478.1
109478.1
109478.1
109478.1
109478.1
109478.1
109478.1
109478.1
109478.1
109478.1
109478.1
109478.1
109478.1
109478.1
109478.1
109478.1
109478.1
109478.1
109478.1
109478.1
109478.1
109478.1
109478.1
109478.1
109478.1
109478.1
109478.1
109478.1
109478.1
109478.1
109478.1
109478.1
109478.1
109478.11
109478.11
109478.11
109478.11
109478.11
109478.11
109478.11
109478.11
109478.11
109478.11
109478.11
109478.11
109478.11
109478.11
109478.11
109478.11
109478.11
109478.11
109478.11
109478.11
109478.11
109478.11
109478.11
109478.11
109478.11
109478.11
109478.11
109478.11
109478.11
109478.11
109478.11
109478.11
109478.11
109478.11
109478.11
109478.11
109478.11
109478.11
109478.11
109478.11
109478.11
109478.11
109478.11
109478.11
109478.11
109478.11
109478.11
109478.11
109478.11
109478.11
109478.11
109478.11
109478.12
109478.12
109478.12
109478.12
109478.12
109478.12
109478.12
109478.12
109478.12
109478.12
109478.12
109478.12
109478.12
109478.12
109478.12
109478.12
109478.12
109478.12
109478.12
109478.12
109478.12
109478.12
109478.12
109478.12
109478.12
109478.12
109478.12
109478.12
109478.12
109478.12
109478.12
109478.12
109478.12
109478.12
109478.12
109478.12
109478.12
109478.12
109478.12
109478.12
109478.12
109478.12
109478.12
109478.12
109478.12
109478.12
109478.12
109478.12
109478.12
109478.12
109478.12
109478.12
109478.12
109478.12
109478.12
109478.12
109478.12
109478.12
109478.12
109478.12
109478.12
109478.12
109478.12
109478.13
109478.13
109478.13
109478.13
109478.13
109478.13
109478.13
109478.13
109478.13
109478.13
109478.13
109478.13
109478.13
109478.13
109478.13
109478.13
109478.13
109478.13
109478.13
109478.13
109478.13
109478.13
109478.13
109478.13
109478.13
109478.13
109478.13
109478.13
109478.13
109478.13
109478.13
109478.13
109478.13
109478.13
109478.13
109478.13
109478.13
109478.13
109478.13
109478.13
109478.13
109478.13
109478.13
109478.13
109478.13
109478.13
109478.13
109478.13
109478.13
109478.13
109478.13
109478.13
109478.13
109478.13
109478.13
109478.13
109478.13
109478.13
109478.13
109478.13
109478.13
109478.13
109478.13
109478.13
109478.13
109478.13
109478.13
109478.13
109478.13
109478.13
109478.13
109478.13
109478.13
109478.13
109478.14
109478.14
109478.14
109478.14
109478.14
109478.14
109478.14
109478.14
109478.14
109478.14
109478.14
109478.14
109478.14
109478.14
109478.14
109478.14
109478.14
109478.14
109478.14
109478.14
109478.14
109478.14
109478.14
109478.14
109478.14
109478.14
109478.14
109478.14
109478.14
109478.14
109478.14
109478.14
109478.14
109478.14
109478.14
109478.14
109478.14
109478.14
109478.14
109478.14
109478.14
109478.14
109478.14
109478.14
109478.14
109478.14
109478.14
109478.14
109478.14
109478.14
109478.14
109478.14
109478.14
109478.14
109478.14
109478.14
109478.14
109478.14
109478.14
109478.14
109478.14
109478.14
109478.14
109478.14
109478.14
109478.14
109478.14
109478.14
109478.14
109478.14
109478.14
109478.14
109478.14
109478.14
109478.14
109478.14
109478.14
109478.14
109478.14
109478.14
109478.14
109478.14
109478.14
109478.14
109478.14
109478.14
109478.15
109478.15
109478.15
109478.15
109478.15
109478.15
109478.15
109478.15
109478.15
109478.15
109478.15
109478.15
109478.15
109478.15
109478.15
109478.15
109478.15
109478.15
109478.15
109478.15
109478.15
109478.15
109478.15
109478.15
109478.15
109478.15
109478.15
109478.15
109478.15
109478.15
109478.15
109478.15
109478.15
109478.15
109478.15
109478.15
109478.15
109478.15
109478.15
109478.15
109478.15
109478.15
109478.15
109478.15
109478.15
109478.15
109478.15
109478.15
109478.15
109478.15
109478.15
109478.15
109478.15
109478.15
109478.15
109478.15
109478.15
109478.15
109478.15
109478.15
109478.15
109478.15
109478.15
109478.15
109478.15
109478.15
109478.15
109478.15
109478.15
109478.15
109478.15
109478.15
109478.15
109478.15
109478.15
109478.15
109478.15
109478.15
109478.15
109478.15
109478.15
109478.15
109478.16
109478.16
109478.16
109478.16
109478.16
109478.16
109478.16
109478.16
109478.16
109478.16
109478.16
109478.16
109478.16
109478.16
109478.16
109478.16
109478.16
109478.16
109478.16
109478.16
109478.16
109478.16
109478.16
109478.16
109478.16
109478.16
109478.16
109478.16
109478.16
109478.16
109478.16
109478.16
109478.16
109478.16
109478.16
109478.16
109478.16
109478.16
109478.16
109478.16
109478.16
109478.16
109478.16
109478.16
109478.16
109478.16
109478.16
109478.16
109478.16
109478.16
109478.16
109478.16
109478.16
109478.16
109478.16
109478.16
109478.16
109478.16
109478.16
109478.16
109478.16
109478.16
109478.16
109478.16
109478.16
109478.16
109478.16
109478.16
109478.16
109478.16
109478.16
109478.16
109478.16
109478.16
109478.16
109478.16
109478.16
109478.16
109478.16
109478.16
109478.16
109478.16
109478.16
109478.16
109478.16
109478.16
109478.16
109478.16
109478.16
109478.16
109478.16
109478.16
109478.16
109478.16
109478.16
109478.16
109478.16
109478.16
109478.16
109478.16
109478.16
109478.16
109478.16
109478.17
109478.17
109478.17
109478.17
109478.17
109478.17
109478.17
109478.17
109478.17
109478.17
109478.17
109478.17
109478.17
109478.17
109478.17
109478.17
109478.17
109478.17
109478.17
109478.17
109478.17
109478.17
109478.17
109478.17
109478.17
109478.17
109478.17
109478.17
109478.17
109478.17
109478.17
109478.17
109478.17
109478.17
109478.17
109478.17
109478.17
109478.17
109478.17
109478.17
109478.17
109478.17
109478.17
109478.17
109478.17
109478.17
109478.17
109478.17
109478.17
109478.17
109478.17
109478.17
109478.17
109478.17
109478.17
109478.17
109478.17
109478.17
109478.17
109478.17
109478.17
109478.17
109478.17
109478.17
109478.17
109478.17
109478.17
109478.17
109478.17
109478.17
109478.17
109478.17
109478.17
109478.17
109478.17
109478.17
109478.17
109478.17
109478.17
109478.17
109478.17
109478.17
109478.17
109478.17
109478.17
109478.17
109478.17
109478.17
109478.17
109478.17
109478.17
109478.17
109478.17
109478.17
109478.17
109478.17
109478.17
109478.17
109478.17
109478.17
109478.17
109478.17
109478.17
109478.17
109478.17
109478.17
109478.17
109478.17
109478.17
109478.17
109478.17
109478.17
109478.17
109478.17
109478.17
109478.17
109478.17
109478.17
109478.17
109478.17
109478.17
109478.17
109478.17
109478.17
109478.17
109478.17
109478.17
109478.17
109478.17
109478.17
109478.17
109478.17
109478.18
109478.18
109478.18
109478.18
109478.18
109478.18
109478.18
109478.18
109478.18
109478.18
109478.18
109478.18
109478.18
109478.18
109478.18
109478.18
109478.18
109478.18
109478.18
109478.18
109478.18
109478.18
109478.18
109478.18
109478.18
109478.18
109478.18
109478.18
109478.18
109478.18
109478.18
109478.18
109478.18
109478.18
109478.18
109478.18
109478.18
109478.18
109478.18
109478.18
109478.18
109478.18
109478.18
109478.18
109478.18
109478.18
109478.18
109478.18
109478.18
109478.18
109478.18
109478.18
109478.18
109478.18
109478.18
109478.18
109478.18
109478.18
109478.18
109478.18
109478.18
109478.18
109478.18
109478.18
109478.18
109478.18
109478.18
109478.18
109478.18
109478.18
109478.18
109478.18
109478.18
109478.18
109478.18
109478.18
109478.18
109478.18
109478.18
109478.18
109478.18
109478.18
109478.18
109478.18
109478.18
109478.18
109478.18
109478.18
109478.18
109478.18
109478.18
109478.18
109478.18
109478.18
109478.18
109478.18
109478.18
109478.18
109478.18
109478.18
109478.18
109478.18
109478.18
109478.18
109478.18
109478.18
109478.18
109478.18
109478.18
109478.18
109478.18
109478.18
109478.18
109478.18
109478.18
109478.18
109478.18
109478.18
109478.18
109478.18
109478.18
109478.18
109478.18
109478.18
109478.18
109478.18
109478.18
109478.18
109478.18
109478.18
109478.18
109478.18
109478.18
109478.18
109478.18
109478.18
109478.18
109478.18
109478.18
109478.18
109478.18
109478.18
109478.18
109478.18
109478.18
109478.18
109478.18
109478.18
109478.18
109478.18
109478.18
109478.18
109478.18
109478.18
109478.18
109478.18
109478.18
109478.18
109478.18
109478.18
109478.18
109478.18
109478.18
109478.18
109478.18
109478.18
109478.18
109478.18
109478.18
109478.18
109478.18
109478.18
109478.18
109478.18
109478.18
109478.18
109478.18
109478.18
109478.18
109478.18
109478.18
109478.18
109478.18
109478.18
109478.18
109478.18
109478.18
109478.18
109478.18
109478.18
109478.18
109478.18
109478.18
109478.18
109478.18
109478.18
109478.18
109478.18
109478.18
109478.18
109478.18
109478.18
109478.18
109478.18
109478.18
109478.18
109478.18
109478.18
109478.18
109478.18
109478.18
109478.18
109478.18
109478.18
109478.18
109478.18
109478.18
109478.18
109478.18
109478.18
109478.18
109478.18
109478.18
109478.18
109478.18
109478.18
109478.18
109478.18
109478.18
109478.18
109478.18
109478.19
109478.19
109478.19
109478.19
109478.19
109478.19
109478.19
109478.19
109478.19
109478.19
109478.19
109478.19
109478.19
109478.19
109478.19
109478.19
109478.19
109478.19
109478.19
109478.19
109478.19
109478.19
109478.19
109478.19
109478.19
109478.19
109478.19
109478.19
109478.19
109478.19
109478.19
109478.19
109478.19
109478.19
109478.19
109478.19
109478.19
109478.19
109478.19
109478.19
109478.19
109478.19
109478.19
109478.19
109478.19
109478.19
109478.19
109478.19
109478.19
109478.19
109478.19
109478.19
109478.19
109478.19
109478.19
109478.19
109478.19
109478.19
109478.19
109478.19
109478.19
109478.19
109478.19
109478.19
109478.19
109478.19
109478.19
109478.19
109478.19
109478.19
109478.19
109478.19
109478.19
109478.19
109478.19
109478.19
109478.19
109478.19
109478.19
109478.19
109478.19
109478.19
109478.19
109478.19
109478.19
109478.19
109478.19
109478.19
109478.19
109478.19
109478.19
109478.19
109478.19
109478.19
109478.19
109478.19
109478.19
109478.19
109478.19
109478.19
109478.19
109478.19
109478.19
109478.19
109478.19
109478.19
109478.19
109478.19
109478.19
109478.19
109478.19
109478.19
109478.19
109478.19
109478.19
109478.19
109478.19
109478.19
109478.19
109478.19
109478.19
109478.19
109478.19
109478.19
109478.19
109478.19
109478.19
109478.19
109478.19
109478.19
109478.19
109478.19
109478.19
109478.19
109478.19
109478.19
109478.19
109478.19
109478.19
109478.19
109478.19
109478.19
109478.19
109478.19
109478.19
109478.19
109478.19
109478.19
109478.19
109478.19
109478.19
109478.19
109478.19
109478.19
109478.19
109478.19
109478.19
109478.19
109478.19
109478.19
109478.19
109478.19
109478.19
109478.19
109478.19
109478.19
109478.19
109478.19
109478.19
109478.19
109478.19
109478.19
109478.19
109478.19
109478.19
109478.19
109478.19
109478.19
109478.19
109478.19
109478.19
109478.19
109478.19
109478.19
109478.19
109478.19
109478.19
109478.19
109478.19
109478.19
109478.19
109478.19
109478.19
109478.19
109478.19
109478.19
109478.19
109478.19
109478.19
109478.19
109478.18
109478.18
109478.18
109478.18
109478.19
109478.19
109478.2
109478.21
109478.24
109478.14
109478.17
109478.18
109478.19
109478.19
109478.19
109478.19
109478.19
109478.19
109478.19
109478.19
109478.19
109478.19
109478.19
109478.19
109478.19
109478.19
109478.19
109478.19
109478.19
109478.19
109478.19
109478.19
109478.19
109478.19
109478.19
109478.19
109478.19
109478.19
109478.19
109478.19
109478.19
109478.19
109478.19
109478.19
109478.19
109478.19
109478.19
109478.19
109478.19
109478.19
109478.19
109478.19
109478.19
109478.19
109478.19
109478.19
109478.19
109478.19
109478.19
109478.19
109478.19
109478.19
109478.19
109478.19
109478.19
109478.19
109478.19
109478.19
109478.19
109478.19
109478.19
109478.19
109478.19
109478.19
109478.19
109478.19
109478.19
109478.19
109478.19
109478.19
109478.19
109478.19
109478.19
109478.19
109478.19
109478.19
109478.19
109478.19
109478.19
109478.19
109478.19
109478.19
109478.19
109478.19
109478.19
109478.19
109478.19
109478.19
109478.19
109478.19
109478.19
109478.19
109478.19
109478.19
109478.19
109478.19
109478.19
109478.19
109478.19
109478.19
109478.19
109478.19
109478.19
109478.19
109478.19
109478.19
109478.19
109478.19
109478.19
109478.19
109478.19
109478.19
109478.19
109478.19
109478.19
109478.19
109478.19
109478.19
109478.19
109478.19
109478.19
109478.19
109478.19
109478.19
109478.19
109478.19
109478.19
109478.19
109478.19
109478.19
109478.19
109478.19
109478.19
109478.19
109478.19
109478.19
109478.19
109478.19
109478.19
109478.19
109478.19
109478.19
109478.19
109478.19
109478.19
109478.19
109478.19
109478.19
109478.19
109478.19
109478.19
109478.19
109478.19
109478.19
109478.19
109478.19
109478.19
109478.19
109478.19
109478.19
109478.19
109478.19
109478.19
109478.19
109478.19
109478.19
109478.19
109478.19
109478.19
109478.19
109478.19
109478.19
109478.19
109478.19
109478.19
109478.19
109478.19
109478.19
109478.19
109478.19
109478.19
109478.19
109478.19
109478.19
109478.19
109478.19
109478.19
109478.19
109478.19
109478.19
109478.19
109478.19
109478.19
109478.19
109478.19
109478.19
109478.19
109478.19
109478.19
109478.19
109478.19
109478.19
109478.19
109478.19
109478.19
109478.19
109478.19
109478.19
109478.19
109478.19
109478.19
109478.19
109478.19
109478.19
109478.19
109478.19
109478.19
109478.19
109478.19
109478.19
109478.19
109478.19
109478.19
109478.19
109478.19
109478.19
109478.19
109478.19
109478.19
109478.19
109478.19
109478.19
109478.19
109478.19
109478.19
109478.19
109478.19
109478.19
109478.19
109478.19
109478.19
109478.19
109478.19
109478.19
109478.19
109478.19
109478.19
109478.19
109478.19
109478.19
109478.19
109478.19
109478.19
109478.19
109478.19
109478.19
109478.19
109478.19
109478.19
109478.19
109478.19
109478.19
109478.19
109478.19
109478.19
109478.19
109478.19
109478.19
109478.19
109478.19
109478.19
109478.19
109478.19
109478.19
109478.19
109478.19
109478.19
109478.19
109478.19
109478.19
109478.19
109478.19
109478.19
109478.19
109478.19
109478.19
109478.19
109478.19
109478.19
109478.19
109478.19
109478.19
109478.19
109478.19
109478.19
109478.19
109478.19
109478.19
109478.19
109478.19
109478.19
109478.19
109478.19
109478.19
109478.19
109478.19
109478.19
109478.19
109478.19
109478.19
109478.19
109478.19
109478.19
109478.19
109478.19
109478.19
109478.19
109478.19
109478.19
109478.19
109478.19
109478.19
109478.19
109478.19
109478.19
109478.19
109478.19
109478.19
109478.19
109478.19
109478.19
109478.19
109478.19
109478.19
109478.19
109478.19
109478.19
109478.19
109478.19
109478.19
109478.19
109478.19
109478.19
109478.19
109478.19
109478.19
109478.19
109478.19
109478.19
109478.19
109478.19
109478.19
109478.19
109478.19
109478.19
109478.19
109478.19
109478.19
109478.19
109478.19
109478.19
109478.19
109478.19
109478.19
109478.19
109478.19
109478.19
109478.19
109478.19
109478.19
109478.19
109478.19
109478.19
109478.19
109478.19
109478.19
109478.19
109478.19
109478.19
109478.19
109478.19
109478.19
109478.19
109478.19
109478.19
109478.19
109478.19
109478.19
109478.19
109478.19
109478.19
109478.19
109478.19
109478.19
109478.19
109478.19
109478.19
109478.19
109478.19
109478.19
109478.19
109478.19
109478.19
109478.19
109478.19
109478.19
109478.19
109478.19
109478.19
109478.19
109478.19
109478.19
109478.19
109478.18
109478.18
109478.18
109478.18
109478.18
109478.18
109478.18
109478.18
109478.18
109478.18
109478.18
109478.18
109478.18
109478.18
109478.18
109478.18
109478.18
109478.18
109478.18
109478.18
109478.18
109478.18
109478.18
109478.18
109478.18
109478.18
109478.18
109478.18
109478.18
109478.18
109478.18
109478.18
109478.18
109478.18
109478.18
109478.18
109478.18
109478.18
109478.18
109478.18
109478.18
109478.18
109478.18
109478.18
109478.18
109478.18
109478.18
109478.18
109478.18
109478.18
109478.18
109478.18
109478.18
109478.18
109478.18
109478.18
109478.18
109478.18
109478.18
109478.18
109478.18
109478.18
109478.18
109478.18
109478.18
109478.18
109478.18
109478.18
109478.18
109478.18
109478.18
109478.18
109478.18
109478.18
109478.18
109478.18
109478.18
109478.18
109478.18
109478.18
109478.18
109478.18
109478.18
109478.18
109478.18
109478.18
109478.18
109478.18
109478.18
109478.18
109478.18
109478.18
109478.18
109478.18
109478.18
109478.18
109478.18
109478.18
109478.18
109478.18
109478.18
109478.18
109478.18
109478.18
109478.18
109478.18
109478.18
109478.18
109478.18
109478.18
109478.18
109478.18
109478.18
109478.18
109478.18
109478.18
109478.18
109478.18
109478.18
109478.18
109478.18
109478.18
109478.18
109478.18
109478.18
109478.18
109478.18
109478.18
109478.18
109478.18
109478.18
109478.18
109478.18
109478.18
109478.18
109478.18
109478.18
109478.18
109478.18
109478.18
109478.18
109478.18
109478.18
109478.18
109478.18
109478.18
109478.18
109478.18
109478.18
109478.18
109478.18
109478.18
109478.18
109478.18
109478.18
109478.18
109478.18
109478.18
109478.17
109478.17
109478.17
109478.17
109478.17
109478.17
109478.17
109478.17
109478.17
109478.17
109478.17
109478.17
109478.17
109478.17
109478.17
109478.17
109478.17
109478.17
109478.17
109478.17
109478.17
109478.17
109478.17
109478.17
109478.17
109478.17
109478.17
109478.17
109478.17
109478.17
109478.17
109478.17
109478.17
109478.17
109478.17
109478.17
109478.17
109478.17
109478.17
109478.17
109478.17
109478.17
109478.17
109478.17
109478.17
109478.17
109478.17
109478.17
109478.17
109478.17
109478.17
109478.17
109478.17
109478.17
109478.17
109478.17
109478.17
109478.17
109478.17
109478.17
109478.17
109478.17
109478.17
109478.17
109478.17
109478.17
109478.17
109478.17
109478.17
109478.17
109478.17
109478.17
109478.17
109478.17
109478.17
109478.17
109478.17
109478.17
109478.17
109478.17
109478.17
109478.17
109478.17
109478.17
109478.17
109478.17
109478.17
109478.17
109478.17
109478.17
109478.17
109478.17
109478.17
109478.17
109478.17
109478.17
109478.17
109478.17
109478.17
109478.17
109478.17
109478.17
109478.17
109478.17
109478.17
109478.17
109478.17
109478.17
109478.17
109478.17
109478.17
109478.17
109478.17
109478.17
109478.17
109478.17
109478.17
109478.17
109478.17
109478.17
109478.17
109478.17
109478.17
109478.17
109478.17
109478.17
109478.17
109478.17
109478.17
109478.17
109478.17
109478.17
109478.17
109478.17
109478.17
109478.17
109478.17
109478.16
109478.16
109478.16
109478.16
109478.16
109478.16
109478.16
109478.16
109478.16
109478.16
109478.16
109478.16
109478.16
109478.16
109478.16
109478.16
109478.16
109478.16
109478.16
109478.16
109478.16
109478.16
109478.16
109478.16
109478.16
109478.16
109478.16
109478.16
109478.16
109478.16
109478.16
109478.16
109478.16
109478.16
109478.16
109478.16
109478.16
109478.16
109478.16
109478.16
109478.16
109478.16
109478.16
109478.16
109478.16
109478.16
109478.16
109478.16
109478.16
109478.16
109478.16
109478.16
109478.16
109478.16
109478.16
109478.16
109478.16
109478.16
109478.16
109478.16
109478.16
109478.16
109478.16
109478.16
109478.16
109478.16
109478.16
109478.16
109478.16
109478.16
109478.16
109478.16
109478.16
109478.16
109478.16
109478.16
109478.16
109478.16
109478.16
109478.16
109478.16
109478.16
109478.16
109478.16
109478.16
109478.16
109478.16
109478.16
109478.16
109478.16
109478.16
109478.16
109478.16
109478.16
109478.16
109478.16
109478.16
109478.16
109478.16
109478.16
109478.16
109478.16
109478.16
109478.16
109478.16
109478.16
109478.16
109478.16
109478.16
109478.16
109478.16
109478.16
109478.16
109478.16
109478.15
109478.15
109478.15
109478.15
109478.15
109478.15
109478.15
109478.15
109478.15
109478.15
109478.15
109478.15
109478.15
109478.15
109478.15
109478.15
109478.15
109478.15
109478.15
109478.15
109478.15
109478.15
109478.15
109478.15
109478.15
109478.15
109478.15
109478.15
109478.15
109478.15
109478.15
109478.15
109478.15
109478.15
109478.15
109478.15
109478.15
109478.15
109478.15
109478.15
109478.15
109478.15
109478.15
109478.15
109478.15
109478.15
109478.15
109478.15
109478.15
109478.15
109478.15
109478.15
109478.15
109478.15
109478.15
109478.15
109478.15
109478.15
109478.15
109478.15
109478.15
109478.15
109478.15
109478.15
109478.15
109478.15
109478.15
109478.15
109478.15
109478.15
109478.15
109478.15
109478.15
109478.15
109478.15
109478.15
109478.15
109478.15
109478.15
109478.15
109478.15
109478.15
109478.15
109478.15
109478.15
109478.15
109478.15
109478.15
109478.15
109478.15
109478.15
109478.15
109478.15
109478.14
109478.14
109478.14
109478.14
109478.14
109478.14
109478.14
109478.14
109478.14
109478.14
109478.14
109478.14
109478.14
109478.14
109478.14
109478.14
109478.14
109478.14
109478.14
109478.14
109478.14
109478.14
109478.14
109478.14
109478.14
109478.14
109478.14
109478.14
109478.14
109478.14
109478.14
109478.14
109478.14
109478.14
109478.14
109478.14
109478.14
109478.14
109478.14
109478.14
109478.14
109478.14
109478.14
109478.14
109478.14
109478.14
109478.14
109478.14
109478.14
109478.14
109478.14
109478.14
109478.14
109478.14
109478.14
109478.14
109478.14
109478.14
109478.14
109478.14
109478.14
109478.14
109478.14
109478.14
109478.14
109478.14
109478.14
109478.14
109478.14
109478.14
109478.14
109478.14
109478.14
109478.14
109478.14
109478.14
109478.14
109478.13
109478.13
109478.13
109478.13
109478.13
109478.13
109478.13
109478.13
109478.13
109478.13
109478.13
109478.13
109478.13
109478.13
109478.13
109478.13
109478.13
109478.13
109478.13
109478.13
109478.13
109478.13
109478.13
109478.13
109478.13
109478.13
109478.13
109478.13
109478.13
109478.13
109478.13
109478.13
109478.13
109478.13
109478.13
109478.13
109478.13
109478.13
109478.13
109478.13
109478.13
109478.13
109478.13
109478.13
109478.13
109478.13
109478.13
109478.13
109478.13
109478.13
109478.13
109478.13
109478.13
109478.13
109478.13
109478.13
109478.13
109478.13
109478.13
109478.13
109478.13
109478.12
109478.12
109478.12
109478.12
109478.12
109478.12
109478.12
109478.12
109478.12
109478.12
109478.12
109478.12
109478.12
109478.12
109478.12
109478.12
109478.12
109478.12
109478.12
109478.12
109478.12
109478.12
109478.12
109478.12
109478.12
109478.12
109478.12
109478.12
109478.12
109478.12
109478.12
109478.12
109478.12
109478.12
109478.12
109478.12
109478.12
109478.12
109478.12
109478.12
109478.12
109478.12
109478.12
109478.12
109478.12
109478.12
109478.12
109478.12
109478.12
109478.12
109478.12
109478.12
109478.12
109478.12
109478.12
109478.12
109478.12
109478.12
109478.12
109478.12
109478.12
109478.12
109478.11
109478.11
109478.11
109478.11
109478.11
109478.11
109478.11
109478.11
109478.11
109478.11
109478.11
109478.11
109478.11
109478.11
109478.11
109478.11
109478.11
109478.11
109478.11
109478.11
109478.11
109478.11
109478.11
109478.11
109478.11
109478.11
109478.11
109478.11
109478.11
109478.11
109478.11
109478.11
109478.11
109478.11
109478.11
109478.11
109478.11
109478.11
109478.11
109478.11
109478.11
109478.11
109478.11
109478.11
109478.11
109478.11
109478.11
109478.11
109478.11
109478.11
109478.11
109478.11
109478.11
109478.11
109478.11
109478.11
109478.11
109478.11
109478.11
109478.11
109478.11
109478.11
109478.11
109478.11
109478.11
109478.11
109478.1
109478.1
109478.1
109478.1
109478.1
109478.1
109478.1
109478.1
109478.1
109478.1
109478.1
109478.1
109478.1
109478.1
109478.1
109478.1
109478.1
109478.1
109478.1
109478.1
109478.1
109478.1
109478.1
109478.1
109478.1
109478.1
109478.1
109478.1
109478.1
109478.1
109478.1
109478.1
109478.1
109478.1
109478.1
109478.1
109478.1
109478.1
109478.1
109478.1
109478.1
109478.1
109478.1
109478.1
109478.1
109478.1
109478.1
109478.1
109478.1
109478.1
109478.1
109478.1
109478.1
109478.09
109478.09
109478.09
109478.09
109478.09
109478.09
109478.09
109478.09
109478.09
109478.09
109478.09
109478.09
109478.09
109478.09
109478.09
109478.09
109478.09
109478.09
109478.09
109478.09
109478.09
109478.09
109478.09
109478.09
109478.09
109478.09
109478.09
109478.09
109478.09
109478.09
109478.09
109478.09
109478.09
109478.09
109478.09
109478.09
109478.09
109478.09
109478.09
109478.09
109478.09
109478.09
109478.09
109478.08
109478.08
109478.08
109478.08
109478.08
109478.08
109478.08
109478.08
109478.08
109478.08
109478.08
109478.08
109478.08
109478.08
109478.08
109478.08
109478.08
109478.08
109478.08
109478.08
109478.08
109478.08
109478.08
109478.08
109478.08
109478.08
109478.08
109478.08
109478.08
109478.08
109478.08
109478.08
109478.08
109478.08
109478.08
109478.08
109478.08
109478.08
109478.08
109478.08
109478.08
109478.08
109478.08
109478.07
109478.07
109478.07
109478.07
109478.07
109478.07
109478.07
109478.07
109478.07
109478.07
109478.07
109478.07
109478.07
109478.07
109478.07
109478.07
109478.07
109478.07
109478.07
109478.07
109478.07
109478.07
109478.07
109478.07
109478.07
109478.07
109478.07
109478.07
109478.07
109478.07
109478.07
109478.07
109478.07
109478.07
109478.07
109478.07
109478.07
109478.07
109478.07
109478.07
109478.07
109478.07
109478.06
109478.06
109478.06
109478.06
109478.06
109478.06
109478.06
109478.06
109478.06
109478.06
109478.06
109478.06
109478.06
109478.06
109478.06
109478.06
109478.06
109478.06
109478.06
109478.06
109478.06
109478.06
109478.06
109478.06
109478.06
109478.06
109478.06
109478.06
109478.06
109478.06
109478.06
109478.06
109478.06
109478.06
109478.06
109478.06
109478.06
109478.06
109478.06
109478.05
109478.05
109478.05
109478.05
109478.05
109478.05
109478.05
109478.05
109478.05
109478.05
109478.05
109478.05
109478.05
109478.05
109478.05
109478.05
109478.05
109478.05
109478.05
109478.05
109478.05
109478.05
109478.05
109478.05
109478.05
109478.05
109478.05
109478.05
109478.05
109478.05
109478.05
109478.05
109478.05
109478.05
109478.05
109478.05
109478.05
109478.05
109478.05
109478.05
109478.04
109478.04
109478.04
109478.04
109478.04
109478.04
109478.04
109478.04
109478.04
109478.04
109478.04
109478.04
109478.04
109478.04
109478.04
109478.04
109478.04
109478.04
109478.04
109478.04
109478.04
109478.04
109478.04
109478.04
109478.04
109478.04
109478.04
109478.04
109478.04
109478.04
109478.04
109478.04
109478.04
109478.04
109478.04
109478.04
109478.04
109478.04
109478.03
109478.03
109478.03
109478.03
109478.03
109478.03
109478.03
109478.03
109478.03
109478.03
109478.03
109478.03
109478.03
109478.03
109478.03
109478.03
109478.03
109478.03
109478.03
109478.03
109478.03
109478.03
109478.03
109478.03
109478.03
109478.03
109478.03
109478.03
109478.03
109478.03
109478.03
109478.02
109478.02
109478.02
109478.02
109478.02
109478.02
109478.02
109478.02
109478.02
109478.02
109478.02
109478.02
109478.02
109478.02
109478.02
109478.02
109478.02
109478.02
109478.02
109478.02
109478.02
109478.02
109478.02
109478.02
109478.02
109478.02
109478.02
109478.02
109478.01
109478.01
109478.01
109478.01
109478.01
109478.01
109478.01
109478.01
109478.01
109478.01
109478.01
109478.01
109478.01
109478.01
109478.01
109478.01
109478.01
109478.01
109478.01
109478.01
109478.01
109478.01
109478.01
109478.01
109478.01
109478.01
109478.01
109478
109478
109478
109478
109478
109478
109478
109478
109478
109478
109478
109478
109478
109478
109478
109478
109478
109478
109478
109478
109478
109478
109478
109478
109478
109478
109478
109478
109478
109477.99
109477.99
109477.99
109477.99
109477.99
109477.99
109477.99
109477.99
109477.99
109477.99
109477.99
109477.99
109477.99
109477.99
109477.99
109477.99
109477.99
109477.99
109477.99
109477.99
109477.99
109477.99
109477.99
109477.99
109477.99
109477.99
109477.99
109477.99
109477.99
109477.99
109477.98
109477.98
109477.98
109477.98
109477.98
109477.98
109477.98
109477.98
109477.98
109477.98
109477.98
109477.98
109477.98
109477.98
109477.98
109477.98
109477.98
109477.98
109477.98
109477.98
109477.98
109477.98
109477.98
109477.98
109477.98
109477.98
109477.98
109477.97
109477.97
109477.97
109477.97
109477.97
109477.97
109477.97
109477.97
109477.97
109477.97
109477.97
109477.97
109477.97
109477.97
109477.97
109477.97
109477.97
109477.97
109477.97
109477.97
109477.97
109477.97
109477.97
109477.96
109477.96
109477.96
109477.96
109477.96
109477.96
109477.96
109477.96
109477.96
109477.96
109477.96
109477.96
109477.96
109477.96
109477.96
109477.96
109477.96
109477.96
109477.96
109477.96
109477.96
109477.96
109477.96
109477.95
109477.95
109477.95
109477.95
109477.95
109477.95
109477.95
109477.95
109477.95
109477.95
109477.95
109477.95
109477.95
109477.95
109477.95
109477.95
109477.95
109477.95
109477.95
109477.95
109477.95
109477.95
109477.95
109477.94
109477.94
109477.94
109477.94
109477.94
109477.94
109477.94
109477.94
109477.94
109477.94
109477.94
109477.94
109477.94
109477.94
109477.94
109477.94
109477.94
109477.94
109477.94
109477.94
109477.93
109477.93
109477.93
109477.93
109477.93
109477.93
109477.93
109477.93
109477.93
109477.93
109477.93
109477.93
109477.93
109477.93
109477.93
109477.93
109477.93
109477.93
109477.93
109477.93
109477.92
109477.92
109477.92
109477.92
109477.92
109477.92
109477.92
109477.92
109477.92
109477.92
109477.92
109477.92
109477.92
109477.92
109477.92
109477.92
109477.92
109477.92
109477.92
109477.92
109477.91
109477.91
109477.91
109477.91
109477.91
109477.91
109477.91
109477.91
109477.91
109477.91
109477.91
109477.91
109477.91
109477.91
109477.91
109477.91
109477.91
109477.91
109477.91
109477.91
109477.91
109477.9
109477.9
109477.9
109477.9
109477.9
109477.9
109477.9
109477.9
109477.9
109477.9
109477.9
109477.9
109477.9
109477.9
109477.9
109477.9
109477.9
109477.9
109477.9
109477.9
109477.89
109477.89
109477.89
109477.89
109477.89
109477.89
109477.89
109477.89
109477.89
109477.89
109477.89
109477.89
109477.89
109477.89
109477.89
109477.89
109477.89
109477.88
109477.88
109477.88
109477.88
109477.88
109477.88
109477.88
109477.88
109477.88
109477.88
109477.88
109477.88
109477.88
109477.88
109477.87
109477.87
109477.87
109477.87
109477.87
109477.87
109477.87
109477.87
109477.87
109477.87
109477.87
109477.87
109477.87
109477.87
109477.86
109477.86
109477.86
109477.86
109477.86
109477.86
109477.86
109477.86
109477.86
109477.86
109477.86
109477.86
109477.86
109477.86
109477.86
109477.85
109477.85
109477.85
109477.85
109477.85
109477.85
109477.85
109477.85
109477.85
109477.85
109477.85
109477.85
109477.85
109477.84
109477.84
109477.84
109477.84
109477.84
109477.84
109477.84
109477.84
109477.84
109477.84
109477.84
109477.84
109477.83
109477.83
109477.83
109477.83
109477.83
109477.83
109477.83
109477.83
109477.83
109477.83
109477.83
109477.82
109477.82
109477.82
109477.82
109477.82
109477.82
109477.82
109477.82
109477.82
109477.81
109477.81
109477.81
109477.81
109477.81
109477.81
109477.81
109477.8
109477.8
109477.8
109477.8
109477.8
109477.8
109477.8
109477.79
109477.79
109477.79
109477.79
109477.79
109477.78
109477.78
109477.78
109477.78
109477.78
109477.77
109477.77
109477.77
109477.77
109477.76
109477.76
109477.76
109477.76
109477.75
109477.75
109477.75
109477.75
109477.74
109477.74
109477.74
109477.73
109477.73
109477.73
109477.72
109477.72
109477.72
109477.71
109477.71
109477.7
109477.7
109477.69
109477.69
109477.69
109477.68
109477.68
109477.67
109477.67
109477.66
109477.65
109477.65
109477.64
109477.64
109477.63
109477.62
109477.62
109477.61
109477.6
109477.6
109477.59
109477.58
109477.57
109477.56
109477.55
109477.55
109477.54
109477.53
109477.52
109477.51
109477.49
109477.48
109477.47
109477.46
109477.45
109477.44
109477.42
109477.41
109477.39
109477.38
109477.36
109477.35
109477.33
109477.32
109477.3
109477.28
109477.26
109477.25
109477.23
109477.21
109477.18
109477.16
109477.14
109477.12
109477.1
109477.07
109477.05
109477.02
109476.99
109476.97
109476.94
109476.91
109476.88
109476.85
109476.82
109476.79
109476.75
109476.72
109476.68
109476.65
109476.61
109476.57
109476.53
109476.49
109476.45
109476.4
109476.36
109476.31
109476.26
109476.22
109476.17
109476.12
109476.06
109476.01
109475.95
109475.9
109475.84
109475.78
109475.71
109475.65
109475.59
109475.52
109475.45
109475.38
109475.31
109475.23
109475.15
109475.08
109475
109474.91
109474.83
109474.74
109474.65
109474.56
109474.47
109474.37
109474.28
109474.18
109474.08
109473.97
109473.86
109473.76
109473.64
109473.53
109473.41
109473.29
109473.17
109473.05
109472.92
109472.79
109472.66
109472.53
109472.39
109472.25
109472.11
109471.96
109471.81
109471.66
109471.51
109471.35
109471.19
109471.03
109470.87
109470.7
109470.53
109470.36
109470.18
109470
109469.82
109469.64
109469.45
109469.26
109469.07
109468.88
109468.68
109468.48
109468.28
109468.08
109467.87
109467.66
109467.45
109467.23
109467.02
109466.8
109466.58
109466.36
109466.13
109465.91
109465.68
109465.45
109465.21
109464.98
109464.74
109464.5
109464.27
109464.03
109463.79
109463.55
109463.31
109463.06
109462.81
109462.57
109462.33
109462.08
109461.83
109461.58
109461.33
109461.09
109460.84
109460.59
109460.34
109460.09
109459.84
109459.6
109459.35
109459.11
109458.86
109458.61
109458.37
109458.13
109457.89
109457.65
109457.41
109457.18
109456.94
109456.71
109456.48
109456.25
109456.03
109455.8
109455.58
109455.36
109455.14
109454.93
109454.72
109454.51
109454.3
109454.1
109453.9
109453.7
109453.51
109453.31
109453.12
109452.94
109452.75
109452.58
109452.4
109452.23
109452.06
109451.9
109451.74
109451.58
109451.42
109451.27
109451.12
109450.97
109450.83
109450.7
109450.56
109450.43
109450.3
109450.18
109450.05
109449.94
109449.82
109449.71
109449.6
109449.49
109449.39
109449.29
109449.19
109449.1
109449.01
109448.92
109448.83
109448.75
109448.67
109448.59
109448.51
109448.44
109448.36
109448.3
109448.23
109448.16
109448.1
109448.03
109447.97
109447.91
109447.86
109447.8
109447.74
109447.69
109447.64
109447.59
109447.54
109447.49
109447.44
109447.39
109447.34
109447.3
109447.25
109447.21
109447.17
109447.13
109447.09
109447.04
109447
109446.95
109446.91
109446.86
109446.82
109446.77
109446.73
109446.68
109446.64
109446.59
109446.54
109446.49
109446.44
109446.39
109446.34
109446.29
109446.24
109446.18
109446.13
109446.07
109446
109445.94
109445.87
109445.8
109445.73
109445.66
109445.58
109445.5
109445.42
109445.33
109445.25
109445.15
109445.06
109444.96
109444.86
109444.75
109444.64
109444.53
109444.41
109444.29
109444.16
109444.03
109443.89
109443.75
109443.6
109443.45
109443.29
109443.12
109442.95
109442.77
109442.58
109442.38
109442.18
109441.97
109441.75
109441.52
109441.29
109441.04
109440.78
109440.52
109440.24
109439.95
109439.65
109439.34
109439.02
109438.68
109438.33
109437.97
109437.59
109437.19
109436.78
109436.36
109435.92
109435.46
109434.98
109434.48
109433.97
109433.43
109432.87
109432.29
109431.69
109431.07
109430.42
109429.74
109429.04
109428.31
109427.56
109426.77
109425.95
109425.1
109424.23
109423.34
)
;

boundaryField
{
    leftSide
    {
        type            waveTransmissive;
        gamma           1.4;
        value           uniform 115550.1;
    }
    rightSide
    {
        type            waveTransmissive;
        gamma           1.4;
        value           uniform 109422.88;
    }
    emptywalls
    {
        type            empty;
    }
}


// ************************************************************************* //
