/*--------------------------------*- C++ -*----------------------------------*\
  =========                 |
  \\      /  F ield         | OpenFOAM: The Open Source CFD Toolbox
   \\    /   O peration     | Website:  https://openfoam.org
    \\  /    A nd           | Version:  7
     \\/     M anipulation  |
\*---------------------------------------------------------------------------*/
FoamFile
{
    version     2.0;
    format      ascii;
    class       volScalarField;
    location    "0.00212";
    object      rho;
}
// * * * * * * * * * * * * * * * * * * * * * * * * * * * * * * * * * * * * * //

dimensions      [1 -3 0 0 0 0 0];

internalField   nonuniform List<scalar> 
5000
(
1.2479585
1.2479585
1.2479588
1.2479591
1.2479594
1.2479595
1.2479597
1.2479598
1.2479598
1.2479599
1.2479599
1.24796
1.24796
1.24796
1.24796
1.24796
1.24796
1.24796
1.24796
1.2479601
1.2479601
1.2479601
1.2479601
1.2479601
1.2479601
1.2479601
1.2479601
1.2479601
1.2479601
1.2479601
1.2479601
1.2479601
1.2479601
1.2479601
1.2479602
1.2479602
1.2479602
1.2479602
1.2479602
1.2479602
1.2479602
1.2479602
1.2479602
1.2479602
1.2479602
1.2479602
1.2479602
1.2479602
1.2479602
1.2479602
1.2479602
1.2479603
1.2479603
1.2479603
1.2479603
1.2479603
1.2479603
1.2479603
1.2479603
1.2479603
1.2479603
1.2479603
1.2479603
1.2479603
1.2479603
1.2479603
1.2479603
1.2479603
1.2479603
1.2479603
1.2479604
1.2479604
1.2479604
1.2479604
1.2479604
1.2479604
1.2479604
1.2479604
1.2479604
1.2479604
1.2479604
1.2479604
1.2479604
1.2479604
1.2479604
1.2479604
1.2479604
1.2479604
1.2479604
1.2479604
1.2479604
1.2479605
1.2479605
1.2479605
1.2479605
1.2479605
1.2479605
1.2479605
1.2479605
1.2479605
1.2479605
1.2479605
1.2479605
1.2479605
1.2479605
1.2479605
1.2479605
1.2479605
1.2479605
1.2479605
1.2479605
1.2479606
1.2479606
1.2479606
1.2479606
1.2479606
1.2479606
1.2479606
1.2479606
1.2479606
1.2479606
1.2479606
1.2479606
1.2479606
1.2479606
1.2479606
1.2479606
1.2479606
1.2479606
1.2479607
1.2479607
1.2479607
1.2479607
1.2479607
1.2479607
1.2479607
1.2479607
1.2479607
1.2479607
1.2479607
1.2479607
1.2479607
1.2479607
1.2479607
1.2479607
1.2479607
1.2479608
1.2479608
1.2479608
1.2479608
1.2479608
1.2479608
1.2479608
1.2479608
1.2479608
1.2479608
1.2479608
1.2479608
1.2479608
1.2479608
1.2479609
1.2479609
1.2479609
1.2479609
1.2479609
1.2479609
1.2479609
1.2479609
1.2479609
1.2479609
1.2479609
1.2479609
1.2479609
1.247961
1.247961
1.247961
1.247961
1.247961
1.247961
1.247961
1.247961
1.247961
1.247961
1.247961
1.247961
1.247961
1.2479611
1.2479611
1.2479611
1.2479611
1.2479611
1.2479611
1.2479611
1.2479611
1.2479611
1.2479611
1.2479611
1.2479612
1.2479612
1.2479612
1.2479612
1.2479612
1.2479612
1.2479612
1.2479612
1.2479612
1.2479612
1.2479613
1.2479613
1.2479613
1.2479613
1.2479613
1.2479613
1.2479613
1.2479613
1.2479613
1.2479613
1.2479614
1.2479614
1.2479614
1.2479614
1.2479614
1.2479614
1.2479614
1.2479614
1.2479615
1.2479615
1.2479615
1.2479615
1.2479615
1.2479615
1.2479615
1.2479615
1.2479615
1.2479616
1.2479616
1.2479616
1.2479616
1.2479616
1.2479616
1.2479616
1.2479617
1.2479617
1.2479617
1.2479617
1.2479617
1.2479617
1.2479617
1.2479617
1.2479618
1.2479618
1.2479618
1.2479618
1.2479618
1.2479618
1.2479618
1.2479619
1.2479619
1.2479619
1.2479619
1.2479619
1.2479619
1.247962
1.247962
1.247962
1.247962
1.247962
1.247962
1.247962
1.2479621
1.2479621
1.2479621
1.2479621
1.2479621
1.2479621
1.2479622
1.2479622
1.2479622
1.2479622
1.2479622
1.2479623
1.2479623
1.2479623
1.2479623
1.2479623
1.2479623
1.2479624
1.2479624
1.2479624
1.2479624
1.2479624
1.2479625
1.2479625
1.2479625
1.2479625
1.2479625
1.2479626
1.2479626
1.2479626
1.2479626
1.2479626
1.2479627
1.2479627
1.2479627
1.2479627
1.2479628
1.2479628
1.2479628
1.2479628
1.2479628
1.2479629
1.2479629
1.2479629
1.2479629
1.247963
1.247963
1.247963
1.247963
1.2479631
1.2479631
1.2479631
1.2479631
1.2479632
1.2479632
1.2479632
1.2479632
1.2479633
1.2479633
1.2479633
1.2479633
1.2479634
1.2479634
1.2479634
1.2479635
1.2479635
1.2479635
1.2479635
1.2479636
1.2479636
1.2479636
1.2479637
1.2479637
1.2479637
1.2479637
1.2479638
1.2479638
1.2479638
1.2479639
1.2479639
1.2479639
1.247964
1.247964
1.247964
1.2479641
1.2479641
1.2479641
1.2479641
1.2479642
1.2479642
1.2479642
1.2479643
1.2479643
1.2479644
1.2479644
1.2479644
1.2479645
1.2479645
1.2479645
1.2479646
1.2479646
1.2479646
1.2479647
1.2479647
1.2479647
1.2479648
1.2479648
1.2479649
1.2479649
1.2479649
1.247965
1.247965
1.2479651
1.2479651
1.2479651
1.2479652
1.2479652
1.2479653
1.2479653
1.2479653
1.2479654
1.2479654
1.2479655
1.2479655
1.2479655
1.2479656
1.2479656
1.2479657
1.2479657
1.2479658
1.2479658
1.2479658
1.2479659
1.2479659
1.247966
1.247966
1.2479661
1.2479661
1.2479662
1.2479662
1.2479663
1.2479663
1.2479664
1.2479664
1.2479665
1.2479665
1.2479666
1.2479666
1.2479667
1.2479667
1.2479668
1.2479668
1.2479669
1.2479669
1.247967
1.247967
1.2479671
1.2479671
1.2479672
1.2479672
1.2479673
1.2479673
1.2479674
1.2479674
1.2479675
1.2479676
1.2479676
1.2479677
1.2479677
1.2479678
1.2479678
1.2479679
1.247968
1.247968
1.2479681
1.2479681
1.2479682
1.2479683
1.2479683
1.2479684
1.2479684
1.2479685
1.2479686
1.2479686
1.2479687
1.2479688
1.2479688
1.2479689
1.2479689
1.247969
1.2479691
1.2479691
1.2479692
1.2479693
1.2479693
1.2479694
1.2479695
1.2479696
1.2479696
1.2479697
1.2479698
1.2479698
1.2479699
1.24797
1.2479701
1.2479701
1.2479702
1.2479703
1.2479703
1.2479704
1.2479705
1.2479706
1.2479706
1.2479707
1.2479708
1.2479709
1.247971
1.247971
1.2479711
1.2479712
1.2479713
1.2479714
1.2479715
1.2479715
1.2479716
1.2479717
1.2479718
1.2479719
1.247972
1.247972
1.2479721
1.2479722
1.2479723
1.2479724
1.2479725
1.2479726
1.2479727
1.2479728
1.2479729
1.247973
1.2479731
1.2479732
1.2479733
1.2479733
1.2479734
1.2479735
1.2479736
1.2479737
1.2479739
1.247974
1.2479741
1.2479742
1.2479743
1.2479744
1.2479745
1.2479746
1.2479747
1.2479748
1.2479749
1.247975
1.2479752
1.2479753
1.2479754
1.2479755
1.2479756
1.2479758
1.2479759
1.247976
1.2479761
1.2479763
1.2479764
1.2479765
1.2479767
1.2479768
1.2479769
1.2479771
1.2479772
1.2479774
1.2479775
1.2479777
1.2479778
1.247978
1.2479781
1.2479783
1.2479784
1.2479786
1.2479788
1.2479789
1.2479791
1.2479793
1.2479795
1.2479797
1.2479799
1.24798
1.2479802
1.2479804
1.2479806
1.2479809
1.2479811
1.2479813
1.2479815
1.2479817
1.247982
1.2479822
1.2479824
1.2479827
1.247983
1.2479832
1.2479835
1.2479838
1.247984
1.2479843
1.2479846
1.2479849
1.2479853
1.2479856
1.2479859
1.2479863
1.2479866
1.247987
1.2479873
1.2479877
1.2479881
1.2479885
1.247989
1.2479894
1.2479898
1.2479903
1.2479908
1.2479913
1.2479918
1.2479923
1.2479928
1.2479934
1.2479939
1.2479945
1.2479951
1.2479958
1.2479964
1.2479971
1.2479978
1.2479985
1.2479992
1.248
1.2480007
1.2480015
1.2480024
1.2480032
1.2480041
1.2480051
1.248006
1.248007
1.248008
1.2480091
1.2480102
1.2480113
1.2480124
1.2480136
1.2480149
1.2480161
1.2480175
1.2480188
1.2480202
1.2480217
1.2480232
1.2480247
1.2480263
1.248028
1.2480297
1.2480315
1.2480333
1.2480352
1.2480371
1.2480391
1.2480412
1.2480433
1.2480455
1.2480478
1.2480501
1.2480526
1.2480551
1.2480577
1.2480603
1.2480631
1.2480659
1.2480688
1.2480718
1.2480749
1.2480781
1.2480814
1.2480848
1.2480883
1.248092
1.2480957
1.2480995
1.2481035
1.2481076
1.2481118
1.2481161
1.2481205
1.2481251
1.2481298
1.2481347
1.2481397
1.2481448
1.2481501
1.2481556
1.2481612
1.2481669
1.2481728
1.2481789
1.2481852
1.2481916
1.2481983
1.2482051
1.2482121
1.2482193
1.2482266
1.2482342
1.248242
1.24825
1.2482582
1.2482667
1.2482753
1.2482842
1.2482933
1.2483027
1.2483123
1.2483222
1.2483323
1.2483426
1.2483533
1.2483642
1.2483753
1.2483868
1.2483985
1.2484106
1.2484229
1.2484355
1.2484485
1.2484617
1.2484753
1.2484892
1.2485034
1.248518
1.2485329
1.2485482
1.2485638
1.2485798
1.2485961
1.2486128
1.2486299
1.2486474
1.2486652
1.2486835
1.2487022
1.2487213
1.2487408
1.2487607
1.2487811
1.2488019
1.2488231
1.2488448
1.2488669
1.2488895
1.2489126
1.2489361
1.2489602
1.2489847
1.2490097
1.2490352
1.2490612
1.2490878
1.2491149
1.2491425
1.2491706
1.2491993
1.2492285
1.2492583
1.2492886
1.2493195
1.249351
1.2493831
1.2494157
1.2494489
1.2494828
1.2495172
1.2495523
1.249588
1.2496243
1.2496613
1.2496989
1.2497371
1.249776
1.2498155
1.2498557
1.2498966
1.2499382
1.2499804
1.2500233
1.2500669
1.2501113
1.2501563
1.250202
1.2502485
1.2502956
1.2503435
1.2503921
1.2504415
1.2504916
1.2505425
1.2505941
1.2506465
1.2506996
1.2507535
1.2508082
1.2508637
1.2509199
1.2509769
1.2510347
1.2510933
1.2511528
1.251213
1.251274
1.2513358
1.2513985
1.251462
1.2515263
1.2515914
1.2516573
1.2517241
1.2517917
1.2518602
1.2519295
1.2519997
1.2520707
1.2521425
1.2522152
1.2522888
1.2523632
1.2524385
1.2525147
1.2525917
1.2526696
1.2527483
1.252828
1.2529085
1.2529898
1.2530721
1.2531552
1.2532392
1.2533241
1.2534099
1.2534965
1.2535841
1.2536725
1.2537618
1.253852
1.2539431
1.254035
1.2541279
1.2542216
1.2543162
1.2544117
1.2545081
1.2546054
1.2547035
1.2548026
1.2549025
1.2550033
1.255105
1.2552075
1.255311
1.2554153
1.2555205
1.2556266
1.2557336
1.2558414
1.2559501
1.2560597
1.2561701
1.2562814
1.2563936
1.2565066
1.2566205
1.2567353
1.2568509
1.2569673
1.2570846
1.2572028
1.2573218
1.2574417
1.2575624
1.2576839
1.2578063
1.2579295
1.2580535
1.2581783
1.258304
1.2584305
1.2585578
1.2586859
1.2588149
1.2589446
1.2590752
1.2592065
1.2593386
1.2594716
1.2596053
1.2597398
1.2598751
1.2600111
1.2601479
1.2602855
1.2604239
1.260563
1.2607029
1.2608436
1.2609849
1.2611271
1.2612699
1.2614135
1.2615579
1.2617029
1.2618487
1.2619952
1.2621424
1.2622903
1.2624389
1.2625883
1.2627383
1.262889
1.2630404
1.2631924
1.2633452
1.2634986
1.2636527
1.2638074
1.2639628
1.2641189
1.2642756
1.2644329
1.2645909
1.2647495
1.2649087
1.2650686
1.2652291
1.2653902
1.2655518
1.2657141
1.265877
1.2660405
1.2662046
1.2663692
1.2665345
1.2667003
1.2668666
1.2670336
1.2672011
1.2673691
1.2675377
1.2677068
1.2678765
1.2680467
1.2682174
1.2683886
1.2685604
1.2687326
1.2689054
1.2690787
1.2692525
1.2694267
1.2696015
1.2697767
1.2699524
1.2701286
1.2703052
1.2704823
1.2706598
1.2708378
1.2710163
1.2711952
1.2713745
1.2715542
1.2717344
1.271915
1.272096
1.2722774
1.2724592
1.2726414
1.272824
1.273007
1.2731904
1.2733741
1.2735583
1.2737428
1.2739276
1.2741128
1.2742984
1.2744844
1.2746706
1.2748572
1.2750442
1.2752314
1.275419
1.275607
1.2757952
1.2759837
1.2761726
1.2763617
1.2765512
1.2767409
1.2769309
1.2771212
1.2773118
1.2775026
1.2776937
1.2778851
1.2780767
1.2782686
1.2784607
1.2786531
1.2788457
1.2790386
1.2792316
1.2794249
1.2796184
1.2798122
1.2800061
1.2802003
1.2803946
1.2805891
1.2807839
1.2809788
1.2811739
1.2813692
1.2815646
1.2817602
1.281956
1.2821519
1.282348
1.2825443
1.2827407
1.2829372
1.2831339
1.2833307
1.2835276
1.2837246
1.2839218
1.2841191
1.2843165
1.284514
1.2847116
1.2849093
1.285107
1.2853049
1.2855029
1.2857009
1.285899
1.2860972
1.2862954
1.2864937
1.2866921
1.2868905
1.287089
1.2872875
1.287486
1.2876846
1.2878832
1.2880818
1.2882804
1.2884791
1.2886778
1.2888765
1.2890752
1.2892739
1.2894726
1.2896712
1.2898699
1.2900685
1.2902672
1.2904658
1.2906643
1.2908629
1.2910614
1.2912598
1.2914582
1.2916566
1.2918549
1.2920531
1.2922513
1.2924494
1.2926474
1.2928454
1.2930432
1.293241
1.2934387
1.2936363
1.2938338
1.2940312
1.2942285
1.2944257
1.2946227
1.2948197
1.2950165
1.2952132
1.2954097
1.2956061
1.2958024
1.2959985
1.2961945
1.2963903
1.296586
1.2967815
1.2969768
1.297172
1.297367
1.2975618
1.2977564
1.2979509
1.2981451
1.2983391
1.298533
1.2987266
1.2989201
1.2991133
1.2993063
1.2994991
1.2996916
1.2998839
1.300076
1.3002678
1.3004594
1.3006508
1.3008419
1.3010327
1.3012233
1.3014136
1.3016037
1.3017935
1.3019829
1.3021722
1.3023611
1.3025497
1.3027381
1.3029261
1.3031138
1.3033013
1.3034884
1.3036752
1.3038617
1.3040478
1.3042336
1.3044191
1.3046043
1.3047891
1.3049735
1.3051577
1.3053414
1.3055248
1.3057079
1.3058905
1.3060728
1.3062547
1.3064363
1.3066174
1.3067982
1.3069786
1.3071585
1.3073381
1.3075173
1.307696
1.3078744
1.3080523
1.3082298
1.3084068
1.3085835
1.3087597
1.3089354
1.3091108
1.3092856
1.30946
1.309634
1.3098075
1.3099805
1.3101531
1.3103252
1.3104968
1.3106679
1.3108386
1.3110087
1.3111784
1.3113475
1.3115162
1.3116843
1.311852
1.3120191
1.3121857
1.3123518
1.3125173
1.3126824
1.3128468
1.3130108
1.3131742
1.3133371
1.3134994
1.3136611
1.3138223
1.3139829
1.314143
1.3143025
1.3144614
1.3146197
1.3147775
1.3149346
1.3150912
1.3152472
1.3154026
1.3155574
1.3157116
1.3158651
1.3160181
1.3161704
1.3163221
1.3164732
1.3166237
1.3167735
1.3169227
1.3170713
1.3172192
1.3173665
1.3175132
1.3176591
1.3178045
1.3179491
1.3180931
1.3182365
1.3183792
1.3185212
1.3186625
1.3188031
1.3189431
1.3190824
1.319221
1.3193589
1.3194961
1.3196327
1.3197685
1.3199036
1.320038
1.3201718
1.3203048
1.3204371
1.3205686
1.3206995
1.3208296
1.3209591
1.3210877
1.3212157
1.321343
1.3214695
1.3215952
1.3217203
1.3218446
1.3219681
1.3220909
1.322213
1.3223343
1.3224549
1.3225747
1.3226938
1.3228121
1.3229297
1.3230465
1.3231625
1.3232778
1.3233923
1.3235061
1.3236191
1.3237313
1.3238428
1.3239535
1.3240634
1.3241725
1.3242809
1.3243885
1.3244954
1.3246014
1.3247067
1.3248112
1.3249149
1.3250179
1.3251201
1.3252215
1.3253221
1.325422
1.325521
1.3256193
1.3257168
1.3258135
1.3259095
1.3260047
1.326099
1.3261927
1.3262855
1.3263775
1.3264688
1.3265593
1.3266491
1.326738
1.3268262
1.3269136
1.3270002
1.3270861
1.3271712
1.3272555
1.327339
1.3274218
1.3275038
1.327585
1.3276655
1.3277452
1.3278242
1.3279024
1.3279798
1.3280565
1.3281324
1.3282076
1.3282821
1.3283557
1.3284287
1.3285009
1.3285723
1.328643
1.328713
1.3287822
1.3288507
1.3289185
1.3289855
1.3290519
1.3291175
1.3291823
1.3292465
1.3293099
1.3293727
1.3294347
1.3294961
1.3295567
1.3296166
1.3296759
1.3297344
1.3297923
1.3298494
1.3299059
1.3299618
1.3300169
1.3300714
1.3301252
1.3301783
1.3302308
1.3302826
1.3303338
1.3303843
1.3304342
1.3304835
1.3305321
1.3305801
1.3306274
1.3306742
1.3307203
1.3307658
1.3308107
1.330855
1.3308987
1.3309417
1.3309842
1.3310262
1.3310675
1.3311082
1.3311484
1.331188
1.331227
1.3312655
1.3313034
1.3313408
1.3313776
1.3314139
1.3314497
1.3314849
1.3315196
1.3315537
1.3315874
1.3316205
1.3316531
1.3316852
1.3317169
1.331748
1.3317786
1.3318088
1.3318385
1.3318677
1.3318964
1.3319247
1.3319525
1.3319799
1.3320068
1.3320332
1.3320593
1.3320849
1.33211
1.3321348
1.3321591
1.332183
1.3322065
1.3322296
1.3322523
1.3322745
1.3322964
1.332318
1.3323391
1.3323599
1.3323802
1.3324003
1.3324199
1.3324392
1.3324582
1.3324768
1.332495
1.3325129
1.3325305
1.3325478
1.3325647
1.3325813
1.3325976
1.3326136
1.3326292
1.3326446
1.3326597
1.3326744
1.3326889
1.3327031
1.332717
1.3327307
1.3327441
1.3327572
1.33277
1.3327826
1.3327949
1.332807
1.3328188
1.3328304
1.3328417
1.3328528
1.3328637
1.3328743
1.3328847
1.3328949
1.3329049
1.3329146
1.3329242
1.3329335
1.3329427
1.3329516
1.3329603
1.3329689
1.3329773
1.3329854
1.3329934
1.3330013
1.3330089
1.3330164
1.3330237
1.3330308
1.3330378
1.3330446
1.3330512
1.3330577
1.3330641
1.3330703
1.3330763
1.3330822
1.333088
1.3330936
1.3330991
1.3331045
1.3331097
1.3331149
1.3331199
1.3331247
1.3331295
1.3331341
1.3331386
1.333143
1.3331473
1.3331515
1.3331556
1.3331596
1.3331635
1.3331672
1.3331709
1.3331745
1.333178
1.3331814
1.3331848
1.333188
1.3331911
1.3331942
1.3331972
1.3332001
1.333203
1.3332057
1.3332084
1.333211
1.3332136
1.333216
1.3332185
1.3332208
1.3332231
1.3332253
1.3332275
1.3332296
1.3332316
1.3332336
1.3332355
1.3332374
1.3332392
1.333241
1.3332427
1.3332444
1.333246
1.3332476
1.3332491
1.3332506
1.3332521
1.3332535
1.3332548
1.3332562
1.3332575
1.3332587
1.3332599
1.3332611
1.3332622
1.3332634
1.3332644
1.3332655
1.3332665
1.3332675
1.3332684
1.3332694
1.3332702
1.3332711
1.333272
1.3332728
1.3332736
1.3332743
1.3332751
1.3332758
1.3332765
1.3332772
1.3332778
1.3332784
1.3332791
1.3332796
1.3332802
1.3332808
1.3332813
1.3332818
1.3332823
1.3332828
1.3332833
1.3332837
1.3332842
1.3332846
1.333285
1.3332854
1.3332858
1.3332862
1.3332865
1.3332869
1.3332872
1.3332876
1.3332879
1.3332882
1.3332885
1.3332887
1.333289
1.3332893
1.3332895
1.3332898
1.33329
1.3332902
1.3332905
1.3332907
1.3332909
1.3332911
1.3332913
1.3332914
1.3332916
1.3332918
1.3332919
1.3332921
1.3332923
1.3332924
1.3332925
1.3332927
1.3332928
1.3332929
1.333293
1.3332932
1.3332933
1.3332934
1.3332935
1.3332936
1.3332937
1.3332938
1.3332938
1.3332939
1.333294
1.3332941
1.3332942
1.3332942
1.3332943
1.3332944
1.3332944
1.3332945
1.3332945
1.3332946
1.3332946
1.3332947
1.3332947
1.3332947
1.3332948
1.3332948
1.3332949
1.3332949
1.3332949
1.333295
1.333295
1.333295
1.3332951
1.3332951
1.3332951
1.3332951
1.3332952
1.3332952
1.3332952
1.3332952
1.3332952
1.3332952
1.3332952
1.3332953
1.3332953
1.3332953
1.3332953
1.3332953
1.3332953
1.3332953
1.3332953
1.3332953
1.3332953
1.3332953
1.3332954
1.3332954
1.3332954
1.3332954
1.3332954
1.3332954
1.3332954
1.3332954
1.3332954
1.3332954
1.3332954
1.3332954
1.3332954
1.3332954
1.3332954
1.3332953
1.3332953
1.3332953
1.3332953
1.3332953
1.3332953
1.3332953
1.3332953
1.3332953
1.3332953
1.3332953
1.3332953
1.3332953
1.3332953
1.3332953
1.3332953
1.3332953
1.3332953
1.3332952
1.3332952
1.3332952
1.3332952
1.3332952
1.3332952
1.3332952
1.3332952
1.3332952
1.3332952
1.3332952
1.3332952
1.3332951
1.3332951
1.3332951
1.3332951
1.3332951
1.3332951
1.3332951
1.3332951
1.3332951
1.3332951
1.3332951
1.333295
1.333295
1.333295
1.333295
1.333295
1.333295
1.333295
1.333295
1.333295
1.333295
1.3332949
1.3332949
1.3332949
1.3332949
1.3332949
1.3332949
1.3332949
1.3332949
1.3332948
1.3332948
1.3332948
1.3332948
1.3332948
1.3332948
1.3332948
1.3332948
1.3332948
1.3332947
1.3332947
1.3332947
1.3332947
1.3332947
1.3332947
1.3332947
1.3332947
1.3332946
1.3332946
1.3332946
1.3332946
1.3332946
1.3332946
1.3332946
1.3332946
1.3332946
1.3332945
1.3332945
1.3332945
1.3332945
1.3332945
1.3332945
1.3332945
1.3332945
1.3332945
1.3332944
1.3332944
1.3332944
1.3332944
1.3332944
1.3332944
1.3332944
1.3332943
1.3332943
1.3332943
1.3332943
1.3332943
1.3332943
1.3332943
1.3332943
1.3332942
1.3332942
1.3332942
1.3332942
1.3332942
1.3332942
1.3332942
1.3332941
1.3332941
1.3332941
1.3332941
1.3332941
1.3332941
1.3332941
1.3332941
1.333294
1.333294
1.333294
1.333294
1.333294
1.333294
1.333294
1.3332939
1.3332939
1.3332939
1.3332939
1.3332939
1.3332939
1.3332939
1.3332939
1.3332939
1.3332938
1.3332938
1.3332938
1.3332938
1.3332938
1.3332938
1.3332938
1.3332937
1.3332937
1.3332937
1.3332937
1.3332937
1.3332937
1.3332936
1.3332936
1.3332936
1.3332936
1.3332936
1.3332936
1.3332936
1.3332935
1.3332935
1.3332935
1.3332935
1.3332935
1.3332935
1.3332935
1.3332935
1.3332934
1.3332934
1.3332934
1.3332934
1.3332934
1.3332934
1.3332934
1.3332933
1.3332933
1.3332933
1.3332933
1.3332933
1.3332933
1.3332933
1.3332932
1.3332932
1.3332932
1.3332932
1.3332932
1.3332932
1.3332931
1.3332931
1.3332931
1.3332931
1.3332931
1.3332931
1.3332931
1.333293
1.333293
1.333293
1.333293
1.333293
1.333293
1.3332929
1.3332929
1.3332929
1.3332929
1.3332929
1.3332929
1.3332928
1.3332928
1.3332928
1.3332928
1.3332928
1.3332928
1.3332928
1.3332927
1.3332927
1.3332927
1.3332927
1.3332927
1.3332927
1.3332927
1.3332926
1.3332926
1.3332926
1.3332926
1.3332926
1.3332926
1.3332925
1.3332925
1.3332925
1.3332925
1.3332925
1.3332925
1.3332924
1.3332924
1.3332924
1.3332924
1.3332924
1.3332924
1.3332923
1.3332923
1.3332923
1.3332923
1.3332923
1.3332923
1.3332922
1.3332922
1.3332922
1.3332922
1.3332922
1.3332922
1.3332921
1.3332921
1.3332921
1.3332921
1.3332921
1.3332921
1.333292
1.333292
1.333292
1.333292
1.333292
1.333292
1.3332919
1.3332919
1.3332919
1.3332919
1.3332919
1.3332919
1.3332918
1.3332918
1.3332918
1.3332918
1.3332918
1.3332917
1.3332917
1.3332917
1.3332917
1.3332917
1.3332917
1.3332916
1.3332916
1.3332916
1.3332916
1.3332916
1.3332916
1.3332915
1.3332915
1.3332915
1.3332915
1.3332915
1.3332914
1.3332914
1.3332914
1.3332914
1.3332914
1.3332914
1.3332913
1.3332913
1.3332913
1.3332913
1.3332913
1.3332912
1.3332912
1.3332912
1.3332912
1.3332912
1.3332911
1.3332911
1.3332911
1.3332911
1.3332911
1.333291
1.333291
1.333291
1.333291
1.333291
1.333291
1.3332909
1.3332909
1.3332909
1.3332909
1.3332909
1.3332908
1.3332908
1.3332908
1.3332908
1.3332908
1.3332907
1.3332907
1.3332907
1.3332907
1.3332907
1.3332907
1.3332906
1.3332906
1.3332906
1.3332906
1.3332905
1.3332905
1.3332905
1.3332905
1.3332905
1.3332904
1.3332904
1.3332904
1.3332904
1.3332904
1.3332903
1.3332903
1.3332903
1.3332903
1.3332903
1.3332902
1.3332902
1.3332902
1.3332902
1.3332902
1.3332901
1.3332901
1.3332901
1.3332901
1.3332901
1.33329
1.33329
1.33329
1.33329
1.33329
1.3332899
1.3332899
1.3332899
1.3332899
1.3332898
1.3332898
1.3332898
1.3332898
1.3332898
1.3332897
1.3332897
1.3332897
1.3332897
1.3332896
1.3332896
1.3332896
1.3332896
1.3332896
1.3332895
1.3332895
1.3332895
1.3332895
1.3332895
1.3332894
1.3332894
1.3332894
1.3332894
1.3332893
1.3332893
1.3332893
1.3332893
1.3332892
1.3332892
1.3332892
1.3332892
1.3332891
1.3332891
1.3332891
1.3332891
1.3332891
1.333289
1.333289
1.333289
1.333289
1.3332889
1.3332889
1.3332889
1.3332889
1.3332888
1.3332888
1.3332888
1.3332888
1.3332887
1.3332887
1.3332887
1.3332887
1.3332886
1.3332886
1.3332886
1.3332886
1.3332885
1.3332885
1.3332885
1.3332885
1.3332884
1.3332884
1.3332884
1.3332884
1.3332884
1.3332883
1.3332883
1.3332883
1.3332882
1.3332882
1.3332882
1.3332882
1.3332881
1.3332881
1.3332881
1.3332881
1.333288
1.333288
1.333288
1.333288
1.3332879
1.3332879
1.3332879
1.3332878
1.3332878
1.3332878
1.3332878
1.3332877
1.3332877
1.3332877
1.3332877
1.3332876
1.3332876
1.3332876
1.3332876
1.3332875
1.3332875
1.3332875
1.3332874
1.3332874
1.3332874
1.3332874
1.3332873
1.3332873
1.3332873
1.3332872
1.3332872
1.3332872
1.3332872
1.3332871
1.3332871
1.3332871
1.3332871
1.333287
1.333287
1.333287
1.3332869
1.3332869
1.3332869
1.3332868
1.3332868
1.3332868
1.3332868
1.3332867
1.3332867
1.3332867
1.3332866
1.3332866
1.3332866
1.3332866
1.3332865
1.3332865
1.3332865
1.3332864
1.3332864
1.3332864
1.3332863
1.3332863
1.3332863
1.3332863
1.3332862
1.3332862
1.3332862
1.3332861
1.3332861
1.3332861
1.333286
1.333286
1.333286
1.3332859
1.3332859
1.3332859
1.3332858
1.3332858
1.3332858
1.3332857
1.3332857
1.3332857
1.3332857
1.3332856
1.3332856
1.3332856
1.3332855
1.3332855
1.3332855
1.3332854
1.3332854
1.3332854
1.3332853
1.3332853
1.3332853
1.3332852
1.3332852
1.3332852
1.3332851
1.3332851
1.3332851
1.333285
1.333285
1.333285
1.3332849
1.3332849
1.3332848
1.3332848
1.3332848
1.3332847
1.3332847
1.3332847
1.3332846
1.3332846
1.3332846
1.3332845
1.3332845
1.3332845
1.3332844
1.3332844
1.3332844
1.3332843
1.3332843
1.3332843
1.3332842
1.3332842
1.3332841
1.3332841
1.3332841
1.333284
1.333284
1.333284
1.3332839
1.3332839
1.3332838
1.3332838
1.3332838
1.3332837
1.3332837
1.3332837
1.3332836
1.3332836
1.3332835
1.3332835
1.3332835
1.3332834
1.3332834
1.3332834
1.3332833
1.3332833
1.3332832
1.3332832
1.3332832
1.3332831
1.3332831
1.333283
1.333283
1.333283
1.3332829
1.3332829
1.3332828
1.3332828
1.3332828
1.3332827
1.3332827
1.3332826
1.3332826
1.3332825
1.3332825
1.3332825
1.3332824
1.3332824
1.3332823
1.3332823
1.3332823
1.3332822
1.3332822
1.3332821
1.3332821
1.3332821
1.333282
1.333282
1.3332819
1.3332819
1.3332818
1.3332818
1.3332817
1.3332817
1.3332816
1.3332816
1.3332816
1.3332815
1.3332815
1.3332814
1.3332814
1.3332813
1.3332813
1.3332812
1.3332812
1.3332812
1.3332811
1.3332811
1.333281
1.333281
1.3332809
1.3332809
1.3332808
1.3332808
1.3332807
1.3332807
1.3332806
1.3332806
1.3332805
1.3332805
1.3332804
1.3332804
1.3332803
1.3332803
1.3332802
1.3332802
1.3332801
1.3332801
1.33328
1.33328
1.3332799
1.3332799
1.3332798
1.3332798
1.3332797
1.3332797
1.3332796
1.3332796
1.3332795
1.3332795
1.3332794
1.3332794
1.3332793
1.3332792
1.3332792
1.3332791
1.3332791
1.333279
1.333279
1.3332789
1.3332789
1.3332788
1.3332788
1.3332787
1.3332786
1.3332786
1.3332785
1.3332785
1.3332784
1.3332784
1.3332783
1.3332782
1.3332782
1.3332781
1.3332781
1.333278
1.333278
1.3332779
1.3332778
1.3332778
1.3332777
1.3332777
1.3332776
1.3332775
1.3332775
1.3332774
1.3332774
1.3332773
1.3332772
1.3332772
1.3332771
1.333277
1.333277
1.3332769
1.3332769
1.3332768
1.3332767
1.3332767
1.3332766
1.3332765
1.3332765
1.3332764
1.3332763
1.3332763
1.3332762
1.3332761
1.3332761
1.333276
1.3332759
1.3332759
1.3332758
1.3332757
1.3332757
1.3332756
1.3332755
1.3332755
1.3332754
1.3332753
1.3332753
1.3332752
1.3332751
1.333275
1.333275
1.3332749
1.3332748
1.3332747
1.3332747
1.3332746
1.3332745
1.3332744
1.3332744
1.3332743
1.3332742
1.3332742
1.3332741
1.333274
1.3332739
1.3332739
1.3332738
1.3332737
1.3332736
1.3332735
1.3332735
1.3332734
1.3332733
1.3332732
1.3332731
1.3332731
1.333273
1.3332729
1.3332728
1.3332727
1.3332726
1.3332726
1.3332725
1.3332724
1.3332723
1.3332722
1.3332722
1.3332721
1.333272
1.3332719
1.3332718
1.3332717
1.3332716
1.3332715
1.3332714
1.3332714
1.3332713
1.3332712
1.3332711
1.333271
1.3332709
1.3332708
1.3332707
1.3332706
1.3332705
1.3332704
1.3332703
1.3332702
1.3332701
1.33327
1.3332699
1.3332698
1.3332697
1.3332696
1.3332695
1.3332694
1.3332693
1.3332692
1.3332691
1.333269
1.3332689
1.3332688
1.3332687
1.3332686
1.3332685
1.3332684
1.3332683
1.3332682
1.3332681
1.333268
1.3332679
1.3332677
1.3332676
1.3332675
1.3332674
1.3332673
1.3332672
1.3332671
1.333267
1.3332668
1.3332667
1.3332666
1.3332665
1.3332664
1.3332662
1.3332661
1.333266
1.3332659
1.3332657
1.3332656
1.3332655
1.3332654
1.3332652
1.3332651
1.333265
1.3332648
1.3332647
1.3332646
1.3332645
1.3332643
1.3332642
1.3332641
1.3332639
1.3332638
1.3332636
1.3332635
1.3332633
1.3332632
1.333263
1.3332629
1.3332627
1.3332626
1.3332624
1.3332623
1.3332622
1.333262
1.3332619
1.3332617
1.3332616
1.3332614
1.3332613
1.3332611
1.333261
1.3332608
1.3332607
1.3332605
1.3332603
1.3332602
1.33326
1.3332599
1.3332597
1.3332595
1.3332593
1.3332592
1.333259
1.3332588
1.3332586
1.3332584
1.3332582
1.3332581
1.3332579
1.3332577
1.3332575
1.3332573
1.3332571
1.3332569
1.3332567
1.3332565
1.3332563
1.3332561
1.3332559
1.3332557
1.3332555
1.3332553
1.3332551
1.3332549
1.3332546
1.3332544
1.3332542
1.333254
1.3332538
1.3332535
1.3332533
1.3332531
1.3332528
1.3332526
1.3332524
1.3332521
1.3332519
1.3332517
1.3332514
1.3332512
1.3332509
1.3332507
1.3332504
1.3332502
1.3332499
1.3332496
1.3332494
1.3332491
1.3332488
1.3332485
1.3332483
1.333248
1.3332477
1.3332474
1.3332471
1.3332468
1.3332465
1.3332462
1.3332459
1.3332456
1.3332453
1.3332449
1.3332446
1.3332443
1.3332439
1.3332436
1.3332433
1.3332429
1.3332426
1.3332422
1.3332418
1.3332415
1.3332411
1.3332407
1.3332403
1.33324
1.3332396
1.3332392
1.3332388
1.3332384
1.333238
1.3332375
1.3332371
1.3332367
1.3332363
1.3332358
1.3332354
1.3332349
1.3332344
1.333234
1.3332335
1.333233
1.3332325
1.333232
1.3332315
1.333231
1.3332305
1.33323
1.3332294
1.3332289
1.3332284
1.3332279
1.3332273
1.3332268
1.3332262
1.3332257
1.3332252
1.3332246
1.3332241
1.3332235
1.333223
1.3332225
1.333222
1.3332215
1.333221
1.3332205
1.3332201
1.3332197
1.3332193
1.3332189
1.3332186
1.3332183
1.333218
1.3332178
1.3332176
1.3332174
1.3332173
1.3332172
1.3332172
1.3332172
1.3332172
1.3332172
1.3332172
1.3332172
1.3332173
1.3332174
1.3332175
1.3332176
1.3332177
1.3332177
1.3332178
1.3332178
1.3332178
1.3332177
1.3332177
1.3332175
1.3332171
1.3332166
1.333216
1.3332153
1.3332145
1.3332137
1.3332127
1.3332117
1.3332106
1.3332095
1.3332083
1.3332071
1.3332059
1.3332046
1.3332034
1.3332022
1.333201
1.3331999
1.3331988
1.3331977
1.3331967
1.3331959
1.3331951
1.3331944
1.3331939
1.3331935
1.3331932
1.333193
1.3331928
1.3331926
1.3331923
1.3331915
1.3331899
1.333186
1.3331767
1.333154
1.3330982
1.3329599
1.3326198
1.3317776
1.3300789
1.3278408
1.3251121
1.3219401
1.3183913
1.3145478
1.310502
1.3063494
1.3021837
1.2980912
1.2941473
1.2904143
1.2869398
1.2837564
1.2808832
1.2783265
1.2760822
1.2741376
1.2724736
1.271067
1.2698916
1.2689208
1.2681277
1.2674869
1.2669747
1.2665697
1.2662528
1.2660075
1.2658197
1.2656776
1.2655714
1.2654929
1.2654358
1.2653949
1.2653661
1.2653464
1.2653333
1.2653249
1.26532
1.2653174
1.2653164
1.2653162
1.2653164
1.2653174
1.2653196
1.2653219
1.2653241
1.2653261
1.265328
1.2653299
1.2653316
1.2653333
1.2653349
1.2653364
1.265338
1.2653395
1.265341
1.2653426
1.2653441
1.2653458
1.2653474
1.2653492
1.2653509
1.2653528
1.2653547
1.2653567
1.2653587
1.2653607
1.2653628
1.2653648
1.2653669
1.265369
1.2653711
1.2653731
1.2653751
1.265377
1.2653789
1.2653807
1.2653825
1.2653842
1.2653858
1.2653873
1.2653888
1.2653902
1.2653916
1.2653928
1.265394
1.2653952
1.2653963
1.2653973
1.2653983
1.2653993
1.2654002
1.265401
1.2654019
1.2654027
1.2654034
1.2654042
1.2654049
1.2654056
1.2654063
1.265407
1.2654076
1.2654082
1.2654088
1.2654094
1.26541
1.2654106
1.2654111
1.2654117
1.2654122
1.2654127
1.2654132
1.2654137
1.2654142
1.2654147
1.2654152
1.2654156
1.2654161
1.2654165
1.265417
1.2654174
1.2654179
1.2654183
1.2654187
1.2654191
1.2654195
1.2654199
1.2654203
1.2654207
1.2654211
1.2654215
1.2654219
1.2654222
1.2654226
1.2654229
1.2654233
1.2654236
1.265424
1.2654243
1.2654246
1.265425
1.2654253
1.2654256
1.2654259
1.2654262
1.2654266
1.2654269
1.2654272
1.2654275
1.2654277
1.265428
1.2654283
1.2654286
1.2654289
1.2654292
1.2654294
1.2654297
1.26543
1.2654302
1.2654305
1.2654307
1.265431
1.2654313
1.2654315
1.2654317
1.265432
1.2654322
1.2654325
1.2654327
1.2654329
1.2654332
1.2654334
1.2654336
1.2654339
1.2654341
1.2654343
1.2654345
1.2654347
1.2654349
1.2654352
1.2654354
1.2654356
1.2654358
1.265436
1.2654362
1.2654364
1.2654366
1.2654368
1.265437
1.2654372
1.2654374
1.2654375
1.2654377
1.2654379
1.2654381
1.2654383
1.2654385
1.2654386
1.2654388
1.265439
1.2654392
1.2654393
1.2654395
1.2654397
1.2654398
1.26544
1.2654402
1.2654403
1.2654405
1.2654407
1.2654408
1.265441
1.2654411
1.2654413
1.2654415
1.2654416
1.2654418
1.2654419
1.2654421
1.2654422
1.2654424
1.2654425
1.2654426
1.2654428
1.2654429
1.2654431
1.2654432
1.2654434
1.2654435
1.2654436
1.2654438
1.2654439
1.265444
1.2654442
1.2654443
1.2654444
1.2654446
1.2654447
1.2654448
1.265445
1.2654451
1.2654452
1.2654453
1.2654455
1.2654456
1.2654457
1.2654458
1.265446
1.2654461
1.2654462
1.2654463
1.2654464
1.2654466
1.2654467
1.2654468
1.2654469
1.265447
1.2654471
1.2654472
1.2654474
1.2654475
1.2654476
1.2654477
1.2654478
1.2654479
1.265448
1.2654481
1.2654482
1.2654483
1.2654484
1.2654485
1.2654486
1.2654487
1.2654488
1.265449
1.2654491
1.2654492
1.2654493
1.2654494
1.2654494
1.2654495
1.2654496
1.2654497
1.2654498
1.2654499
1.26545
1.2654501
1.2654502
1.2654503
1.2654504
1.2654505
1.2654506
1.2654507
1.2654508
1.2654509
1.265451
1.265451
1.2654511
1.2654512
1.2654513
1.2654514
1.2654515
1.2654516
1.2654516
1.2654517
1.2654518
1.2654519
1.265452
1.2654521
1.2654522
1.2654522
1.2654523
1.2654524
1.2654525
1.2654526
1.2654527
1.2654527
1.2654528
1.2654529
1.265453
1.2654531
1.2654531
1.2654532
1.2654533
1.2654534
1.2654534
1.2654535
1.2654536
1.2654537
1.2654537
1.2654538
1.2654539
1.265454
1.265454
1.2654541
1.2654542
1.2654543
1.2654543
1.2654544
1.2654545
1.2654545
1.2654546
1.2654547
1.2654548
1.2654548
1.2654549
1.265455
1.265455
1.2654551
1.2654552
1.2654552
1.2654553
1.2654554
1.2654554
1.2654555
1.2654556
1.2654556
1.2654557
1.2654558
1.2654558
1.2654559
1.265456
1.265456
1.2654561
1.2654562
1.2654562
1.2654563
1.2654564
1.2654564
1.2654565
1.2654566
1.2654566
1.2654567
1.2654567
1.2654568
1.2654569
1.2654569
1.265457
1.265457
1.2654571
1.2654571
1.2654572
1.2654573
1.2654573
1.2654574
1.2654574
1.2654575
1.2654576
1.2654576
1.2654577
1.2654577
1.2654578
1.2654579
1.2654579
1.265458
1.265458
1.2654581
1.2654581
1.2654582
1.2654582
1.2654583
1.2654583
1.2654584
1.2654585
1.2654585
1.2654586
1.2654586
1.2654587
1.2654587
1.2654588
1.2654588
1.2654589
1.2654589
1.265459
1.265459
1.2654591
1.2654591
1.2654592
1.2654592
1.2654593
1.2654593
1.2654594
1.2654594
1.2654595
1.2654595
1.2654596
1.2654596
1.2654597
1.2654597
1.2654598
1.2654598
1.2654599
1.2654599
1.26546
1.26546
1.2654601
1.2654601
1.2654602
1.2654602
1.2654603
1.2654603
1.2654604
1.2654604
1.2654604
1.2654605
1.2654605
1.2654606
1.2654606
1.2654607
1.2654607
1.2654608
1.2654608
1.2654609
1.2654609
1.265461
1.265461
1.265461
1.2654611
1.2654611
1.2654612
1.2654612
1.2654613
1.2654613
1.2654614
1.2654614
1.2654614
1.2654615
1.2654615
1.2654616
1.2654616
1.2654616
1.2654617
1.2654617
1.2654618
1.2654618
1.2654619
1.2654619
1.2654619
1.265462
1.265462
1.2654621
1.2654621
1.2654621
1.2654622
1.2654622
1.2654622
1.2654623
1.2654623
1.2654624
1.2654624
1.2654624
1.2654625
1.2654625
1.2654626
1.2654626
1.2654626
1.2654627
1.2654627
1.2654628
1.2654628
1.2654628
1.2654629
1.2654629
1.265463
1.265463
1.265463
1.2654631
1.2654631
1.2654631
1.2654632
1.2654632
1.2654632
1.2654633
1.2654633
1.2654633
1.2654634
1.2654634
1.2654634
1.2654635
1.2654635
1.2654636
1.2654636
1.2654636
1.2654637
1.2654637
1.2654637
1.2654638
1.2654638
1.2654638
1.2654639
1.2654639
1.2654639
1.265464
1.265464
1.265464
1.2654641
1.2654641
1.2654642
1.2654642
1.2654642
1.2654642
1.2654643
1.2654643
1.2654643
1.2654644
1.2654644
1.2654644
1.2654645
1.2654645
1.2654645
1.2654646
1.2654646
1.2654646
1.2654647
1.2654647
1.2654647
1.2654648
1.2654648
1.2654648
1.2654649
1.2654649
1.2654649
1.265465
1.265465
1.265465
1.265465
1.2654651
1.2654651
1.2654651
1.2654652
1.2654652
1.2654652
1.2654653
1.2654653
1.2654653
1.2654653
1.2654654
1.2654654
1.2654654
1.2654655
1.2654655
1.2654655
1.2654656
1.2654656
1.2654656
1.2654656
1.2654657
1.2654657
1.2654657
1.2654658
1.2654658
1.2654658
1.2654659
1.2654659
1.2654659
1.2654659
1.265466
1.265466
1.265466
1.265466
1.2654661
1.2654661
1.2654661
1.2654662
1.2654662
1.2654662
1.2654662
1.2654663
1.2654663
1.2654663
1.2654664
1.2654664
1.2654664
1.2654664
1.2654665
1.2654665
1.2654665
1.2654665
1.2654666
1.2654666
1.2654666
1.2654666
1.2654667
1.2654667
1.2654667
1.2654668
1.2654668
1.2654668
1.2654668
1.2654669
1.2654669
1.2654669
1.2654669
1.265467
1.265467
1.265467
1.265467
1.2654671
1.2654671
1.2654671
1.2654671
1.2654672
1.2654672
1.2654672
1.2654672
1.2654673
1.2654673
1.2654673
1.2654673
1.2654674
1.2654674
1.2654674
1.2654674
1.2654675
1.2654675
1.2654675
1.2654675
1.2654676
1.2654676
1.2654676
1.2654676
1.2654677
1.2654677
1.2654677
1.2654677
1.2654678
1.2654678
1.2654678
1.2654678
1.2654679
1.2654679
1.2654679
1.2654679
1.2654679
1.265468
1.265468
1.265468
1.265468
1.2654681
1.2654681
1.2654681
1.2654681
1.2654682
1.2654682
1.2654682
1.2654682
1.2654682
1.2654683
1.2654683
1.2654683
1.2654683
1.2654684
1.2654684
1.2654684
1.2654684
1.2654685
1.2654685
1.2654685
1.2654685
1.2654685
1.2654686
1.2654686
1.2654686
1.2654686
1.2654687
1.2654687
1.2654687
1.2654687
1.2654687
1.2654688
1.2654688
1.2654688
1.2654688
1.2654689
1.2654689
1.2654689
1.2654689
1.265469
1.265469
1.265469
1.265469
1.2654691
1.2654691
1.2654691
1.2654691
1.2654691
1.2654692
1.2654692
1.2654692
1.2654692
1.2654693
1.2654693
1.2654693
1.2654693
1.2654694
1.2654694
1.2654694
1.2654694
1.2654695
1.2654695
1.2654695
1.2654696
1.2654696
1.2654696
1.2654696
1.2654697
1.2654697
1.2654697
1.2654698
1.2654698
1.2654698
1.2654699
1.2654699
1.2654699
1.26547
1.26547
1.2654701
1.2654701
1.2654701
1.2654702
1.2654702
1.2654703
1.2654703
1.2654703
1.2654704
1.2654704
1.2654705
1.2654705
1.2654706
1.2654707
1.2654707
1.2654708
1.2654708
1.2654709
1.265471
1.265471
1.2654711
1.2654712
1.2654712
1.2654713
1.2654714
1.2654715
1.2654716
1.2654716
1.2654717
1.2654718
1.2654719
1.265472
1.2654722
1.2654723
1.2654724
1.2654725
1.2654726
1.2654728
1.2654729
1.265473
1.2654732
1.2654734
1.2654735
1.2654737
1.2654739
1.2654741
1.2654743
1.2654745
1.2654747
1.2654749
1.2654751
1.2654754
1.2654756
1.2654759
1.2654761
1.2654764
1.2654767
1.265477
1.2654774
1.2654777
1.2654781
1.2654784
1.2654788
1.2654792
1.2654796
1.2654801
1.2654805
1.265481
1.2654815
1.265482
1.2654826
1.2654831
1.2654837
1.2654844
1.265485
1.2654857
1.2654864
1.2654871
1.2654879
1.2654887
1.2654896
1.2654905
1.2654914
1.2654923
1.2654933
1.2654944
1.2654955
1.2654966
1.2654978
1.2654991
1.2655004
1.2655017
1.2655031
1.2655046
1.2655062
1.2655078
1.2655094
1.2655112
1.265513
1.2655149
1.2655169
1.265519
1.2655212
1.2655234
1.2655258
1.2655282
1.2655308
1.2655335
1.2655363
1.2655392
1.2655422
1.2655454
1.2655487
1.2655521
1.2655557
1.2655594
1.2655633
1.2655674
1.2655716
1.265576
1.2655806
1.2655854
1.2655904
1.2655956
1.265601
1.2656066
1.2656125
1.2656186
1.265625
1.2656316
1.2656385
1.2656457
1.2656532
1.265661
1.2656691
1.2656776
1.2656864
1.2656956
1.2657051
1.265715
1.2657254
1.2657361
1.2657473
1.265759
1.2657711
1.2657837
1.2657968
1.2658104
1.2658246
1.2658394
1.2658547
1.2658707
1.2658873
1.2659046
1.2659225
1.2659412
1.2659606
1.2659808
1.2660017
1.2660235
1.2660462
1.2660697
1.2660942
1.2661196
1.266146
1.2661734
1.2662019
1.2662315
1.2662623
1.2662942
1.2663274
1.2663619
1.2663976
1.2664348
1.2664733
1.2665133
1.2665549
1.266598
1.2666428
1.2666892
1.2667374
1.2667874
1.2668393
1.2668932
1.266949
1.2670069
1.267067
1.2671293
1.2671938
1.2672608
1.2673302
1.2674022
1.2674767
1.267554
1.2676341
1.2677171
1.267803
1.2678921
1.2679843
1.2680798
1.2681787
1.2682811
1.2683871
1.2684969
1.2686104
1.2687279
1.2688495
1.2689753
1.2691054
1.2692399
1.2693791
1.2695229
1.2696716
1.2698252
1.269984
1.270148
1.2703175
1.2704925
1.2706732
1.2708597
1.2710523
1.271251
1.271456
1.2716674
1.2718855
1.2721104
1.2723422
1.272581
1.2728271
1.2730806
1.2733417
1.2736104
1.2738871
1.2741717
1.2744645
1.2747656
1.2750751
1.2753933
1.2757201
1.2760559
1.2764006
1.2767545
1.2771175
1.27749
1.2778718
1.2782633
1.2786643
1.2790751
1.2794957
1.2799262
1.2803665
1.2808168
1.2812772
1.2817475
1.2822278
1.2827182
1.2832186
1.283729
1.2842493
1.2847794
1.2853194
1.2858691
1.2864285
1.2869973
1.2875755
1.2881629
1.2887594
1.2893648
1.2899788
1.2906014
1.2912321
1.2918709
1.2925173
1.2931713
1.2938324
1.2945004
1.2951749
1.2958557
1.2965423
1.2972344
1.2979317
1.2986337
1.2993401
1.3000505
1.3007644
1.3014815
1.3022013
1.3029234
1.3036473
1.3043727
1.3050991
1.305826
1.306553
1.3072797
1.3080057
1.3087304
1.3094535
1.3101745
1.310893
1.3116086
1.312321
1.3130296
1.3137342
1.3144342
1.3151295
1.3158195
1.316504
1.3171827
1.3178551
1.3185211
1.3191803
1.3198324
1.3204772
1.3211144
1.3217438
1.3223652
1.3229784
1.3235831
1.3241793
1.3247667
1.3253452
1.3259147
1.3264751
1.3270262
1.3275681
1.3281005
1.3286235
1.329137
1.3296409
1.3301354
1.3306202
1.3310955
1.3315612
1.3320174
1.3324642
1.3329014
1.3333293
1.3337478
1.334157
1.334557
1.3349479
1.3353298
1.3357027
1.3360667
1.3364221
1.3367688
1.3371069
1.3374367
1.3377582
1.3380716
1.3383769
1.3386743
1.338964
1.3392461
1.3395206
1.3397878
1.3400478
1.3403007
1.3405466
1.3407858
1.3410183
1.3412442
1.3414638
1.3416772
1.3418845
1.3420857
1.3422812
1.342471
1.3426552
1.3428339
1.3430074
1.3431757
1.343339
1.3434974
1.3436509
1.3437999
1.3439442
1.3440842
1.3442198
1.3443512
1.3444786
1.3446019
1.3447215
1.3448372
1.3449493
1.3450579
1.345163
1.3452647
1.3453632
1.3454586
1.3455508
1.3456401
1.3457265
1.34581
1.3458909
1.3459691
1.3460447
1.3461178
1.3461885
1.3462569
1.346323
1.3463869
1.3464487
1.3465084
1.346566
1.3466218
1.3466757
1.3467277
1.346778
1.3468266
1.3468735
1.3469188
1.3469626
1.3470048
1.3470456
1.347085
1.3471231
1.3471598
1.3471952
1.3472294
1.3472625
1.3472943
1.3473251
1.3473548
1.3473834
1.3474111
1.3474377
1.3474634
1.3474882
1.3475122
1.3475352
1.3475575
1.347579
1.3475996
1.3476196
1.3476388
1.3476574
1.3476753
1.3476925
1.3477091
1.3477251
1.3477406
1.3477555
1.3477698
1.3477836
1.3477969
1.3478097
1.3478221
1.347834
1.3478455
1.3478565
1.3478671
1.3478774
1.3478873
1.3478968
1.3479059
1.3479147
1.3479232
1.3479314
1.3479393
1.3479468
1.3479541
1.3479612
1.3479679
1.3479744
1.3479807
1.3479867
1.3479925
1.3479981
1.3480035
1.3480086
1.3480136
1.3480184
1.348023
1.3480275
1.3480317
1.3480358
1.3480398
1.3480436
1.3480472
1.3480507
1.3480541
1.3480574
1.3480605
1.3480635
1.3480664
1.3480692
1.3480719
1.3480744
1.3480769
1.3480793
1.3480816
1.3480838
1.3480859
1.348088
1.34809
1.3480918
1.3480937
1.3480954
1.3480971
1.3480987
1.3481003
1.3481018
1.3481032
1.3481046
1.3481059
1.3481072
1.3481084
1.3481096
1.3481108
1.3481119
1.3481129
1.3481139
1.3481149
1.3481159
1.3481168
1.3481177
1.3481185
1.3481193
1.3481201
1.3481208
1.3481216
1.3481223
1.348123
1.3481236
1.3481242
1.3481248
1.3481254
1.348126
1.3481265
1.3481271
1.3481276
1.3481281
1.3481285
1.348129
1.3481294
1.3481299
1.3481303
1.3481307
1.3481311
1.3481314
1.3481318
1.3481321
1.3481325
1.3481328
1.3481331
1.3481334
1.3481337
1.348134
1.3481343
1.3481346
1.3481349
1.3481351
1.3481354
1.3481356
1.3481358
1.3481361
1.3481363
1.3481365
1.3481367
1.3481369
1.3481372
1.3481374
1.3481376
1.3481378
1.3481379
1.3481381
1.3481383
1.3481385
1.3481386
1.3481388
1.348139
1.3481391
1.3481393
1.3481394
1.3481396
1.3481398
1.3481399
1.3481401
1.3481402
1.3481403
1.3481405
1.3481406
1.3481408
1.3481409
1.348141
1.3481411
1.3481413
1.3481414
1.3481415
1.3481416
1.3481418
1.3481419
1.348142
1.3481421
1.3481422
1.3481424
1.3481425
1.3481426
1.3481427
1.3481428
1.3481429
1.348143
1.3481431
1.3481433
1.3481434
1.3481435
1.3481436
1.3481437
1.3481438
1.3481439
1.348144
1.3481441
1.3481442
1.3481443
1.3481444
1.3481445
1.3481446
1.3481447
1.3481448
1.3481449
1.348145
1.3481451
1.3481452
1.3481453
1.3481453
1.3481454
1.3481455
1.3481456
1.3481457
1.3481458
1.3481459
1.348146
1.3481461
1.3481461
1.3481462
1.3481463
1.3481464
1.3481465
1.3481466
1.3481467
1.3481467
1.3481468
1.3481469
1.348147
1.3481471
1.3481472
1.3481473
1.3481474
1.3481474
1.3481475
1.3481476
1.3481477
1.3481478
1.3481478
1.3481479
1.348148
1.3481481
1.3481481
1.3481482
1.3481483
1.3481484
1.3481485
1.3481485
1.3481486
1.3481487
1.3481488
1.3481488
1.3481489
1.348149
1.348149
1.3481491
1.3481492
1.3481493
1.3481493
1.3481494
1.3481495
1.3481496
1.3481496
1.3481497
1.3481498
1.3481498
1.3481499
1.34815
1.34815
1.3481501
1.3481502
1.3481502
1.3481503
1.3481504
1.3481504
1.3481505
1.3481506
1.3481506
1.3481507
1.3481508
1.3481508
1.3481509
1.3481509
1.348151
1.3481511
1.3481511
1.3481512
1.3481513
1.3481513
1.3481514
1.3481514
1.3481515
1.3481515
1.3481516
1.3481517
1.3481517
1.3481518
1.3481518
1.3481519
1.348152
1.348152
1.3481521
1.3481521
1.3481522
1.3481522
1.3481523
1.3481523
1.3481524
1.3481524
1.3481525
1.3481526
1.3481526
1.3481527
1.3481527
1.3481528
1.3481528
1.3481529
1.3481529
1.348153
1.348153
1.3481531
1.3481531
1.3481532
1.3481532
1.3481533
1.3481533
1.3481534
1.3481534
1.3481535
1.3481535
1.3481536
1.3481536
1.3481537
1.3481537
1.3481537
1.3481538
1.3481538
1.3481539
1.3481539
1.348154
1.348154
1.3481541
1.3481541
1.3481542
1.3481542
1.3481542
1.3481543
1.3481543
1.3481544
1.3481544
1.3481545
1.3481545
1.3481545
1.3481546
1.3481546
1.3481547
1.3481547
1.3481547
1.3481548
1.3481548
1.3481549
1.3481549
1.348155
1.348155
1.348155
1.3481551
1.3481551
1.3481552
1.3481552
1.3481552
1.3481553
1.3481553
1.3481553
1.3481554
1.3481554
1.3481554
1.3481555
1.3481555
1.3481556
1.3481556
1.3481556
1.3481557
1.3481557
1.3481557
1.3481558
1.3481558
1.3481559
1.3481559
1.3481559
1.348156
1.348156
1.348156
1.3481561
1.3481561
1.3481561
1.3481562
1.3481562
1.3481562
1.3481563
1.3481563
1.3481563
1.3481564
1.3481564
1.3481564
1.3481565
1.3481565
1.3481565
1.3481566
1.3481566
1.3481566
1.3481566
1.3481567
1.3481567
1.3481567
1.3481568
1.3481568
1.3481568
1.3481569
1.3481569
1.3481569
1.348157
1.348157
1.348157
1.348157
1.3481571
1.3481571
1.3481571
1.3481572
1.3481572
1.3481572
1.3481573
1.3481573
1.3481573
1.3481573
1.3481574
1.3481574
1.3481574
1.3481574
1.3481575
1.3481575
1.3481575
1.3481575
1.3481576
1.3481576
1.3481576
1.3481577
1.3481577
1.3481577
1.3481577
1.3481578
1.3481578
1.3481578
1.3481578
1.3481579
1.3481579
1.3481579
1.3481579
1.348158
1.348158
1.348158
1.3481581
1.3481581
1.3481581
1.3481581
1.3481582
1.3481582
1.3481582
1.3481582
1.3481582
1.3481583
1.3481583
1.3481583
1.3481583
1.3481584
1.3481584
1.3481584
1.3481584
1.3481585
1.3481585
1.3481585
1.3481585
1.3481585
1.3481586
1.3481586
1.3481586
1.3481586
1.3481586
1.3481587
1.3481587
1.3481587
1.3481587
1.3481587
1.3481588
1.3481588
1.3481588
1.3481588
1.3481589
1.3481589
1.3481589
1.3481589
1.3481589
1.348159
1.348159
1.348159
1.348159
1.348159
1.3481591
1.3481591
1.3481591
1.3481591
1.3481591
1.3481591
1.3481592
1.3481592
1.3481592
1.3481592
1.3481592
1.3481593
1.3481593
1.3481593
1.3481593
1.3481593
1.3481593
1.3481594
1.3481594
1.3481594
1.3481594
1.3481594
1.3481594
1.3481595
1.3481595
1.3481595
1.3481595
1.3481595
1.3481596
1.3481596
1.3481596
1.3481596
1.3481596
1.3481596
1.3481596
1.3481597
1.3481597
1.3481597
1.3481597
1.3481597
1.3481597
1.3481598
1.3481598
1.3481598
1.3481598
1.3481598
1.3481598
1.3481598
1.3481599
1.3481599
1.3481599
1.3481599
1.3481599
1.3481599
1.34816
1.34816
1.34816
1.34816
1.34816
1.34816
1.34816
1.34816
1.3481601
1.3481601
1.3481601
1.3481601
1.3481601
1.3481601
1.3481602
1.3481602
1.3481602
1.3481602
1.3481602
1.3481602
1.3481602
1.3481602
1.3481603
1.3481603
1.3481603
1.3481603
1.3481603
1.3481603
1.3481603
1.3481603
1.3481604
1.3481604
1.3481604
1.3481604
1.3481604
1.3481604
1.3481604
1.3481604
1.3481605
1.3481605
1.3481605
1.3481605
1.3481605
1.3481605
1.3481605
1.3481605
1.3481606
1.3481606
1.3481606
1.3481606
1.3481606
1.3481606
1.3481606
1.3481606
1.3481606
1.3481607
1.3481607
1.3481607
1.3481607
1.3481607
1.3481607
1.3481607
1.3481607
1.3481607
1.3481608
1.3481608
1.3481608
1.3481608
1.3481608
1.3481608
1.3481608
1.3481608
1.3481608
1.3481608
1.3481608
1.3481609
1.3481609
1.3481609
1.3481609
1.3481609
1.3481609
1.3481609
1.3481609
1.3481609
1.348161
1.348161
1.348161
1.348161
1.348161
1.348161
1.348161
1.348161
1.348161
1.348161
1.348161
1.348161
1.3481611
1.3481611
1.3481611
1.3481611
1.3481611
1.3481611
1.3481611
1.3481611
1.3481611
1.3481611
1.3481611
1.3481612
1.3481612
1.3481612
1.3481612
1.3481612
1.3481612
1.3481612
1.3481612
1.3481612
1.3481612
1.3481612
1.3481612
1.3481613
1.3481613
1.3481613
1.3481613
1.3481613
1.3481613
1.3481613
1.3481613
1.3481613
1.3481613
1.3481613
1.3481613
1.3481613
1.3481614
1.3481614
1.3481614
1.3481614
1.3481614
1.3481614
1.3481614
1.3481614
1.3481614
1.3481614
1.3481614
1.3481614
1.3481614
1.3481614
1.3481614
1.3481614
1.3481615
1.3481615
1.3481615
1.3481615
1.3481615
1.3481615
1.3481615
1.3481615
1.3481615
1.3481615
1.3481615
1.3481615
1.3481615
1.3481615
1.3481616
1.3481616
1.3481616
1.3481616
1.3481616
1.3481616
1.3481616
1.3481616
1.3481616
1.3481616
1.3481616
1.3481616
1.3481616
1.3481616
1.3481616
1.3481617
1.3481617
1.3481617
1.3481617
1.3481617
1.3481617
1.3481617
1.3481617
1.3481617
1.3481617
1.3481617
1.3481617
1.3481617
1.3481617
1.3481617
1.3481617
1.3481617
1.3481618
1.3481618
1.3481618
1.3481618
1.3481618
1.3481618
1.3481618
1.3481618
1.3481618
1.3481618
1.3481618
1.3481618
1.3481618
1.3481618
1.3481618
1.3481618
1.3481618
1.3481618
1.3481618
1.3481619
1.3481619
1.3481619
1.3481619
1.3481619
1.3481619
1.3481619
1.3481619
1.3481619
1.3481619
1.3481619
1.3481619
1.3481619
1.3481619
1.3481619
1.3481619
1.3481619
1.3481619
1.3481619
1.3481619
1.3481619
1.3481619
1.3481619
1.348162
1.348162
1.348162
1.348162
1.348162
1.348162
1.348162
1.348162
1.348162
1.348162
1.348162
1.348162
1.348162
1.348162
1.348162
1.348162
1.348162
1.348162
1.348162
1.348162
1.348162
1.348162
1.348162
1.348162
1.348162
1.3481621
1.3481621
1.3481621
1.3481621
1.3481621
1.3481621
1.3481621
1.3481621
1.3481621
1.3481621
1.3481621
1.3481621
1.3481621
1.3481621
1.3481621
1.3481621
1.3481621
1.3481621
1.3481621
1.3481621
1.3481621
1.3481621
1.3481621
1.3481621
1.3481621
1.3481621
1.3481621
1.3481621
1.3481622
1.3481622
1.3481622
1.3481622
1.3481622
1.3481622
1.3481622
1.3481622
1.3481622
1.3481622
1.3481622
1.3481622
1.3481622
1.3481622
1.3481622
1.3481622
1.3481622
1.3481622
1.3481622
1.3481622
1.3481622
1.3481622
1.3481622
1.3481622
1.3481622
1.3481622
1.3481622
1.3481622
1.3481622
1.3481622
1.3481622
1.3481622
1.3481622
1.3481622
1.3481622
1.3481622
1.3481622
1.3481622
1.3481622
1.3481622
1.3481622
1.3481623
1.3481623
1.3481623
1.3481623
1.3481623
1.3481623
1.3481623
1.3481623
1.3481623
1.3481623
1.3481623
1.3481623
1.3481623
1.3481623
1.3481623
1.3481623
1.3481623
1.3481623
1.3481623
1.3481623
1.3481623
1.3481623
1.3481623
1.3481623
1.3481623
1.3481623
1.3481623
1.3481623
1.3481623
1.3481623
1.3481623
1.3481623
1.3481623
1.3481623
1.3481623
1.3481623
1.3481623
1.3481623
1.3481623
1.3481623
1.3481623
1.3481623
1.3481623
1.3481623
1.3481623
1.3481623
1.3481623
1.3481623
1.3481623
1.3481623
1.3481623
1.3481624
1.3481624
1.3481624
1.3481624
1.3481624
1.3481624
1.3481624
1.3481624
1.3481624
1.3481624
1.3481624
1.3481624
1.3481624
1.3481624
1.3481624
1.3481624
1.3481624
1.3481624
1.3481624
1.3481624
1.3481624
1.3481624
1.3481624
1.3481624
1.3481624
1.3481624
1.3481624
1.3481624
1.3481624
1.3481624
1.3481624
1.3481624
1.3481624
1.3481624
1.3481624
1.3481624
1.3481624
1.3481624
1.3481624
1.3481624
1.3481624
1.3481624
1.3481624
1.3481624
1.3481624
1.3481624
1.3481624
1.3481624
1.3481624
1.3481624
1.3481624
1.3481624
1.3481624
1.3481624
1.3481624
1.3481624
1.3481624
1.3481624
1.3481624
1.3481624
1.3481624
1.3481624
1.3481624
1.3481624
1.3481624
1.3481624
1.3481624
1.3481624
1.3481624
1.3481624
1.3481624
1.3481624
1.3481624
1.3481624
1.3481624
1.3481625
1.3481625
1.3481625
1.3481625
1.3481625
1.3481625
1.3481625
1.3481625
1.3481625
1.3481625
1.3481625
1.3481625
1.3481625
1.3481625
1.3481625
1.3481625
1.3481625
1.3481625
1.3481626
1.3481626
1.3481626
1.3481626
1.3481626
1.3481626
1.3481626
1.3481626
1.3481626
1.3481627
1.3481627
1.3481627
1.3481627
1.3481627
1.3481627
1.3481628
1.3481628
1.3481628
1.3481628
1.3481628
1.3481629
1.3481629
1.3481629
1.3481629
1.348163
1.348163
1.348163
1.348163
1.3481631
1.3481631
1.3481631
1.3481632
1.3481632
1.3481632
1.3481633
1.3481633
1.3481633
1.3481634
1.3481634
1.3481634
1.3481635
1.3481635
1.3481635
1.3481636
1.3481636
1.3481637
1.3481637
1.3481637
1.3481637
1.3481638
1.3481638
1.3481638
1.3481639
1.3481639
1.3481639
1.3481639
1.348164
1.348164
1.348164
1.348164
1.348164
1.3481641
1.3481641
1.3481641
1.3481641
1.348164
)
;

boundaryField
{
    leftSide
    {
        type            calculated;
        value           uniform 1.2479585;
    }
    rightSide
    {
        type            calculated;
        value           uniform 1.348164;
    }
    emptywalls
    {
        type            empty;
    }
}


// ************************************************************************* //
