/*--------------------------------*- C++ -*----------------------------------*\
  =========                 |
  \\      /  F ield         | OpenFOAM: The Open Source CFD Toolbox
   \\    /   O peration     | Website:  https://openfoam.org
    \\  /    A nd           | Version:  7
     \\/     M anipulation  |
\*---------------------------------------------------------------------------*/
FoamFile
{
    version     2.0;
    format      ascii;
    class       volScalarField;
    location    "0.00349";
    object      T;
}
// * * * * * * * * * * * * * * * * * * * * * * * * * * * * * * * * * * * * * //

dimensions      [0 0 0 1 0 0 0];

internalField   nonuniform List<scalar> 
5000
(
236.92102
236.92574
236.93085
236.9333
236.93829
236.94076
236.94571
236.94818
236.95312
236.95558
236.96051
236.96298
236.96791
236.97037
236.97529
236.97775
236.98267
236.98513
236.99004
236.9925
236.99741
236.99986
237.00477
237.00722
237.01212
237.01457
237.01947
237.02191
237.0268
237.02925
237.03414
237.03658
237.04146
237.0439
237.04878
237.05121
237.05608
237.05852
237.06338
237.06582
237.07068
237.07311
237.07796
237.08039
237.08524
237.08766
237.09251
237.09493
237.09977
237.10218
237.10702
237.10943
237.11426
237.11668
237.1215
237.12391
237.12872
237.13113
237.13594
237.13835
237.14316
237.14556
237.15036
237.15276
237.15755
237.15995
237.16474
237.16713
237.17192
237.17431
237.17909
237.18148
237.18625
237.18864
237.1934
237.19579
237.20055
237.20293
237.20769
237.21006
237.21482
237.21719
237.22194
237.22431
237.22905
237.23142
237.23615
237.23852
237.24325
237.24562
237.25034
237.2527
237.25742
237.25978
237.26449
237.26685
237.27156
237.27391
237.27861
237.28096
237.28566
237.28801
237.2927
237.29504
237.29973
237.30207
237.30675
237.30909
237.31377
237.31611
237.32078
237.32311
237.32778
237.33011
237.33477
237.3371
237.34175
237.34408
237.34873
237.35105
237.35569
237.35801
237.36265
237.36497
237.3696
237.37192
237.37654
237.37886
237.38348
237.38579
237.39041
237.39271
237.39732
237.39963
237.40423
237.40654
237.41114
237.41344
237.41803
237.42033
237.42492
237.42721
237.43179
237.43409
237.43867
237.44095
237.44553
237.44781
237.45238
237.45466
237.45923
237.46151
237.46607
237.46834
237.4729
237.47517
237.47972
237.48199
237.48653
237.4888
237.49334
237.49561
237.50014
237.5024
237.50693
237.50919
237.51371
237.51597
237.52048
237.52274
237.52725
237.5295
237.53401
237.53626
237.54076
237.54301
237.5475
237.54975
237.55423
237.55648
237.56096
237.5632
237.56768
237.56992
237.57439
237.57662
237.58109
237.58332
237.58779
237.59002
237.59447
237.5967
237.60115
237.60338
237.60782
237.61005
237.61449
237.61671
237.62114
237.62336
237.62779
237.63
237.63443
237.63664
237.64106
237.64327
237.64768
237.64989
237.6543
237.6565
237.66091
237.66311
237.6675
237.6697
237.6741
237.67629
237.68068
237.68287
237.68726
237.68945
237.69383
237.69601
237.70039
237.70257
237.70694
237.70912
237.71348
237.71566
237.72001
237.72222
237.72651
237.72878
237.73299
237.73535
237.73945
237.74192
237.74589
237.74849
237.75232
237.75506
237.75873
237.76163
237.76512
237.76821
237.77149
237.77479
237.77785
237.78136
237.7842
237.78792
237.79055
237.79447
237.7969
237.80099
237.80327
237.80748
237.80966
237.81393
237.81607
237.82035
237.82248
237.82675
237.82889
237.83316
237.83529
237.83955
237.84168
237.84593
237.84806
237.85231
237.85444
237.85868
237.8608
237.86504
237.86716
237.8714
237.87352
237.87775
237.87986
237.88408
237.8862
237.89042
237.89252
237.89674
237.89885
237.90306
237.90516
237.90936
237.91147
237.91567
237.91776
237.92196
237.92405
237.92824
237.93034
237.93452
237.93661
237.94079
237.94288
237.94705
237.94914
237.95331
237.95539
237.95956
237.96164
237.9658
237.96788
237.97203
237.97411
237.97825
237.98033
237.98447
237.98654
237.99068
237.99275
237.99688
237.99895
238.00308
238.00514
238.00926
238.01133
238.01544
238.0175
238.02162
238.02367
238.02778
238.02983
238.03394
238.03599
238.04009
238.04214
238.04623
238.04827
238.05236
238.05441
238.05849
238.06053
238.06461
238.06665
238.07072
238.07276
238.07683
238.07886
238.08292
238.08496
238.08901
238.09104
238.0951
238.09712
238.10117
238.1032
238.10724
238.10926
238.1133
238.11532
238.11935
238.12137
238.1254
238.12742
238.13144
238.13345
238.13747
238.13948
238.1435
238.1455
238.14951
238.15152
238.15552
238.15752
238.16152
238.16352
238.16752
238.16952
238.17351
238.1755
238.17949
238.18148
238.18546
238.18745
238.19143
238.19342
238.19739
238.19937
238.20334
238.20532
238.20928
238.21127
238.21522
238.2172
238.22115
238.22313
238.22708
238.22905
238.23299
238.23496
238.2389
238.24087
238.24481
238.24677
238.2507
238.25267
238.25659
238.25855
238.26247
238.26443
238.26835
238.2703
238.27421
238.27617
238.28008
238.28203
238.28593
238.28788
238.29178
238.29372
238.29762
238.29956
238.30345
238.30539
238.30928
238.31122
238.3151
238.31703
238.32091
238.32285
238.32671
238.32865
238.33251
238.33445
238.33831
238.34024
238.34409
238.34602
238.34987
238.3518
238.35564
238.35757
238.36141
238.36333
238.36717
238.36908
238.37292
238.37483
238.37866
238.38058
238.3844
238.38631
238.39013
238.39204
238.39586
238.39776
238.40157
238.40348
238.40729
238.40919
238.41299
238.41489
238.41869
238.42059
238.42438
238.42628
238.43006
238.43196
238.43574
238.43763
238.44141
238.4433
238.44708
238.44896
238.45274
238.45462
238.45839
238.46027
238.46403
238.46591
238.46967
238.47155
238.4753
238.47717
238.48092
238.4828
238.48654
238.48841
238.49215
238.49402
238.49775
238.49962
238.50335
238.50522
238.50894
238.5108
238.51452
238.51638
238.5201
238.52196
238.52567
238.52753
238.53123
238.53309
238.53679
238.53864
238.54234
238.54419
238.54788
238.54973
238.55342
238.55526
238.55895
238.56079
238.56447
238.56631
238.56998
238.57182
238.57549
238.57733
238.58099
238.58282
238.58649
238.58832
238.59197
238.5938
238.59745
238.59928
238.60293
238.60475
238.60839
238.61021
238.61385
238.61567
238.6193
238.62112
238.62475
238.62656
238.63019
238.632
238.63562
238.63743
238.64104
238.64285
238.64646
238.64826
238.65187
238.65367
238.65727
238.65907
238.66267
238.66446
238.66806
238.66985
238.67344
238.67523
238.67881
238.6806
238.68418
238.68597
238.68954
238.69132
238.69489
238.69668
238.70024
238.70202
238.70558
238.70736
238.71091
238.71269
238.71623
238.71801
238.72155
238.72332
238.72686
238.72863
238.73217
238.73393
238.73746
238.73923
238.74275
238.74451
238.74803
238.74979
238.75331
238.75507
238.75858
238.76033
238.76384
238.76559
238.7691
238.77085
238.77434
238.77609
238.77959
238.78133
238.78482
238.78656
238.79005
238.79179
238.79527
238.79701
238.80049
238.80222
238.80569
238.80745
238.81084
238.81271
238.81597
238.81798
238.82108
238.82324
238.82619
238.82849
238.8313
238.83372
238.83642
238.83893
238.84155
238.84412
238.84668
238.8493
238.85181
238.85447
238.85694
238.85962
238.86207
238.86476
238.8672
238.8699
238.87233
238.87503
238.87745
238.88015
238.88256
238.88526
238.88767
238.89037
238.89278
238.89547
238.89789
238.90056
238.903
238.90564
238.9081
238.91072
238.91319
238.91579
238.91828
238.92086
238.92337
238.92592
238.92845
238.93099
238.93353
238.93604
238.9386
238.9411
238.94366
238.94615
238.94872
238.9512
238.95377
238.95625
238.95882
238.96129
238.96386
238.96633
238.9689
238.97137
238.97394
238.9764
238.97897
238.98143
238.984
238.98646
238.98903
238.99148
238.99405
238.99651
238.99907
239.00152
239.00409
239.00654
239.00911
239.01156
239.01412
239.01657
239.01913
239.02158
239.02414
239.02658
239.02914
239.03159
239.03415
239.03659
239.03915
239.0416
239.04415
239.0466
239.04915
239.0516
239.05415
239.05659
239.05915
239.06159
239.06414
239.06658
239.06914
239.07158
239.07413
239.07657
239.07912
239.08156
239.08412
239.08655
239.08911
239.09155
239.0941
239.09654
239.09909
239.10152
239.10408
239.10651
239.10906
239.1115
239.11405
239.11649
239.11904
239.12148
239.12403
239.12646
239.12902
239.13145
239.134
239.13644
239.13899
239.14142
239.14397
239.14641
239.14896
239.15139
239.15395
239.15638
239.15893
239.16136
239.16391
239.16635
239.1689
239.17133
239.17388
239.17631
239.17886
239.18129
239.18385
239.18627
239.18883
239.19125
239.19381
239.19623
239.19879
239.20121
239.20377
239.20619
239.20875
239.21117
239.21372
239.21614
239.21869
239.22112
239.22367
239.22609
239.22863
239.23107
239.2336
239.23604
239.23857
239.24101
239.24353
239.24598
239.24849
239.25095
239.25345
239.25591
239.25841
239.26087
239.26336
239.26583
239.26832
239.27079
239.27327
239.27574
239.27822
239.28069
239.28316
239.28563
239.2881
239.29057
239.29304
239.29551
239.29798
239.30045
239.30291
239.30538
239.30784
239.3103
239.31276
239.31522
239.31768
239.32014
239.3226
239.32506
239.32751
239.32996
239.33242
239.33487
239.33732
239.33977
239.34222
239.34466
239.34711
239.34955
239.35199
239.35443
239.35687
239.35931
239.36175
239.36419
239.36662
239.36905
239.37148
239.37391
239.37634
239.37877
239.38119
239.38362
239.38604
239.38846
239.39088
239.3933
239.39571
239.39813
239.40054
239.40295
239.40536
239.40777
239.41017
239.41258
239.41498
239.41738
239.41978
239.42218
239.42457
239.42697
239.42936
239.43175
239.43414
239.43652
239.43891
239.44129
239.44367
239.44605
239.44843
239.45081
239.45318
239.45556
239.45793
239.46029
239.46266
239.46503
239.46739
239.46975
239.47211
239.47447
239.47682
239.47918
239.48153
239.48388
239.48623
239.48857
239.49092
239.49326
239.4956
239.49794
239.50028
239.50262
239.50495
239.50728
239.50961
239.51194
239.51427
239.51659
239.51892
239.52124
239.52355
239.52587
239.52819
239.5305
239.53281
239.53512
239.53743
239.53973
239.54203
239.54433
239.54663
239.54893
239.55123
239.55352
239.55581
239.5581
239.56039
239.56267
239.56496
239.56724
239.56952
239.5718
239.57407
239.57635
239.57862
239.58089
239.58316
239.58542
239.58769
239.58995
239.59221
239.59447
239.59673
239.59899
239.60124
239.60349
239.60574
239.60799
239.61024
239.61248
239.61472
239.61696
239.6192
239.62144
239.62367
239.6259
239.62814
239.63036
239.63259
239.63482
239.63704
239.63926
239.64148
239.6437
239.64591
239.64813
239.65034
239.65255
239.65476
239.65696
239.65917
239.66137
239.66357
239.66577
239.66797
239.67016
239.67236
239.67455
239.67674
239.67893
239.68111
239.6833
239.68548
239.68766
239.68984
239.69201
239.69419
239.69636
239.69853
239.7007
239.70287
239.70503
239.70719
239.70936
239.71151
239.71367
239.71583
239.71798
239.72013
239.72228
239.72443
239.72658
239.72872
239.73086
239.733
239.73514
239.73728
239.73941
239.74155
239.74368
239.74581
239.74793
239.75006
239.75218
239.7543
239.75642
239.75854
239.76065
239.76277
239.76488
239.76699
239.7691
239.7712
239.77331
239.77541
239.77751
239.77961
239.7817
239.7838
239.78589
239.78798
239.79007
239.79215
239.79424
239.79632
239.7984
239.80048
239.80256
239.80463
239.8067
239.80878
239.81084
239.81291
239.81498
239.81704
239.8191
239.82116
239.82322
239.82527
239.82733
239.82938
239.83143
239.83347
239.83552
239.83756
239.8396
239.84164
239.84368
239.84572
239.84775
239.84978
239.85181
239.85384
239.85587
239.85789
239.85991
239.86193
239.86395
239.86597
239.86798
239.86999
239.87201
239.87401
239.87602
239.87802
239.88003
239.88203
239.88403
239.88602
239.88802
239.89001
239.892
239.89399
239.89598
239.89796
239.89995
239.90193
239.90391
239.90588
239.90786
239.90983
239.9118
239.91377
239.91574
239.91771
239.91967
239.92163
239.92359
239.92555
239.92751
239.92946
239.93141
239.93336
239.93531
239.93726
239.93921
239.94115
239.94309
239.94503
239.94696
239.9489
239.95083
239.95276
239.95469
239.95662
239.95854
239.96047
239.96239
239.96431
239.96623
239.96815
239.97006
239.97197
239.97388
239.97579
239.9777
239.9796
239.98151
239.98341
239.98531
239.98721
239.9891
239.991
239.99289
239.99478
239.99667
239.99855
240.00044
240.00232
240.0042
240.00608
240.00796
240.00983
240.01171
240.01358
240.01545
240.01732
240.01918
240.02105
240.02291
240.02477
240.02663
240.02849
240.03035
240.0322
240.03405
240.0359
240.03775
240.0396
240.04145
240.04329
240.04513
240.04697
240.04881
240.05065
240.05248
240.05431
240.05614
240.05797
240.0598
240.06162
240.06345
240.06527
240.06709
240.06891
240.07072
240.07254
240.07435
240.07616
240.07797
240.07978
240.08158
240.08339
240.08519
240.08699
240.08879
240.09059
240.09238
240.09417
240.09597
240.09776
240.09954
240.10133
240.10312
240.1049
240.10668
240.10846
240.11024
240.11202
240.11379
240.11556
240.11733
240.1191
240.12087
240.12263
240.12439
240.12616
240.12792
240.12968
240.13143
240.13319
240.13494
240.13669
240.13844
240.14019
240.14194
240.14368
240.14542
240.14716
240.1489
240.15064
240.15238
240.15411
240.15584
240.15757
240.1593
240.16103
240.16275
240.16447
240.16619
240.16791
240.16963
240.17135
240.17306
240.17478
240.17649
240.1782
240.1799
240.18161
240.18332
240.18502
240.18672
240.18842
240.19012
240.19181
240.19351
240.1952
240.19689
240.19858
240.20027
240.20195
240.20364
240.20532
240.207
240.20868
240.21036
240.21204
240.21371
240.21538
240.21705
240.21872
240.22039
240.22206
240.22372
240.22539
240.22705
240.22871
240.23037
240.23203
240.23368
240.23534
240.23699
240.23864
240.24029
240.24193
240.24358
240.24522
240.24686
240.24851
240.25014
240.25178
240.25342
240.25505
240.25668
240.25831
240.25994
240.26157
240.26319
240.26482
240.26644
240.26806
240.26968
240.27129
240.27291
240.27452
240.27613
240.27774
240.27935
240.28096
240.28256
240.28416
240.28576
240.28736
240.28896
240.29055
240.29215
240.29374
240.29533
240.29692
240.2985
240.30009
240.30167
240.30325
240.30483
240.30641
240.30799
240.30956
240.31113
240.3127
240.31427
240.31584
240.3174
240.31897
240.32053
240.32209
240.32365
240.3252
240.32676
240.32831
240.32986
240.33141
240.33296
240.33451
240.33605
240.33759
240.33913
240.34067
240.34221
240.34374
240.34528
240.34681
240.34834
240.34987
240.3514
240.35292
240.35445
240.35596
240.35749
240.359
240.36052
240.36203
240.36355
240.36506
240.36657
240.36808
240.36959
240.37109
240.37259
240.37409
240.37559
240.37709
240.37859
240.38008
240.38157
240.38307
240.38455
240.38605
240.38753
240.38902
240.3905
240.39198
240.39346
240.39494
240.39641
240.39789
240.39936
240.40083
240.4023
240.40377
240.40524
240.4067
240.40817
240.40962
240.41109
240.41254
240.414
240.41545
240.41691
240.41836
240.41981
240.42126
240.42271
240.42415
240.4256
240.42704
240.42848
240.42992
240.43136
240.4328
240.43423
240.43567
240.4371
240.43853
240.43996
240.44139
240.44281
240.44424
240.44566
240.44708
240.4485
240.44992
240.45134
240.45275
240.45417
240.45558
240.45699
240.4584
240.45981
240.46121
240.46262
240.46403
240.46543
240.46683
240.46823
240.46963
240.47103
240.47242
240.47382
240.47521
240.4766
240.47799
240.47938
240.48077
240.48215
240.48354
240.48492
240.48631
240.48768
240.48906
240.49044
240.49182
240.49319
240.49457
240.49594
240.49731
240.49868
240.50004
240.50141
240.50277
240.50414
240.5055
240.50686
240.50822
240.50958
240.51093
240.51228
240.51364
240.51499
240.51634
240.51769
240.51903
240.52038
240.52172
240.52306
240.52441
240.52574
240.52708
240.52842
240.52975
240.53109
240.53242
240.53375
240.53507
240.5364
240.53773
240.53905
240.54037
240.54169
240.54301
240.54433
240.54565
240.54696
240.54827
240.54958
240.55089
240.5522
240.55351
240.55481
240.55611
240.55741
240.55871
240.56001
240.56131
240.5626
240.5639
240.56519
240.56648
240.56776
240.56905
240.57034
240.57162
240.5729
240.57418
240.57546
240.57674
240.57801
240.57929
240.58056
240.58183
240.5831
240.58437
240.58564
240.5869
240.58817
240.58943
240.59069
240.59194
240.5932
240.59445
240.5957
240.59696
240.5982
240.59945
240.6007
240.60194
240.60319
240.60443
240.60567
240.6069
240.60814
240.60938
240.61061
240.61185
240.61307
240.6143
240.61553
240.61675
240.61798
240.6192
240.62042
240.62164
240.62286
240.62407
240.62529
240.6265
240.62771
240.62892
240.63013
240.63133
240.63255
240.63374
240.63495
240.63614
240.63735
240.63854
240.63974
240.64093
240.64212
240.64331
240.6445
240.64569
240.64687
240.64806
240.64924
240.65042
240.6516
240.65277
240.65395
240.65512
240.6563
240.65747
240.65864
240.6598
240.66097
240.66214
240.6633
240.66447
240.66563
240.66679
240.66794
240.6691
240.67026
240.67141
240.67256
240.67371
240.67486
240.67601
240.67715
240.67829
240.67943
240.68058
240.68171
240.68285
240.68399
240.68513
240.68626
240.68739
240.68852
240.68965
240.69078
240.69191
240.69303
240.69415
240.69528
240.6964
240.69751
240.69863
240.69975
240.70086
240.70198
240.70309
240.7042
240.70531
240.70641
240.70752
240.70863
240.70973
240.71083
240.71193
240.71303
240.71413
240.71523
240.71632
240.71742
240.71851
240.7196
240.72069
240.72177
240.72286
240.72395
240.72503
240.72611
240.72719
240.72827
240.72935
240.73043
240.7315
240.73258
240.73365
240.73472
240.73579
240.73685
240.73792
240.73899
240.74005
240.74111
240.74217
240.74323
240.74429
240.74534
240.7464
240.74745
240.7485
240.74955
240.7506
240.75165
240.7527
240.75374
240.75478
240.75582
240.75686
240.7579
240.75893
240.75997
240.761
240.76203
240.76306
240.76409
240.76512
240.76615
240.76717
240.7682
240.76922
240.77024
240.77125
240.77227
240.77329
240.7743
240.77531
240.77632
240.77733
240.77834
240.77934
240.78035
240.78135
240.78235
240.78335
240.78434
240.78534
240.78633
240.78733
240.78832
240.78931
240.7903
240.79128
240.79227
240.79325
240.79424
240.79522
240.7962
240.79718
240.79815
240.79913
240.8001
240.80107
240.80204
240.80301
240.80397
240.80494
240.8059
240.80686
240.80782
240.80878
240.80974
240.81069
240.81165
240.8126
240.81355
240.8145
240.81545
240.8164
240.81734
240.81828
240.81922
240.82016
240.8211
240.82204
240.82297
240.82391
240.82484
240.82577
240.8267
240.82763
240.82855
240.82948
240.8304
240.83132
240.83224
240.83316
240.83407
240.83499
240.8359
240.83681
240.83772
240.83863
240.83954
240.84044
240.84135
240.84225
240.84315
240.84405
240.84495
240.84584
240.84674
240.84763
240.84852
240.84941
240.8503
240.85119
240.85207
240.85296
240.85384
240.85472
240.8556
240.85648
240.85735
240.85823
240.8591
240.85997
240.86084
240.86171
240.86258
240.86344
240.86431
240.86517
240.86603
240.86689
240.86775
240.8686
240.86946
240.87031
240.87116
240.87201
240.87286
240.87371
240.87456
240.8754
240.87625
240.87709
240.87793
240.87877
240.87961
240.88044
240.88128
240.88211
240.88294
240.88377
240.8846
240.88543
240.88626
240.88708
240.8879
240.88873
240.88955
240.89036
240.89118
240.892
240.89281
240.89362
240.89443
240.89524
240.89605
240.89686
240.89766
240.89847
240.89927
240.90007
240.90087
240.90167
240.90247
240.90326
240.90406
240.90485
240.90564
240.90643
240.90722
240.908
240.90879
240.90957
240.91035
240.91113
240.91191
240.91269
240.91346
240.91424
240.91501
240.91578
240.91655
240.91731
240.91808
240.91884
240.91961
240.92037
240.92113
240.92189
240.92264
240.9234
240.92415
240.9249
240.92566
240.9264
240.92715
240.9279
240.92864
240.92938
240.93012
240.93086
240.9316
240.93233
240.93306
240.93379
240.93452
240.93525
240.93597
240.9367
240.93742
240.93814
240.93886
240.93958
240.94029
240.941
240.94172
240.94242
240.94313
240.94384
240.94454
240.94524
240.94594
240.94664
240.94733
240.94802
240.94871
240.9494
240.95009
240.95077
240.95145
240.95213
240.95281
240.95348
240.95416
240.95483
240.9555
240.95616
240.95683
240.95749
240.95814
240.9588
240.95945
240.9601
240.96075
240.9614
240.96204
240.96268
240.96332
240.96395
240.96458
240.96521
240.96584
240.96646
240.96708
240.96769
240.96831
240.96892
240.96952
240.97012
240.97072
240.97132
240.97191
240.9725
240.97308
240.97366
240.97423
240.97481
240.97537
240.97594
240.9765
240.97705
240.9776
240.97815
240.97869
240.97922
240.97976
240.98028
240.9808
240.98132
240.98183
240.98234
240.98284
240.98333
240.98382
240.9843
240.98478
240.98525
240.98571
240.98617
240.98662
240.98707
240.9875
240.98794
240.98836
240.98878
240.98919
240.98959
240.98998
240.99037
240.99075
240.99112
240.99148
240.99183
240.99218
240.99251
240.99284
240.99316
240.99346
240.99376
240.99405
240.99433
240.9946
240.99486
240.99511
240.99535
240.99558
240.99579
240.996
240.99619
240.99637
240.99654
240.9967
240.99685
240.99698
240.9971
240.99721
240.9973
240.99739
240.99745
240.99751
240.99755
240.99758
240.99759
240.99759
240.99758
240.99755
240.9975
240.99744
240.99737
240.99728
240.99717
240.99705
240.99691
240.99676
240.99659
240.9964
240.9962
240.99598
240.99574
240.99549
240.99522
240.99493
240.99462
240.9943
240.99396
240.9936
240.99322
240.99283
240.99241
240.99198
240.99153
240.99106
240.99058
240.99007
240.98955
240.98901
240.98844
240.98787
240.98727
240.98665
240.98601
240.98536
240.98469
240.98399
240.98328
240.98255
240.9818
240.98104
240.98025
240.97945
240.97862
240.97778
240.97692
240.97604
240.97515
240.97423
240.9733
240.97235
240.97138
240.9704
240.96939
240.96837
240.96734
240.96628
240.96522
240.96413
240.96303
240.96191
240.96077
240.95962
240.95846
240.95728
240.95609
240.95488
240.95365
240.95242
240.95117
240.9499
240.94863
240.94734
240.94604
240.94473
240.94341
240.94207
240.94073
240.93937
240.938
240.93663
240.93524
240.93385
240.93244
240.93103
240.92961
240.92818
240.92675
240.92531
240.92386
240.92241
240.92095
240.91949
240.91802
240.91655
240.91507
240.91359
240.91211
240.91063
240.90914
240.90765
240.90617
240.90468
240.90319
240.9017
240.90021
240.89873
240.89724
240.89576
240.89428
240.8928
240.89132
240.88985
240.88838
240.88691
240.88545
240.884
240.88255
240.8811
240.87967
240.87824
240.87681
240.87539
240.87398
240.87258
240.87119
240.8698
240.86843
240.86706
240.8657
240.86436
240.86302
240.86169
240.86037
240.85907
240.85777
240.85649
240.85522
240.85396
240.85271
240.85147
240.85025
240.84904
240.84784
240.84666
240.84548
240.84432
240.84318
240.84205
240.84093
240.83982
240.83873
240.83765
240.83659
240.83554
240.8345
240.83348
240.83247
240.83148
240.8305
240.82953
240.82858
240.82765
240.82672
240.82582
240.82492
240.82404
240.82318
240.82232
240.82149
240.82066
240.81985
240.81906
240.81827
240.81751
240.81675
240.81601
240.81528
240.81457
240.81387
240.81318
240.8125
240.81184
240.81119
240.81055
240.80992
240.80931
240.80871
240.80812
240.80754
240.80697
240.80642
240.80587
240.80534
240.80481
240.8043
240.8038
240.80331
240.80283
240.80236
240.8019
240.80144
240.801
240.80057
240.80014
240.79973
240.79932
240.79892
240.79853
240.79815
240.79777
240.79741
240.79705
240.7967
240.79635
240.79601
240.79568
240.79536
240.79504
240.79473
240.79442
240.79412
240.79383
240.79354
240.79326
240.79298
240.79271
240.79244
240.79218
240.79192
240.79167
240.79142
240.79118
240.79093
240.7907
240.79046
240.79024
240.79001
240.78979
240.78957
240.78935
240.78914
240.78893
240.78872
240.78852
240.78832
240.78812
240.78792
240.78773
240.78753
240.78734
240.78715
240.78696
240.78678
240.78659
240.78641
240.78622
240.78604
240.78586
240.78568
240.78551
240.78533
240.78515
240.78498
240.7848
240.78463
240.78446
240.78428
240.78411
240.78394
240.78377
240.7836
240.78343
240.78326
240.78309
240.78293
240.78276
240.78259
240.78241
240.78224
240.78207
240.7819
240.78173
240.78156
240.78138
240.78121
240.78103
240.78086
240.78068
240.7805
240.78033
240.78015
240.77997
240.77979
240.77961
240.77943
240.77925
240.77907
240.77888
240.7787
240.77851
240.77833
240.77814
240.77795
240.77776
240.77757
240.77738
240.77719
240.777
240.7768
240.7766
240.77641
240.77621
240.77601
240.7758
240.7756
240.7754
240.77519
240.77498
240.77477
240.77456
240.77435
240.77414
240.77392
240.77371
240.77349
240.77327
240.77305
240.77283
240.77261
240.77238
240.77215
240.77193
240.7717
240.77147
240.77124
240.771
240.77077
240.77053
240.7703
240.77006
240.76982
240.76957
240.76933
240.76908
240.76884
240.76859
240.76834
240.76808
240.76783
240.76757
240.76732
240.76706
240.7668
240.76654
240.76627
240.76601
240.76574
240.76548
240.76521
240.76494
240.76466
240.76439
240.76411
240.76384
240.76356
240.76328
240.763
240.76271
240.76243
240.76214
240.76185
240.76156
240.76127
240.76098
240.76069
240.76039
240.76009
240.75979
240.75949
240.75919
240.75889
240.75858
240.75827
240.75797
240.75766
240.75735
240.75703
240.75672
240.7564
240.75609
240.75577
240.75545
240.75513
240.7548
240.75448
240.75415
240.75382
240.75349
240.75316
240.75283
240.75249
240.75216
240.75182
240.75148
240.75114
240.7508
240.75046
240.75012
240.74977
240.74943
240.74908
240.74873
240.74838
240.74803
240.74767
240.74732
240.74696
240.7466
240.74624
240.74588
240.74551
240.74515
240.74478
240.74441
240.74404
240.74367
240.7433
240.74292
240.74255
240.74217
240.74179
240.74141
240.74103
240.74065
240.74027
240.73988
240.73949
240.7391
240.73871
240.73832
240.73793
240.73753
240.73714
240.73674
240.73634
240.73594
240.73554
240.73514
240.73473
240.73433
240.73392
240.73351
240.7331
240.73269
240.73227
240.73186
240.73144
240.73102
240.7306
240.73018
240.72976
240.72933
240.72891
240.72848
240.72805
240.72762
240.72719
240.72675
240.72632
240.72588
240.72544
240.72501
240.72456
240.72412
240.72367
240.72323
240.72278
240.72233
240.72188
240.72143
240.72097
240.72052
240.72006
240.7196
240.71914
240.71868
240.71822
240.71775
240.71728
240.71682
240.71635
240.71587
240.7154
240.71493
240.71445
240.71397
240.71349
240.71301
240.71253
240.71204
240.71156
240.71106
240.71058
240.71009
240.70959
240.7091
240.7086
240.70811
240.7076
240.70711
240.7066
240.7061
240.70559
240.70508
240.70458
240.70406
240.70355
240.70304
240.70252
240.70201
240.70148
240.70096
240.70044
240.69991
240.69939
240.69886
240.69833
240.6978
240.69727
240.69673
240.6962
240.69566
240.69512
240.69458
240.69404
240.6935
240.69295
240.6924
240.69186
240.6913
240.69075
240.6902
240.68964
240.68909
240.68853
240.68797
240.68741
240.68685
240.68628
240.68571
240.68515
240.68458
240.68401
240.68343
240.68286
240.68228
240.68171
240.68112
240.68054
240.67996
240.67938
240.67879
240.6782
240.67761
240.67702
240.67643
240.67584
240.67525
240.67465
240.67405
240.67345
240.67285
240.67225
240.67165
240.67104
240.67044
240.66983
240.66922
240.66861
240.66799
240.66738
240.66676
240.66614
240.66552
240.6649
240.66428
240.66366
240.66303
240.66241
240.66178
240.66115
240.66052
240.65988
240.65925
240.65861
240.65798
240.65734
240.6567
240.65606
240.65541
240.65477
240.65412
240.65347
240.65282
240.65217
240.65152
240.65087
240.65021
240.64956
240.6489
240.64824
240.64758
240.64692
240.64626
240.6456
240.64493
240.64427
240.6436
240.64293
240.64226
240.64159
240.64091
240.64024
240.63956
240.63888
240.6382
240.63752
240.63684
240.63616
240.63547
240.63478
240.63409
240.6334
240.63271
240.63201
240.63132
240.63062
240.62992
240.62922
240.62852
240.62782
240.62711
240.62641
240.6257
240.62499
240.62428
240.62357
240.62285
240.62214
240.62142
240.6207
240.61998
240.61926
240.61854
240.61782
240.61709
240.61636
240.61563
240.6149
240.61417
240.61344
240.6127
240.61197
240.61123
240.61049
240.60975
240.60901
240.60827
240.60752
240.60677
240.60603
240.60528
240.60453
240.60377
240.60302
240.60226
240.6015
240.60075
240.59999
240.59922
240.59846
240.5977
240.59693
240.59616
240.59539
240.59462
240.59385
240.59307
240.5923
240.59152
240.59074
240.58996
240.58918
240.58839
240.58761
240.58682
240.58603
240.58523
240.58444
240.58365
240.58285
240.58205
240.58125
240.58045
240.57964
240.57884
240.57803
240.57722
240.57641
240.5756
240.57478
240.57397
240.57315
240.57233
240.57151
240.57069
240.56987
240.56904
240.56822
240.56739
240.56656
240.56573
240.5649
240.56406
240.56323
240.56239
240.56155
240.56071
240.55987
240.55903
240.55818
240.55734
240.55649
240.55564
240.55479
240.55393
240.55308
240.55222
240.55136
240.5505
240.54964
240.54878
240.54791
240.54704
240.54618
240.54531
240.54444
240.54356
240.54269
240.54182
240.54094
240.54006
240.53919
240.53831
240.53742
240.53654
240.53566
240.53477
240.53388
240.53299
240.5321
240.53121
240.53032
240.52942
240.52853
240.52763
240.52673
240.52583
240.52493
240.52402
240.52312
240.52221
240.52131
240.5204
240.51949
240.51857
240.51766
240.51675
240.51583
240.51492
240.514
240.51308
240.51216
240.51124
240.51032
240.50939
240.50847
240.50754
240.50661
240.50568
240.50475
240.50382
240.50289
240.50195
240.50102
240.50008
240.49915
240.49821
240.49727
240.49632
240.49538
240.49443
240.49349
240.49254
240.49159
240.49064
240.48969
240.48873
240.48778
240.48682
240.48587
240.48491
240.48395
240.48298
240.48202
240.48106
240.48009
240.47912
240.47816
240.47719
240.47622
240.47525
240.47427
240.47329
240.47232
240.47134
240.47037
240.46939
240.46841
240.46743
240.46644
240.46546
240.46448
240.46349
240.46251
240.46151
240.46052
240.45953
240.45852
240.45753
240.45652
240.45553
240.45453
240.45352
240.45252
240.45151
240.45049
240.44948
240.44847
240.44745
240.44644
240.44542
240.4444
240.44338
240.44234
240.44131
240.44028
240.43924
240.4382
240.43718
240.43614
240.4351
240.43406
240.433
240.43194
240.43088
240.42982
240.42875
240.42768
240.42661
240.42554
240.42445
240.42336
240.42227
240.42116
240.42005
240.41896
240.41786
240.41674
240.41562
240.41451
240.41337
240.41221
240.41107
240.40991
240.40874
240.40757
240.40642
240.40526
240.40409
240.40291
240.40173
240.40055
240.39934
240.39811
240.39689
240.39568
240.39446
240.39323
240.392
240.39078
240.38956
240.38831
240.38704
240.38577
240.38452
240.38326
240.38198
240.3807
240.37945
240.37824
240.37702
240.37578
240.37452
240.3733
240.37211
240.3709
240.36965
240.36837
240.36712
240.36593
240.36476
240.36356
240.36232
240.36111
240.35995
240.35885
240.35773
240.35656
240.35534
240.35412
240.35293
240.35179
240.35064
240.34943
240.34816
240.34689
240.34565
240.3445
240.34339
240.34228
240.34111
240.33989
240.33864
240.33741
240.33622
240.33505
240.33389
240.33267
240.33136
240.32996
240.32847
240.32696
240.32546
240.32402
240.32264
240.3213
240.31995
240.31858
240.31717
240.31575
240.31437
240.31301
240.31167
240.31031
240.30894
240.30761
240.30641
240.30546
240.30484
240.30453
240.30441
240.30442
240.30456
240.30511
240.30679
240.31155
240.32501
240.36316
240.4717
240.76023
241.17434
241.62684
242.11228
242.62471
243.15792
243.70578
244.26244
244.82241
245.3805
245.93193
246.47241
246.99811
247.50578
247.99265
248.45654
248.89573
249.30899
249.69557
250.05509
250.38758
250.69344
250.97335
251.2282
251.45911
251.66731
251.85412
252.02093
252.16918
252.30031
252.41579
252.51705
252.60548
252.68236
252.74889
252.80619
252.85531
252.8972
252.93273
252.96266
252.98768
253.00845
253.0256
253.03971
253.05124
253.06058
253.06799
253.07372
253.07799
253.08102
253.08307
253.08438
253.08515
253.08556
253.08572
253.08574
253.08567
253.0853
253.08411
253.08234
253.08054
253.07867
253.07675
253.07479
253.07281
253.0708
253.06879
253.06677
253.06476
253.06274
253.06074
253.05874
253.05675
253.05476
253.05278
253.05081
253.04884
253.04687
253.0449
253.04294
253.04097
253.03901
253.03704
253.03506
253.03309
253.0311
253.02911
253.02711
253.02511
253.0231
253.02108
253.01905
253.01701
253.01496
253.01291
253.01084
253.00877
253.0067
253.00461
253.00252
253.00042
252.99832
252.99621
252.9941
252.99198
252.98986
252.98774
252.98562
252.9835
252.98138
252.97925
252.97713
252.97501
252.9729
252.97078
252.96867
252.96656
252.96445
252.96235
252.96025
252.95816
252.95607
252.95398
252.95189
252.94981
252.94774
252.94566
252.94359
252.94153
252.93946
252.9374
252.93535
252.93329
252.93124
252.92918
252.92714
252.92509
252.92304
252.921
252.91895
252.91691
252.91487
252.91283
252.91079
252.90875
252.90671
252.90467
252.90263
252.90059
252.89855
252.89651
252.89448
252.89244
252.8904
252.88836
252.88632
252.88428
252.88224
252.8802
252.87816
252.87612
252.87408
252.87204
252.87
252.86795
252.86591
252.86386
252.86182
252.85977
252.85773
252.85568
252.85363
252.85158
252.84953
252.84748
252.84543
252.84338
252.84133
252.83927
252.83722
252.83517
252.83311
252.83106
252.829
252.82694
252.82489
252.82283
252.82077
252.81871
252.81665
252.81459
252.81253
252.81047
252.80841
252.80635
252.80428
252.80222
252.80015
252.79809
252.79602
252.79396
252.79189
252.78982
252.78775
252.78568
252.78361
252.78154
252.77947
252.7774
252.77533
252.77326
252.77118
252.76911
252.76704
252.76496
252.76289
252.76081
252.75874
252.75666
252.75458
252.75251
252.75043
252.74835
252.74628
252.7442
252.74212
252.74004
252.73796
252.73588
252.73381
252.73172
252.72965
252.72757
252.72549
252.72341
252.72133
252.71925
252.71717
252.71509
252.71301
252.71093
252.70885
252.70676
252.70469
252.7026
252.70053
252.69844
252.69637
252.69428
252.69221
252.69012
252.68805
252.68597
252.68389
252.68181
252.67973
252.67765
252.67558
252.6735
252.67142
252.66934
252.66727
252.66519
252.66312
252.66104
252.65897
252.65689
252.65482
252.65274
252.65067
252.6486
252.64653
252.64446
252.64239
252.64032
252.63825
252.63618
252.63412
252.63205
252.62998
252.62792
252.62586
252.62379
252.62173
252.61967
252.61761
252.61555
252.61349
252.61143
252.60937
252.60732
252.60526
252.60321
252.60115
252.5991
252.59705
252.595
252.59295
252.5909
252.58886
252.58681
252.58477
252.58272
252.58068
252.57864
252.5766
252.57456
252.57253
252.57049
252.56846
252.56643
252.56439
252.56236
252.56034
252.55831
252.55628
252.55426
252.55224
252.55021
252.5482
252.54618
252.54416
252.54214
252.54013
252.53812
252.53611
252.5341
252.53209
252.53008
252.52808
252.52607
252.52407
252.52207
252.52007
252.51807
252.51608
252.51408
252.51209
252.5101
252.50811
252.50612
252.50414
252.50215
252.50017
252.49819
252.49621
252.49423
252.49225
252.49028
252.48831
252.48634
252.48437
252.4824
252.48043
252.47847
252.4765
252.47454
252.47258
252.47062
252.46866
252.46671
252.46475
252.4628
252.46085
252.4589
252.45695
252.455
252.45305
252.45111
252.44916
252.44722
252.44528
252.44334
252.4414
252.43947
252.43753
252.4356
252.43366
252.43173
252.4298
252.42787
252.42594
252.42402
252.42209
252.42016
252.41824
252.41632
252.4144
252.41248
252.41056
252.40864
252.40672
252.4048
252.40289
252.40097
252.39906
252.39715
252.39524
252.39333
252.39142
252.38951
252.3876
252.38569
252.38378
252.38188
252.37997
252.37807
252.37617
252.37426
252.37236
252.37046
252.36856
252.36666
252.36476
252.36286
252.36096
252.35906
252.35716
252.35527
252.35337
252.35148
252.34958
252.34768
252.34579
252.3439
252.342
252.34011
252.33822
252.33632
252.33443
252.33254
252.33065
252.32876
252.32686
252.32497
252.32308
252.32119
252.3193
252.31741
252.31552
252.31363
252.31174
252.30985
252.30796
252.30607
252.30417
252.30228
252.30039
252.2985
252.29661
252.29472
252.29283
252.29094
252.28905
252.28716
252.28527
252.28338
252.28149
252.27959
252.2777
252.27581
252.27392
252.27203
252.27013
252.26824
252.26635
252.26445
252.26256
252.26066
252.25877
252.25687
252.25498
252.25308
252.25119
252.24929
252.24739
252.24549
252.2436
252.2417
252.2398
252.2379
252.236
252.2341
252.23219
252.23029
252.22839
252.22649
252.22458
252.22268
252.22077
252.21887
252.21696
252.21506
252.21315
252.21124
252.20933
252.20742
252.20551
252.2036
252.20169
252.19978
252.19787
252.19596
252.19404
252.19213
252.19021
252.1883
252.18638
252.18446
252.18254
252.18062
252.1787
252.17678
252.17486
252.17294
252.17101
252.16909
252.16716
252.16523
252.16331
252.16138
252.15945
252.15752
252.15558
252.15365
252.15171
252.14978
252.14784
252.1459
252.14396
252.14202
252.14008
252.13814
252.1362
252.13425
252.1323
252.13036
252.12841
252.12646
252.12451
252.12255
252.1206
252.11864
252.11669
252.11473
252.11277
252.11081
252.10884
252.10688
252.10491
252.10295
252.10098
252.09901
252.09703
252.09506
252.09308
252.09111
252.08913
252.08715
252.08517
252.08319
252.0812
252.07921
252.07723
252.07524
252.07325
252.07125
252.06926
252.06726
252.06526
252.06326
252.06126
252.05926
252.05726
252.05525
252.05324
252.05123
252.04922
252.04721
252.04519
252.04318
252.04116
252.03914
252.03712
252.03509
252.03307
252.03104
252.02901
252.02698
252.02495
252.02292
252.02088
252.01884
252.01681
252.01476
252.01272
252.01068
252.00863
252.00658
252.00453
252.00248
252.00043
251.99838
251.99632
251.99426
251.9922
251.99014
251.98807
251.98601
251.98394
251.98187
251.9798
251.97773
251.97565
251.97358
251.9715
251.96942
251.96734
251.96525
251.96317
251.96108
251.95899
251.9569
251.95481
251.95271
251.95062
251.94852
251.94642
251.94432
251.94222
251.94011
251.93801
251.9359
251.93379
251.93168
251.92957
251.92745
251.92534
251.92322
251.9211
251.91898
251.91686
251.91473
251.9126
251.91048
251.90835
251.90622
251.90408
251.90195
251.89981
251.89768
251.89554
251.8934
251.89125
251.88911
251.88696
251.88482
251.88267
251.88052
251.87836
251.87621
251.87406
251.8719
251.86974
251.86758
251.86542
251.86326
251.86109
251.85893
251.85676
251.85459
251.85242
251.85025
251.84807
251.8459
251.84372
251.84154
251.83936
251.83718
251.83499
251.83281
251.83062
251.82843
251.82624
251.82405
251.82185
251.81966
251.81746
251.81526
251.81306
251.81086
251.80865
251.80645
251.80424
251.80203
251.79982
251.7976
251.79539
251.79317
251.79095
251.78873
251.78651
251.78428
251.78206
251.77983
251.7776
251.77537
251.77313
251.77089
251.76866
251.76642
251.76417
251.76193
251.75968
251.75744
251.75518
251.75293
251.75068
251.74842
251.74617
251.74391
251.74164
251.73938
251.73712
251.73485
251.73258
251.73031
251.72804
251.72576
251.72348
251.7212
251.71892
251.71664
251.71435
251.71207
251.70978
251.70749
251.7052
251.7029
251.70061
251.69831
251.69601
251.6937
251.6914
251.68909
251.68678
251.68447
251.68216
251.67985
251.67753
251.67521
251.67289
251.67057
251.66825
251.66592
251.66359
251.66126
251.65893
251.6566
251.65426
251.65192
251.64958
251.64724
251.6449
251.64255
251.64021
251.63786
251.63551
251.63315
251.6308
251.62844
251.62608
251.62372
251.62136
251.61899
251.61663
251.61426
251.61189
251.60952
251.60714
251.60477
251.60239
251.60001
251.59763
251.59525
251.59286
251.59047
251.58808
251.58569
251.5833
251.58091
251.57851
251.57611
251.57371
251.57131
251.56891
251.5665
251.5641
251.56169
251.55928
251.55687
251.55445
251.55204
251.54962
251.5472
251.54478
251.54236
251.53994
251.53751
251.53508
251.53265
251.53022
251.52779
251.52536
251.52292
251.52049
251.51805
251.51561
251.51317
251.51073
251.50828
251.50584
251.50339
251.50094
251.49849
251.49604
251.49359
251.49113
251.48868
251.48622
251.48376
251.4813
251.47884
251.47638
251.47391
251.47145
251.46898
251.46651
251.46404
251.46157
251.45909
251.45662
251.45414
251.45166
251.44918
251.4467
251.44421
251.44173
251.43924
251.43675
251.43426
251.43177
251.42928
251.42678
251.42429
251.42179
251.41929
251.41679
251.41428
251.41178
251.40927
251.40676
251.40425
251.40174
251.39922
251.39671
251.39419
251.39167
251.38915
251.38663
251.3841
251.38158
251.37905
251.37652
251.37399
251.37145
251.36892
251.36638
251.36384
251.3613
251.35875
251.35621
251.35366
251.35111
251.34856
251.34601
251.34346
251.3409
251.33834
251.33578
251.33322
251.33066
251.32809
251.32553
251.32295
251.32039
251.31781
251.31524
251.31265
251.31009
251.30749
251.30493
251.30231
251.29977
251.29713
251.2946
251.29193
251.28943
251.28673
251.28425
251.28151
251.27908
251.27627
251.2739
251.27102
251.26872
251.26576
251.26354
251.26048
251.25835
251.2552
251.25316
251.2499
251.24797
251.2446
251.24275
251.2393
251.23752
251.23401
251.23225
251.22873
251.22697
251.22344
251.22168
251.21815
251.21638
251.21285
251.21108
251.20754
251.20576
251.20222
251.20044
251.19689
251.19511
251.19156
251.18978
251.18622
251.18443
251.18087
251.17908
251.17551
251.17372
251.17015
251.16836
251.16477
251.16298
251.1594
251.1576
251.15401
251.15221
251.14862
251.14682
251.14322
251.14141
251.13781
251.136
251.13239
251.13059
251.12697
251.12516
251.12155
251.11973
251.11611
251.1143
251.11067
251.10885
251.10522
251.1034
251.09976
251.09794
251.0943
251.09247
251.08883
251.087
251.08335
251.08152
251.07786
251.07603
251.07237
251.07054
251.06687
251.06503
251.06136
251.05952
251.05585
251.05401
251.05032
251.04848
251.04479
251.04295
251.03925
251.0374
251.03371
251.03186
251.02815
251.0263
251.02259
251.02073
251.01702
251.01516
251.01144
251.00958
251.00585
251.00399
251.00026
250.99839
250.99466
250.99279
250.98905
250.98718
250.98344
250.98156
250.97781
250.97594
250.97218
250.9703
250.96654
250.96466
250.9609
250.95902
250.95525
250.95336
250.94959
250.9477
250.94393
250.94204
250.93826
250.93636
250.93258
250.93069
250.9269
250.925
250.92121
250.91931
250.91552
250.91362
250.90982
250.90792
250.90411
250.90221
250.89841
250.8965
250.8927
250.89079
250.88698
250.88507
250.88126
250.87935
250.87554
250.87363
250.86981
250.8679
250.86408
250.86217
250.85835
250.85643
250.85261
250.8507
250.84687
250.84496
250.84113
250.83922
250.83539
250.83348
250.82965
250.82774
250.82391
250.82199
250.81816
250.81625
250.81241
250.8105
250.80667
250.80475
250.80092
250.79901
250.79518
250.79326
250.78943
250.78752
250.78368
250.78177
250.77794
250.77603
250.7722
250.77028
250.76645
250.76454
250.76071
250.7588
250.75497
250.75306
250.74923
250.74732
250.7435
250.74159
250.73776
250.73585
250.73203
250.73012
250.7263
250.72439
250.72057
250.71866
250.71484
250.71294
250.70912
250.70721
250.7034
250.70149
250.69768
250.69578
250.69196
250.69006
250.68625
250.68435
250.68054
250.67864
250.67483
250.67293
250.66913
250.66723
250.66343
250.66153
250.65773
250.65583
250.65203
250.65013
250.64634
250.64444
250.64064
250.63875
250.63495
250.63306
250.62927
250.62737
250.62358
250.62169
250.6179
250.61601
250.61222
250.61033
250.60654
250.60465
250.60086
250.59897
250.59519
250.5933
250.58952
250.58763
250.58384
250.58195
250.57817
250.57628
250.5725
250.57061
250.56683
250.56495
250.56117
250.55928
250.5555
250.55361
250.54983
250.54794
250.54416
250.54228
250.5385
250.53661
250.53283
250.53094
250.52716
250.52527
250.52149
250.5196
250.51582
250.51393
250.51015
250.50826
250.50448
250.50259
250.49881
250.49692
250.49314
250.49124
250.48746
250.48557
250.48178
250.47989
250.4761
250.47421
250.47042
250.46853
250.46473
250.46284
250.45905
250.45715
250.45336
250.45146
250.44766
250.44576
250.44197
250.44007
250.43626
250.43436
250.43056
250.42866
250.42485
250.42295
250.41914
250.41724
250.41342
250.41152
250.4077
250.40579
250.40198
250.40007
250.39625
250.39434
250.39051
250.3886
250.38477
250.38286
250.37903
250.37711
250.37328
250.37136
250.36752
250.3656
250.36176
250.35984
250.35599
250.35407
250.35022
250.34829
250.34444
250.34251
250.33865
250.33672
250.33286
250.33093
250.32707
250.32513
250.32126
250.31933
250.31545
250.31351
250.30964
250.30769
250.30381
250.30187
250.29798
250.29604
250.29215
250.2902
250.2863
250.28436
250.28046
250.2785
250.2746
250.27265
250.26874
250.26678
250.26287
250.26091
250.25699
250.25503
250.25111
250.24914
250.24521
250.24325
250.23932
250.23735
250.23341
250.23144
250.2275
250.22552
250.22158
250.2196
250.21565
250.21367
250.20972
250.20774
250.20378
250.20179
250.19783
250.19584
250.19187
250.18988
250.18591
250.18392
250.17994
250.17795
250.17396
250.17196
250.16797
250.16598
250.16198
250.15998
250.15598
250.15398
250.14997
250.14797
250.14396
250.14195
250.13794
250.13593
250.13191
250.1299
250.12587
250.12386
250.11983
250.11781
250.11377
250.11176
250.10771
250.10569
250.10165
250.09962
250.09557
250.09355
250.08949
250.08746
250.0834
250.08137
250.0773
250.07527
250.0712
250.06916
250.06509
250.06305
250.05897
250.05693
250.05284
250.0508
250.04671
250.04466
250.04057
250.03852
250.03442
250.03237
250.02826
250.02621
250.0221
250.02004
250.01593
250.01387
250.00975
250.00768
250.00356
250.0015
249.99737
249.9953
249.99116
249.9891
249.98496
249.98288
249.97874
249.97666
249.97252
249.97044
249.96628
249.9642
249.96004
249.95796
249.9538
249.95171
249.94754
249.94546
249.94128
249.93919
249.93501
249.93292
249.92874
249.92664
249.92245
249.92035
249.91616
249.91406
249.90986
249.90776
249.90355
249.90145
249.89724
249.89513
249.89092
249.88881
249.88459
249.88247
249.87825
249.87614
249.8719
249.86979
249.86555
249.86343
249.85919
249.85707
249.85283
249.8507
249.84645
249.84432
249.84007
249.83794
249.83368
249.83154
249.82728
249.82514
249.82087
249.81873
249.81446
249.81232
249.80804
249.80589
249.80161
249.79946
249.79517
249.79302
249.78872
249.78657
249.78227
249.78012
249.77581
249.77366
249.76934
249.76718
249.76287
249.76071
249.75638
249.75422
249.74989
249.74773
249.74339
249.74122
249.73689
249.73471
249.73037
249.7282
249.72385
249.72167
249.71732
249.71514
249.71078
249.70859
249.70423
249.70204
249.69767
249.69549
249.69111
249.68892
249.68454
249.68235
249.67796
249.67576
249.67137
249.66917
249.66478
249.66258
249.65817
249.65597
249.65156
249.64936
249.64494
249.64273
249.63832
249.6361
249.63168
249.62947
249.62504
249.62282
249.61839
249.61617
249.61173
249.6095
249.60506
249.60283
249.59838
249.59615
249.5917
249.58947
249.58501
249.58277
249.5783
249.57607
249.5716
249.56936
249.56488
249.56264
249.55815
249.55591
249.55142
249.54917
249.54468
249.54243
249.53793
249.53568
249.53117
249.52892
249.5244
249.52215
249.51763
249.51537
249.51085
249.50858
249.50405
249.50179
249.49726
249.49499
249.49045
249.48818
249.48363
249.48136
249.47681
249.47453
249.46997
249.46769
249.46313
249.46085
249.45628
249.454
249.44942
249.44714
249.44256
249.44027
249.43568
249.43339
249.4288
249.4265
249.42191
249.4196
249.41502
249.41268
249.40815
249.40572
249.40129
249.39873
249.39445
249.39171
249.38762
249.38466
249.38079
249.3776
249.37395
249.37053
249.36711
249.36346
249.36025
249.35638
249.35338
249.3493
249.34649
249.34222
249.33958
249.33515
249.33265
249.32809
249.32568
249.32104
249.31869
249.31401
249.31166
249.30698
249.30463
249.29993
249.29759
249.29289
249.29053
249.28583
249.28347
249.27876
249.2764
249.27169
249.26933
249.2646
249.26224
249.25751
249.25515
249.25041
249.24804
249.2433
249.24093
249.23618
249.23381
249.22906
249.22668
249.22192
249.21954
249.21477
249.21239
249.20762
249.20523
249.20046
249.19807
249.19329
249.19089
249.18611
249.18371
249.17892
249.17652
249.17172
249.16932
249.16451
249.16211
249.1573
249.15489
249.15007
249.14766
249.14284
249.14042
249.13559
249.13318
249.12834
249.12592
249.12108
249.11865
249.11381
249.11138
249.10653
249.1041
249.09924
249.09681
249.09194
249.0895
249.08463
249.08219
249.07731
249.07487
249.06999
249.06754
249.06265
249.06021
249.05531
249.05286
249.04795
249.0455
249.04059
249.03813
249.03322
249.03076
249.02584
249.02337
249.01845
249.01598
249.01105
249.00858
249.00364
249.00117
248.99622
248.99374
248.98879
248.98631
248.98135
248.97887
248.97391
248.97142
248.96645
248.96397
248.95899
248.9565
248.95152
248.94902
248.94403
248.94154
248.93654
248.93404
248.92904
248.92654
248.92153
248.91903
248.91402
248.91151
248.90649
248.90398
248.89896
248.89644
248.89141
248.8889
248.88386
248.88134
248.8763
248.87378
248.86873
248.86621
248.86116
248.85863
248.85357
248.85104
248.84598
248.84345
248.83838
248.83585
248.83078
248.82824
248.82316
248.82062
248.81554
248.813
248.80791
248.80537
248.80028
248.79773
248.79264
248.79009
248.78499
248.78244
248.77733
248.77478
248.76967
248.76711
248.762
248.75944
248.75433
248.75177
248.74665
248.74409
248.73896
248.7364
248.73127
248.7287
248.72357
248.721
248.71587
248.7133
248.70816
248.70558
248.70044
248.69787
248.69272
248.69014
248.68499
248.68241
248.67725
248.67468
248.66951
248.66693
248.66177
248.65918
248.65402
248.65143
248.64626
248.64367
248.63849
248.6359
248.63072
248.62813
248.62294
248.62035
248.61516
248.61256
248.60737
248.60477
248.59957
248.59696
248.59176
248.58916
248.58395
248.58134
248.57612
248.57351
248.56829
248.56568
248.56046
248.55784
248.55261
248.54999
248.54476
248.54214
248.53689
248.53427
248.52902
248.5264
248.52114
248.51851
248.51325
248.51062
248.50535
248.50272
248.49744
248.4948
248.48952
248.48688
248.4816
248.47895
248.47366
248.47101
248.46571
248.46306
248.45775
248.4551
248.44978
248.44713
248.44181
248.43914
248.43382
248.43115
248.42582
248.42315
248.41781
248.41514
248.40979
248.40711
248.40176
248.39908
248.39372
248.39103
248.38567
248.38298
248.3776
248.37491
248.36953
248.36684
248.36145
248.35875
248.35336
248.35066
248.34525
248.34255
248.33714
248.33443
248.32901
248.3263
248.32088
248.31817
248.31274
248.31002
248.30458
248.30186
248.29642
248.29369
248.28824
248.28551
248.28006
248.27732
248.27186
248.26913
248.26366
248.26092
248.25544
248.2527
248.24722
248.24447
248.23898
248.23623
248.23074
248.22799
248.22248
248.21973
248.21422
248.21146
248.20595
248.20318
248.19766
248.1949
248.18937
248.1866
248.18107
248.1783
248.17275
248.16998
248.16443
248.16165
248.1561
248.15332
248.14776
248.14498
248.13941
248.13662
248.13105
248.12826
248.12268
248.11988
248.1143
248.1115
248.10591
248.10311
248.09751
248.09471
248.0891
248.0863
248.08068
248.07787
248.07226
248.06944
248.06382
248.061
248.05537
248.05255
248.04692
248.04409
248.03845
248.03562
248.02997
248.02715
248.02149
248.01866
248.01299
248.01016
248.00449
248.00165
247.99597
247.99313
247.98745
247.98461
247.97892
247.97607
247.97037
247.96752
247.96182
247.95897
247.95326
247.9504
247.94468
247.94182
247.9361
247.93324
247.92751
247.92464
247.91891
247.91604
247.9103
247.90742
247.90167
247.8988
247.89304
247.89016
247.8844
247.88152
247.87575
247.87287
247.86709
247.8642
247.85842
247.85553
247.84974
247.84685
247.84106
247.83816
247.83236
247.82945
247.82365
247.82074
247.81493
247.81202
247.8062
247.80329
247.79747
247.79455
247.78872
247.7858
247.77997
247.77705
247.7712
247.76828
247.76243
247.7595
247.75364
247.75071
247.74485
247.74192
247.73605
247.73311
247.72724
247.7243
247.71842
247.71548
247.70959
247.70665
247.70075
247.6978
247.69191
247.68895
247.68305
247.6801
247.67419
247.67123
247.66531
247.66235
247.65643
247.65347
247.64754
247.64457
247.63864
247.63567
247.62973
247.62676
247.62081
247.61784
247.61188
247.60891
247.60295
247.59997
247.594
247.59102
247.58505
247.58207
247.57609
247.5731
247.56712
247.56413
247.55815
247.55515
247.54916
247.54616
247.54017
247.53717
247.53117
247.52816
247.52216
247.51915
247.51314
247.51013
247.50412
247.50111
247.49509
247.49208
247.48605
247.48304
247.47701
247.47399
247.46796
247.46494
247.4589
247.45588
247.44984
247.44681
247.44077
247.43774
247.43169
247.42866
247.4226
247.41957
247.41351
247.41047
247.4044
247.40136
247.39522
247.39222
247.38511
247.38022
)
;

boundaryField
{
    leftSide
    {
        type            zeroGradient;
    }
    rightSide
    {
        type            zeroGradient;
    }
    emptywalls
    {
        type            empty;
    }
}


// ************************************************************************* //
