/*--------------------------------*- C++ -*----------------------------------*\
  =========                 |
  \\      /  F ield         | OpenFOAM: The Open Source CFD Toolbox
   \\    /   O peration     | Website:  https://openfoam.org
    \\  /    A nd           | Version:  7
     \\/     M anipulation  |
\*---------------------------------------------------------------------------*/
FoamFile
{
    version     2.0;
    format      ascii;
    class       volScalarField;
    location    "0.00016";
    object      Uz;
}
// * * * * * * * * * * * * * * * * * * * * * * * * * * * * * * * * * * * * * //

dimensions      [0 1 -1 0 0 0 0];

internalField   nonuniform List<scalar> 
5000
(
0
0
0
0
0
-8.6391435e-17
-1.8413413e-31
2.591127e-16
8.6354371e-17
-1.7267423e-16
-1.7263872e-16
8.6301447e-17
-7.3569696e-31
-7.6006154e-31
1.7249487e-16
-1.7245884e-16
-4.4679041e-48
-7.5942677e-31
-8.6175396e-17
1.7231479e-16
8.6139398e-17
0
0
-8.6085412e-17
7.3385494e-31
-7.0924479e-31
-8.6031429e-17
8.6013435e-17
8.5995442e-17
-8.5977449e-17
1.5025155e-30
-7.3278102e-31
-8.5923477e-17
8.5905488e-17
8.5887501e-17
0
0
-8.5833547e-17
-8.5815565e-17
8.5797583e-17
-1.4384217e-30
-8.5761623e-17
8.5743645e-17
-1.4496996e-30
-8.570769e-17
8.5689714e-17
-2.9462741e-30
2.9334838e-30
-2.9450378e-30
1.4600428e-30
8.5599844e-17
0
0
0
0
0
0
0
0
0
0
0
0
-8.536628e-17
-8.5348319e-17
8.5330359e-17
-1.4669581e-30
-5.639266e-49
8.5276479e-17
0
0
-8.5222598e-17
-8.5204637e-17
0
8.5168712e-17
2.9404577e-30
-8.5132784e-17
-8.5114817e-17
8.509685e-17
1.7015776e-16
-1.7012182e-16
4.8341313e-32
2.5507489e-16
-1.7001398e-16
-8.8408506e-30
1.6994206e-16
-2.5485915e-16
8.4935067e-17
8.4917083e-17
-8.4899096e-17
8.4881109e-17
8.486312e-17
2.9540184e-30
-1.6965427e-16
-5.8693748e-30
-8.479115e-17
-8.4773155e-17
-2.9749748e-30
5.9005188e-30
1.6943833e-16
8.4701168e-17
-8.468317e-17
1.2031645e-32
8.4647174e-17
0
-8.4611178e-17
-2.9452464e-30
8.4575184e-17
-8.4557188e-17
-8.4539192e-17
1.690424e-16
8.4503205e-17
-2.5345564e-16
-8.4467223e-17
2.533477e-16
-8.4431248e-17
-8.4413263e-17
-4.7973163e-32
-8.43773e-17
2.5307797e-16
-5.8969282e-30
-1.6864675e-16
1.6861081e-16
8.4287442e-17
-8.4269481e-17
8.4251523e-17
-8.423357e-17
-1.6843124e-16
8.4197678e-17
2.9069265e-30
8.4161808e-17
1.6828776e-16
-8.4125962e-17
-8.410805e-17
-8.4090146e-17
-2.9271094e-30
-2.9145419e-30
2.9258644e-30
1.6803725e-16
8.4000777e-17
-8.3982942e-17
-1.6793025e-16
-8.3947323e-17
-8.3929543e-17
5.819196e-30
1.6778811e-16
-2.3839094e-32
2.3834072e-32
5.0219052e-48
8.3823468e-17
-5.8118548e-30
1.1668912e-29
8.3771013e-17
-8.3753652e-17
8.3736366e-17
2.902919e-30
-8.3702056e-17
8.368505e-17
-1.188996e-32
-8.3651393e-17
0
8.3618292e-17
5.785831e-30
-1.6717171e-16
8.3569927e-17
-2.3747535e-32
-8.3538725e-17
8.3523486e-17
-8.3508512e-17
8.3493822e-17
-3.4782729e-29
-2.3152948e-29
8.3451629e-17
-1.668765e-16
0
-5.7845797e-30
-1.7351197e-29
8.3388606e-17
8.3377234e-17
5.745826e-30
-8.3355814e-17
8.334578e-17
5.7319087e-30
3.552447e-32
1.1544251e-29
-1.6662035e-16
8.3302375e-17
8.3294987e-17
-5.7285924e-30
5.7399705e-30
-1.7313277e-29
5.7509513e-30
-8.326315e-17
0
0
0
0
-8.3234735e-17
1.7350915e-29
8.3221778e-17
8.3214411e-17
-8.3206214e-17
-8.3196983e-17
1.6637298e-16
5.7562453e-30
-1.7265872e-29
-8.3144797e-17
-8.3126464e-17
8.3105324e-17
0
8.3052966e-17
5.7456112e-30
-8.2984047e-17
-8.2942059e-17
1.1544384e-29
8.2840032e-17
-1.6555733e-16
8.2709445e-17
8.2631595e-17
-8.2544302e-17
8.2446709e-17
0
0
0
8.1934778e-17
-8.1771443e-17
-1.6318374e-16
8.1394958e-17
-5.6412578e-30
8.0944652e-17
8.0688986e-17
-1.6082291e-16
2.2768893e-32
-2.2676616e-32
7.9436336e-17
7.906009e-17
-1.5731292e-16
1.111636e-32
-1.6200461e-29
7.7271365e-17
-4.2623107e-29
-1.0567938e-29
7.5606656e-17
-7.4986219e-17
0
-7.3643858e-17
7.2921223e-17
7.2163996e-17
-7.1372107e-17
0
-6.9684668e-17
6.87896e-17
6.7860834e-17
-2.3225383e-29
-1.318092e-16
-1.2975731e-16
1.9146617e-16
1.2547176e-16
0
-1.2095945e-16
-5.9312498e-17
5.812119e-17
5.6907441e-17
5.5672981e-17
-1.0883925e-16
-1.0629854e-16
5.1863868e-17
1.0113088e-16
1.3663423e-29
-9.5875557e-17
4.6612775e-17
-6.2806831e-30
-4.3951124e-17
8.5237538e-17
-4.1288239e-17
5.5653124e-30
3.8641037e-17
-3.7328465e-17
3.6025896e-17
-6.9470494e-17
1.3959856e-29
6.4394035e-17
-6.1905797e-17
-2.0573546e-30
2.8522659e-17
0
0
2.5043453e-17
-2.3932954e-17
-4.5697637e-17
2.1791929e-17
-5.9012172e-33
1.9762884e-17
1.8791955e-17
-1.7850727e-17
0
-1.6058676e-17
-1.5208253e-17
0
2.7197809e-17
1.2839827e-17
-2.4221814e-17
7.8977967e-31
-3.0531638e-33
1.010198e-17
9.4902384e-18
-8.9066085e-18
8.3505081e-18
-7.8213093e-18
4.159997e-33
1.3681819e-17
-6.3882716e-18
-5.9596725e-18
-5.5543324e-18
-7.172703e-31
4.8102357e-18
0
0
-3.8483415e-18
4.9504379e-31
-9.1597795e-31
-4.2416528e-31
2.8194903e-18
-2.6022413e-18
3.4097966e-34
2.2103148e-18
0
0
0
0
0
0
0
-1.1077936e-18
0
9.2345132e-19
0
-7.6696448e-19
-1.9362529e-31
6.3468043e-19
0
0
-4.7455603e-19
-5.9694748e-32
3.8919695e-19
0
0
-2.8715401e-19
-2.590215e-19
2.33442e-19
2.1020644e-19
0
-1.7000359e-19
2.1698342e-35
1.3702029e-19
-1.228557e-19
-1.1006247e-19
9.8518612e-20
8.8111787e-20
0
-7.0304305e-20
-6.2721622e-20
5.5910797e-20
4.9798782e-20
0
-3.9409867e-20
-3.5016385e-20
3.1087697e-20
2.7577713e-20
0
0
0
0
0
0
0
0
-9.055224e-21
-7.8498234e-49
7.0101153e-21
0
0
0
-4.163288e-21
-5.0596667e-34
3.194076e-21
-2.7945893e-21
3.3922387e-34
-3.0333859e-37
-2.5872696e-34
1.6256668e-21
-1.4171723e-21
1.2345293e-21
-5.9712675e-34
-9.3482112e-22
8.1260428e-22
0
0
-5.3149352e-22
-6.3965446e-35
3.9908164e-22
-3.4545619e-22
-2.9883134e-22
0
2.2315252e-22
1.9264046e-22
-1.6618812e-22
-3.9763316e-35
3.5452919e-51
-1.4754338e-35
9.1431746e-23
-7.8614692e-23
-7.8969964e-51
-8.0533118e-36
-4.9774977e-23
0
0
3.1331506e-23
3.8109361e-39
-9.5445023e-36
1.96081e-23
0
0
-1.2202188e-23
2.8846596e-36
8.8658158e-24
0
0
0
-4.6466116e-24
5.6095039e-40
3.3514192e-24
-2.8438096e-24
2.4114877e-24
-5.6809328e-37
-3.4623243e-24
1.4654764e-24
5.164716e-37
1.4555352e-37
-1.2298752e-37
-7.4831762e-25
0
0
4.489399e-25
5.2503937e-38
-8.8319522e-38
2.2198691e-54
-2.2525526e-25
1.8923265e-25
1.5939115e-25
0
-1.1217165e-25
-1.306971e-38
7.8732943e-26
0
0
-4.6256871e-26
1.0915028e-41
2.8297232e-55
-2.6700297e-26
2.2140474e-26
-2.5762995e-39
2.1946983e-39
-3.6700199e-39
-1.0791581e-26
8.8156578e-27
-2.0540125e-39
1.7031692e-39
-1.4779568e-39
-4.5091583e-27
3.4451996e-27
-8.01909e-40
3.5243446e-40
0
-1.6212704e-27
1.2159528e-27
-1.2661721e-40
1.079983e-43
-9.8480053e-41
9.1539362e-41
3.039882e-28
-2.533235e-28
-4.559823e-28
4.559823e-28
4.559823e-28
0
-5.06647e-29
-1.519941e-28
0
-3.039882e-28
7.7377184e-41
-3.5999434e-44
6.3243806e-41
-4.053176e-28
-2.533235e-28
-8.4325075e-41
1.4068579e-40
2.533235e-28
-2.026588e-28
9.119646e-28
-2.1599661e-44
-9.9424442e-55
-1.519941e-28
-4.2396266e-41
1.4068579e-41
1.013294e-28
0
0
0
-4.559823e-28
-6.079764e-28
2.026588e-28
-1.013294e-28
0
-5.06647e-29
4.053176e-28
-7.599705e-28
-6.079764e-28
0
4.559823e-28
8.2121977e-41
5.7591806e-41
-1.4068579e-40
5.06647e-28
0
0
0
0
-1.013294e-28
-5.6216717e-41
-1.013294e-28
2.533235e-28
5.6274316e-41
-7.0414894e-42
-4.8788331e-57
-1.013294e-28
-2.026588e-28
1.013294e-28
-1.4068579e-41
7.0270896e-42
1.519941e-28
0
-1.519941e-28
-1.519941e-28
2.533235e-28
5.6216717e-41
-5.06647e-29
0
0
-2.026588e-28
2.1081269e-41
1.013294e-28
0
-2.026588e-28
1.4399774e-44
1.4068579e-41
-2.1081269e-41
5.06647e-28
-4.559823e-28
-1.1707774e-55
5.6274316e-41
1.519941e-28
2.533235e-28
9.8480053e-41
-2.8799547e-44
3.5171447e-41
1.013294e-28
1.519941e-28
0
-3.0827512e-53
4.2162538e-41
1.0540634e-40
1.4399774e-44
-7.3321517e-42
-1.013294e-28
-3.9030665e-56
2.8137158e-41
2.8137158e-41
-5.6274316e-41
1.1146234e-27
-3.039882e-28
2.026588e-28
-1.9374875e-54
4.2205737e-41
8.106352e-28
-1.013294e-28
1.519941e-28
4.8788331e-57
0
1.3531139e-69
-5.06647e-29
5.06647e-29
-1.9515332e-56
-4.2162538e-41
-5.0399208e-44
-2.533235e-28
1.013294e-28
7.0342895e-41
-4.559823e-28
2.9364711e-54
2.8108358e-41
5.06647e-29
-4.559823e-28
1.9515332e-56
-2.7443089e-40
5.6303115e-41
-1.4061379e-41
-4.2205737e-41
-4.8788331e-57
0
2.0441831e-41
0
0
1.519941e-28
-1.4068579e-41
2.026588e-28
0
0
5.06647e-28
3.5104443e-53
1.013294e-28
2.533235e-28
-5.0399208e-44
5.6274316e-41
5.06647e-28
0
0
0
-2.026588e-28
1.4054179e-41
1.519941e-28
0
0
2.026588e-28
-9.7291393e-57
-1.519941e-28
0
0
5.06647e-29
-2.8108358e-41
-1.4075779e-41
-1.4068579e-41
-3.546529e-28
4.559823e-28
-5.6245516e-41
8.4368274e-41
-8.4325075e-41
-2.026588e-28
0
0
-1.519941e-28
-3.6591248e-55
-1.013294e-28
0
0
-2.026588e-28
-2.3418399e-55
-1.013294e-28
0
0
2.026588e-28
-7.806133e-56
-5.06647e-29
0
0
5.06647e-29
7.4125686e-71
-2.026588e-28
3.039882e-28
-2.8151558e-41
-2.8151558e-41
-8.1572256e-54
-2.533235e-28
0
0
0
0
0
2.026588e-28
1.4061379e-41
1.013294e-28
0
0
0
0
0
0
0
2.026588e-28
2.8122758e-41
2.026588e-28
0
0
0
0
0
0
0
2.533235e-28
-7.0306895e-41
-4.228825e-41
0
0
2.1382118e-44
7.0378894e-41
4.053176e-28
0
0
0
-5.06647e-29
-2.8151558e-41
-5.06647e-29
0
0
0
0
0
0
0
-5.06647e-29
-2.8799547e-44
5.06647e-29
0
0
0
0
0
0
0
1.013294e-28
-3.5999434e-44
2.026588e-28
0
0
0
2.026588e-28
-5.6259916e-41
-1.7105694e-43
0
-5.06647e-29
4.2227337e-41
5.06647e-29
0
0
2.533235e-28
3.546529e-28
-1.519941e-28
-5.06647e-29
0
0
0
0
2.533235e-28
-4.3199321e-44
-4.053176e-28
-2.026588e-28
4.053176e-28
2.026588e-28
-5.06647e-29
-1.519941e-28
0
0
0
0
-5.06647e-29
-2.8151558e-41
1.013294e-28
0
0
0
0
0
0
0
0
0
0
0
0
0
0
2.533235e-28
-8.4411474e-41
-1.013294e-28
0
0
-4.053176e-28
4.2205737e-41
-1.0635036e-59
5.06647e-29
1.4134915e-41
-8.4389874e-41
8.4454673e-41
5.06647e-28
0
0
0
0
0
4.559823e-28
-1.6877975e-40
-3.039882e-28
0
0
0
0
0
0
0
-1.013294e-28
2.5310482e-40
8.106352e-28
0
0
0
0
0
0
0
2.533235e-28
-4.2191337e-41
-1.013294e-28
0
0
0
0
0
0
0
0
1.519941e-28
2.8799547e-44
6.079764e-28
0
0
0
0
2.533235e-28
-2.533235e-28
1.013294e-28
-2.026588e-28
4.2205737e-41
4.1116654e-41
0
0
0
0
5.06647e-29
1.4061379e-41
-2.026588e-28
4.053176e-28
4.053176e-28
-2.533235e-28
0
0
0
-5.06647e-29
2.8108358e-41
-1.519941e-28
-3.039882e-28
3.546529e-28
5.06647e-29
1.519941e-28
0
0
5.06647e-29
-3.039882e-28
3.546529e-28
-4.2002907e-41
-1.519941e-28
-8.4411474e-41
2.533235e-28
0
0
0
-1.013294e-28
1.519941e-28
1.4061183e-41
1.013294e-28
1.013294e-28
7.0306895e-41
-5.06647e-29
0
0
0
-2.533235e-28
1.6873655e-40
5.06647e-28
0
0
0
0
0
0
0
-2.8134163e-41
-2.8122758e-41
-4.053176e-28
-3.8746884e-54
2.026588e-28
0
0
-5.06647e-29
-7.1998869e-45
4.2205737e-41
1.4061379e-41
2.026588e-28
5.06647e-28
-1.5475437e-40
-1.013294e-28
0
0
-1.519941e-28
4.2191337e-41
6.5880065e-69
-7.5964542e-60
-1.519941e-28
2.026588e-28
-7.3732176e-44
2.026588e-28
-1.1243343e-40
-2.533235e-28
1.013294e-28
0
-1.013294e-28
-7.8476237e-54
-1.013294e-28
0
-1.013294e-28
1.519941e-28
-5.6259916e-41
-5.06647e-29
2.533235e-28
0
3.039882e-28
0
-1.519941e-28
0
2.533235e-28
-2.026588e-28
-2.2486687e-40
-2.533235e-28
-2.8122366e-41
0
5.06647e-29
1.4068579e-41
1.013294e-28
0
-4.053176e-28
4.559823e-28
-1.1519819e-43
-5.06647e-29
-3.039882e-28
0
2.026588e-28
5.06647e-29
-1.0691059e-44
-1.013294e-28
4.559823e-28
-4.053176e-28
-1.013294e-28
-5.06647e-29
0
0
0
0
0
0
4.053176e-28
3.4151832e-56
-8.4561749e-41
3.039882e-28
5.06647e-29
2.026588e-28
0
0
-1.519941e-28
2.026588e-28
-1.519941e-28
-1.013294e-28
0
-4.053176e-28
-5.6303115e-41
2.533235e-28
0
0
1.013294e-28
-2.8067806e-41
3.039882e-28
2.533235e-28
0
3.546529e-28
-5.6274316e-41
-5.06647e-28
6.079764e-28
1.6882295e-40
-2.8799547e-44
-4.053176e-28
2.533235e-28
1.519941e-28
0
0
1.013294e-28
-7.0306895e-41
-2.533235e-28
0
-3.546529e-28
0
-5.06647e-28
-4.053176e-28
0
0
0
0
0
0
5.06647e-29
8.4368274e-41
2.533235e-28
0
0
0
0
0
0
-2.533235e-28
9.7576662e-57
-8.442387e-41
-3.039882e-28
-1.1243343e-40
1.519941e-28
0
0
0
0
2.026588e-28
-4.2184137e-41
1.013294e-28
-1.013294e-28
-2.026588e-28
5.06647e-29
-2.8122758e-41
8.4382674e-41
1.6870775e-40
-2.8151558e-41
1.6882295e-40
-1.4061379e-41
2.533235e-28
0
-1.013294e-28
8.4368274e-41
-7.9003124e-59
-2.533235e-28
1.519941e-28
2.8306325e-41
-1.013294e-28
5.6245516e-41
-1.2650921e-40
1.1251983e-40
1.4054179e-40
7.7493251e-54
-2.8122758e-41
1.519941e-28
-5.06647e-29
3.039882e-28
-4.559823e-28
8.4325075e-41
5.6245516e-41
5.6245516e-41
4.2205737e-41
1.4054179e-40
9.8429653e-41
-5.06647e-29
0
-4.2925654e-41
-7.0306895e-41
-5.8545997e-56
-2.533235e-28
0
1.519941e-28
-1.519941e-28
-1.519941e-28
5.06647e-29
0
0
0
0
2.026588e-28
-1.2655241e-40
3.0942954e-40
-4.559823e-28
-3.039882e-28
3.039882e-28
0
0
0
0
-5.06647e-29
-9.8187775e-57
-1.519941e-28
0
0
0
0
0
0
0
1.013294e-28
5.06647e-29
-3.546529e-28
-3.039882e-28
0
0
0
0
0
0
-3.546529e-28
-1.519941e-28
1.519941e-28
1.519941e-28
0
0
0
0
0
0
-1.519941e-28
-3.546529e-28
4.053176e-28
1.519941e-28
0
0
0
0
0
0
1.519941e-28
-4.6873548e-53
-1.519941e-28
0
0
0
0
0
0
-1.013294e-28
1.2661721e-40
2.026588e-28
0
0
0
0
2.533235e-28
-3.9004205e-56
5.06647e-29
-3.039882e-28
-2.4394166e-56
5.6244733e-41
-5.06647e-29
5.6274316e-41
-2.8157755e-41
-1.370666e-42
-5.6259916e-41
2.8129958e-41
-1.5612266e-55
1.4061379e-40
7.9220309e-54
2.026588e-28
-1.013294e-28
3.039882e-28
-5.06647e-28
7.7890126e-54
-1.013294e-28
0
-1.519941e-28
2.8137158e-41
-1.7821282e-56
-1.2653081e-40
-2.5310482e-40
-5.6216717e-41
4.2184137e-41
2.8115558e-41
-4.2227337e-41
3.546529e-28
0
5.06647e-29
-5.7599095e-44
-3.374155e-40
-4.2184137e-41
-2.8799547e-44
-3.374731e-40
1.8289153e-40
2.533235e-28
0
-3.039882e-28
1.4061379e-40
-7.1998869e-45
-1.013294e-28
0
5.06647e-29
-2.533235e-28
-2.026588e-28
-1.013294e-28
0
0
-1.6878765e-40
3.9376901e-40
-1.1243343e-40
-2.8129958e-41
1.2668201e-40
-4.053176e-28
1.519941e-28
-5.06647e-28
0
0
0
0
2.8116468e-41
5.6274316e-41
5.6245516e-40
-2.533235e-28
1.519941e-28
-1.013294e-28
0
0
0
0
-4.053176e-28
-4.559823e-28
-4.2136364e-41
-2.026588e-28
0
0
0
0
0
0
5.06647e-29
2.026588e-28
-2.026588e-28
-5.06647e-29
0
0
0
0
0
0
-2.533235e-28
1.6876535e-40
2.026588e-28
3.546529e-28
9.119646e-28
-3.546529e-28
0
8.106352e-28
-5.6259916e-41
-8.4361074e-40
-2.026588e-28
5.06647e-28
-5.06647e-28
3.546529e-28
2.533235e-28
-1.519941e-28
1.013294e-28
-1.4399774e-44
-1.519941e-28
-1.519941e-28
3.546529e-28
3.546529e-28
5.6773135e-43
-1.519941e-28
-7.1998869e-45
3.039882e-28
0
0
0
-9.119646e-28
1.519941e-28
2.026588e-28
-2.026588e-28
1.519941e-28
-5.06647e-29
2.026588e-28
2.141384e-70
-3.546529e-28
5.06647e-28
7.093058e-28
3.546529e-28
1.519941e-28
-3.039882e-28
-2.1076559e-54
-4.559823e-28
-3.039882e-28
-3.039882e-28
-5.573117e-28
-1.013294e-27
-1.013294e-28
-2.533235e-28
-2.533235e-28
2.026588e-28
5.06647e-29
-8.4262399e-41
-1.519941e-28
-2.026588e-28
1.013294e-28
5.06647e-29
-4.3482335e-60
-1.519941e-28
0
1.6870775e-40
-4.2191337e-40
-9.119646e-28
1.013294e-28
-2.026588e-28
-3.039882e-28
-5.5593506e-43
8.106352e-28
-8.106352e-28
5.06647e-29
5.06647e-29
4.559823e-28
-7.599705e-28
-2.533235e-28
-5.06647e-28
1.013294e-27
5.06647e-29
1.519941e-28
6.079764e-28
-2.026588e-28
4.053176e-28
-1.4061379e-40
-5.06647e-28
-2.026588e-28
0
4.053176e-28
5.6238316e-40
-7.599705e-28
1.519941e-28
7.8743723e-40
-4.559823e-28
-5.06647e-29
1.3898376e-42
0
0
0
-2.026588e-28
2.8129958e-41
9.119646e-28
-4.559823e-28
-1.013294e-28
-7.599705e-28
6.749462e-40
-1.013294e-28
-2.6833541e-41
0
0
0
6.079764e-28
5.06647e-29
-4.053176e-28
4.559823e-28
1.0079842e-43
1.1146234e-27
0
0
3.546529e-28
-5.6259916e-41
6.079764e-28
-4.053176e-28
-5.06647e-28
1.0093805e-42
1.6870775e-40
6.079764e-28
-4.559823e-28
2.026588e-28
-3.039882e-28
5.06647e-29
-8.4275829e-52
3.546529e-28
9.119646e-28
-1.0639587e-27
2.8799547e-44
-2.533235e-28
2.2498207e-40
-3.039882e-28
-2.533235e-28
1.1249103e-40
6.079764e-28
-5.7599095e-44
-1.519941e-28
0
2.3418399e-55
5.06647e-28
-1.519941e-28
-5.06647e-29
2.026588e-28
5.06647e-29
2.2501086e-40
-5.06647e-29
-9.119646e-28
-4.559823e-28
5.06647e-29
-3.039882e-28
0
-1.013294e-28
-2.5310482e-40
3.0935034e-40
-1.9680891e-40
2.533235e-28
-1.1249103e-40
1.013294e-28
1.8718929e-52
7.599705e-28
-3.039882e-28
-4.559823e-28
-3.546529e-28
1.2159528e-27
1.013294e-28
3.039882e-28
5.06647e-29
-3.039882e-28
0
0
2.2930515e-43
-2.7401273e-41
0
-2.533235e-28
2.533235e-28
-6.079764e-28
1.1249103e-40
4.559823e-28
-3.374731e-40
-1.519941e-28
2.533235e-28
2.026588e-28
-5.06647e-29
-1.013294e-28
-5.649542e-41
-3.039882e-28
1.013294e-28
1.4746435e-43
-2.8116468e-41
3.039882e-28
1.013294e-28
0
-2.533235e-28
0
2.5658541e-43
1.519941e-28
-4.4996413e-40
1.013294e-28
-1.6873655e-40
1.0639587e-27
-4.053176e-28
-2.533235e-28
1.519941e-28
-2.533235e-28
4.559823e-28
9.119646e-28
5.5966765e-41
1.1144837e-40
8.4382674e-41
-2.026588e-28
-2.026588e-28
5.06647e-29
1.013294e-28
9.49496e-56
3.5999434e-44
-5.06647e-29
-7.8743723e-40
1.6854176e-40
-1.8874071e-43
-2.8122758e-40
-1.013294e-28
0
0
-5.06647e-29
8.4368274e-41
5.06647e-28
1.013294e-28
6.079764e-28
4.053176e-28
-5.6231116e-41
1.519941e-28
-4.053176e-28
4.559823e-28
2.026588e-28
-2.5919593e-43
-3.375019e-40
2.026588e-28
-1.6758399e-40
4.559823e-28
-5.6259916e-41
-1.013294e-28
0
0
5.06647e-28
4.4996413e-40
4.4984893e-40
5.7599095e-44
-1.6806066e-40
-7.093058e-28
4.2191337e-40
3.039882e-28
3.546529e-28
-5.06647e-29
-6.079764e-28
-5.6231116e-40
2.0246658e-39
-5.06647e-29
-4.053176e-28
1.519941e-28
-5.06647e-29
5.06647e-29
-2.026588e-28
3.546529e-28
-7.093058e-28
3.374731e-40
5.06647e-29
-2.1599661e-44
-3.039882e-28
2.026588e-28
1.6870775e-40
6.079764e-28
-2.533235e-28
0
3.039882e-28
8.4346675e-41
-8.5096302e-41
5.06647e-29
4.053176e-28
1.013294e-28
-2.533235e-28
4.559823e-28
3.546529e-28
3.039882e-28
-3.039882e-28
-4.6532104e-53
1.1246223e-40
1.013294e-28
-2.8129958e-40
3.546529e-28
-1.1811558e-39
-6.079764e-28
3.039882e-28
1.1709199e-55
1.519941e-28
2.8119158e-40
-1.6877975e-40
-3.039882e-28
2.026588e-28
3.039882e-28
0
0
3.546529e-28
-1.519941e-28
-2.026588e-28
-2.026588e-28
-2.026588e-28
1.013294e-28
-2.533235e-28
-9.119646e-28
1.519941e-28
2.026588e-28
5.06647e-29
-1.013294e-28
2.026588e-28
5.06647e-29
3.546529e-28
1.0639587e-27
-3.2073177e-43
2.9135446e-67
8.4353875e-41
6.079764e-28
-1.3172822e-27
-7.093058e-28
-2.026588e-28
-7.093058e-28
-3.039882e-28
-3.546529e-28
1.0639587e-27
7.599705e-28
3.9667441e-43
4.053176e-28
3.039882e-28
-5.6245516e-41
-3.039882e-28
5.06647e-29
-2.026588e-28
-8.106352e-28
6.4798982e-44
4.053176e-28
-3.039882e-28
8.4382674e-41
2.9934965e-43
-2.026588e-28
-3.039882e-28
3.039882e-28
0
-2.026588e-28
-4.559823e-28
-1.013294e-28
-1.013294e-28
0
0
0
0
-2.533235e-28
1.6873655e-40
1.4716678e-42
3.039882e-28
9.119646e-28
2.026588e-28
-1.6876535e-40
-1.013294e-28
-2.026588e-28
4.053176e-28
-4.053176e-28
4.053176e-28
-2.1937623e-39
-5.06647e-28
-1.013294e-28
-4.559823e-28
3.1223503e-55
2.026588e-28
-2.1599661e-44
-1.013294e-28
-2.026588e-28
3.374731e-40
3.373401e-40
1.2959796e-43
6.079764e-28
-1.013294e-28
2.8108358e-41
2.026588e-28
-1.013294e-28
1.013294e-28
1.1179565e-40
-1.013294e-28
-6.748886e-40
-1.519941e-28
2.026588e-28
6.079764e-28
-1.1251983e-40
4.053176e-28
6.079764e-28
2.533235e-28
-1.1243343e-40
1.9680891e-40
5.06647e-28
-5.6231116e-41
6.079764e-28
-6.079764e-28
2.5311922e-40
-6.079764e-28
2.026588e-28
-1.6877975e-40
-4.053176e-28
1.519941e-28
5.06647e-29
4.053176e-28
-2.026588e-28
-3.039882e-28
0
0
0
7.599705e-28
6.079764e-28
1.0263416e-42
-3.039882e-28
2.026588e-28
-4.3199321e-44
-5.06647e-29
-1.8508122e-52
-4.559823e-28
-6.079764e-28
1.7720362e-39
4.053176e-28
2.8115558e-41
8.4389874e-41
7.093058e-28
-3.039882e-28
1.013294e-28
3.7683372e-52
6.079764e-28
-1.519941e-28
-2.7956102e-41
5.6245516e-40
-3.039882e-28
-1.013294e-28
-1.013294e-28
-4.053176e-28
-9.119646e-28
-5.6245516e-41
-2.533235e-28
-7.599705e-28
-3.374731e-40
-6.079764e-28
0
1.013294e-28
4.053176e-28
-2.533235e-28
-1.6860591e-40
6.749462e-40
3.039882e-28
-7.599705e-28
8.9981306e-40
5.0646884e-40
2.2498207e-40
-1.6873655e-40
1.013294e-28
-3.039882e-28
-6.079764e-28
-5.06647e-29
-3.039882e-28
0
-5.5988147e-41
1.1246223e-40
-3.374731e-40
-1.8798262e-52
-2.026588e-28
1.519941e-28
-1.013294e-28
6.079764e-28
-1.5807419e-54
-4.2191337e-40
-1.013294e-28
3.373003e-40
-7.093058e-28
1.013294e-27
7.093058e-28
5.06647e-29
5.6238316e-41
5.06647e-29
0
0
0
6.079764e-28
-2.533235e-28
1.1259638e-40
1.519941e-28
-1.519941e-28
4.559823e-28
-6.079764e-28
3.374731e-40
6.079764e-28
-9.119646e-28
-6.079764e-28
0
2.2440161e-40
-1.0123329e-39
-4.053176e-28
-4.053176e-28
5.06647e-29
0
2.2419221e-40
8.6398642e-44
2.8122758e-40
-1.519941e-28
-1.519941e-28
-1.6821255e-40
-1.6882295e-40
-4.559823e-28
9.119646e-28
-2.7846282e-39
-1.013294e-27
4.053176e-28
-3.546529e-28
-4.053176e-28
-5.06647e-28
1.5748745e-39
2.026588e-28
1.013294e-28
-2.3520329e-43
-2.026588e-28
6.079764e-28
1.013294e-28
0
2.533235e-28
-2.8129958e-41
1.9515332e-56
-1.013294e-28
1.4399774e-44
-1.013294e-28
2.3418399e-55
7.599705e-28
1.0639587e-27
2.1279174e-27
-9.119646e-28
-1.013294e-28
0
1.013294e-28
1.013294e-28
6.079764e-28
-3.3584377e-43
-5.0629604e-40
-4.053176e-28
-5.06647e-29
0
-2.533235e-28
-1.519941e-28
1.519941e-28
-5.9057792e-40
3.039882e-28
-1.1519819e-43
3.039882e-28
0
1.0639587e-27
5.06647e-28
7.599705e-28
8.106352e-28
0
-1.013294e-28
2.2292468e-27
6.079764e-28
-7.093058e-28
-7.093058e-28
4.4996413e-40
1.013294e-28
2.026588e-28
3.546529e-28
1.013294e-28
-2.8122758e-40
-2.026588e-28
-3.7636353e-52
-3.039882e-28
0
0
6.079764e-28
-1.3500652e-39
-6.079764e-28
1.0639587e-27
-2.026588e-28
5.0612325e-40
2.8685213e-39
1.8239292e-27
1.519941e-28
-2.5304002e-40
1.1249103e-40
-1.013294e-28
3.039882e-28
-5.7599095e-44
1.4061379e-40
-5.6238316e-41
-2.7175655e-41
0
-1.013294e-28
5.6534497e-41
1.519941e-28
-5.06647e-28
0
5.6244733e-41
5.06647e-29
5.6256529e-41
-1.6905493e-40
-5.0629604e-40
-3.374731e-40
-2.026588e-28
7.599705e-28
-4.3199321e-44
-4.053176e-28
-1.013294e-28
5.06647e-29
4.053176e-28
-5.06647e-28
0
1.013294e-28
-2.026588e-28
1.6876535e-40
1.013294e-28
-1.2539667e-52
-5.6238316e-40
-4.3199321e-44
7.093058e-28
-9.119646e-28
2.8865859e-43
0
2.026588e-28
1.090488e-42
-4.3199321e-44
2.026588e-28
-1.013294e-28
-1.519941e-28
-1.013294e-28
-3.546529e-28
0
3.039882e-28
6.079764e-28
-9.119646e-28
-8.4020193e-41
-2.533235e-28
2.8799547e-44
-1.519941e-28
-5.06647e-28
-1.519941e-28
-2.5314802e-40
-6.079764e-28
6.749462e-40
-3.039882e-28
1.013294e-28
-5.06647e-29
3.546529e-28
-2.026588e-28
2.026588e-28
2.026588e-28
3.9082284e-59
2.026588e-28
-1.519941e-28
1.519941e-28
2.026588e-28
3.039882e-28
-1.519941e-28
-2.026588e-28
2.026588e-28
-4.4902447e-43
5.06647e-29
1.013294e-28
4.559823e-28
-3.546529e-28
1.5188881e-39
9.119646e-28
2.026588e-28
3.546529e-28
2.026588e-28
1.013294e-28
5.06647e-29
1.5032087e-81
-3.039882e-28
1.013294e-28
-2.2498207e-40
-1.519941e-28
-2.026588e-28
-6.8422777e-43
1.519941e-28
-2.5293908e-40
9.119646e-28
1.519941e-28
-1.053828e-54
-1.519941e-28
-8.4390692e-41
5.06647e-29
-5.06647e-29
-1.013294e-28
1.519941e-28
5.06647e-29
-1.3498924e-39
-6.079764e-28
4.559823e-28
1.1254863e-40
6.7503259e-40
-7.8733643e-40
7.093058e-28
-3.039882e-28
-5.6244733e-41
-8.106352e-28
5.06647e-29
2.2476511e-40
0
1.013294e-28
4.74748e-56
-1.823149e-59
-5.6245516e-41
1.013294e-28
1.519941e-28
-2.9934965e-43
1.013294e-28
-1.013294e-28
-5.06647e-28
3.9371861e-40
4.053176e-28
-7.093058e-28
-1.5186289e-39
9.4541018e-53
-3.039882e-28
-9.119646e-28
4.053176e-28
1.1252264e-40
5.6245516e-41
4.559823e-28
4.053176e-28
3.039882e-28
4.053176e-28
1.519941e-28
-1.013294e-28
1.6876535e-40
2.5658541e-43
7.8763882e-40
-1.013294e-27
-1.013294e-27
-2.2495327e-40
-8.4375474e-40
1.6875095e-40
2.026588e-28
3.039882e-28
5.06647e-28
-9.119646e-28
0
0
1.6212704e-27
-1.1530331e-39
-3.5279446e-43
-3.374731e-39
-3.4451996e-27
0
4.3571642e-27
1.1146234e-26
-7.093058e-27
-1.7732645e-26
-2.198848e-26
-2.6345644e-26
4.7574153e-26
6.3613679e-38
-6.9005321e-26
5.6541805e-26
6.8600003e-26
0
5.0512706e-26
-1.2118996e-25
-7.2906503e-26
1.7540119e-25
1.0568656e-25
-1.4145747e-37
-4.5993414e-25
1.8482482e-25
6.6786207e-25
-8.0298483e-25
-3.2172084e-25
1.159107e-24
-5.1480555e-37
-5.5650106e-25
-1.3348122e-24
-8.8772064e-37
1.9164429e-24
-2.2949082e-24
1.3730134e-24
4.9252168e-24
0
-2.344357e-24
-5.598652e-24
1.8552798e-36
-3.984272e-24
-9.4979086e-24
1.1315961e-23
1.3474176e-23
0
9.5341339e-24
1.258066e-35
1.4946347e-35
1.7741861e-35
-5.688668e-23
-4.4972014e-23
0
6.3126392e-23
8.2943981e-35
4.4199225e-23
1.5677127e-22
-6.1746438e-23
4.0462899e-35
-1.2228533e-38
-1.0149031e-22
-2.3925411e-22
1.4091793e-22
3.3179096e-22
-1.9517841e-22
0
-5.3931256e-22
3.1665625e-22
1.1148352e-21
-4.3582692e-22
-5.1081128e-22
-1.1966229e-21
7.0034651e-22
2.4577461e-21
-9.5771183e-22
1.2419262e-33
2.6124414e-21
-1.5239698e-21
-1.7768336e-21
-4.1405351e-21
-7.2316154e-21
5.6096792e-21
6.5228434e-21
-7.5794803e-21
-4.8841071e-33
1.0212898e-20
-1.1842765e-20
-7.617409e-33
1.5891049e-20
0
-2.126327e-20
-2.4570085e-20
0
4.9104253e-20
1.8872926e-20
6.1803897e-36
2.503661e-20
2.8804953e-20
3.6754471e-32
-7.6088529e-20
-8.7346644e-20
1.668484e-31
1.1484811e-19
-1.3154399e-19
-2.5070428e-31
1.7217627e-19
0
0
0
0
-3.3293483e-19
-2.1041624e-31
4.3104983e-19
2.4494177e-19
-5.5630102e-19
1.0512945e-30
7.1563419e-19
-8.1068364e-19
-5.0947069e-31
5.1888564e-19
-1.1727017e-18
2.2052566e-30
1.4937258e-18
-1.683698e-18
-1.8962219e-18
2.1337509e-18
2.3989751e-18
0
0
0
0
2.1268796e-18
-2.3787265e-18
-2.6580207e-18
3.2943113e-30
1.3509471e-72
3.6885093e-18
8.2133659e-18
4.5680661e-18
-1.0153182e-17
-1.6909453e-17
6.2522799e-18
1.3857668e-17
-2.301402e-17
-1.6970682e-17
2.8130226e-17
2.0703651e-17
1.141726e-17
1.3965833e-29
-2.769569e-17
0
1.6729935e-17
-1.8361319e-17
4.4698397e-29
6.2671352e-33
8.0350079e-29
2.6374226e-17
2.8800283e-17
-8.929329e-33
-6.8473602e-17
-7.4541528e-17
1.3497661e-28
8.8062696e-17
0
0
0
6.0683165e-17
6.5575572e-17
-7.0786661e-17
-7.6329891e-17
8.2218626e-17
-1.7693213e-16
-2.852555e-16
0
2.1897707e-16
1.3018396e-28
1.2552462e-16
4.0254751e-16
-1.4328026e-16
2.5449155e-28
-3.256607e-16
1.1544197e-27
3.6847011e-16
1.0859891e-28
2.9492764e-32
-2.1990699e-16
2.3275795e-16
-4.9217788e-16
-2.5989755e-16
5.4835948e-16
-5.7785958e-16
-8.6441854e-32
3.5511954e-28
3.3590356e-16
1.0572975e-15
-7.3874795e-16
1.6773305e-45
-4.0442625e-16
7.0367617e-28
8.8181125e-16
-4.5962415e-16
-9.5725662e-16
5.5259291e-28
1.5521477e-15
-1.5264535e-31
-5.5693029e-16
5.7692061e-16
-1.1940183e-15
-6.1715975e-16
1.2746701e-15
-1.3149931e-15
-7.5205185e-28
3.8725181e-27
-1.593272e-27
1.4744078e-15
-1.5133782e-15
7.7591278e-16
1.5896638e-15
-8.1340306e-16
8.315828e-16
-1.6986553e-15
1.4433233e-27
2.6500185e-15
0
0
-2.7900623e-15
-9.4425706e-16
1.9155266e-15
-1.941e-15
-5.5844596e-31
4.4117949e-27
1.1142736e-27
2.0259941e-15
-2.0426627e-15
-2.0573671e-15
1.0350235e-15
3.1209684e-15
1.0445551e-15
-1.0476959e-15
0
0
1.0503104e-15
-5.8215673e-28
-3.1381936e-15
-2.9619637e-31
2.0740675e-15
1.0307191e-15
-1.1356225e-27
-3.0434911e-15
-2.2305243e-27
1.9870719e-15
0
9.6795118e-16
-1.9069574e-15
-9.379231e-16
2.0458671e-27
9.0369968e-16
1.7702219e-15
-8.6559735e-16
0
0
0
0
7.560518e-16
-4.0641512e-28
-2.1234359e-15
6.8302415e-16
1.9736765e-15
-1.8974818e-15
-6.0690898e-16
1.1624344e-15
5.5549905e-16
8.8221973e-28
-1.5129068e-15
2.7226885e-31
1.5119703e-27
4.2926688e-16
8.1003604e-16
3.8126391e-16
3.9740648e-28
-3.3548317e-16
-3.1356645e-16
-2.9236329e-16
-2.7191534e-16
5.6008983e-28
4.6684324e-16
0
0
1.8204238e-16
2.7751201e-28
2.1624391e-32
-1.9688528e-32
-1.2578794e-16
-2.277602e-16
-2.0560568e-16
1.8506678e-16
9.2240042e-29
7.4309157e-17
1.9887975e-16
0
0
-4.6221498e-17
-4.0735241e-17
0
3.134615e-17
-1.5192064e-29
-2.3822643e-17
2.0671329e-17
-3.5762599e-17
5.1356897e-29
3.9773369e-17
-1.1364516e-17
-9.7132283e-18
-1.6556523e-17
7.0363242e-18
1.7895745e-17
-5.045096e-18
2.3639087e-30
-7.1725432e-18
-3.0160805e-18
5.0665934e-18
-4.2526066e-18
-4.8172822e-46
2.9941608e-18
0
0
-1.7785681e-18
8.3080264e-31
2.103989e-30
-1.4128137e-46
1.3413319e-18
4.1454914e-31
-3.1564308e-19
-5.450364e-19
-4.5878166e-19
3.5609908e-19
3.4095922e-31
1.8664637e-19
7.4860273e-31
-2.0352897e-19
3.0164657e-19
0
2.2245071e-19
-2.6985937e-31
-2.0174888e-19
-4.0745049e-19
-2.826603e-31
5.7300049e-19
0
0
2.7120197e-19
-1.5814641e-31
-9.4952218e-19
-3.2597747e-31
4.7870927e-19
0
-2.3095474e-19
2.2604425e-19
2.140121e-19
2.1105024e-19
2.2295728e-19
-4.4940354e-19
-5.7857278e-19
1.7595767e-19
4.3626992e-19
-7.982245e-19
-4.3101955e-47
2.6077995e-19
0
0
0
0
-2.1165868e-19
-2.1318674e-19
1.1951552e-19
3.8908574e-19
1.41129e-31
-1.2269531e-19
2.6481563e-19
2.8137707e-19
-1.3194235e-19
-5.0667813e-19
-2.7337301e-19
4.4076405e-19
2.9079948e-19
-4.1223194e-19
-3.1750202e-31
3.5144983e-19
0
0
0
-3.3256182e-19
-2.2116649e-31
4.2200605e-31
-1.4409048e-19
3.4918954e-19
-1.1330626e-19
-1.0150934e-19
1.7181211e-19
4.3016872e-20
-2.0253826e-20
-4.5062324e-20
-2.7904675e-20
4.8609138e-32
-4.209648e-32
1.7263783e-35
1.7810203e-19
0
1.2873694e-19
1.0433183e-19
-7.7671055e-20
-6.9717481e-20
5.797419e-20
3.8437868e-20
-7.7988442e-20
-4.5474668e-20
2.5666576e-20
-1.8856975e-20
3.6705461e-20
1.0493244e-19
0
0
-1.3314129e-19
-5.2103213e-20
1.2308838e-19
7.6183503e-20
8.270735e-20
-1.4169594e-19
6.572101e-32
1.0596597e-19
0
-3.4528267e-20
-9.7016937e-20
-6.4168557e-32
-3.0254915e-33
4.7116244e-20
-5.528725e-20
-1.5085301e-20
-9.0795686e-36
3.4624541e-20
-2.1266171e-32
3.1159184e-33
4.8005895e-21
-4.0755886e-20
8.6046781e-32
-1.1683422e-32
-7.2845936e-22
-7.7919777e-22
-6.3278477e-22
6.5916265e-21
4.8865253e-21
-2.1827573e-20
2.8910478e-20
-8.5168531e-36
-1.6305486e-31
-1.8043754e-35
-2.3805914e-31
6.8779709e-20
-1.1523832e-19
-2.1527318e-31
6.8279274e-20
-5.0260906e-20
-5.9877416e-20
4.6570151e-20
-5.639925e-32
-5.382643e-20
1.5244867e-32
2.5400197e-20
-4.5232122e-36
-2.0432613e-20
2.4839766e-20
3.5255462e-32
-1.1432099e-32
1.8919682e-34
-5.5443586e-21
1.2212016e-20
1.5684335e-20
0
1.285258e-22
6.3142575e-21
-2.0755223e-21
-2.8214798e-33
6.3396879e-33
1.1205502e-20
2.9643933e-20
7.819325e-33
-1.4567325e-32
-1.2251644e-20
1.0359999e-20
-8.1760086e-33
1.5785042e-21
-2.8772542e-32
4.6895802e-20
0
1.1251709e-19
1.3466239e-19
-1.4039034e-19
-5.346723e-20
-3.1984835e-20
-1.9580515e-20
0
6.7561113e-20
2.3585336e-19
1.5831275e-19
-1.8018419e-19
6.0410862e-31
-1.6668237e-31
1.8531395e-31
3.3820754e-20
3.9970197e-19
-7.815771e-19
-6.2467105e-19
1.7349016e-18
9.9643749e-19
0
0
3.3685617e-18
-2.0748097e-18
0
-3.3985773e-19
-4.3086259e-19
6.4049988e-19
-3.9311738e-31
-8.1255058e-20
-2.6442601e-32
-4.547355e-20
-1.7315546e-19
2.024281e-19
-2.491317e-31
-1.9067594e-19
1.3912649e-19
5.8964116e-20
-9.0126086e-20
3.7306231e-20
5.0387026e-20
-2.7780082e-20
-1.0562941e-20
0
-2.1610517e-21
1.5048107e-21
-7.0499456e-21
-5.3939527e-33
7.0570653e-21
1.0788783e-20
-1.640251e-32
1.863603e-32
2.4041303e-36
3.7801769e-32
-1.7177605e-20
-3.2613698e-20
2.9730135e-20
1.3937674e-20
-2.681783e-20
-2.572571e-20
2.5173937e-20
1.2615317e-20
-2.5662484e-20
0
1.4409997e-20
2.963622e-20
1.5340631e-20
-3.2207274e-20
-3.3597084e-20
3.576947e-20
3.8076796e-20
0
0
-1.9737461e-20
-4.0061367e-20
-2.0129483e-20
3.7392719e-20
3.3505822e-20
-3.2855966e-20
3.5832015e-32
2.7083048e-20
-2.1464162e-20
2.1889488e-32
9.7013991e-21
-9.3466437e-21
0
1.0083707e-20
-1.4689405e-32
-1.6088762e-20
1.4102924e-20
-2.9618414e-32
1.9998008e-32
-2.3383288e-32
-1.9369247e-20
-1.7892425e-20
-2.0460859e-20
4.948882e-20
5.9456128e-20
-6.4911669e-20
6.7268248e-32
1.9662051e-31
-6.4915008e-20
0
0
6.7942653e-20
1.5354963e-31
-3.6766622e-20
7.7334307e-20
-4.1416874e-20
-4.3338954e-20
8.5990313e-20
6.177991e-36
9.9070762e-32
6.4733202e-36
1.0698191e-31
5.0344708e-20
0
-9.8776773e-20
-9.9486771e-20
9.9035842e-20
2.199236e-31
-9.9980806e-20
1.0294996e-19
2.20721e-31
1.1216519e-31
4.7922361e-20
1.0181308e-31
7.1548943e-36
-5.033681e-20
5.5242986e-20
-1.339752e-31
-1.1840627e-19
6.0475253e-20
-1.3778341e-31
-1.2485707e-19
0
0
1.3440929e-19
-1.5796521e-31
1.6991376e-31
1.4609527e-48
1.6136536e-31
1.3415779e-19
-1.3968519e-19
-6.8374806e-20
1.2571726e-19
-5.1757496e-20
-9.2933029e-20
0
4.7975937e-20
9.752709e-20
-5.6531596e-32
1.1782355e-31
-6.3890142e-48
1.4399158e-31
5.8132078e-20
0
-7.4121739e-20
-4.1618749e-20
0
0
0
4.9622313e-21
-1.7940864e-20
6.0269494e-20
-3.4526002e-32
-5.5230622e-20
3.1233525e-32
4.3115643e-20
-6.0021669e-20
7.2507765e-32
1.1420051e-19
6.1184227e-20
0
0
0
-2.0828498e-19
-5.8047247e-31
3.0125115e-19
-2.9326615e-19
-2.797145e-19
4.244982e-19
2.3227378e-19
-8.8910971e-20
-1.2549441e-19
-3.3631032e-19
1.7141255e-19
3.2412247e-19
-1.5563266e-19
-2.4022192e-19
8.479103e-20
-5.4016406e-31
-3.360625e-19
0
6.2285189e-20
-5.1225285e-32
-5.1365546e-20
-4.8996761e-20
-1.9984507e-19
0
0
0
6.1401852e-19
8.7330365e-31
-1.0108751e-18
0
1.4176301e-18
8.2033949e-19
1.0559581e-30
-1.1065784e-18
-1.2898018e-18
-1.6719133e-30
-1.759607e-18
4.1155787e-18
2.4070524e-18
-5.6304392e-18
3.2909968e-18
1.7071841e-29
1.99186e-29
-1.2226468e-45
2.7005755e-29
1.4129153e-17
0
-1.8965537e-17
-1.0955252e-17
1.7950199e-33
-1.4533779e-17
3.3374566e-17
-3.9624084e-45
-4.3715407e-17
0
5.6763702e-17
6.4468882e-17
0
-4.130545e-17
-6.6226864e-33
5.2464215e-17
0
0
-1.4775733e-16
-1.648978e-16
1.8363086e-16
-2.2656215e-28
-2.2627189e-16
0
0
3.0463442e-16
1.6748934e-16
4.0810093e-28
-2.0126713e-16
9.7672275e-28
4.7976658e-16
0
0
-3.0742143e-16
3.6926046e-28
-3.5907369e-16
-7.7380507e-16
0
0
0
1.0223582e-15
1.0906071e-15
0
-1.2335998e-15
-6.5400455e-16
6.9204441e-16
7.3080321e-16
7.7015161e-16
-1.6198922e-15
-1.7000658e-15
1.7804835e-15
1.860792e-15
0
-1.0097763e-15
1.1641053e-27
1.0865628e-15
0
0
-1.1931374e-15
2.7211576e-27
1.2559227e-15
-2.5684103e-15
-2.6203094e-15
0
0
0
2.774338e-15
6.212949e-27
-2.8154426e-15
1.4131821e-15
2.8307439e-15
-3.1403215e-27
3.130152e-27
-1.5561785e-27
3.0885695e-27
-1.3767558e-15
-2.7195596e-15
0
0
0
2.5307787e-15
2.4720917e-15
0
-2.3437155e-15
2.5261109e-27
1.101765e-15
2.3648801e-27
1.0275017e-15
-1.9786741e-15
-1.9015108e-15
0
1.7462092e-15
-3.7052035e-27
-1.5919393e-15
0
1.4411594e-15
1.3677322e-15
0
0
-5.788981e-16
-7.7577467e-32
-5.1400837e-16
-9.6651817e-16
9.0737757e-16
4.2532116e-16
8.8422952e-28
3.7224304e-16
-6.9507335e-16
-3.2404283e-16
4.1932331e-45
2.8062809e-16
2.6066218e-16
2.6852587e-28
2.9902837e-44
-2.0737652e-16
-1.9170295e-16
-1.7701044e-16
3.2651805e-16
-3.3395137e-28
-1.3841601e-16
2.5448377e-16
-1.1684447e-16
-2.1436619e-16
1.9643545e-16
3.9930259e-28
-8.2219331e-17
1.5022217e-16
9.7413483e-33
1.3877234e-28
8.0894644e-33
-1.0359609e-16
4.7087728e-17
-9.4950813e-29
2.5847767e-28
1.3362309e-45
-6.3707377e-17
5.7641757e-17
5.2105602e-17
0
-4.2460875e-17
-3.82782e-17
-1.7238295e-17
3.1024854e-17
4.184094e-17
-1.2528466e-17
-1.124437e-17
1.0083098e-17
-9.033929e-18
1.7955505e-29
7.2330525e-18
7.1758001e-30
-6.4080224e-30
1.1433675e-29
4.5897103e-18
-4.0878052e-18
8.0784906e-30
3.2345937e-18
0
-5.1021211e-18
-4.5255355e-18
0
0
0
-1.3893598e-18
-4.0883734e-30
2.1669768e-18
1.9113725e-18
1.1969784e-34
2.4707991e-30
-6.5275937e-19
-5.7397441e-19
1.0086209e-18
-4.4276272e-19
-1.1652913e-18
3.7811139e-31
2.9827117e-19
0
0
3.991583e-19
-3.8700516e-31
3.3782891e-31
2.6530982e-19
-2.311991e-19
4.4709406e-31
8.7594263e-20
1.6914575e-31
6.6182533e-20
-1.1493212e-19
2.2144648e-31
1.9200869e-31
1.663244e-31
3.2434779e-20
6.2314615e-32
2.4265362e-20
-2.0966384e-20
4.0195162e-32
1.5620739e-20
0
-2.3212647e-20
-1.9988501e-20
1.7200597e-20
-1.6423055e-32
-1.2711555e-20
1.0916744e-20
3.1206234e-32
-8.0356751e-21
6.8874702e-21
2.9497414e-21
5.6065588e-33
-2.1599697e-21
8.1997811e-33
3.1551784e-21
-2.6938972e-21
-2.2985948e-21
0
0
0
1.2107531e-21
2.2867409e-33
-8.7544625e-22
7.4372926e-22
6.3144283e-22
0
-4.5433736e-22
4.2745287e-34
1.6305781e-22
4.5971484e-34
-1.1676047e-22
-9.8715304e-23
-1.8521774e-34
-7.043516e-23
1.1888905e-22
-2.2266523e-34
-4.226658e-23
7.121799e-23
4.2608527e-39
5.6032101e-35
2.12202e-23
0
0
-2.5161468e-23
-2.1114291e-23
0
1.4842649e-23
1.3805767e-35
-1.0410745e-23
0
3.6434202e-24
6.0904644e-24
-2.8249679e-36
-2.1243911e-24
1.7728592e-24
-3.2831484e-36
2.736947e-36
1.0268113e-24
-8.55058e-25
-1.4235159e-24
5.9216901e-25
2.1871056e-36
-8.1797144e-25
3.3967641e-25
-2.8216185e-25
2.3419251e-25
5.8311016e-25
-3.218627e-25
-1.3290364e-25
1.0992213e-25
9.1318055e-26
1.0773911e-41
1.3945281e-37
-5.1799589e-26
0
3.5080238e-26
6.4119889e-38
2.4075865e-26
-1.9820031e-26
5.4270305e-38
1.3679469e-26
0
0
-7.0525262e-27
1.3771546e-38
5.0462041e-27
-7.7820979e-27
-6.4445498e-27
0
0
3.8910489e-27
-7.8308792e-39
-1.3983457e-27
9.7276224e-28
3.6478584e-28
-2.6997848e-40
9.4498515e-40
-2.7001304e-40
-4.2558348e-28
6.6877404e-28
-4.2558348e-28
-4.8638112e-28
0
0
0
2.4319056e-28
-2.4319056e-28
0
-3.6478584e-28
-1.2159528e-28
6.079764e-28
-2.7001304e-40
1.2159528e-28
-6.079764e-29
1.2159528e-28
-1.504141e-52
1.0800521e-39
-3.4559457e-44
2.4319056e-28
0
-1.2159528e-28
6.079764e-28
0
3.6478584e-28
-8.1009095e-40
7.2957168e-28
-2.7131427e-40
-6.079764e-29
0
0
-7.2957168e-28
1.2159528e-28
-1.2159528e-28
8.5116696e-28
7.2957168e-28
1.3498924e-40
-1.4175684e-39
-3.6478584e-28
1.8239292e-28
-6.7503259e-41
-1.8239292e-28
-7.2957168e-28
0
0
0
-1.2159528e-28
3.6478584e-28
-7.2957168e-28
1.2159528e-28
-7.2957168e-28
-2.4319056e-28
3.4559457e-44
-8.5116696e-28
-4.8638112e-28
0
1.8239292e-28
2.3418399e-56
6.7700423e-41
1.2159528e-28
-1.4051039e-55
-4.8638112e-28
-1.2159528e-28
-4.8638112e-28
0
6.079764e-29
2.9987055e-52
-1.8239292e-28
-2.4319056e-28
2.4319056e-28
1.8239292e-28
2.7003032e-40
-3.6478584e-28
-2.4319056e-28
-9.621953e-44
9.621953e-44
1.2159528e-28
-4.2558348e-28
-2.4319056e-28
0
-3.039882e-28
-3.6478584e-28
-1.8239292e-28
-5.402771e-40
-5.3999152e-40
-4.2558348e-28
6.079764e-28
-1.8239292e-28
-3.6478584e-28
3.6478584e-28
-2.6999576e-40
1.8239292e-28
6.079764e-29
-2.6979643e-40
-8.430567e-55
-2.4319056e-28
-1.2159528e-28
3.6478584e-28
-5.3999152e-40
-5.996896e-52
-1.0367837e-43
2.4319056e-28
-8.5528471e-44
-4.8638112e-28
0
1.3375481e-27
-1.8899703e-39
-5.1839185e-44
-5.4002607e-40
1.2159528e-28
-7.2957168e-28
-2.4319056e-28
4.6836798e-56
2.5658541e-43
0
3.039882e-28
1.2159528e-28
-3.039882e-28
-1.5085018e-52
9.4504563e-40
-8.1003911e-40
2.6999576e-40
-2.0250935e-40
0
-1.2159528e-28
-3.6478584e-28
0
0
0
-3.6478584e-28
-2.0250978e-39
1.799397e-51
1.8239292e-28
-4.0499364e-40
-6.047905e-44
6.079764e-28
-1.8239292e-28
-1.2159528e-28
-1.2159528e-28
4.8638112e-28
2.3418399e-56
-3.039882e-28
0
0
3.6478584e-28
1.053828e-55
1.1700052e-67
-1.2159528e-28
3.6478584e-28
-4.0501956e-40
-6.079764e-29
6.7475762e-41
1.8239292e-28
1.8239292e-28
2.4319056e-28
2.4319056e-28
-1.2159528e-28
6.7429533e-41
6.079764e-29
3.6478584e-28
3.6478584e-28
2.7001304e-40
3.039882e-28
0
1.2159528e-28
1.2159528e-28
0
0
0
3.6478584e-28
1.0800521e-39
-1.2159528e-28
0
1.2159528e-28
-3.6478584e-28
-8.0998727e-40
6.079764e-29
-1.8239292e-28
-2.6994392e-40
-2.4319056e-28
2.4319056e-28
1.2159528e-28
-6.079764e-28
1.2159528e-28
4.0496772e-40
-2.0735674e-43
6.9118914e-44
1.6199745e-39
6.079764e-28
-4.9990799e-44
-1.3498924e-40
-1.8239292e-28
1.0943575e-27
5.4717876e-28
-4.8638112e-28
-3.6478584e-28
-1.2159528e-28
-7.2957168e-28
0
-3.6478584e-28
-4.8638112e-28
1.2159528e-28
-2.9968061e-52
-2.4319056e-28
0
0
-1.2159528e-28
-6.079764e-28
9.7276224e-28
2.2481215e-54
9.7276224e-28
0
6.079764e-28
1.8734719e-55
-3.039882e-28
6.079764e-29
1.3499444e-40
-2.6997848e-40
-6.079764e-28
-1.8239292e-28
0
-1.2159528e-28
1.3498924e-40
6.079764e-29
-4.2764235e-44
0
6.079764e-29
-1.2159528e-28
-6.079764e-29
-7.2957168e-28
6.3229677e-55
3.039882e-28
4.050714e-40
1.2159528e-28
1.3500652e-40
-1.2159528e-28
2.4319056e-28
1.2159528e-28
2.4319056e-28
4.8638112e-28
6.079764e-29
1.8239292e-28
-6.079764e-29
1.8239292e-28
0
0
6.079764e-29
-2.7003032e-40
-2.4319056e-28
8.5116696e-28
6.079764e-28
0
0
0
0
-3.6478584e-28
-1.7279728e-44
6.079764e-29
1.3538639e-40
-6.7404538e-41
0
1.8239292e-28
-4.0504548e-40
1.2159528e-28
9.7276224e-28
0
0
0
8.5116696e-28
6.079764e-28
0
-3.6478584e-28
4.0483378e-40
-1.8239292e-28
-4.2558348e-28
-6.6877404e-28
7.2957168e-28
3.6478584e-28
-2.4319056e-28
2.4319056e-28
0
-7.2957168e-28
-2.4319056e-28
-1.2159528e-28
2.6862042e-40
0
-6.079764e-29
-2.6998712e-40
-4.2558348e-28
9.7276224e-28
-5.4021988e-40
0
0
0
2.4319056e-28
8.0993543e-40
-1.2159528e-28
1.2159528e-28
2.4319056e-28
4.2153118e-55
5.3999152e-40
1.053828e-54
1.8239292e-28
-6.7450915e-41
-6.079764e-29
0
6.079764e-28
3.039882e-28
1.7279728e-44
6.079764e-29
0
0
-1.2159528e-28
1.3500166e-40
2.4319056e-28
-1.3498924e-40
-6.079764e-29
0
6.079764e-29
1.2159528e-28
-5.4002607e-40
-4.8638112e-28
0
-1.8239292e-28
-7.4906277e-53
-6.079764e-29
0
0
0
-1.8239292e-28
-2.4319056e-28
-3.039882e-28
-3.7469438e-55
6.7498075e-40
2.4319056e-28
0
0
-1.3501567e-40
-6.079764e-29
-2.1382118e-44
0
0
2.4319056e-28
-4.7252282e-40
-6.079764e-29
6.079764e-28
-3.6478584e-28
-3.039882e-28
4.8638112e-28
9.4504563e-40
1.8902122e-39
3.6478584e-28
-1.3532947e-40
-8.5528471e-44
-1.2159528e-28
0
0
0
-1.4243735e-55
3.6478584e-28
-1.2159528e-28
1.2159528e-28
0
6.079764e-28
3.6478584e-28
-4.8638112e-28
0
0
-1.2159528e-28
1.5050942e-52
6.7479375e-41
1.2159528e-28
0
0
-2.4319056e-28
1.2159528e-28
-9.3673596e-56
4.050714e-40
3.6478584e-28
1.7105694e-43
4.8638112e-28
9.119646e-28
6.079764e-29
5.4717876e-28
-1.2159528e-28
-4.8638112e-28
1.8239292e-28
-1.8239292e-28
0
0
-4.8638112e-28
-7.2957168e-28
1.2159528e-28
-7.2957168e-28
3.039882e-28
1.2159528e-28
0
0
-3.6478584e-28
5.1839185e-44
-2.4319056e-28
-1.3498924e-40
-2.4319056e-28
-6.079764e-29
1.2159528e-28
-1.2159528e-28
6.4146353e-44
0
-2.4319056e-28
1.2159528e-28
-2.4319056e-28
1.2159528e-28
-3.039882e-28
0
-1.3493737e-40
1.2159528e-28
-7.2957168e-28
-4.8638112e-28
1.8239292e-28
-3.6478584e-28
3.6478584e-28
-2.4319056e-28
-3.6478584e-28
3.039882e-28
0
3.6478584e-28
-6.079764e-29
6.7511899e-40
3.6478584e-28
3.039882e-28
2.3418399e-56
8.5116696e-28
-4.8638112e-28
-6.079764e-29
-1.7279728e-44
3.6478584e-28
-6.079764e-29
-1.7279728e-44
1.1709199e-56
-2.6997472e-40
3.039882e-28
-4.8638112e-28
2.4319056e-28
-2.4319056e-28
7.2957168e-28
-4.0501956e-40
-3.6478584e-28
0
0
2.4319056e-28
-4.8638112e-28
0
6.079764e-28
3.6478584e-28
-6.079764e-28
6.6877404e-28
4.8638112e-28
1.2159528e-28
1.079983e-39
-1.5807386e-27
-9.5038507e-44
-3.6478584e-28
-2.7000303e-40
-2.4319056e-28
1.2159528e-28
0
0
-2.7005995e-40
-1.0943575e-27
-5.4717876e-28
-1.3490529e-40
2.4319056e-28
3.039882e-28
5.4717876e-28
0
4.3199321e-44
1.2159528e-28
-7.2957168e-28
1.079983e-39
-5.4002607e-40
7.2957168e-28
2.7016716e-40
-2.7001304e-40
-6.079764e-29
-2.4319056e-28
-8.1000455e-40
1.2159528e-28
0
0
-1.2159528e-28
1.2159528e-28
8.7818996e-55
7.2957168e-28
-1.2159528e-28
-1.8239292e-28
1.2159528e-28
-2.4319056e-28
-1.8239292e-28
1.8239292e-28
1.2829271e-43
1.2159528e-28
1.8239292e-28
-2.4319056e-28
-3.6478584e-28
0
0
0
1.2159528e-28
-1.2159528e-28
1.2159528e-28
0
-3.039882e-28
2.4319056e-28
-3.6478584e-28
0
4.8638112e-28
2.4319056e-28
-3.6478584e-28
-1.3500652e-40
-1.2159528e-28
3.6478584e-28
-3.039882e-28
-1.4038232e-66
1.2159528e-28
-1.1383958e-43
-1.3500652e-40
2.4319056e-28
-3.6478584e-28
-2.4319056e-28
2.4319056e-28
-3.039882e-28
-4.0503684e-40
3.6478584e-28
-4.8638112e-28
-3.6478584e-28
6.079764e-29
0
-1.8239292e-28
1.8239292e-28
-3.6478584e-28
-3.039882e-28
8.0983176e-40
4.8638112e-28
0
0
0
0
0
0
0
-2.9934965e-43
-1.2159528e-28
-6.079764e-29
-1.2159528e-28
1.2159528e-28
-6.079764e-29
-1.2159528e-28
2.6999576e-40
-1.2159528e-28
0
3.6478584e-28
-6.079764e-29
1.8968903e-54
2.4319056e-28
-1.8239292e-28
1.4244263e-55
0
-3.2073177e-44
1.2159528e-28
-5.1839185e-44
4.8638112e-28
-1.8239292e-28
-8.097972e-40
-1.8239292e-28
-1.2159528e-28
-1.8239292e-28
3.039882e-28
0
1.2159528e-28
-1.3497196e-40
-3.039882e-28
2.4319056e-28
-2.7001304e-40
1.2159528e-28
0
0
0
0
0
0
0
0
0
1.2159528e-28
0
0
-6.079764e-29
-1.2159528e-28
0
1.2159528e-28
-1.8239292e-28
-6.079764e-29
8.0998727e-40
3.1431643e-60
-7.0777768e-45
1.2159528e-28
1.2159528e-28
6.7443689e-41
-9.8833106e-71
4.0491588e-40
1.6415363e-27
-3.6478584e-28
1.5098387e-52
-1.2159528e-28
7.2957168e-28
1.8239292e-28
1.2159528e-28
0
0
0
3.039882e-28
1.2159528e-28
8.5116696e-28
-5.4717876e-28
3.6478584e-28
-2.4319056e-28
4.8638112e-28
0
0
0
1.2159528e-28
1.3500652e-40
-1.2159528e-28
3.6478584e-28
-8.6398642e-45
3.6478584e-28
-1.8239292e-28
-2.4319056e-28
-1.3500652e-40
-1.4304341e-44
7.2957168e-28
-8.0998727e-40
-2.6997848e-40
6.079764e-29
2.4319056e-28
-9.7276224e-28
-3.6478584e-28
2.4319056e-28
1.4051039e-55
9.3673596e-56
3.6478584e-28
2.4319056e-28
-4.0496772e-40
2.5658541e-43
2.4319056e-28
1.2159528e-28
-7.4954763e-53
-2.4319056e-28
0
0
8.5116696e-28
1.2159528e-28
-6.079764e-29
-1.8239292e-28
0
0
0
1.8239292e-28
2.699568e-40
2.4319056e-28
1.2159528e-28
2.4319056e-28
-1.2146958e-39
-6.079764e-29
6.079764e-29
1.8239292e-28
2.4319056e-28
-3.6478584e-28
1.3498924e-39
2.4319056e-28
-1.2159528e-28
-3.6478584e-28
-1.8239292e-28
-1.2159528e-28
-6.079764e-29
-1.2159528e-28
-3.6478584e-28
0
1.2159528e-28
-1.8239292e-28
-4.8638112e-28
1.2159528e-28
6.079764e-29
6.7759635e-44
1.2159528e-28
-2.4319056e-28
-1.7279728e-44
-7.4980511e-53
2.4319056e-28
0
-2.4319056e-28
-6.079764e-28
1.2159528e-28
-1.3500652e-40
-3.6478584e-28
6.079764e-29
-1.2159528e-28
6.079764e-29
-2.4319056e-28
-3.6478584e-28
1.2159528e-28
8.0998727e-40
9.7276224e-28
0
9.7276224e-28
6.079764e-28
-7.2957168e-28
0
0
1.8239292e-28
4.0499364e-40
1.7279728e-44
1.2159528e-28
-1.2159528e-28
-6.079764e-28
4.2558348e-28
1.8239292e-28
0
0
0
0
-6.0746766e-40
2.4319056e-28
1.8239292e-28
-4.2558348e-28
-3.6478584e-28
0
2.636561e-68
-1.2159528e-28
2.6983197e-40
-2.4319056e-28
3.6478584e-28
5.3995696e-40
1.2767504e-27
4.2153118e-55
-7.2957168e-28
3.6478584e-28
-2.7001304e-40
5.3999152e-40
1.2159528e-28
1.8239292e-28
-8.0990087e-40
-3.6478584e-28
0
0
6.079764e-28
3.6478584e-28
-3.6478584e-28
0
2.4319056e-28
-4.3199321e-44
-2.4319056e-28
-6.079764e-29
-3.6478584e-28
-1.3823783e-43
4.2558348e-28
0
0
0
0
0
-4.8638112e-28
-3.6478584e-28
-1.8239292e-28
1.3565713e-40
-6.079764e-29
0
-1.2159528e-28
-2.4319056e-28
1.2159528e-28
-1.2159528e-28
-3.6478584e-28
3.039882e-28
-4.0496772e-40
1.2767504e-27
-4.8638112e-28
-1.0943575e-27
6.079764e-29
3.6478584e-28
1.0943575e-27
-2.4319056e-28
2.0250114e-40
-1.2159528e-28
0
1.2767504e-27
9.7276224e-28
-6.079764e-28
6.079764e-29
-5.3999152e-40
-6.7515062e-41
-1.8239292e-28
0
-1.8239292e-28
6.079764e-29
-6.079764e-29
1.8993566e-55
3.375163e-40
-1.8899703e-39
6.7498939e-40
-8.1001661e-40
0
3.039882e-28
1.2159528e-28
-1.3496236e-40
6.079764e-29
-6.079764e-29
3.039882e-28
3.6478584e-28
-1.3498924e-40
3.6478584e-28
-4.3199321e-44
-6.079764e-29
6.079764e-29
2.4319056e-28
9.119646e-28
-9.119646e-28
6.079764e-29
-1.0943575e-27
3.039882e-28
6.079764e-28
-3.6478584e-28
-1.8239292e-28
1.2159528e-28
6.9118914e-44
1.8239292e-28
8.5116696e-28
-6.079764e-28
6.079764e-29
-1.2159528e-28
0
0
0
-1.2159528e-28
-7.4847944e-53
1.3499788e-39
-7.4253585e-40
1.079983e-39
-1.2159528e-28
-4.8638112e-28
0
-8.5116696e-28
-7.2957168e-28
2.4319056e-28
-8.1003911e-40
-1.3479492e-40
2.4319056e-28
-3.374731e-40
-2.4319056e-28
8.3097168e-56
-1.8239292e-28
-7.2957168e-28
4.2558348e-28
1.8239292e-28
1.3520118e-40
1.3500652e-39
-1.6200782e-39
-9.621953e-44
6.9118914e-44
-6.079764e-29
-7.2957168e-28
3.6478584e-28
1.8239292e-28
-1.2159528e-28
4.0491588e-40
-2.6997848e-40
-2.4319056e-28
-4.8638112e-28
0
6.079764e-29
0
0
2.4319056e-28
2.4319056e-28
-1.2159528e-28
6.079764e-29
-3.6478584e-28
1.2159528e-28
-1.8239292e-28
-2.4319056e-28
1.2159528e-28
-6.079764e-28
0
-1.2159528e-28
2.4319056e-28
0
2.7003032e-40
-2.7001304e-40
-2.699612e-40
1.348946e-40
1.2159528e-28
4.8638112e-28
0
3.039882e-28
2.7001304e-40
2.4319056e-28
0
0
0
0
-4.2558348e-28
2.4319056e-28
-1.2829271e-43
-1.8239292e-28
3.6478584e-28
-5.4002607e-40
-1.2159528e-28
2.4319056e-28
-3.6478584e-28
3.6478584e-28
3.6478584e-28
-6.079764e-29
2.4319056e-28
3.6478584e-28
-1.2159528e-28
8.5116696e-28
7.2957168e-28
-2.4319056e-28
6.079764e-29
1.8239292e-28
1.2159528e-28
1.4591434e-27
6.0752933e-40
-6.079764e-28
4.9854921e-55
-6.079764e-29
-1.2159528e-28
-1.3497196e-40
-4.8638112e-28
8.5116696e-28
6.079764e-29
-1.8902122e-39
-4.8638112e-28
1.0943575e-27
6.079764e-29
0
-4.8638112e-28
5.6622214e-44
-4.8638112e-28
-3.6478584e-28
-1.2159528e-28
-8.6398642e-45
1.2159528e-28
6.7498939e-40
-3.039882e-28
1.2159528e-28
-3.6478584e-28
7.2957168e-28
2.4319056e-28
-2.4319056e-28
-1.2159528e-28
3.6478584e-28
8.5116696e-28
3.6478584e-28
0
0
2.4319056e-28
-4.0501956e-40
-2.4319056e-28
5.4717876e-28
5.1839185e-44
-6.079764e-29
6.079764e-29
6.079764e-29
1.2159528e-28
3.039882e-28
3.6478584e-28
-2.6994392e-40
1.2159528e-28
2.4319056e-28
-8.6398642e-45
-2.6999576e-40
-6.079764e-29
-3.6478584e-28
-2.4319056e-28
-4.8638112e-28
2.4319056e-28
2.4319056e-28
1.2159528e-28
6.079764e-28
-4.8638112e-28
-3.6478584e-28
-6.079764e-28
-2.4319056e-28
3.039882e-28
6.079764e-29
1.2767504e-27
6.079764e-28
-6.079764e-29
0
6.6877404e-28
-7.9036932e-28
3.039882e-28
3.6478584e-28
-2.4319056e-28
6.079764e-29
4.8638112e-28
-8.1003911e-40
-6.7500757e-41
6.079764e-29
-6.079764e-29
1.8239292e-28
-5.4002607e-40
4.6836798e-56
6.079764e-29
2.3418399e-56
4.2558348e-28
1.4848816e-39
-6.079764e-28
0
-1.2159528e-28
-6.079764e-28
-6.7503259e-41
-3.039882e-28
0
0
4.8638112e-28
1.2159528e-28
1.2159528e-28
4.8638112e-28
-2.4319056e-28
-2.4319056e-28
3.6478584e-28
2.4319056e-28
-1.2159528e-28
6.079764e-29
1.2150068e-39
1.5069728e-52
2.4319056e-28
0
-3.6478584e-28
-2.4319056e-28
-6.748598e-41
-1.2159528e-28
1.3501567e-40
0
-9.7276224e-28
8.0993543e-40
6.079764e-28
6.079764e-29
2.3418399e-56
3.6478584e-28
1.1383958e-43
1.2159528e-28
-4.0503684e-40
-2.024493e-40
-6.0765893e-40
-1.2159528e-28
2.4319056e-28
0
1.2159528e-28
-1.2829271e-43
-2.4319056e-28
-6.079764e-29
-1.2159528e-28
-6.079764e-29
3.6478584e-28
4.8638112e-28
-1.8239292e-28
0
6.079764e-29
-4.7258329e-40
1.3375481e-27
8.5116696e-28
-6.079764e-29
2.7001304e-40
7.4938877e-55
3.6478584e-28
3.375595e-40
1.2159528e-28
1.2159528e-28
6.079764e-28
-4.8638112e-28
-2.4319056e-28
6.749462e-40
-1.2159528e-28
6.079764e-29
-2.6999576e-40
-6.7486602e-41
-2.6999576e-40
7.2957168e-28
-4.2558348e-28
6.749462e-41
2.4319056e-28
-6.079764e-28
-7.0255197e-56
-1.2159528e-28
1.2159528e-28
-6.749462e-41
1.2159528e-28
1.2159528e-28
-1.2129468e-39
3.039882e-28
3.039882e-28
-3.039882e-28
-3.039882e-28
1.2159528e-28
-6.079764e-29
9.115745e-59
-1.3058126e-55
0
1.8239292e-28
1.8239292e-28
2.4319056e-28
-1.8239292e-28
-2.7001304e-40
9.8833106e-71
3.6710928e-43
2.6973229e-40
-6.079764e-29
2.6997848e-40
2.4319056e-28
2.4319056e-28
-3.6478584e-28
-2.4319056e-28
3.6478584e-28
1.3497196e-40
1.2159528e-28
-3.039882e-28
0
0
-2.4319056e-28
2.4319056e-28
4.8638112e-28
9.7276224e-28
-6.749462e-41
-2.3418399e-56
-1.2159528e-28
3.6478584e-28
1.6200782e-39
1.8239292e-28
-7.2957168e-28
1.2159528e-28
3.6478584e-28
-6.079764e-29
1.2159528e-28
-1.8239292e-28
-7.0255197e-56
-6.7511899e-41
2.4319056e-28
0
4.8638112e-28
1.2159528e-28
1.8239292e-28
2.4319056e-28
-6.079764e-29
-4.0491588e-40
-3.039882e-28
-5.3995636e-40
2.4319056e-28
-1.3497196e-39
-4.2558348e-28
6.079764e-28
-3.039882e-28
-1.0800521e-39
1.3497196e-40
-3.4559457e-44
-1.8239292e-28
-1.2159528e-28
4.2558348e-28
8.5116696e-28
-3.6478584e-28
-1.2159528e-28
-1.2159528e-28
-1.5807419e-55
-7.2957168e-28
2.4319056e-28
-1.2159528e-28
7.2957168e-28
8.0983176e-40
-2.4319056e-28
7.2957168e-28
-2.4319056e-28
6.079764e-29
-1.2159528e-28
-1.8239292e-28
-6.079764e-28
-3.039882e-28
4.8638112e-28
2.4319056e-28
1.0801213e-39
1.7279728e-44
1.8239292e-28
3.6478584e-28
9.119646e-28
-6.079764e-29
-2.4319056e-28
-4.2558348e-28
-4.2558348e-28
-3.374731e-40
2.4319056e-28
-2.6727647e-43
1.2159528e-28
1.8239292e-28
1.8239292e-28
6.079764e-29
1.6036588e-43
1.8239292e-28
-4.8638112e-28
4.8638112e-28
3.039882e-28
-6.079764e-28
-4.8638112e-28
2.4319056e-28
-1.2159528e-28
1.3498736e-40
2.0250114e-40
-6.079764e-29
6.079764e-29
-3.6478584e-28
3.6478584e-28
1.7279728e-44
1.3501516e-40
1.2159528e-28
-1.3512273e-40
6.079764e-29
1.2159528e-28
0
6.079764e-29
3.4559457e-44
6.079764e-28
3.6478584e-28
-1.2159528e-28
0
5.4717876e-28
-2.4319056e-28
6.079764e-29
3.6478584e-28
3.6478584e-28
1.5660381e-43
-2.4319056e-28
3.6478584e-28
1.7279728e-44
9.7276224e-28
2.4319056e-28
2.4319056e-28
1.2159528e-28
0
2.4319056e-28
-1.8734719e-55
-2.0256657e-40
6.079764e-29
6.079764e-29
6.079764e-29
3.6478584e-28
6.9118914e-44
-6.760059e-41
4.6836798e-56
-3.039882e-28
-5.4002607e-40
1.2159528e-28
0
-3.039882e-28
6.079764e-29
6.079764e-29
2.4319056e-28
-6.079764e-29
7.2957168e-28
-1.8239292e-28
3.6478584e-28
-3.6478584e-28
-3.374731e-40
8.5116696e-28
-1.2159528e-28
3.6478584e-28
-2.4319056e-28
-3.039882e-28
-1.8239292e-28
-2.1743446e-43
4.0501956e-40
4.2558348e-28
-4.8638112e-28
8.6398642e-45
6.0752933e-40
3.6478584e-28
-3.039882e-28
-6.079764e-29
6.079764e-29
3.4559457e-44
1.4175684e-39
-3.039882e-28
-1.2159528e-28
-4.8638112e-28
-4.2558348e-28
8.5116696e-28
-1.6200782e-39
-5.4717876e-28
-1.7279728e-44
9.119646e-28
2.834895e-39
-6.079764e-29
0
-6.079764e-29
-2.4319056e-28
3.6478584e-28
2.4319056e-28
1.3500652e-40
-2.4319056e-28
-1.2159528e-28
2.4319056e-28
-5.3995696e-40
-8.0998727e-40
6.079764e-29
2.5919593e-44
3.373867e-40
4.8638112e-28
-2.0248386e-40
1.3498924e-40
2.4319056e-28
2.4319056e-28
-2.4319056e-28
0
-3.6478584e-28
-2.4319056e-28
-6.079764e-29
-1.2159528e-28
3.6478584e-28
-3.039882e-28
-1.7279728e-44
-6.7511899e-41
-2.5919593e-44
-4.3199321e-44
-1.7563799e-56
2.6990936e-40
2.0267724e-40
-6.079764e-29
3.6478584e-28
-9.119646e-28
9.4504563e-40
4.0524044e-51
6.079764e-28
-8.5116696e-28
8.1003911e-40
6.079764e-28
0
-6.079764e-29
9.7276224e-28
-4.2558348e-28
2.4319056e-28
7.2957168e-28
-3.6478584e-28
0
-6.079764e-29
-9.4504563e-40
-8.5116696e-28
-9.3673596e-56
-2.4319056e-28
1.2159528e-28
-5.4009519e-40
1.2159528e-28
1.3497196e-40
1.2159528e-28
-3.6478584e-28
-7.2957168e-28
1.8239292e-28
1.2159528e-28
-1.8239292e-28
4.8638112e-28
2.4319056e-28
-1.2159528e-28
-1.2159528e-28
-4.0476588e-40
-2.4319056e-28
-1.2159528e-28
2.4319056e-28
-5.4717876e-28
-1.2159528e-28
1.0943575e-27
-4.8638112e-28
5.4002607e-40
-3.6478584e-28
4.8638112e-28
-2.7001304e-40
1.2159528e-28
-9.368788e-56
-6.079764e-29
6.4146353e-43
-1.8239292e-28
-4.8638112e-28
-4.8638112e-28
3.039882e-28
0
0
0
6.079764e-28
6.047905e-44
1.2159528e-28
4.8638112e-28
-3.6478584e-28
1.2159528e-28
-4.8638112e-28
6.0010158e-52
2.0253766e-40
-1.2159528e-28
-1.2159528e-28
-6.079764e-29
-3.374731e-40
-1.0943575e-27
4.050714e-40
-3.6478584e-28
-4.8638112e-28
-6.079764e-29
-4.8638112e-28
-1.2159528e-28
-2.4319056e-28
-6.9118914e-44
1.8239292e-28
-6.7511899e-40
3.039882e-28
-2.4319056e-28
1.2159528e-28
8.1009095e-40
7.12122e-55
-1.2159528e-28
-3.6478584e-28
2.0250114e-39
-1.2159528e-28
2.7259719e-40
-3.6478584e-28
-2.4319056e-28
-3.6478584e-28
6.047905e-44
-8.5116696e-28
1.8239292e-28
1.8239292e-28
6.079764e-29
2.4319056e-28
0
6.079764e-29
6.079764e-29
-6.079764e-29
-2.1382118e-43
-2.1382118e-44
1.7105694e-43
3.4559457e-44
-6.079764e-29
-7.5019135e-53
-3.6478584e-28
0
0
6.079764e-28
-8.1003911e-40
4.0491588e-40
-2.4319056e-28
8.5116696e-28
9.7276224e-28
-1.2159528e-28
1.8239292e-28
6.079764e-29
1.8239292e-28
-2.7019547e-40
-1.7279728e-44
-6.079764e-29
7.2957168e-28
-3.039882e-28
-5.4006063e-40
-1.2159528e-28
1.2159528e-28
-8.1187686e-40
-6.079764e-29
1.8239292e-28
-5.5593622e-71
1.8239292e-28
3.039882e-28
-1.8239292e-28
-1.2159528e-28
-1.2159528e-28
-6.079764e-29
1.2159528e-28
-2.4319056e-28
-4.8638112e-28
7.2957168e-28
3.6478584e-28
-2.4319056e-28
-2.0250978e-40
-4.2558348e-28
3.6478584e-28
-2.4319056e-28
-4.8638112e-28
-1.2159528e-28
-6.079764e-28
6.079764e-28
3.6478584e-28
-4.2764235e-44
-2.025357e-40
2.4319056e-28
0
0
1.8239292e-28
-7.4834076e-53
3.6478584e-28
-9.4492467e-40
-3.6478584e-28
0
-6.7415229e-41
-2.025357e-40
-1.8143715e-43
1.2159528e-28
0
0
-6.079764e-28
-5.4717876e-28
1.1551552e-27
3.2830725e-27
-1.4591434e-27
-3.039882e-27
4.0126442e-27
2.3103103e-27
2.9182867e-27
-3.5870607e-27
2.7540155e-38
2.2138235e-38
-1.2402718e-26
1.54426e-26
1.8360887e-26
0
0
-3.1979558e-26
-3.8545704e-26
0
2.729814e-26
-3.5974632e-38
-3.8424108e-26
4.5963016e-26
5.5325852e-26
0
0
0
1.1186766e-25
-2.6750961e-25
9.9235466e-53
1.8968864e-25
-4.5111849e-25
0
3.1857963e-25
7.5680902e-25
-4.9844035e-37
-5.3228334e-25
0
-7.4781097e-25
8.8557842e-25
-2.7127873e-52
-2.4792062e-24
0
-1.7312128e-24
-6.8077978e-36
4.8236847e-24
-8.995007e-53
-3.3517131e-24
7.8949383e-24
-4.6462164e-24
-1.0931294e-23
6.4260065e-24
0
1.7731996e-23
1.04043e-23
-2.4403686e-23
2.0323121e-39
1.6750905e-23
-1.960809e-23
7.6402059e-35
-2.9770729e-35
3.1330604e-23
8.1232882e-35
-8.5371438e-23
4.9774967e-23
1.2880351e-34
-1.3510026e-22
-1.1171854e-38
2.7429652e-22
-2.3598046e-34
-1.2343228e-22
0
-1.6618749e-22
1.9264012e-22
4.4630489e-22
-2.5832212e-22
-2.9883116e-22
3.4545614e-22
3.9908148e-22
-9.2142532e-22
-1.0629861e-21
6.1272068e-22
0
0
9.3482074e-22
1.0746561e-21
1.2345292e-21
-1.4171715e-21
4.6204211e-37
8.2755534e-33
-2.1345553e-21
2.7127493e-33
-2.7945893e-21
6.3881523e-21
7.2959514e-21
-8.3265765e-21
2.1084716e-32
-1.2012851e-32
-1.8482666e-20
1.4020231e-20
7.9703543e-21
2.0105351e-32
-5.0018625e-49
-2.3322439e-20
1.321795e-20
2.9941765e-20
-3.388616e-20
6.3822712e-32
-7.2092602e-32
-4.8889086e-20
2.7577712e-20
6.2175394e-20
2.3326096e-31
-3.9409867e-20
8.8637594e-20
4.9798783e-20
-5.5910798e-20
-6.2721621e-20
0
-7.8738661e-20
-2.5042876e-35
1.9703722e-19
-1.1006247e-19
-2.4571141e-19
1.3702029e-19
1.5268851e-19
1.7000359e-19
-1.8912046e-19
9.3362362e-31
-3.7528083e-47
-7.770645e-19
5.7430801e-19
3.1806404e-19
7.8163017e-31
7.783939e-19
-8.5990675e-19
4.2147694e-30
3.486077e-30
-1.7297256e-18
6.3468043e-19
6.9801067e-19
-7.6696448e-19
0
0
1.0118973e-18
2.2155872e-18
-2.4233139e-18
-2.6480574e-18
1.604902e-30
-4.4809244e-34
1.7179746e-18
3.7405625e-18
9.0340929e-30
-4.4206296e-18
4.7988621e-18
-5.7777666e-30
-2.8194903e-18
3.0519405e-18
0
-3.565569e-18
-4.2722439e-30
8.2989963e-18
-4.4698562e-18
-9.6204714e-18
1.0342912e-17
-5.5543324e-18
-5.9596725e-18
6.3882716e-18
-6.8409093e-18
0
0
-8.3505081e-18
1.2657052e-33
9.4902384e-18
2.020396e-17
2.3851316e-29
1.0135452e-28
2.4221814e-17
-2.5679653e-17
-2.7197809e-17
1.438834e-17
0
-3.2117352e-17
-1.8807883e-29
3.5701454e-17
3.7583909e-17
-3.9525769e-17
-4.1526125e-17
4.3583859e-17
7.6103476e-29
2.3932954e-17
5.0086906e-17
-5.2358643e-17
-2.7339459e-17
5.7045318e-17
-2.9727609e-17
-3.0952899e-17
6.4394035e-17
-3.3458363e-17
-6.9470494e-17
7.2051793e-17
-3.7328465e-17
-7.7282074e-17
7.9923275e-17
8.2576477e-17
-6.4062407e-47
9.75911e-29
4.5283175e-17
-9.3225551e-17
-9.5875557e-17
0
1.0113088e-16
1.1515355e-28
-1.0629854e-16
0
5.5672981e-17
1.1381488e-16
5.812119e-17
0
-1.2095945e-16
5.4728982e-28
1.2547176e-16
-1.9146617e-16
-1.2975731e-16
1.318092e-16
1.3379787e-16
-6.7860834e-17
3.0546764e-28
-3.3662359e-46
-7.0545605e-17
-7.9233885e-29
7.2163996e-17
4.1450916e-32
-7.3643858e-17
-1.650504e-28
2.4974895e-28
-7.5606656e-17
7.6193908e-17
7.6748581e-17
-1.5454273e-16
1.5552607e-16
-7.8224428e-17
-1.5731292e-16
1.5812018e-16
1.763841e-28
-1.595725e-16
1.6022184e-16
2.4123436e-16
-8.0688986e-17
-8.0944652e-17
-8.1179596e-17
-1.6278992e-16
3.5083242e-47
8.1771443e-17
1.6386956e-16
8.2082945e-17
2.738551e-28
8.2337917e-17
-8.2446709e-17
-2.4763291e-16
-8.2631595e-17
1.6541889e-16
-9.18969e-29
8.2840032e-17
8.2894268e-17
-9.2101864e-29
-8.2984047e-17
1.0931877e-47
-4.7210145e-32
-8.3080971e-17
-1.8453089e-28
8.3126464e-17
-3.692607e-28
-1.6632138e-16
0
1.6637298e-16
1.6639397e-16
0
-1.6642882e-16
-1.6644356e-16
1.66457e-16
1.6646947e-16
-1.6648126e-16
-8.3246315e-17
1.665038e-16
-1.6651497e-16
-1.665263e-16
2.4980693e-16
8.3275022e-17
-1.6656269e-16
8.3287987e-17
-8.3294987e-17
-1.6660475e-16
8.3310175e-17
0
8.3327078e-17
1.666724e-16
-8.334578e-17
-8.3355814e-17
8.33663e-17
-8.3377234e-17
9.2585876e-29
-1.1677842e-48
2.7782577e-28
9.2614699e-29
1.8528199e-28
-9.2620272e-29
8.3465362e-17
-8.3479432e-17
-1.6698764e-16
8.3508512e-17
-8.3523486e-17
-2.7823391e-28
2.5066263e-16
3.7112503e-28
3.7121953e-28
1.6720397e-16
-1.6723658e-16
-8.3634766e-17
8.3651393e-17
8.3668158e-17
-1.673701e-16
-1.6740411e-16
8.3719164e-17
0
-8.3753652e-17
2.7903138e-28
1.6757688e-16
9.3061135e-29
-8.3823468e-17
1.6768211e-16
5.5864682e-28
-8.3876355e-17
2.794293e-28
-8.3911786e-17
8.3929543e-17
1.6789465e-16
-8.3965123e-17
-8.3982942e-17
-1.8650726e-28
8.4018627e-17
1.8661044e-28
-8.4054365e-17
8.4072251e-17
-8.4090146e-17
-8.410805e-17
1.6825192e-16
3.736739e-28
-2.5248542e-16
8.417974e-17
1.8696837e-28
-8.4215622e-17
2.5270071e-16
1.6850305e-16
-1.6853896e-16
1.8719165e-28
1.6861081e-16
0
0
-8.4359322e-17
-8.43773e-17
-1.6879056e-16
-8.4413263e-17
2.5329374e-16
7.5003587e-28
-8.4467223e-17
8.4485213e-17
0
0
0
-1.6911438e-16
-8.4575184e-17
2.5377954e-16
1.6922236e-16
-1.6925835e-16
-8.4647174e-17
1.6933034e-16
-8.468317e-17
-8.4701168e-17
8.4719166e-17
-1.6947433e-16
-8.4755159e-17
1.6954631e-16
1.8828622e-28
-8.4809144e-17
0
1.6969026e-16
1.6972624e-16
-2.5464333e-16
-1.6979819e-16
-1.2067443e-32
-9.4302902e-29
1.699061e-16
1.207511e-32
-8.498901e-17
1.7001398e-16
1.7004993e-16
-1.7008588e-16
3.7772215e-28
-1.8887679e-28
-2.4185979e-32
-3.7800991e-28
-8.5132784e-17
-1.8906054e-28
-8.5168712e-17
0
0
-8.5222598e-17
8.5240559e-17
1.7051704e-16
8.5276479e-17
-8.5294439e-17
1.894437e-28
-8.5330359e-17
-8.5348319e-17
2.5609884e-16
8.5384242e-17
-1.7080441e-16
-8.5420167e-17
1.7087626e-16
2.8460776e-28
-1.7094812e-16
-1.8984258e-28
1.7101999e-16
-1.7105592e-16
-8.5545931e-17
2.566917e-16
-8.5581872e-17
-1.7119969e-16
8.5617816e-17
8.5635789e-17
-8.5653763e-17
-8.5671738e-17
1.7137943e-16
-3.806186e-28
-8.5725667e-17
1.7148729e-16
-8.5761623e-17
3.808892e-28
8.5797583e-17
-1.7163113e-16
-8.5833547e-17
1.7170306e-16
-8.5869515e-17
-8.5887501e-17
8.5905488e-17
-8.5923477e-17
-8.5941466e-17
-1.9088055e-28
1.719549e-16
8.5995442e-17
-8.6013435e-17
8.6031429e-17
-8.6049423e-17
-1.7213484e-16
8.6085412e-17
0
8.6121402e-17
8.6139398e-17
8.6157396e-17
9.5667786e-29
-1.723868e-16
8.6211408e-17
8.622942e-17
-1.7249487e-16
-8.6265446e-17
8.6283451e-17
1.7260289e-16
-8.631936e-17
-1.7267423e-16
0
8.6370899e-17
0
8.6391435e-17
2.4542805e-32
-1.7263099e-16
0
8.3429892e-17
8.0359358e-17
)
;

boundaryField
{
    leftSide
    {
        type            calculated;
        value           uniform 0;
    }
    rightSide
    {
        type            calculated;
        value           uniform 8.0356576e-17;
    }
    emptywalls
    {
        type            empty;
    }
}


// ************************************************************************* //
