/*--------------------------------*- C++ -*----------------------------------*\
  =========                 |
  \\      /  F ield         | OpenFOAM: The Open Source CFD Toolbox
   \\    /   O peration     | Website:  https://openfoam.org
    \\  /    A nd           | Version:  7
     \\/     M anipulation  |
\*---------------------------------------------------------------------------*/
FoamFile
{
    version     2.0;
    format      ascii;
    class       volScalarField;
    location    "0.00018";
    object      Uz;
}
// * * * * * * * * * * * * * * * * * * * * * * * * * * * * * * * * * * * * * //

dimensions      [0 1 -1 0 0 0 0];

internalField   nonuniform List<scalar> 
5000
(
0
0
0
0
0
2.026588e-28
1.079983e-43
6.079764e-28
-5.06647e-29
-2.026588e-28
-9.119646e-28
4.053176e-28
-1.7279728e-42
-1.7855719e-42
-3.7070549e-42
4.053176e-28
1.1709199e-55
-1.339179e-42
-1.519941e-28
7.093058e-28
3.039882e-28
0
0
5.06647e-28
-2.5919593e-42
1.2527803e-42
-1.2555935e-42
-1.519941e-28
-2.026588e-28
-2.533235e-28
5.3135165e-42
9.6732259e-56
-2.026588e-28
3.546529e-28
-5.06647e-29
0
0
-2.8247382e-43
3.546529e-28
-3.039882e-28
4.2479333e-42
-5.06647e-29
2.533235e-28
-5.1407192e-42
-4.053176e-28
3.546529e-28
-1.3938981e-41
1.5616555e-41
-1.5681354e-41
2.5919593e-42
-1.013294e-28
0
0
0
0
0
0
0
0
0
0
0
0
3.546529e-28
5.06647e-29
-1.519941e-28
-2.6135589e-42
-2.9272999e-56
5.06647e-29
0
0
-5.06647e-29
5.06647e-29
0
-1.013294e-28
3.499145e-42
1.013294e-28
3.039882e-28
-1.013294e-28
-6.923681e-42
-1.013294e-28
8.6398642e-44
-6.079764e-28
6.079764e-28
-5.2703172e-42
5.8140214e-42
4.559823e-28
-3.7744637e-42
1.519941e-28
-5.06647e-29
-3.546529e-28
-2.533235e-28
1.7639723e-42
-3.039882e-28
-8.9297572e-55
3.546529e-28
6.079764e-28
2.3118837e-41
-3.1751501e-41
-6.079764e-28
-1.013294e-28
-4.053176e-28
3.5999434e-44
-1.013294e-28
0
-3.039882e-28
-2.6459584e-41
6.586411e-28
-4.053176e-28
-5.06647e-29
-8.106352e-28
-5.06647e-28
1.519941e-28
-1.013294e-28
-4.559823e-28
4.559823e-28
5.573117e-28
2.8799547e-44
-2.026588e-28
4.559823e-28
-1.4169377e-41
-2.026588e-28
4.053176e-28
8.7537013e-42
2.533235e-28
-1.8313801e-42
-1.519941e-28
1.013294e-28
-4.053176e-28
-1.2247008e-41
5.06647e-29
7.093058e-28
-4.053176e-28
-4.053176e-28
-2.533235e-28
-1.7639723e-42
1.7567724e-42
1.1827625e-55
5.06647e-28
5.06647e-29
5.06647e-29
-1.013294e-28
-1.519941e-28
-1.519941e-28
-1.7567724e-41
-3.039882e-28
8.7646811e-56
5.7599095e-44
1.3172849e-55
4.559823e-28
-2.4594814e-41
4.8108295e-70
5.06647e-29
-1.013294e-28
5.06647e-29
1.7567724e-42
-3.2469141e-42
-3.039882e-28
2.8799547e-44
-1.519941e-28
0
-5.06647e-29
-1.402538e-41
-3.039882e-28
-1.519941e-28
1.2959796e-43
4.053176e-28
-3.546529e-28
-5.06647e-29
5.06647e-28
-1.8999061e-40
-4.2162538e-41
-5.06647e-29
5.06647e-28
0
2.8108358e-41
3.1621903e-41
5.06647e-29
3.039882e-28
1.0475835e-41
2.026588e-28
-1.519941e-28
2.8469846e-55
-1.079983e-43
-3.5099449e-41
2.026588e-28
-5.06647e-29
1.519941e-28
-1.7423726e-41
-3.4919451e-42
5.2667172e-41
-1.7495725e-41
3.039882e-28
0
0
0
0
5.06647e-29
-2.1124468e-41
-3.546529e-28
-3.039882e-28
-1.013294e-28
-2.533235e-28
5.06647e-28
1.0519035e-41
4.2076139e-41
3.546529e-28
1.519941e-28
-1.013294e-28
0
2.026588e-28
3.5063449e-42
5.06647e-28
5.573117e-28
-4.2335335e-41
-2.026588e-28
2.026588e-28
-1.013294e-28
1.013294e-28
-4.559823e-28
5.573117e-28
0
0
0
-3.546529e-28
3.039882e-28
2.026588e-28
-1.519941e-28
4.2248936e-41
-6.586411e-28
-1.519941e-28
-6.079764e-28
1.1519819e-43
1.4399774e-44
-6.586411e-28
-6.079764e-28
5.06647e-28
-5.0399208e-44
8.4440273e-41
-1.519941e-28
-8.4411474e-41
-2.1081269e-41
-5.06647e-29
-5.06647e-29
0
-2.026588e-28
1.013294e-28
-1.519941e-28
1.013294e-28
0
1.013294e-28
5.06647e-29
3.039882e-28
-8.7946618e-41
-2.026588e-28
-2.026588e-28
4.559823e-28
-4.4191258e-41
0
-1.2666925e-41
-2.026588e-28
3.039882e-28
3.546529e-28
2.026588e-28
5.06647e-28
9.119646e-28
-3.546529e-28
-8.106352e-28
-1.5745584e-53
-5.06647e-28
-1.519941e-28
2.1081269e-41
-3.546529e-28
1.1146234e-27
-2.533235e-28
1.4111778e-41
1.519941e-28
5.06647e-29
-2.533235e-28
2.026588e-28
1.0569434e-40
2.026588e-28
7.093058e-28
1.2779126e-54
2.026588e-28
0
0
3.039882e-28
-3.039882e-28
-5.06647e-28
2.026588e-28
-1.823149e-59
-3.546529e-28
-1.519941e-28
-1.519941e-28
0
2.026588e-28
2.026588e-28
0
1.4807347e-41
1.519941e-28
-9.119646e-28
-1.0519035e-41
1.2959796e-43
1.013294e-28
3.039882e-28
5.06647e-29
5.06647e-29
-4.053176e-28
1.4399774e-43
6.079764e-28
-1.519941e-28
1.013294e-28
-2.533235e-28
-4.9051816e-54
-1.519941e-28
0
0
2.533235e-28
-2.1102868e-41
1.4061379e-41
1.0165412e-54
-5.06647e-29
5.06647e-29
3.5999434e-44
5.06647e-28
0
0
0
0
0
0
0
-2.026588e-28
0
-3.546529e-28
0
5.06647e-29
1.4054179e-41
-1.013294e-28
0
0
-1.013294e-28
-2.2174476e-54
1.013294e-28
0
0
-4.559823e-28
-4.053176e-28
1.519941e-28
1.1546344e-42
0
3.039882e-28
-1.0079842e-43
-4.559823e-28
-6.1160083e-43
-4.053176e-28
4.053176e-28
-5.06647e-29
0
2.026588e-28
1.013294e-28
1.519941e-28
-1.519941e-28
0
2.533235e-28
4.559823e-28
-3.546529e-28
-4.559823e-28
0
0
0
0
0
0
0
0
5.06647e-28
2.3418399e-55
-3.039882e-28
0
0
0
-2.026588e-28
1.4054179e-41
-4.559823e-28
1.013294e-28
3.5171447e-41
1.6083519e-58
-7.0342895e-42
4.053176e-28
-3.039882e-28
-5.06647e-29
2.8151558e-41
-4.4902447e-43
-1.013294e-28
0
0
-4.559823e-28
7.0342895e-42
1.013294e-28
-3.039882e-28
2.533235e-28
0
-2.533235e-28
5.06647e-29
2.026588e-28
7.0306895e-41
5.8545997e-56
2.8137158e-41
-3.039882e-28
2.533235e-28
1.6364786e-68
7.0342895e-42
-1.013294e-28
0
0
1.013294e-28
-2.1599661e-44
-1.0540634e-40
1.519941e-28
0
0
-4.053176e-28
9.8328855e-41
-5.06647e-29
0
0
0
4.053176e-28
-5.7599095e-44
-1.013294e-28
-3.546529e-28
3.039882e-28
1.934208e-54
4.053176e-28
-1.013294e-28
8.7956848e-54
1.4068579e-41
-5.6274316e-41
-3.546529e-28
0
0
-1.3740451e-41
-2.1102868e-41
1.1249103e-40
9.7576662e-57
3.039882e-28
5.06647e-29
3.039882e-28
0
-3.039882e-28
-7.0342895e-42
-1.013294e-28
0
0
-5.06647e-28
-5.7599095e-44
1.4636499e-56
4.559823e-28
-2.026588e-28
2.1059669e-41
-2.8137158e-41
-1.5577572e-53
1.013294e-28
-2.026588e-28
-7.0342895e-41
4.2227337e-41
4.2227337e-41
3.546529e-28
-1.013294e-28
-4.2205737e-41
-9.8464785e-55
0
-2.026588e-28
-1.519941e-28
-1.4068579e-41
6.4798982e-44
-4.2205737e-41
2.8165957e-41
3.039882e-28
-2.533235e-28
-2.026588e-28
-1.013294e-28
-5.573117e-28
0
4.053176e-28
1.013294e-28
0
2.533235e-28
-7.7377184e-41
7.9198756e-44
4.2162538e-41
1.013294e-28
-1.013294e-28
-4.2162538e-41
1.6882295e-40
1.519941e-28
-1.519941e-28
3.039882e-28
-4.3199321e-44
4.9189627e-41
-5.06647e-29
1.519941e-28
7.0342895e-42
-2.026588e-28
0
0
0
-5.06647e-29
-5.06647e-29
-2.533235e-28
-6.586411e-28
0
5.06647e-28
3.546529e-28
1.519941e-28
3.546529e-28
0
-4.559823e-28
-4.053176e-28
4.218355e-41
-1.1254863e-40
2.026588e-28
0
0
0
0
-3.546529e-28
-1.1744794e-53
-4.320633e-43
-2.026588e-28
-2.8137158e-41
-2.8165957e-41
1.4636499e-56
4.053176e-28
3.546529e-28
-2.026588e-28
2.1102868e-41
-4.9189627e-41
6.079764e-28
0
-5.06647e-28
-2.026588e-28
2.026588e-28
4.2162538e-41
4.053176e-28
0
0
-5.06647e-28
3.5135448e-41
1.013294e-28
0
5.06647e-29
2.1599661e-44
-7.0342895e-41
2.8108358e-41
-3.039882e-28
-1.013294e-28
2.8799547e-44
-2.8137158e-41
-5.06647e-29
2.026588e-28
8.4411474e-41
7.1998869e-45
-3.5171447e-41
-2.533235e-28
1.013294e-28
0
1.9690971e-40
7.7297985e-41
2.5297523e-40
3.5999434e-44
-2.026588e-28
2.533235e-28
-3.9030665e-56
-2.8137158e-41
-8.4411474e-41
1.1254863e-40
-1.519941e-27
3.546529e-28
2.026588e-28
2.8137158e-41
9.8703741e-55
6.079764e-28
-5.573117e-28
-2.533235e-28
-1.9515332e-56
0
-3.4151832e-56
-2.533235e-28
-3.546529e-28
-1.4636499e-56
2.1081269e-41
9.7397744e-57
5.06647e-29
1.013294e-28
-1.4068579e-41
5.06647e-29
9.8569633e-55
7.0270896e-42
3.039882e-28
-4.2044566e-41
1.3660733e-55
1.0555034e-40
-1.1260623e-40
-9.8429653e-41
-1.8289153e-40
1.9515332e-56
0
-2.026588e-28
0
0
-3.039882e-28
-8.4411474e-41
3.546529e-28
0
0
9.119646e-28
3.7959244e-40
-6.079764e-28
3.039882e-28
7.1998869e-45
-3.5171447e-41
-3.039882e-28
0
0
0
5.573117e-28
1.1243343e-40
-1.519941e-28
0
0
-5.573117e-28
2.1599661e-44
-2.026588e-28
0
0
-3.546529e-28
-5.6216717e-41
-2.8151558e-41
7.0342895e-41
1.519941e-28
-5.06647e-29
-8.4368274e-41
5.6245516e-41
4.2162538e-41
1.519941e-28
0
0
-1.519941e-28
-6.0985414e-55
-5.573117e-28
0
0
-3.546529e-28
-2.3418399e-55
2.533235e-28
0
0
-4.559823e-28
-5.4642931e-55
-1.013294e-28
0
0
-1.519941e-28
2.1599661e-44
-5.06647e-29
0
2.8151558e-41
-2.8151558e-41
1.4068579e-41
5.06647e-29
0
0
0
0
0
2.533235e-28
-4.2184137e-41
1.013294e-28
0
0
0
0
0
0
0
-3.039882e-28
8.4368274e-41
-2.026588e-28
0
0
0
0
0
0
0
-6.079764e-28
1.1249103e-40
3.546529e-28
0
0
-5.06647e-28
-1.2209224e-53
-2.026588e-28
0
0
0
-1.013294e-28
7.0378894e-41
-2.026588e-28
0
0
0
0
0
0
0
3.039882e-28
-5.7599095e-44
-2.533235e-28
0
0
0
0
0
0
0
1.013294e-28
0
-1.6036588e-43
0
0
0
5.06647e-28
-3.375595e-40
-3.546529e-28
0
-7.093058e-28
-1.1260623e-40
-1.519941e-28
0
0
-4.053176e-28
-5.573117e-28
5.06647e-28
4.559823e-28
0
0
0
0
-1.4014731e-41
4.3199321e-44
8.106352e-28
1.013294e-28
4.053176e-28
4.053176e-28
-1.519941e-28
-1.519941e-28
0
0
0
0
1.519941e-28
1.4075779e-41
5.06647e-29
0
0
0
0
0
0
0
0
0
0
0
0
0
0
2.533235e-28
3.1553011e-53
5.06647e-29
0
0
-5.06647e-28
1.5475437e-40
-7.1998869e-44
3.039882e-28
5.06647e-29
-8.4389874e-41
8.4454673e-41
1.013294e-28
0
0
0
0
0
-2.026588e-28
5.6259916e-41
0
0
0
0
0
0
0
0
-2.026588e-28
-8.4368274e-41
-1.519941e-28
0
0
0
0
0
0
0
-3.039882e-28
3.375307e-40
3.039882e-28
0
0
0
0
0
0
0
0
3.039882e-28
-6.4798982e-44
1.519941e-28
0
0
0
0
-1.013294e-28
-1.519941e-28
-4.053176e-28
3.039882e-28
-1.4068579e-41
5.06647e-29
0
0
0
0
4.559823e-28
5.6245516e-41
1.4186116e-27
-5.06647e-28
-3.039882e-28
4.053176e-28
0
0
0
2.533235e-28
4.2162538e-41
-2.026588e-28
-2.533235e-28
-1.519941e-28
-4.053176e-28
1.519941e-28
0
0
-3.546529e-28
-1.013294e-28
-1.519941e-28
2.026588e-28
4.559823e-28
1.6882295e-40
-4.053176e-28
0
0
0
4.053176e-28
1.013294e-28
5.06647e-29
3.546529e-28
3.546529e-28
-1.4061379e-41
2.026588e-28
0
0
0
-1.013294e-28
-2.8122758e-41
-3.039882e-28
0
0
0
0
0
0
0
-2.533235e-28
9.8429653e-41
4.053176e-28
4.2205737e-41
-1.013294e-28
0
0
-2.7906335e-41
7.1998869e-45
7.0342895e-41
-1.5467517e-40
-4.559823e-28
1.013294e-28
-2.8137158e-41
-1.013294e-28
0
0
5.06647e-28
-2.9533936e-40
-1.1249103e-40
4.3199321e-44
1.013294e-28
-5.06647e-29
-5.06647e-29
5.06647e-28
-5.6216717e-41
-1.013294e-28
2.026588e-28
0
-5.06647e-29
-2.8151558e-41
2.026588e-28
0
-8.5528471e-44
1.013294e-28
1.6877975e-40
2.533235e-28
1.013294e-28
0
4.053176e-28
0
-1.519941e-28
0
2.533235e-28
-2.533235e-28
2.2486687e-40
3.039882e-28
-5.06647e-29
0
-3.546529e-28
-5.6274316e-41
-1.519941e-28
0
2.533235e-28
5.06647e-29
-2.1877788e-58
-1.6036588e-43
-5.06647e-29
0
2.533235e-28
1.519941e-28
-2.533235e-28
-2.026588e-28
-5.06647e-29
5.573117e-28
4.559823e-28
5.06647e-29
0
0
0
0
0
0
4.053176e-28
-1.9515332e-56
-1.3172822e-27
-1.519941e-28
-7.093058e-28
8.106352e-28
0
0
-3.039882e-28
-5.06647e-28
4.053176e-28
4.053176e-28
0
-3.039882e-28
-2.8151558e-41
-5.06647e-29
0
0
5.06647e-29
-5.06647e-29
-1.013294e-28
-3.039882e-28
0
6.079764e-28
-1.2661721e-40
5.06647e-29
-2.026588e-28
-2.8137158e-40
-7.9198756e-44
-5.06647e-28
5.573117e-28
5.06647e-29
0
0
2.533235e-28
-2.8122758e-41
1.519941e-28
0
1.519941e-28
3.039882e-28
-1.013294e-28
-1.013294e-28
0
0
0
0
0
0
1.013294e-28
-4.2184137e-41
-2.026588e-28
0
0
0
0
0
0
-5.06647e-29
4.8788331e-57
1.0691059e-43
0
-1.4054179e-41
5.06647e-29
0
0
0
0
1.519941e-28
7.0306895e-41
-2.533235e-28
2.533235e-28
-2.2537229e-40
2.026588e-28
1.2462135e-55
-8.4382674e-41
-2.5306162e-40
5.6303115e-41
-1.4068579e-40
7.0306895e-41
-2.1382118e-43
0
-2.026588e-28
4.2184137e-41
-2.1599661e-44
2.026588e-28
-4.559823e-28
-1.013294e-28
2.026588e-28
-1.4061379e-41
-5.4820659e-40
-4.2194937e-40
-2.2486687e-40
-5.6216717e-41
2.8122758e-40
1.013294e-28
-1.013294e-28
-2.533235e-28
1.013294e-28
0
0
4.2184137e-41
-8.4411474e-41
-2.8108358e-41
2.8122758e-41
-3.039882e-28
0
2.026588e-28
1.1249103e-40
9.7576662e-56
-1.013294e-28
0
-1.519941e-28
5.06647e-29
7.4837412e-44
1.013294e-28
0
0
0
0
5.06647e-29
-1.4061379e-40
2.8129958e-40
-1.519941e-28
3.039882e-28
-3.546529e-28
0
0
0
0
3.039882e-28
2.8799547e-44
-5.06647e-29
0
0
0
0
0
0
0
-1.519941e-28
-1.013294e-28
-2.026588e-28
-2.533235e-28
0
0
0
0
0
0
-1.013294e-28
-3.546529e-28
2.533235e-28
2.026588e-28
0
0
0
0
0
0
-4.559823e-28
-4.559823e-28
1.013294e-28
-2.026588e-28
0
0
0
0
0
0
5.06647e-29
-5.6259916e-41
5.06647e-29
0
0
0
0
0
0
3.039882e-28
-1.1254863e-40
-4.053176e-28
0
0
0
0
3.039882e-28
5.7599095e-44
5.06647e-29
-2.533235e-28
4.8788331e-57
3.039882e-28
-2.533235e-28
8.4411474e-41
5.06647e-29
3.039882e-28
2.5316962e-40
2.8129958e-41
3.9030665e-55
-2.5310482e-40
-2.8108358e-41
-1.519941e-28
4.053176e-28
4.053176e-28
-8.106352e-28
2.8108358e-40
7.093058e-28
0
4.053176e-28
-9.8480053e-41
-1.2668201e-40
-3.374155e-40
-8.4368274e-41
1.5713529e-53
-8.4368274e-41
-5.6231116e-41
1.2668201e-40
5.06647e-29
0
7.599705e-28
1.0079842e-43
1.2653081e-40
-3.374731e-40
1.0079842e-43
3.374731e-40
-8.4411474e-41
-1.013294e-28
0
-5.06647e-29
-1.1249103e-40
-3.5999434e-44
2.026588e-28
0
-1.013294e-28
-8.4347928e-41
-5.06647e-28
5.573117e-28
0
0
5.06647e-29
-1.6875815e-40
2.8108358e-41
-1.1251983e-40
1.4075779e-41
-1.4339151e-41
-5.06647e-29
-1.519941e-28
0
0
0
0
2.026588e-28
8.4411474e-41
1.6873655e-40
3.4211388e-43
-3.039882e-28
4.053176e-28
0
0
0
0
-3.546529e-28
-2.533235e-28
2.026588e-28
3.546529e-28
0
0
0
0
0
0
-3.039882e-28
-5.573117e-28
4.053176e-28
4.559823e-28
0
0
0
0
0
0
5.06647e-29
1.6876535e-40
2.026588e-28
-2.7705415e-41
-7.599705e-28
-2.533235e-28
0
1.1146234e-27
-3.375595e-40
6.748886e-40
1.013294e-28
-4.053176e-28
1.1248947e-40
1.013294e-28
-1.2829271e-43
5.06647e-29
1.5656875e-42
4.3199321e-44
3.039882e-28
5.06647e-29
-5.06647e-29
-2.026588e-28
5.06647e-29
3.039882e-28
2.1599661e-44
-1.013294e-28
0
0
0
2.026588e-28
-1.013294e-28
2.026588e-28
-3.546529e-28
4.559823e-28
5.573117e-28
-8.106352e-28
-3.9030665e-56
-1.013294e-28
1.013294e-28
3.039882e-28
4.053176e-28
-9.119646e-28
1.519941e-28
-5.2691398e-55
1.519941e-28
-4.053176e-28
-3.039882e-28
-4.559823e-28
-3.039882e-28
2.2687149e-42
-1.519941e-28
-3.546529e-28
4.053176e-28
2.026588e-28
6.079764e-28
-4.559823e-28
-3.039882e-28
1.013294e-28
-1.519941e-28
-3.5999434e-44
4.559823e-28
1.013294e-28
-9.2789262e-40
8.4382674e-40
9.119646e-28
-4.559823e-28
-4.559823e-28
-5.06647e-28
1.519941e-28
-5.1317082e-43
1.013294e-28
1.519941e-28
-4.053176e-28
-4.053176e-28
4.559823e-28
-1.519941e-28
-2.533235e-28
1.013294e-28
-5.06647e-29
3.039882e-28
9.119646e-28
-5.06647e-29
-2.026588e-28
8.4368274e-41
5.06647e-28
1.519941e-28
0
-6.079764e-28
-3.7396229e-52
-6.079764e-28
1.013294e-28
-2.2498207e-40
1.519941e-28
2.533235e-28
-2.026588e-28
0
0
0
-5.573117e-28
2.5316962e-40
-1.6955114e-40
2.026588e-28
-1.013294e-28
4.559823e-28
-6.749462e-40
-3.039882e-28
-1.013294e-28
0
0
0
2.2343942e-40
-5.06647e-29
-7.093058e-28
3.3602326e-40
5.7599095e-44
2.026588e-28
0
0
-2.026588e-28
2.8129958e-41
2.2611439e-40
-5.06647e-29
-1.013294e-28
-1.519941e-28
3.374155e-40
3.039882e-28
5.06647e-29
1.6743837e-40
-6.079764e-28
-1.519941e-28
-3.374443e-40
1.013294e-28
8.106352e-28
-1.6719351e-27
4.0319366e-43
6.586411e-28
-2.5310482e-40
2.533235e-28
5.6256529e-41
1.1249103e-40
1.519941e-28
-2.8799547e-44
-1.2159528e-27
9.119646e-28
2.3418399e-55
-9.119646e-28
2.533235e-28
5.06647e-29
-6.079764e-28
-3.039882e-28
1.1250543e-40
1.013294e-28
2.026588e-28
3.039882e-28
3.039882e-28
-6.079764e-28
0
-1.013294e-28
-2.5310482e-40
3.0935034e-40
-1.9680891e-40
5.06647e-29
1.18687e-56
-5.06647e-29
6.749462e-40
7.599705e-28
-1.013294e-28
1.519941e-28
1.013294e-28
-6.079764e-28
-3.039882e-28
6.079764e-28
-2.026588e-28
2.8224395e-42
0
0
-1.013294e-28
2.533235e-28
0
-7.093058e-28
-4.053176e-28
3.039882e-28
3.374731e-40
9.119646e-28
-3.374731e-40
-3.039882e-28
-5.06647e-29
3.039882e-28
-4.053176e-28
-3.039882e-28
-1.519941e-28
-1.519941e-28
-2.026588e-28
4.053176e-28
-1.519941e-28
1.013294e-28
2.026588e-28
0
-2.026588e-28
0
2.026588e-28
-2.026588e-28
-4.4996413e-40
2.533235e-28
-8.4368274e-40
-1.0639587e-27
2.026588e-28
-1.013294e-28
3.546529e-28
2.533235e-28
1.013294e-28
4.559823e-28
5.06647e-29
2.026588e-28
-1.6876535e-40
-3.546529e-28
-8.106352e-28
-3.039882e-28
6.079764e-28
-2.8122758e-41
-2.8799547e-44
-2.026588e-28
1.2374014e-39
3.039882e-28
4.559823e-28
-5.0620965e-40
-1.2159528e-27
0
0
3.039882e-28
-1.9685931e-40
-4.053176e-28
1.519941e-28
4.053176e-28
2.026588e-28
-2.2492447e-40
-6.079764e-28
-1.519941e-28
5.06647e-29
3.039882e-28
-2.3039638e-43
-8.4375474e-40
5.06647e-29
-2.026588e-28
4.559823e-28
2.8129958e-40
5.06647e-28
0
0
2.026588e-28
-6.749462e-40
-3.9361782e-40
-1.0079842e-43
-1.519941e-28
-3.039882e-28
5.0629604e-40
-9.1501012e-43
-3.039882e-28
3.039882e-28
1.013294e-28
1.1246223e-40
1.6872215e-40
5.06647e-29
2.026588e-28
-7.599705e-28
3.546529e-28
4.559823e-28
-3.546529e-28
2.026588e-28
-2.026588e-28
-3.374731e-40
-2.533235e-28
-7.1998869e-45
-2.026588e-28
3.039882e-28
-2.5306162e-40
1.013294e-28
5.6342058e-41
0
-2.533235e-28
-2.2492447e-40
4.559823e-28
2.026588e-28
6.079764e-28
2.533235e-28
4.053176e-28
-6.079764e-28
-3.039882e-28
-1.013294e-28
-5.06647e-29
8.4368274e-41
5.6231116e-41
-4.053176e-28
3.375595e-40
-5.06647e-29
1.6873655e-40
1.519941e-28
5.6330261e-41
7.806133e-56
4.8662383e-44
-5.6238316e-41
8.4389874e-41
1.519941e-28
-1.013294e-28
-1.0639587e-27
0
0
-2.026588e-28
-1.013294e-28
-3.039882e-28
-1.1059826e-43
-2.026588e-28
3.039882e-28
2.533235e-28
6.079764e-28
3.546529e-28
5.573117e-28
3.546529e-28
-1.1247988e-40
2.026588e-28
2.026588e-28
-1.519941e-28
1.519941e-28
3.546529e-28
4.7422258e-54
-8.4353875e-41
4.053176e-28
-1.013294e-27
-6.079764e-28
-2.533235e-28
-6.079764e-28
4.053176e-28
3.546529e-28
-1.519941e-27
-1.519941e-27
4.559823e-28
7.093058e-28
8.4110514e-41
2.5310482e-40
7.093058e-28
-2.026588e-28
3.039882e-28
1.013294e-28
2.8799547e-44
5.06647e-28
-4.053176e-28
2.5314802e-40
-8.106352e-28
5.06647e-28
2.026588e-28
-4.2764235e-43
0
-1.519941e-28
-3.039882e-28
-1.519941e-28
4.559823e-28
0
0
0
0
-1.013294e-28
5.6245516e-41
3.039882e-28
-3.546529e-28
-1.0639587e-27
-2.026588e-28
5.9067872e-40
6.079764e-28
5.06647e-29
1.013294e-28
-1.013294e-28
1.013294e-28
-8.4375474e-40
-3.546529e-28
-3.039882e-28
1.519941e-28
2.8799547e-44
5.06647e-28
-1.2239808e-43
7.599705e-28
5.573117e-28
-7.3119171e-40
-1.519941e-27
2.8799547e-44
7.3768306e-43
-2.026588e-28
1.4054179e-40
1.013294e-28
-1.013294e-28
2.026588e-28
-4.053176e-28
-5.06647e-29
-2.9906572e-54
-1.013294e-28
1.1248947e-40
-3.039882e-28
1.1251983e-40
5.06647e-29
1.519941e-28
-1.1231841e-40
-1.4054179e-40
2.8115558e-41
-3.039882e-28
-2.8115558e-40
1.8239292e-27
-1.6212704e-27
1.7718346e-39
3.039882e-28
8.106352e-28
-7.3137891e-40
-8.106352e-28
1.013294e-28
5.06647e-29
4.053176e-28
-3.546529e-28
-9.119646e-28
0
0
0
-1.0639587e-27
-6.079764e-28
6.079764e-28
-1.519941e-28
3.039882e-28
-2.8799547e-44
5.06647e-29
1.3501228e-39
1.8239292e-27
-4.559823e-28
-1.5188881e-39
-3.039882e-28
8.4346675e-41
5.6259916e-41
4.053176e-28
-5.06647e-29
1.013294e-28
-1.6876535e-40
4.559823e-28
-1.519941e-28
2.026588e-28
2.2498207e-40
-1.013294e-28
-4.053176e-28
-5.06647e-29
-1.519941e-28
-6.079764e-28
-6.2341335e-53
-1.013294e-28
3.039882e-28
-1.3498924e-39
-1.0639587e-27
0
6.586411e-28
7.093058e-28
-3.039882e-28
4.559823e-28
-6.749462e-40
3.039882e-28
-4.559823e-28
1.1247663e-40
1.1254863e-40
2.8122758e-40
1.6873655e-40
5.06647e-29
1.519941e-28
7.599705e-28
-2.026588e-28
-1.013294e-28
0
-1.013294e-28
3.9361782e-40
-8.9992826e-40
2.2498207e-40
-1.519941e-28
3.039882e-28
2.026588e-28
8.4367099e-41
-2.6345699e-54
-7.5944407e-40
3.039882e-28
5.6216717e-41
-8.106352e-28
7.093058e-28
2.026588e-28
-2.026588e-28
3.9366821e-40
5.06647e-29
0
0
0
-6.079764e-28
3.546529e-28
8.106352e-28
-6.079764e-28
5.06647e-29
3.039882e-28
-4.559823e-28
5.0620965e-40
1.1246587e-40
7.599705e-28
8.106352e-28
0
-6.079764e-28
-1.3497772e-39
-5.573117e-28
-6.079764e-28
-4.053176e-28
0
-1.013294e-27
-1.0079842e-43
-5.6245516e-41
-1.7105694e-43
-1.519941e-28
-1.519941e-28
-1.6882295e-40
-1.0639587e-27
3.039882e-28
2.5314802e-40
4.053176e-28
-2.533235e-28
-5.06647e-29
-3.039882e-28
-4.053176e-28
4.4996413e-40
-1.013294e-28
1.013294e-28
-5.06647e-29
-2.026588e-28
8.106352e-28
3.039882e-28
0
5.573117e-28
-2.5316962e-40
-1.3660733e-55
3.039882e-28
-1.1519819e-43
5.06647e-28
1.4051039e-54
6.079764e-28
-4.559823e-28
-7.599705e-28
7.093058e-28
6.079764e-28
0
2.026588e-28
-2.026588e-28
4.559823e-28
-1.2159528e-27
4.2191337e-40
2.026588e-28
1.013294e-28
0
-3.546529e-28
-6.079764e-28
3.546529e-28
-5.0620965e-40
8.106352e-28
8.6398642e-44
-4.559823e-28
0
-1.519941e-28
-1.013294e-28
6.079764e-28
7.093058e-28
-1.519941e-27
-4.053176e-28
-2.026588e-28
-5.06647e-28
6.079764e-28
-5.06647e-28
4.4996413e-40
2.533235e-28
1.013294e-28
-1.1796295e-44
3.546529e-28
-7.8743723e-40
1.013294e-27
-6.749462e-40
0
0
0
-5.06647e-28
5.6252716e-40
4.053176e-28
-7.599705e-28
-2.8641435e-41
-8.4353875e-41
-1.6873655e-40
8.7084839e-41
-5.06647e-29
-1.6869335e-40
2.8122758e-40
-1.519941e-28
2.026588e-28
-1.5612186e-59
-1.6873655e-40
-2.5005095e-52
-5.06647e-29
0
-3.546529e-28
9.119646e-28
3.039882e-28
-3.039882e-28
0
3.039882e-28
-5.573117e-28
-1.2159528e-27
1.8239292e-27
-1.3501228e-39
-1.0124193e-39
4.559823e-28
-9.119646e-28
-1.5620998e-55
-5.06647e-29
-2.026588e-28
3.039882e-28
1.519941e-28
-5.06647e-29
0
3.039882e-28
-1.013294e-27
8.4382674e-40
7.093058e-28
1.3500652e-39
2.2495327e-40
-7.1998869e-44
-1.6948257e-40
-9.119646e-28
-1.0639587e-27
0
-6.079764e-28
-7.599705e-28
2.1599661e-44
8.4367099e-41
4.559823e-28
-5.06647e-28
-2.026588e-28
-2.026588e-28
0
-1.013294e-27
-1.519941e-27
1.6719351e-27
2.533235e-28
1.519941e-28
-1.1519819e-43
-4.559823e-28
-7.093058e-28
-5.06647e-29
-7.5944407e-40
-2.026588e-27
8.4368274e-40
-3.039882e-28
1.519941e-28
-2.026588e-28
-2.533235e-28
-1.6785974e-40
-4.559823e-28
-4.053176e-28
-7.1998869e-44
3.039882e-28
-3.039882e-28
6.079764e-28
-2.026588e-28
4.559823e-28
-2.533235e-28
-9.119646e-28
3.039882e-28
5.06647e-28
-5.573117e-28
-6.079764e-28
4.559823e-28
4.559823e-28
-1.5188881e-39
-9.119646e-28
4.053176e-28
5.06647e-29
-1.519941e-28
-3.039882e-28
1.6036588e-43
-7.5315403e-82
7.093058e-28
-1.6871503e-40
1.6873655e-40
5.06647e-29
-5.6244733e-41
-2.026588e-28
1.519941e-28
9.119646e-28
-1.519941e-27
-2.026588e-28
1.5807419e-54
-1.6819965e-40
1.519941e-27
6.586411e-28
-3.039882e-28
2.026588e-28
-2.533235e-28
5.06647e-29
8.4368274e-40
3.039882e-28
-3.039882e-28
-5.6274316e-40
5.1752499e-39
-2.9243925e-39
2.3305762e-27
-3.6478584e-27
2.7358938e-27
1.2159528e-26
-3.1412114e-27
-6.9917286e-27
0
-8.8156578e-27
1.1811558e-38
3.5423443e-42
8.605564e-39
9.626293e-27
1.1652881e-26
-1.433811e-26
-1.7124669e-26
4.0734419e-26
-4.9144759e-26
3.2791136e-38
7.0322603e-26
-8.3900743e-26
-1.680616e-37
6.7382128e-38
7.2247862e-26
1.7236131e-25
-1.0365998e-25
1.2402718e-25
-8.2259068e-38
-1.7702246e-25
-4.225436e-25
2.5225954e-25
6.0189663e-25
-3.5865541e-25
4.2720475e-25
-8.4686452e-37
6.0483519e-25
1.5968815e-36
-1.7101363e-24
-2.0328704e-24
-2.6787435e-36
4.7694081e-36
-5.6573755e-36
2.0137698e-24
2.3867633e-24
2.8272929e-24
-3.3470621e-24
0
0
5.5373984e-24
-3.6310418e-36
-1.0974932e-39
-1.0117275e-35
-1.0749175e-23
0
1.4929012e-23
3.5159478e-23
-2.0689285e-23
-4.8670537e-23
-5.7218077e-23
-6.7229321e-23
1.1842119e-22
1.5429405e-34
-1.6302796e-22
1.2741493e-22
1.4928698e-22
0
1.0229654e-22
-2.393062e-22
-1.3987419e-22
3.2683595e-22
1.9081375e-22
-2.4720084e-34
-7.7909987e-22
3.0270618e-22
1.0578777e-21
-1.2316047e-21
-4.7766988e-22
1.6663551e-21
-7.165253e-34
-7.4972417e-22
-1.7404655e-21
-1.1204092e-33
2.3406712e-21
-2.7119353e-21
1.5700764e-21
5.4506062e-21
0
-2.4283912e-21
-5.6096868e-21
1.7980424e-33
-3.7347978e-21
-8.6111887e-21
9.9209224e-21
1.1422539e-20
0
7.5563754e-21
9.6397045e-33
1.1071425e-32
1.2704201e-32
-3.9373086e-20
-3.0083892e-20
0
3.9438271e-20
5.0072587e-32
2.578135e-20
8.8347668e-20
-3.3616024e-20
2.127958e-32
-6.2118218e-36
-4.9793868e-20
-1.1336568e-19
6.4479929e-20
1.4659638e-19
-8.3263799e-20
0
-2.1443172e-19
1.2153347e-19
4.1299258e-19
-1.5582346e-19
-1.762503e-19
-3.9841943e-19
2.2499518e-19
7.6179417e-19
-2.863772e-19
3.5823216e-31
7.2684644e-19
-4.089419e-19
-4.5981475e-19
-1.0332487e-18
-1.7400315e-18
1.3013501e-18
1.4587741e-18
-1.6339767e-18
-1.0148622e-30
2.0452493e-18
-2.2855216e-18
-1.416556e-30
2.8472946e-18
0
-3.5358415e-18
-3.9354866e-18
0
7.2952937e-18
2.7000093e-18
8.5133704e-34
3.320304e-18
3.6774174e-18
4.5166446e-30
-8.9993518e-18
-9.9421578e-18
1.8274888e-29
1.2103486e-17
-1.3337274e-17
-2.4452459e-29
1.6153027e-17
0
0
0
0
-2.5678001e-17
-1.5600167e-29
3.0717081e-17
1.6775375e-17
-3.6612606e-17
6.6483079e-29
4.3480889e-17
-4.7318843e-17
-2.8564869e-29
2.7942817e-17
-6.0649471e-17
1.0952046e-28
7.1229482e-17
-7.7083671e-17
-8.3340032e-17
9.0018557e-17
9.7139537e-17
0
0
0
0
7.0052037e-17
-7.5157038e-17
-8.0555491e-17
9.5758795e-29
2.3346923e-71
9.8610119e-17
2.1055909e-16
1.1228942e-16
-2.3929594e-16
-3.8208879e-16
1.3544142e-16
2.8777985e-16
-4.5814265e-16
-3.2383859e-16
5.1452803e-16
3.6297528e-16
1.9185654e-16
2.2493608e-28
-4.2754093e-16
0
2.3724908e-16
-2.4956958e-16
5.8232393e-28
7.8259547e-32
9.6175406e-28
3.0261057e-16
3.1677318e-16
-9.4154647e-32
-6.9222127e-16
-7.2252015e-16
1.2545119e-27
7.8489412e-16
0
0
0
4.5788255e-16
4.7476275e-16
-4.9180691e-16
-5.0899087e-16
5.2628948e-16
-1.0873533e-15
-1.6833761e-15
0
1.1921914e-15
6.8096989e-28
6.309695e-16
1.944886e-15
-6.6550615e-16
1.1366358e-27
-1.3989148e-15
4.7705152e-27
1.4651395e-15
4.1560274e-28
1.0865432e-31
-7.8010422e-16
7.952515e-16
-1.6199936e-15
-8.2430842e-16
1.6763102e-15
-1.7030118e-15
-2.4565744e-31
9.7340639e-28
8.8828033e-16
2.6980434e-15
-1.819545e-15
8.3379248e-46
-9.2858511e-16
1.5604532e-27
1.8890198e-15
-9.5132838e-16
-1.9147079e-15
1.0683201e-27
2.9008264e-15
-2.7582301e-31
-9.7311935e-16
9.7488665e-16
-1.9515015e-15
-9.7567702e-16
1.9492691e-15
-1.9452685e-15
-1.0762263e-27
5.3611591e-27
-2.1338624e-27
1.9102864e-15
-1.8967804e-15
9.4069016e-16
1.8640997e-15
-9.2247848e-16
9.1198816e-16
-1.8011874e-15
1.4794954e-27
2.6254959e-15
0
0
-2.4923211e-15
-8.1442365e-16
1.5947061e-15
-1.5591991e-15
-4.3269423e-31
3.2958582e-27
8.0226303e-28
1.4052143e-15
-1.3641978e-15
-1.3223769e-15
6.3993004e-16
1.8551389e-15
5.9659433e-16
-5.7463253e-16
0
0
5.0827889e-16
-2.6987937e-28
-1.3927346e-15
-1.2575556e-31
8.4182618e-16
3.9964918e-16
-4.2033259e-28
-1.0745539e-15
-7.5064119e-28
6.3690804e-16
0
2.8079246e-16
-5.2565402e-16
-2.4547824e-16
5.0800669e-28
2.1272672e-16
3.9472264e-16
-1.8268745e-16
0
0
0
0
1.1984406e-16
-6.070217e-29
-2.9863033e-16
9.0383322e-17
2.4557875e-16
-2.2185393e-16
-6.6635963e-17
1.1977857e-16
5.3685745e-17
7.9922284e-29
-1.2840407e-16
2.1637822e-32
1.1245861e-28
2.9868243e-17
5.2702752e-17
2.3186214e-17
2.2582002e-29
-1.7806724e-17
-1.5542276e-17
-1.3529607e-17
-1.1746359e-17
2.2583513e-29
1.7569087e-17
0
0
5.5731628e-18
7.9342777e-30
5.7758255e-34
-4.9149504e-34
-2.9361862e-18
-4.9742527e-18
-4.2038712e-18
3.5447894e-18
1.6562283e-30
1.2515869e-18
3.1443602e-18
0
0
-6.0639981e-19
-5.0286274e-19
0
3.4454377e-19
-1.5898366e-31
-2.5003487e-19
2.3384779e-19
-4.4104922e-19
6.7826763e-31
5.6852105e-19
-1.9383134e-19
-2.2520768e-19
-5.0020388e-19
2.3372133e-19
6.2762983e-19
-2.2546856e-19
1.4872741e-31
-5.6787598e-19
-2.5451923e-19
4.5887165e-19
-5.0061341e-19
4.1636175e-47
5.5248454e-19
0
0
-4.014829e-19
2.3910518e-31
7.6703327e-31
-5.4143066e-47
5.771736e-19
1.9952413e-31
-1.7554716e-19
-3.3469159e-19
-3.2871435e-19
3.5825782e-19
4.3251187e-31
1.8407974e-19
5.4861694e-31
-1.6636948e-19
3.4234678e-19
0
1.3551365e-19
-1.498197e-31
-1.3909101e-19
-2.7587396e-19
-1.4570693e-31
2.5846394e-19
0
0
1.2602027e-19
-5.9436472e-32
-3.0899191e-19
-1.2670885e-31
2.4836448e-19
0
-1.0262573e-19
1.000058e-19
9.9555753e-20
9.8325514e-20
1.0582144e-19
-2.3629695e-19
-3.7065399e-19
1.2307079e-19
2.5673793e-19
-4.1726032e-19
1.2373958e-47
3.4468259e-19
0
0
0
0
-2.9686576e-19
-2.9386587e-19
1.2512581e-19
3.1504162e-19
1.0097069e-31
-9.2948641e-20
1.9239744e-19
1.4714905e-19
-4.0624179e-20
-1.2942176e-19
-6.5201951e-20
7.7088033e-20
2.5434023e-20
-1.4960812e-20
-1.332976e-32
3.4600033e-20
0
0
0
-6.6200282e-20
-5.1886367e-32
1.3588918e-31
-6.0517836e-20
1.9159168e-19
-6.4202411e-20
-6.0950475e-20
2.1189069e-19
1.3255944e-19
-4.1636638e-20
-6.456304e-20
-7.7261049e-20
9.6353695e-32
-1.2050139e-33
-5.1479517e-36
-5.2378787e-20
0
-3.8430876e-20
-3.6614935e-20
3.7744362e-20
3.5608163e-20
-2.8918503e-20
-1.8049498e-20
2.5031414e-20
1.5267952e-20
-9.1561183e-21
-2.3912629e-21
1.1466367e-20
3.4166911e-20
0
0
-4.2867795e-20
-9.8147815e-21
2.8972143e-20
2.6555093e-20
3.5760044e-20
-7.3358139e-20
3.4425241e-32
5.6786072e-20
0
-3.1013636e-20
-7.3068063e-20
-3.4762183e-32
8.3421597e-32
-4.4865183e-20
7.1322932e-20
1.5708103e-20
2.4239504e-36
-8.2157398e-21
1.2943033e-32
8.4957071e-33
-5.1325347e-21
-1.0591162e-20
3.6255513e-32
-6.1515726e-33
-1.4567598e-21
3.8252455e-21
-6.7045813e-21
7.0424145e-21
1.5987337e-21
-1.0576769e-20
1.6665439e-20
-2.8912048e-36
-2.7797565e-32
-4.8021683e-36
-9.7042799e-32
3.5353007e-20
-4.6912152e-20
-9.4175513e-32
5.1814378e-20
-4.484303e-20
-5.391946e-20
5.941051e-20
-1.027136e-31
-8.796098e-20
3.3425375e-32
9.880926e-20
-1.895438e-35
-5.6471983e-20
4.9515115e-20
8.8541218e-32
-9.9386183e-32
3.6410291e-32
-6.5450966e-20
6.2342086e-20
5.7885597e-20
0
-7.1754531e-20
-5.0648107e-20
6.9587257e-20
-3.951725e-32
-3.2097835e-32
-1.3162574e-20
-2.1097549e-20
-2.9074697e-33
-1.7996108e-33
-4.8809141e-21
4.1638183e-21
-1.9282353e-33
-1.261868e-21
-1.6073638e-32
2.0933043e-20
0
6.122348e-20
8.0799866e-20
-9.240319e-20
-4.3827947e-20
-3.2816886e-20
-2.9402698e-20
0
3.2346428e-20
1.3270422e-19
1.0584229e-19
-1.3926419e-19
4.9896782e-31
-1.5655735e-31
2.6100718e-31
-5.7924581e-20
7.6887282e-20
-3.1350161e-19
-3.1761632e-19
9.113543e-19
5.5369698e-19
0
0
-9.835647e-19
3.1741986e-18
0
-1.7070322e-18
-5.1254872e-19
3.7615703e-19
-7.2456019e-31
-2.939841e-19
-4.9932543e-31
1.6844908e-19
2.1203444e-19
-8.8029918e-20
1.9577408e-33
-5.7867044e-20
9.4494801e-20
6.40523e-20
-9.1145549e-20
3.0567392e-20
6.5692364e-20
-3.6222005e-20
-1.6469273e-20
0
-2.5012521e-20
-1.8948177e-20
4.0925409e-20
2.3425443e-32
-2.3532843e-20
-2.4720618e-20
2.1710975e-32
-1.4573918e-32
-1.5604563e-36
-1.9590467e-32
7.2862743e-21
2.6373792e-20
-4.04545e-20
-1.620139e-20
9.4188685e-21
-4.4076963e-21
1.5232143e-21
-2.0931031e-21
1.2940818e-21
0
4.0427978e-21
7.4930067e-21
6.7800154e-21
-2.4320765e-20
-2.9847493e-20
3.0433259e-20
3.1204963e-20
0
0
-1.9306343e-20
-3.8403279e-20
-1.8900352e-20
3.7000436e-20
3.6899047e-20
-3.6501161e-20
3.8162114e-32
3.2480641e-20
-3.3071397e-20
3.8094806e-32
1.6318187e-20
-1.4249666e-20
0
1.585289e-20
-1.8312323e-32
-1.4857438e-20
1.3473437e-20
-3.2571665e-32
1.8576671e-32
-1.8864643e-32
-1.6191361e-20
-1.6596939e-20
-1.8156656e-20
3.8667111e-20
4.1143537e-20
-4.3923079e-20
5.081795e-32
1.5704204e-31
-4.6689898e-20
0
0
5.1137409e-20
1.1435296e-31
-2.5823969e-20
5.2916888e-20
-2.7266167e-20
-2.7899474e-20
5.7018211e-20
4.1442078e-36
6.6286792e-32
4.491862e-36
7.4267077e-32
3.3088518e-20
0
-6.3794984e-20
-6.0342448e-20
5.8729046e-20
1.3139558e-31
-5.8792899e-20
5.7702326e-20
1.2725842e-31
6.4297521e-32
2.9528416e-20
6.9100425e-32
4.6503919e-36
-3.2463999e-20
3.216278e-20
-7.2184572e-32
-6.5107052e-20
3.2869246e-20
-7.444844e-32
-6.8618193e-20
0
0
7.9492554e-20
-8.9963476e-32
9.2400466e-32
-4.3767862e-48
1.0260564e-31
9.3358732e-20
-9.5021713e-20
-4.8666365e-20
9.9111236e-20
-5.0744853e-20
-1.0389642e-19
0
5.455504e-20
1.1176636e-19
-6.3458372e-32
1.3071463e-31
7.8409844e-50
1.3046181e-31
5.8155835e-20
0
-1.1339955e-19
-1.0792593e-19
0
0
0
1.1612322e-19
5.5160771e-20
-1.0344508e-19
5.1401344e-32
8.3301835e-20
-4.8960869e-32
-4.8426573e-20
5.1167839e-20
-6.0816535e-32
-1.1171881e-19
-5.314554e-20
0
0
0
9.1968934e-20
2.0392978e-31
-1.0374952e-19
9.9880952e-20
1.0322662e-19
-1.5507585e-19
-9.0471524e-20
4.2269948e-20
3.789606e-20
6.4540953e-20
-2.0402101e-20
-1.9659619e-20
6.7098399e-21
-4.2445008e-21
2.3147185e-20
-1.6618972e-31
-7.4791806e-20
0
3.3640075e-20
-5.1466446e-32
-5.0373669e-20
8.2096115e-20
7.4002312e-20
0
0
0
-1.201696e-19
-1.7238359e-31
1.4662555e-19
0
-1.7574478e-19
-9.5955418e-20
-1.271741e-31
1.289794e-19
1.2222309e-19
1.0803458e-31
9.928421e-20
-2.7759499e-19
-1.7023421e-19
3.5339971e-19
-1.6025637e-19
-6.3743598e-31
-6.5662599e-31
-6.8824987e-48
-5.2365831e-31
-1.5790129e-19
0
2.875658e-19
1.3594323e-19
-1.299987e-35
3.3533255e-20
2.1697134e-21
-6.6755352e-47
-1.4209681e-19
0
2.8046083e-19
3.4295487e-19
0
-4.1128274e-19
-7.1371081e-35
5.7970607e-19
0
0
-1.8610834e-18
-2.1683417e-18
2.5231794e-18
-3.2575324e-30
-3.4095275e-18
0
0
5.3265708e-18
3.0846978e-18
7.9247561e-30
-4.124263e-18
2.113487e-29
1.0969281e-17
0
0
-8.3161842e-18
1.0572586e-29
-1.0884596e-17
-2.48397e-17
0
0
0
4.1345797e-17
4.6745376e-17
0
-5.9414581e-17
-3.3397543e-17
3.7475778e-17
4.1972796e-17
4.6920892e-17
-1.047082e-16
-1.1661545e-16
1.2963553e-16
1.4384195e-16
0
-8.8059621e-17
1.0787675e-28
1.0703429e-16
0
0
-1.4149726e-16
3.4358949e-28
1.689185e-16
-3.6814113e-16
-4.0045629e-16
0
0
0
5.5091892e-16
1.3190548e-27
-6.3944036e-16
3.4355001e-16
7.3702652e-16
-8.762485e-28
9.3664653e-28
-4.9966505e-28
1.0646821e-27
-5.0978755e-16
-1.0822278e-15
0
0
0
1.3495691e-15
1.4197564e-15
0
-1.5627055e-15
1.8155335e-27
8.5370628e-16
1.9758909e-27
9.2580175e-16
-1.9227263e-15
-1.9927561e-15
0
2.1281519e-15
-4.8686975e-27
-2.2549562e-15
0
2.3703161e-15
2.4228314e-15
0
0
-1.2779379e-15
-1.8410853e-31
-1.3106618e-15
-2.6463642e-15
2.6660476e-15
1.3401101e-15
2.9855508e-27
1.3458621e-15
-2.6887852e-15
-1.3399932e-15
1.9366486e-45
1.3228833e-15
1.3103225e-15
1.4382441e-27
3.4860186e-44
-1.2577534e-15
-1.2356758e-15
-1.2115582e-15
2.371119e-15
-2.5707713e-27
-1.1285926e-15
2.1959502e-15
-1.0661737e-15
-2.0667373e-15
1.9994771e-15
4.2877744e-27
-9.307016e-16
1.791262e-15
1.2227097e-31
1.8322561e-27
1.122771e-31
-1.5105038e-15
7.2081194e-16
-1.5250614e-27
4.3534617e-27
1.255608e-44
-1.1779675e-15
1.1158592e-15
1.0555366e-15
0
-9.4061832e-16
-8.8616244e-16
-4.1688703e-16
7.8348296e-16
1.1029575e-15
-3.4462161e-16
-3.2264464e-16
3.0171222e-16
-2.8181038e-16
5.8376483e-28
2.4502301e-16
2.5321627e-28
-2.3549306e-28
4.3749694e-28
1.8281715e-16
-1.6946366e-16
3.4848824e-28
1.4516778e-16
0
-2.4772251e-16
-2.2848807e-16
0
0
0
-8.1904718e-17
-2.5045507e-28
1.3793274e-16
1.2639882e-16
8.22283e-33
1.7630483e-28
-4.8375751e-17
-4.4174589e-17
8.0606907e-17
-3.674005e-17
-1.0038964e-16
3.3815993e-29
2.7690124e-17
0
0
4.1426673e-17
-4.1679606e-29
3.7752212e-29
3.0761319e-17
-2.7810677e-17
5.5791277e-29
1.1338448e-17
2.2710069e-29
9.2161465e-18
-1.6598371e-17
3.3165049e-29
2.9818822e-29
2.678264e-29
5.4151003e-18
1.0785842e-29
4.3540162e-18
-3.8997489e-18
7.7493906e-30
3.121382e-18
0
-4.981799e-18
-4.4453557e-18
3.9637459e-18
-3.9212404e-30
-3.1444653e-18
2.7976361e-18
8.2843953e-30
-2.2097068e-18
1.9617167e-18
8.7015442e-19
1.7128379e-30
-6.8335558e-19
2.6862853e-30
1.0702771e-18
-9.4612294e-19
-8.3578584e-19
0
0
0
5.0544136e-19
9.8800165e-31
-3.9144222e-19
3.441301e-19
3.0233168e-19
0
-2.32878e-19
2.266716e-31
8.9450278e-20
2.6087439e-31
-6.8535072e-20
-5.9930706e-20
-1.1629725e-31
-4.5737262e-20
7.9833786e-20
-1.546082e-31
-3.0345061e-20
5.2864607e-20
3.269826e-36
4.4452197e-32
1.7402638e-20
0
0
-2.2785441e-20
-1.9759913e-20
0
1.4833103e-20
1.42558e-32
-1.1107304e-20
0
4.1485239e-21
7.1644956e-21
-3.4328039e-33
-2.6662079e-21
2.2981192e-21
-4.3957422e-33
3.7843705e-33
1.4664181e-21
-1.2609741e-21
-2.1673533e-21
9.3076328e-22
3.5483291e-33
-1.3708528e-21
5.8768524e-22
-5.0359226e-22
4.3128459e-22
1.1074442e-21
-6.3156856e-22
-2.6998159e-22
2.3069233e-22
1.9700995e-22
2.3895713e-38
3.1850104e-34
-1.2229287e-22
0
8.8743822e-23
1.6771036e-34
6.4257025e-23
-5.4633732e-23
1.5463493e-34
3.943037e-23
0
0
-2.4078297e-23
4.5316758e-35
1.7285073e-23
-2.9267254e-23
-2.4764824e-23
0
0
1.4955368e-23
-2.8045619e-35
-5.3293387e-24
4.4951951e-24
3.7897601e-24
-3.5450874e-36
5.9721712e-36
-2.5138889e-36
-1.9049116e-24
1.6018962e-24
-1.3465461e-24
-2.2628881e-24
0
0
0
1.121838e-24
9.3993151e-25
0
-6.594112e-25
-2.7596049e-25
4.6157568e-25
-2.1452536e-37
-3.2283547e-25
-1.3460597e-25
2.2470808e-25
-2.0777503e-37
3.4642673e-37
-1.8506589e-41
-1.0907097e-25
0
7.599705e-26
6.3351141e-26
0
-2.1826353e-26
4.0099502e-38
-2.9304462e-26
-2.4440651e-26
1.0274801e-26
0
0
1.2402718e-26
-5.228597e-27
-8.268479e-27
5.8365734e-27
4.3774301e-27
-2.0248386e-39
5.2652542e-39
1.7631316e-27
-1.519941e-27
1.1475554e-39
-1.0335599e-27
-1.8239292e-27
0
0
0
7.2957168e-28
4.8638112e-28
-1.8239292e-28
2.4319056e-28
-1.2159528e-28
1.2159528e-28
4.3199321e-44
-7.2957168e-28
6.079764e-29
0
5.4717876e-28
4.6836798e-56
-1.2159528e-28
-4.8638112e-28
-1.8734719e-55
-3.6478584e-28
2.4319056e-28
-1.9243906e-43
0
-3.6478584e-28
4.0504548e-40
-1.2159528e-28
-2.4319056e-28
6.079764e-28
1.8239292e-28
1.3501516e-40
1.2159528e-28
3.6478584e-28
8.5465398e-55
1.2159528e-28
-3.039882e-28
1.8239292e-28
-6.079764e-29
0
1.8239292e-28
2.4319056e-28
-1.2159528e-28
2.4319056e-28
1.3499788e-39
9.119646e-28
-1.0943575e-27
-6.079764e-29
-1.2159528e-28
1.2159528e-28
5.3999152e-40
-1.2159528e-28
1.2159528e-28
-1.3505858e-40
-1.7279728e-44
-8.6944026e-43
-6.079764e-29
0
-5.3999152e-40
1.079983e-39
1.3823783e-43
-3.6478584e-28
4.8638112e-28
7.2957168e-28
0
1.2159528e-28
1.1995143e-51
1.7279728e-44
1.3500652e-40
2.4319056e-28
-1.2159528e-28
1.2159528e-28
-1.1709199e-55
-2.4319056e-28
0
-2.4319056e-28
-3.039882e-28
-1.8239292e-28
-1.3500652e-40
-2.9973248e-52
2.7001304e-40
-1.3499788e-40
1.2159528e-28
0
-2.4319056e-28
4.8638112e-28
0
0
0
1.2159528e-28
8.1003911e-40
1.6196635e-39
4.2558348e-28
5.3999152e-40
4.2152379e-55
-1.4155554e-44
-6.7472297e-41
-1.2159528e-28
2.4319056e-28
1.350229e-40
4.6836798e-56
3.039882e-28
0
0
1.2159528e-28
-1.053828e-55
-1.053828e-55
-3.6478584e-28
2.7064449e-40
1.3500652e-40
-6.079764e-29
6.079764e-29
1.8239292e-28
3.6478584e-28
-7.2957168e-28
-3.039882e-28
1.2159528e-28
-6.079764e-29
-3.039882e-28
3.6478584e-28
-3.039882e-28
-2.7001304e-40
-6.079764e-29
0
2.4319056e-28
1.2159528e-28
0
0
0
1.2159528e-28
-1.0800521e-39
2.4319056e-28
0
-3.6478584e-28
-1.8239292e-28
-2.6999576e-40
2.4319056e-28
3.6478584e-28
1.3497196e-40
-6.079764e-29
3.6478584e-28
2.4319056e-28
5.3974947e-40
6.079764e-29
-4.0496772e-40
4.1471348e-43
-1.7279728e-43
-8.0998727e-40
-1.2159528e-28
2.4319056e-28
-4.0496772e-40
-2.4319056e-28
1.2159528e-28
6.079764e-29
-4.8638112e-28
1.2159528e-28
-4.8638112e-28
-2.4319056e-28
0
7.2957168e-28
8.5116696e-28
1.8239292e-28
-4.0504548e-40
1.2159528e-28
0
0
1.2159528e-28
-2.4319056e-28
6.079764e-28
8.6398642e-44
-7.2957168e-28
0
4.8638112e-28
5.6204158e-55
1.9243906e-43
-1.8239292e-28
1.2159528e-28
1.3498924e-40
-6.4146353e-44
-1.2159528e-28
0
4.8638112e-28
-4.0496772e-40
-6.079764e-29
2.4319056e-28
0
6.079764e-29
-6.079764e-28
-1.8239292e-28
1.8239292e-28
6.3229677e-55
1.2159528e-28
6.7511899e-40
2.4319056e-28
6.7503259e-40
2.4319056e-28
-1.2159528e-28
-4.2764235e-44
1.2159528e-28
-4.0493347e-40
6.079764e-29
2.4319056e-28
-5.4717876e-28
-6.079764e-28
0
0
-3.039882e-28
8.1009095e-40
6.079764e-29
3.6478584e-28
1.2159528e-28
0
0
0
0
4.8638112e-28
-5.1839185e-44
-1.2159528e-28
3.6478584e-28
2.4319056e-28
0
-1.8239292e-28
-2.9806616e-52
-1.3538639e-40
1.3440282e-40
0
0
0
-7.2957168e-28
-6.079764e-28
0
-1.2159528e-28
1.8239292e-28
-1.8239292e-28
6.079764e-29
3.6478584e-28
-8.5116696e-28
-3.6478584e-28
1.2159528e-28
4.8638112e-28
0
3.6478584e-28
3.6478584e-28
-2.4319056e-28
-1.2159528e-28
0
-2.4319056e-28
2.6998712e-40
-3.039882e-28
9.7276224e-28
1.2159528e-27
0
0
0
7.2957168e-28
3.2397417e-39
-6.6877404e-28
4.8638112e-28
3.039882e-28
4.2153118e-55
-5.3999152e-40
-4.2153118e-55
-3.039882e-28
-2.4319056e-28
1.2159528e-28
0
-1.2159528e-28
-2.4319056e-28
8.6398642e-45
-1.8239292e-28
0
0
2.6451475e-40
-6.079764e-29
-3.6478584e-28
3.374731e-40
2.4319056e-28
0
-1.8239292e-28
2.2075017e-43
2.7001304e-40
4.8638112e-28
0
2.4319056e-28
-4.0501956e-40
-6.079764e-29
0
0
0
1.2829271e-43
6.079764e-29
1.2159528e-28
9.3673596e-56
-3.3749038e-40
-3.039882e-28
0
0
-2.4319056e-28
-1.8239292e-28
6.079764e-29
0
0
-1.2159528e-28
1.3500652e-40
1.2159528e-28
-8.5528471e-44
1.8239292e-28
6.079764e-29
4.8638112e-28
6.7503259e-40
5.4006063e-40
-1.4967482e-43
3.6478584e-28
1.2159528e-28
-6.079764e-29
0
0
0
8.5116696e-28
3.6478584e-28
1.2159528e-28
4.8638112e-28
0
1.2159528e-28
-1.2159528e-28
-1.2159528e-28
-2.4319056e-28
0
1.2159528e-28
-2.7001304e-40
6.079764e-29
1.8239292e-28
0
0
-3.039882e-28
4.2558348e-28
2.3418399e-55
-1.350238e-40
-1.8239292e-28
-1.2159528e-28
4.8638112e-28
-1.8239292e-28
4.8638112e-28
1.8239292e-27
-3.6478584e-28
1.2159528e-28
-3.6478584e-28
-2.4319056e-28
0
0
-9.7276224e-28
8.1062224e-40
-6.079764e-28
-7.2957168e-28
6.079764e-29
-1.2159528e-28
0
0
1.2159528e-28
-3.646298e-59
-1.8239292e-28
-5.3995696e-40
-2.4319056e-28
2.4319056e-28
3.039882e-28
-6.079764e-28
-6.079764e-28
0
8.5116696e-28
6.079764e-28
2.4319056e-28
2.4319056e-28
-1.2159528e-28
0
4.2558348e-28
2.4319056e-28
4.1318923e-43
3.6478584e-28
-9.119646e-28
-6.079764e-28
1.2159528e-28
1.2159528e-28
6.079764e-29
-1.8991647e-55
0
6.079764e-29
-1.8239292e-28
-4.050714e-40
1.3484491e-40
3.039882e-28
2.3418399e-56
4.8638112e-28
4.8638112e-28
1.8239292e-28
-8.6398642e-45
2.4319056e-28
6.079764e-29
-1.7279728e-44
1.301843e-68
4.8638112e-28
-5.4717876e-28
3.6478584e-28
1.8239292e-28
9.7276224e-28
-3.6478584e-28
-2.7001304e-40
1.2159528e-28
0
0
6.079764e-28
1.0943575e-27
0
-2.4319056e-28
-2.8865859e-43
-3.6478584e-28
1.8239292e-28
3.039882e-28
-3.6478584e-28
4.0499364e-40
2.6931247e-40
5.1839185e-44
2.4319056e-28
1.2159528e-28
6.079764e-29
2.4319056e-28
0
0
-4.8638112e-28
1.0943575e-27
4.8638112e-28
-2.4319056e-28
1.2159528e-28
-6.079764e-29
-6.079764e-29
0
-1.7279728e-44
1.2159528e-28
3.6478584e-28
-8.0998727e-40
-1.3500652e-40
1.2159528e-28
3.6478584e-28
-5.4002607e-40
1.8239292e-28
-8.5116696e-28
-2.0250114e-40
-4.2558348e-28
0
0
-6.079764e-28
5.4717876e-28
2.6345699e-54
7.2957168e-28
-6.079764e-28
-3.6478584e-28
-6.079764e-29
3.6478584e-28
3.039882e-28
6.079764e-29
8.5116696e-28
-6.079764e-28
-2.4319056e-28
2.123333e-44
1.2159528e-28
0
0
0
2.4319056e-28
-1.2159528e-28
4.0636577e-40
0
1.8239292e-28
-1.2159528e-28
-2.4319056e-28
0
-7.2957168e-28
-6.079764e-29
-6.079764e-28
8.1003911e-40
1.8239292e-28
-2.4319056e-28
-6.079764e-29
-7.0268993e-67
3.6478584e-28
-1.2159528e-28
2.9993574e-52
-1.2159528e-28
1.8239292e-28
1.2159528e-28
2.4319056e-28
-3.039882e-28
-6.0755525e-40
5.4717876e-28
-5.3954951e-40
2.4319056e-28
-3.039882e-28
0
-3.039882e-28
2.4319056e-28
3.6478584e-28
6.079764e-29
2.6994392e-40
6.079764e-29
0
0
0
0
0
0
0
-3.6478584e-28
-4.8638112e-28
1.8239292e-28
6.079764e-29
6.079764e-29
-1.2159528e-28
-6.079764e-29
-1.079983e-39
2.4319056e-28
-3.6478584e-28
1.2159528e-28
-6.0749974e-40
-1.8968903e-54
6.079764e-29
-6.079764e-29
1.3500652e-40
-3.039882e-28
1.2159528e-28
6.079764e-29
-6.9118914e-44
1.2159528e-28
-1.8239292e-28
4.048986e-40
5.4717876e-28
-2.4319056e-28
0
-2.4319056e-28
0
4.8638112e-28
1.3497196e-40
2.4319056e-28
-9.7276224e-28
-5.4002607e-40
4.2558348e-28
0
0
0
0
0
0
0
1.2159528e-28
6.079764e-29
1.8239292e-28
0
0
1.8239292e-28
1.2159528e-28
0
-1.2159528e-28
3.6478584e-28
-1.8239292e-28
-2.6999576e-40
-5.1839185e-44
3.6478584e-28
-6.079764e-28
-4.2558348e-28
6.079764e-29
3.2785759e-55
-1.6196635e-39
-5.4717876e-28
-2.4319056e-28
1.2150587e-39
7.2957168e-28
1.1546344e-42
-6.079764e-29
-6.7500757e-41
0
0
0
4.2558348e-28
-7.2957168e-28
-1.2159528e-28
6.0733937e-40
-1.3498736e-40
-1.2159528e-28
-3.6478584e-28
0
0
0
-6.079764e-28
-4.0501956e-40
3.039882e-28
-1.2159528e-27
8.6398642e-44
3.6478584e-28
2.4319056e-28
4.2558348e-28
2.7001304e-40
1.2159528e-28
-1.2767504e-27
8.0998727e-40
5.3995696e-40
-3.6478584e-28
-4.2558348e-28
4.8638112e-28
3.6478584e-28
-4.8638112e-28
-1.8734719e-55
-4.6836798e-56
3.6478584e-28
-1.3540055e-40
-5.3995696e-40
-3.6478584e-28
1.2159528e-28
3.6478584e-28
-6.7503259e-41
1.8239292e-28
0
0
3.7735398e-43
-8.0879783e-40
1.2159528e-28
1.8239292e-28
0
0
0
-2.5658541e-43
1.2159528e-28
1.8239292e-28
1.2159528e-28
6.079764e-29
-1.2146958e-39
-4.2558348e-28
3.6478584e-28
-1.2159528e-28
-6.079764e-29
1.8239292e-28
-1.3498924e-39
-3.6478584e-28
1.8239292e-28
3.6478584e-28
6.079764e-29
-6.079764e-29
-1.8239292e-28
2.4319056e-28
-1.8239292e-28
0
1.8239292e-28
-1.2159528e-28
2.4319056e-28
-3.6478584e-28
2.4319056e-28
-1.2159528e-28
6.4146353e-44
1.2159528e-28
3.4559457e-44
2.025357e-40
2.8311107e-44
0
-1.8239292e-28
-2.4319056e-28
2.4319056e-28
-6.7503259e-40
-3.6478584e-28
-6.079764e-29
-2.4319056e-28
6.079764e-29
1.3487684e-40
7.2957168e-28
-4.8638112e-28
5.3999152e-40
-1.3501597e-40
0
0
2.4319056e-28
-2.4319056e-28
0
0
-6.079764e-29
4.0499364e-40
4.3199321e-44
3.6478584e-28
-6.079764e-29
-2.4319056e-28
1.8239292e-28
1.8239292e-28
0
0
0
0
-2.4319056e-28
-9.938645e-44
2.4319056e-28
-1.8239292e-28
-6.079764e-29
0
2.2482082e-52
6.079764e-29
1.2159528e-28
8.5116696e-28
-1.0943575e-27
8.0993543e-40
-6.0801291e-40
6.3229677e-55
6.079764e-28
6.079764e-29
-1.0800521e-39
1.079983e-39
8.5116696e-28
-3.6478584e-28
2.0247522e-40
2.1382118e-44
0
0
-1.2159528e-28
-1.2159528e-28
2.4319056e-28
0
2.4319056e-28
-8.6398642e-45
-8.5116696e-28
-3.039882e-28
3.039882e-28
6.9118914e-44
-2.4319056e-28
0
0
0
0
0
8.9804894e-43
-1.8239292e-28
-6.079764e-29
-1.2159528e-28
6.079764e-29
0
-1.8239292e-28
-4.8638112e-28
1.2159528e-28
-2.4319056e-28
1.3468454e-40
-1.8239292e-28
-4.0496772e-40
3.6478584e-28
-1.2159528e-28
-4.8638112e-28
4.2558348e-28
-3.6478584e-28
-3.6478584e-28
2.4319056e-28
-1.0125057e-39
-1.8239292e-28
0
5.4717876e-28
1.2159528e-28
-1.2159528e-28
6.4146353e-43
1.3499788e-39
5.4717876e-28
-3.6478584e-28
0
-1.2159528e-28
1.2159528e-28
-1.8239292e-28
-4.0504548e-40
1.3500652e-40
2.6999576e-40
-5.3999152e-40
-1.2159528e-28
0
1.2159528e-28
1.8239292e-28
6.079764e-29
2.3520329e-43
3.63496e-43
1.2159528e-28
1.8239292e-28
-6.749462e-41
1.2159528e-28
-3.4559457e-44
-1.2159528e-28
2.2451224e-43
2.4319056e-28
3.6478584e-28
-5.4717876e-28
-1.8239292e-28
-1.8239292e-28
-6.079764e-29
-4.8638112e-28
2.6366319e-43
-6.079764e-29
-2.4319056e-28
-8.6398642e-44
5.4717876e-28
-5.4000606e-40
8.5116696e-28
3.6478584e-28
1.2159528e-28
0
0
0
-1.351798e-40
6.749462e-41
8.0998727e-40
-4.0501956e-40
9.4498515e-40
-5.4717876e-28
-6.079764e-28
0
-2.4319056e-28
-4.8638112e-28
6.079764e-28
2.0250978e-39
-3.6478584e-28
1.2159528e-28
2.0248386e-40
6.079764e-29
-6.7828567e-41
-6.7372465e-41
-3.6478584e-28
2.4319056e-28
6.079764e-29
-2.4319056e-28
-2.7001304e-40
-8.1003911e-40
-4.2558348e-28
1.0367837e-43
6.079764e-29
6.079764e-28
-3.6478584e-28
-6.079764e-29
-2.4319056e-28
4.0491588e-40
-5.3995696e-40
1.8239292e-28
-2.4319056e-28
6.079764e-28
3.039882e-28
0
0
7.9036932e-28
1.2159528e-27
-1.8239292e-28
6.079764e-29
-2.4319056e-28
3.039882e-28
1.4591434e-27
4.2558348e-28
-8.5116696e-28
-9.7276224e-28
0
-1.2159528e-28
-9.7276224e-28
-5.4717876e-28
-8.1009095e-40
-1.0800521e-39
-5.399224e-40
-2.4319056e-28
3.6478584e-28
-2.4319056e-28
0
6.079764e-29
-2.7001304e-40
6.079764e-29
0
0
0
0
-5.4717876e-28
5.4717876e-28
6.079764e-28
-2.4319056e-28
1.8239292e-28
-1.19877e-51
-4.8638112e-28
7.2957168e-28
7.2957168e-28
-4.8638112e-28
-3.6478584e-28
-6.7500757e-41
-1.2159528e-28
-2.4319056e-28
-2.4319056e-28
1.2159528e-28
-2.6985335e-40
-3.6478584e-28
-1.2159528e-28
3.6478584e-28
1.356359e-40
-1.8239292e-28
-2.0250978e-40
1.3513674e-40
1.3500652e-40
-2.4319056e-28
-1.2159528e-28
8.0983176e-40
6.079764e-29
6.079764e-28
-1.2159528e-28
-5.4006063e-40
6.7500757e-41
2.4319056e-28
1.8239292e-28
0
-3.6478584e-28
-3.6478584e-28
2.4319056e-28
-3.6478584e-28
-1.2159528e-28
8.6398642e-45
-1.2159528e-28
2.6999576e-40
-1.8239292e-28
4.8638112e-28
6.079764e-28
-8.5116696e-28
-5.4717876e-28
3.6478584e-28
1.3500151e-40
6.079764e-29
2.4319056e-28
-1.8239292e-28
0
0
3.039882e-28
-4.0501956e-40
-3.039882e-28
1.8239292e-28
0
2.4319056e-28
-4.2558348e-28
-3.6478584e-28
1.8239292e-28
6.079764e-29
-1.8239292e-28
3.374299e-40
-2.4319056e-28
-4.8638112e-28
-5.1839185e-44
-1.3499788e-39
-4.8638112e-28
1.0943575e-27
1.0943575e-27
-6.079764e-28
6.079764e-29
-1.8239292e-28
1.8239292e-28
-6.079764e-29
4.6318002e-43
-8.5116696e-28
7.2957168e-28
2.4319056e-28
3.6478584e-28
6.079764e-29
5.4717876e-28
2.4319056e-28
-6.079764e-29
0
-1.2159528e-28
1.2159528e-28
1.2159528e-28
1.2159528e-27
-1.3375481e-27
-2.4319056e-28
-1.2159528e-28
8.1003911e-40
4.2558348e-28
-4.8638112e-28
1.2159528e-28
-4.2558348e-28
1.3500652e-40
-2.3418399e-55
-3.6478584e-28
2.3418399e-56
6.079764e-29
1.424244e-55
3.6478584e-28
0
6.079764e-29
2.4319056e-28
0
1.8239292e-28
0
0
1.0943575e-27
3.039882e-28
6.079764e-29
2.4319056e-28
-2.4319056e-28
-2.4319056e-28
1.2159528e-28
1.3492321e-40
6.079764e-29
-3.039882e-28
1.2150068e-39
-2.6997848e-40
2.4319056e-28
0
-3.6478584e-28
0
-1.3497196e-40
-7.5241387e-45
-3.6478584e-28
0
2.4319056e-28
1.3498924e-40
2.4319056e-28
6.079764e-29
-4.6836798e-56
-7.2957168e-28
-6.079764e-28
-2.4319056e-28
1.2151105e-39
-4.048986e-40
4.0510595e-40
-6.079764e-29
3.6478584e-28
0
1.2159528e-28
7.2957168e-28
-3.039882e-28
1.0691059e-44
-2.1382118e-44
-1.8239292e-28
6.079764e-28
1.2159528e-28
1.8239292e-28
0
-3.039882e-28
-2.025357e-40
-2.4319056e-28
-2.4319056e-28
6.079764e-29
-1.0800521e-39
-1.8734719e-55
1.2159528e-28
-6.7511899e-41
-6.079764e-29
1.2159528e-28
2.4319056e-28
1.2159528e-28
2.4319056e-28
-9.4492467e-40
2.4319056e-28
1.8239292e-28
-8.0998727e-40
-6.079764e-29
-8.0998727e-40
-1.2159528e-28
6.079764e-29
-1.3498924e-40
6.079764e-28
-4.8638112e-28
-2.1076559e-55
-3.6478584e-28
3.6478584e-28
2.0248386e-40
-3.6478584e-28
-6.079764e-29
-9.7276224e-28
-4.0549663e-40
-2.4319056e-28
-1.3564298e-40
-6.079764e-29
-6.079764e-29
-6.079764e-29
-5.1839185e-44
-6.079764e-29
0
-6.079764e-29
1.2159528e-28
0
8.2063976e-44
-5.4002607e-40
5.6204158e-55
1.2159528e-28
-3.6478584e-28
1.3500151e-40
1.3498924e-40
1.8239292e-28
-4.8638112e-28
6.079764e-29
6.079764e-29
-3.6478584e-28
4.0491588e-40
3.039882e-28
-6.079764e-29
0
0
-4.8638112e-28
-8.5116696e-28
4.8638112e-28
7.2957168e-28
-2.6997848e-40
7.0255197e-56
1.8239292e-28
-1.2159528e-28
-1.0800521e-39
4.8638112e-28
-4.8638112e-28
-2.5658541e-43
3.6478584e-28
-1.2159528e-28
-2.4319056e-28
1.8239292e-28
-2.3418399e-56
-2.025357e-40
-1.2159528e-28
0
8.5116696e-28
4.2558348e-28
-3.6478584e-28
-3.039882e-28
1.2159528e-28
5.3988784e-40
6.079764e-28
-9.7276224e-28
7.8301907e-44
-1.199046e-51
-1.2159528e-28
2.4319056e-28
-6.079764e-29
-1.6200782e-39
-8.0983176e-40
-5.1839185e-44
-3.6478584e-28
7.2957168e-28
-1.8239292e-28
-4.8638112e-28
1.2159528e-28
1.2159528e-28
-4.8638112e-28
1.5807419e-55
1.0943575e-27
-4.0482626e-40
4.8638112e-28
-2.4319056e-28
4.0491588e-40
-1.2159528e-28
-6.079764e-28
1.8239292e-28
6.079764e-29
2.4319056e-28
-3.6478584e-28
-8.5116696e-28
-5.4717876e-28
9.7276224e-28
1.8239292e-28
8.1009095e-40
1.7279728e-44
-8.0986753e-40
8.4933321e-44
-9.119646e-28
3.6478584e-28
4.8638112e-28
1.2159528e-28
6.079764e-29
-1.3498924e-40
3.6478584e-28
1.8239292e-28
1.2159528e-28
-4.2558348e-28
-1.8239292e-28
-1.8239292e-28
-2.4319056e-28
-2.4319056e-28
2.4319056e-28
6.079764e-29
3.6478584e-28
-8.5116696e-28
-6.079764e-28
2.8311107e-44
-2.4319056e-28
3.6478584e-28
8.1000455e-40
-6.079764e-29
1.2159528e-28
1.2159528e-28
-6.079764e-28
-1.0959811e-58
1.3501516e-39
5.4717876e-28
2.4319056e-28
-2.4319056e-28
4.0496208e-40
0
1.2159528e-28
4.6821151e-56
1.3513674e-40
-3.6478584e-28
8.5116696e-28
-2.0248386e-39
3.6478584e-28
-1.2159528e-28
-3.039882e-28
-4.8638112e-28
-8.5116696e-28
4.8638112e-28
1.2829271e-43
1.2159528e-28
-2.5919593e-44
-6.079764e-28
-3.039882e-28
3.6478584e-28
-1.2159528e-28
0
6.079764e-28
9.3673596e-55
6.079764e-29
3.039882e-28
-3.039882e-28
-1.2159528e-28
-4.8638112e-28
-1.0367837e-43
3.039882e-28
-7.4124829e-71
-1.8239292e-28
-2.7001304e-40
-3.6478584e-28
0
6.079764e-29
-1.2159528e-28
6.079764e-29
1.2159528e-28
1.8239292e-28
-3.6478584e-28
-6.079764e-29
-2.4319056e-28
2.4319056e-28
-1.3498924e-40
3.6478584e-28
2.4319056e-28
7.2957168e-28
-2.4319056e-28
-1.2159528e-28
-2.1382118e-43
1.2159528e-28
-4.0501956e-40
-6.079764e-29
-2.4319056e-28
-2.5919593e-44
-6.0752933e-40
-3.039882e-28
6.079764e-29
-1.2159528e-28
-1.9243906e-43
5.1839185e-44
6.0752933e-40
6.079764e-29
-1.2159528e-28
-1.2159528e-28
-6.079764e-29
-2.4319056e-28
2.7001304e-40
-1.8239292e-28
8.6398642e-44
-9.119646e-28
4.04985e-40
-1.2159528e-28
0
-6.079764e-29
1.8239292e-28
-4.8638112e-28
-4.8638112e-28
-2.0250978e-40
-2.4319056e-28
-1.2159528e-28
1.2159528e-28
1.0799139e-39
1.8899703e-39
-6.079764e-29
-3.4559457e-44
-4.0486404e-40
-3.6478584e-28
-2.6997848e-40
5.3995696e-40
-1.3500151e-40
3.6478584e-28
-6.079764e-29
0
1.8239292e-28
1.2159528e-28
-6.079764e-29
1.8239292e-28
-6.079764e-29
-1.8239292e-28
2.5919593e-44
2.700476e-40
5.1839185e-44
1.7279728e-44
-1.7563799e-56
-2.6990936e-40
1.2159528e-28
1.8239292e-28
6.079764e-28
-1.8239292e-28
-5.4002607e-40
-1.2150068e-39
-8.5116696e-28
1.2159528e-28
-2.7001304e-40
-2.4319056e-28
0
-4.2558348e-28
-7.2957168e-28
6.079764e-29
2.4319056e-28
4.8638112e-28
6.079764e-29
0
1.8239292e-28
1.3500652e-40
4.0534696e-40
-2.3418399e-56
1.8239292e-28
-2.4319056e-28
-1.350238e-40
-7.4837412e-44
-6.748598e-41
-1.8239292e-28
2.4319056e-28
2.4319056e-28
-6.079764e-29
1.8239292e-28
-6.079764e-29
-4.8638112e-28
-3.039882e-28
2.4319056e-28
7.2957168e-28
-4.8638112e-28
-3.6478584e-28
-6.079764e-28
-1.2159528e-27
1.4591434e-27
3.039882e-28
3.6478584e-28
-1.2159528e-28
-1.3500652e-40
2.4319056e-28
-1.2159528e-28
-2.7001304e-40
6.4146353e-44
-8.6398642e-45
2.4319056e-28
-2.4319056e-28
-6.079764e-29
1.3508358e-40
3.039882e-28
-4.8638112e-28
0
0
0
2.4319056e-28
2.5919593e-44
-1.2159528e-28
-6.079764e-28
1.2159528e-28
-1.2159528e-28
-3.6478584e-28
-1.3501516e-39
9.119646e-28
-6.079764e-28
-2.4319056e-28
-4.0499039e-40
6.749462e-41
3.6478584e-28
-6.7511899e-41
3.4241146e-43
-1.2159528e-28
1.2159528e-28
1.2159528e-28
-1.3499444e-40
-1.2159528e-28
6.9118914e-44
-3.039882e-28
5.4009519e-40
-6.079764e-29
-3.6478584e-28
-9.7276224e-28
-1.8902122e-39
-8.0993543e-40
2.4319056e-28
1.3384688e-40
-1.6200091e-39
-3.6478584e-28
0
3.6478584e-28
-3.6478584e-28
-6.079764e-28
-2.5919593e-44
1.2159528e-28
-3.2073177e-44
-1.8239292e-28
-4.2558348e-28
7.2957168e-28
0
-6.6877404e-28
4.2558348e-28
-3.039882e-28
-6.079764e-28
1.2159528e-28
0
-1.7279728e-44
-6.6859294e-41
-6.7511899e-41
1.8239292e-28
0
0
2.4319056e-28
-5.4002607e-40
-2.6994392e-40
-2.4319056e-28
-4.8638112e-28
-1.4591434e-27
6.079764e-28
6.079764e-29
6.079764e-29
1.2159528e-28
1.2159528e-28
-6.9118914e-44
-4.2558348e-28
6.079764e-28
1.2159528e-28
1.1934203e-51
2.4319056e-28
-2.4319056e-28
-2.4319056e-28
6.079764e-29
-2.4319056e-28
-7.0255197e-56
-2.4319056e-28
-3.6478584e-28
3.6478584e-28
-4.8638112e-28
3.6478584e-28
-6.079764e-29
-6.079764e-29
3.039882e-28
9.7276224e-28
-7.2957168e-28
-4.2558348e-28
2.4319056e-28
6.7503259e-41
6.079764e-29
-1.2159528e-28
-1.2159528e-28
3.6478584e-28
-8.5116696e-28
2.4319056e-28
-6.079764e-28
2.4319056e-28
-3.039882e-28
-4.7258329e-40
2.4319056e-28
0
0
-1.8239292e-28
2.0245794e-40
2.4319056e-28
-1.3498924e-40
2.3520329e-42
0
2.4319056e-28
-4.050714e-40
-1.2959796e-43
6.079764e-29
0
0
-2.4319056e-28
6.079764e-29
-6.079764e-29
-1.2159528e-28
3.6478584e-28
9.7276224e-28
-4.8638112e-28
-1.2159528e-28
1.2159528e-28
-4.2558348e-28
1.2150068e-39
2.6997848e-40
-1.2159528e-28
-7.2957168e-28
-1.2159528e-27
0
0
-3.6478584e-28
-2.4319056e-28
0
3.6478584e-28
-3.374731e-40
-1.8239292e-28
6.7668201e-41
-1.8239292e-28
0
0
0
1.2159528e-28
-3.6478584e-28
-4.3909498e-55
-1.2159528e-28
2.4319056e-28
0
0
3.6478584e-28
-1.350238e-40
6.079764e-29
0
3.039882e-28
-1.8239292e-28
-1.4824966e-69
1.2159528e-28
0
-3.039882e-28
-1.61994e-39
4.8638112e-28
-2.3418399e-56
6.079764e-29
-4.8638112e-28
3.039882e-28
1.2159528e-28
1.8239292e-28
0
-1.2159528e-28
-3.039882e-28
2.4319056e-28
3.4559457e-44
-2.0283761e-40
6.079764e-29
6.0750341e-40
-3.374731e-40
2.4319056e-28
2.7001304e-40
-4.8638112e-28
1.8239292e-28
-5.4002607e-40
8.5116696e-28
1.7279728e-44
7.2957168e-28
-1.3500652e-39
-4.2558348e-28
0
-1.2159528e-28
-2.4319056e-28
-6.079764e-28
1.8239292e-28
-1.2159528e-28
4.2558348e-28
1.2159528e-28
-1.1904696e-42
-3.6478584e-28
-1.8239292e-28
0
0
-6.079764e-29
-6.079764e-29
-1.8239292e-28
3.039882e-28
-6.9118914e-44
5.3999152e-40
-3.039882e-28
1.4998677e-52
6.079764e-29
3.6478584e-28
4.1378437e-43
2.4319056e-28
3.5608379e-54
5.3995696e-40
1.4591434e-27
-6.079764e-28
-1.2159528e-28
-4.0496772e-40
-2.3418399e-55
-1.2159528e-27
4.8638112e-28
-1.2159528e-28
2.4319056e-28
4.0503684e-40
-6.073479e-40
1.2159528e-28
-6.079764e-29
-1.2159528e-28
-1.2150068e-39
1.2159528e-28
-7.2957168e-28
-5.4717876e-28
1.2159528e-28
-1.8239292e-28
0
-1.2159528e-28
-3.4559457e-44
-2.4319056e-28
2.4319056e-28
1.2159528e-28
-1.8239292e-28
-2.4319056e-28
-3.6478584e-28
1.8239292e-28
-2.7003032e-40
-4.1595102e-67
1.4591434e-27
-8.5116696e-28
-2.4319056e-28
-6.7503259e-40
2.4319056e-28
-4.8638112e-28
2.2788633e-54
-4.0500228e-40
7.2957168e-28
-3.6478584e-28
-1.8239292e-28
-6.079764e-29
0
0
3.039882e-28
3.6478584e-28
1.2159528e-28
-1.3478076e-40
2.0250978e-40
-1.7279728e-44
-3.6478584e-28
-9.7276224e-28
-1.3500652e-39
1.2159528e-28
1.2159528e-28
2.6997848e-40
3.6478584e-28
-1.8239292e-28
0
-3.6478584e-28
-4.0496772e-40
9.7276224e-28
-4.8638112e-28
1.2159528e-28
-1.2159528e-27
-6.079764e-29
-3.039882e-28
-3.039882e-28
6.079764e-29
0
0
-1.2159528e-28
2.5919593e-44
1.8239292e-28
7.2957168e-28
9.4492467e-40
2.1598969e-39
4.8638112e-28
-6.079764e-28
1.3457387e-40
1.2159528e-28
0
-8.5116696e-28
6.7503259e-41
-4.8638112e-28
-1.2159528e-28
-4.8638112e-28
-1.2159528e-28
2.4319056e-28
8.1000455e-40
2.4319056e-28
6.079764e-28
-7.2957168e-28
-4.2558348e-28
3.6478584e-28
-3.039882e-28
-3.039882e-28
3.6478584e-28
-1.8239292e-28
1.2159528e-28
-2.4319056e-28
-1.2829271e-43
-1.2159528e-28
1.2159528e-28
-4.8638112e-28
-2.3418399e-56
0
-1.2159528e-28
2.4319056e-28
1.2159528e-28
0
-1.2159528e-28
4.0496772e-40
-1.2159528e-28
0
1.8239292e-28
3.6478584e-28
2.4319056e-28
0
-3.6478584e-28
-1.0799485e-39
8.1067946e-40
1.8239292e-28
8.5116696e-28
-3.6478584e-28
-1.2159528e-28
-6.079764e-29
2.1598278e-39
1.8734719e-55
-2.4319056e-28
-2.0248386e-40
1.2159528e-28
-1.0367837e-43
6.6877404e-28
1.4849767e-39
-2.024925e-39
4.8638112e-28
-1.8239292e-28
-2.4319056e-28
2.4319056e-28
2.4319056e-28
2.4319056e-28
1.0943575e-27
-8.5116696e-28
-2.6999576e-40
1.2159528e-28
-2.8311107e-44
1.8239292e-28
6.079764e-29
6.079764e-29
-1.2159528e-28
-3.6478584e-28
4.6836798e-56
1.2159528e-28
-2.4319056e-28
2.4319056e-28
1.2150587e-39
6.079764e-29
-1.8239292e-28
-1.2767504e-27
-2.4319056e-28
-2.4319056e-28
-1.3498924e-40
3.039882e-28
-6.079764e-29
4.050714e-40
5.4717876e-28
9.3673596e-56
-3.4559457e-44
-6.079764e-29
5.3999152e-40
-1.2159528e-28
2.7001304e-40
-2.4319056e-28
0
6.079764e-28
1.2159528e-28
0
-6.079764e-28
3.6478584e-28
5.4000606e-40
4.8638112e-28
-1.2829271e-43
4.2558348e-28
-9.7276224e-28
2.4319056e-28
3.6478584e-28
-5.4717876e-28
-1.2159528e-28
2.4319056e-28
-1.8239292e-28
1.8239292e-28
-1.2159528e-28
1.2159528e-28
0
6.4146353e-44
-1.2159528e-28
-1.3486614e-40
-1.8239292e-28
1.8239292e-28
-6.079764e-29
-2.8488526e-55
-2.3418399e-56
4.0500228e-40
-2.0248386e-40
-4.0501956e-40
-6.747734e-41
2.4319056e-28
-3.039882e-28
2.4319056e-28
-3.039882e-28
6.079764e-29
-8.0996999e-40
1.2767504e-27
1.079983e-39
2.7001304e-40
-1.2159528e-28
3.6478584e-28
3.039882e-28
-3.039882e-28
-6.079764e-29
-2.4319056e-28
2.7026021e-40
-6.079764e-29
0
6.079764e-29
-4.0501956e-40
-6.079764e-28
-4.050714e-40
1.8239292e-28
-1.2159528e-28
1.2150587e-39
4.0499415e-40
-4.0500228e-40
-3.039882e-28
2.4319056e-28
-3.2073177e-43
6.079764e-29
6.079764e-29
-2.6997848e-40
1.2159528e-28
2.7001304e-40
-6.3848778e-44
-3.6478584e-28
2.4319056e-28
-1.2159528e-28
6.079764e-28
1.7989706e-51
1.6415363e-27
-4.2558348e-28
-4.0501956e-40
6.079764e-29
-4.0383575e-40
4.8638112e-28
-3.6478584e-28
2.9959766e-52
6.079764e-28
0
0
1.3500151e-40
-6.079764e-29
-4.8638112e-28
-6.079764e-29
1.8239292e-28
-1.0799485e-39
2.4319056e-28
-3.6478584e-28
0
0
0
6.079764e-28
1.8239292e-28
9.119646e-28
8.5116696e-28
-1.2159528e-28
1.8239292e-28
1.2159528e-28
-1.8239292e-28
-1.2159528e-28
6.079764e-29
1.2159528e-28
6.079764e-29
-2.4319056e-28
-8.1003911e-40
3.6478584e-28
0
7.2957168e-28
1.2159528e-28
-2.0245273e-40
-2.7000303e-40
2.5919593e-44
2.0250978e-40
-1.2159528e-28
-4.3199321e-44
2.4319056e-28
-1.2159528e-28
-4.8638112e-28
1.2159528e-28
5.3995696e-40
-4.0491588e-40
-1.3823783e-43
-3.5101695e-39
-6.079764e-28
-4.0496772e-40
6.079764e-29
0
0
1.2159528e-28
2.4319056e-28
8.5116696e-28
3.039882e-28
3.039882e-28
-1.0800521e-39
2.4319056e-28
2.4319056e-28
-1.8239292e-28
2.4319056e-28
-2.4319056e-28
1.2159528e-28
-3.6478584e-28
-2.0248386e-40
1.349732e-40
-1.3500652e-40
2.4319056e-28
-1.2159528e-28
-1.2159528e-28
3.6478584e-28
1.3414623e-40
4.8638112e-28
-6.079764e-29
6.079764e-29
6.079764e-29
1.8239292e-28
-9.7276224e-28
1.079983e-39
-1.2159528e-28
3.6478584e-28
-6.079764e-29
-5.399224e-40
-6.079764e-29
3.6478584e-28
3.039882e-28
3.5240097e-44
-1.8239292e-28
1.8239292e-28
-3.6478584e-28
6.4146353e-44
-1.8239292e-28
1.3500652e-40
-4.8638112e-28
1.8239292e-28
-6.6877404e-28
4.2558348e-28
-1.2159528e-28
-2.4319056e-28
1.2159528e-28
0
-6.079764e-29
-1.2159528e-28
-1.2159528e-28
1.3498924e-40
-7.2957168e-28
1.8239292e-28
-1.8239292e-28
8.5116696e-28
3.039882e-28
-2.4319056e-28
-4.8638112e-28
-1.3500859e-40
-1.2159528e-28
0
3.039882e-28
0
-1.8239292e-28
3.4559457e-44
-8.5116696e-28
0
-6.079764e-29
4.053176e-29
)
;

boundaryField
{
    leftSide
    {
        type            calculated;
        value           uniform 0;
    }
    rightSide
    {
        type            calculated;
        value           uniform 1.506161e-29;
    }
    emptywalls
    {
        type            empty;
    }
}


// ************************************************************************* //
