/*--------------------------------*- C++ -*----------------------------------*\
  =========                 |
  \\      /  F ield         | OpenFOAM: The Open Source CFD Toolbox
   \\    /   O peration     | Website:  https://openfoam.org
    \\  /    A nd           | Version:  7
     \\/     M anipulation  |
\*---------------------------------------------------------------------------*/
FoamFile
{
    version     2.0;
    format      ascii;
    class       volScalarField;
    location    "0.00171";
    object      T;
}
// * * * * * * * * * * * * * * * * * * * * * * * * * * * * * * * * * * * * * //

dimensions      [0 0 0 1 0 0 0];

internalField   nonuniform List<scalar> 
5000
(
277.9567
277.95681
277.95681
277.95685
277.95694
277.95706
277.95722
277.95741
277.95763
277.95788
277.95816
277.95847
277.9588
277.95916
277.95955
277.95996
277.96041
277.96087
277.96137
277.96189
277.96244
277.96302
277.96363
277.96427
277.96493
277.96563
277.96636
277.96711
277.9679
277.96872
277.96957
277.97046
277.97137
277.97232
277.97331
277.97433
277.97538
277.97647
277.9776
277.97876
277.97996
277.9812
277.98248
277.9838
277.98515
277.98655
277.98799
277.98947
277.991
277.99257
277.99418
277.99584
277.99754
277.99929
278.00109
278.00294
278.00483
278.00678
278.00877
278.01082
278.01292
278.01507
278.01727
278.01953
278.02185
278.02422
278.02665
278.02914
278.03168
278.03429
278.03695
278.03968
278.04247
278.04533
278.04824
278.05122
278.05427
278.05739
278.06057
278.06382
278.06714
278.07053
278.07399
278.07752
278.08113
278.08481
278.08856
278.09239
278.0963
278.10028
278.10434
278.10848
278.1127
278.117
278.12138
278.12584
278.13038
278.13501
278.13972
278.14452
278.1494
278.15437
278.15943
278.16458
278.16981
278.17513
278.18055
278.18605
278.19165
278.19734
278.20312
278.209
278.21497
278.22103
278.22719
278.23345
278.2398
278.24625
278.25279
278.25944
278.26618
278.27303
278.27997
278.28701
278.29415
278.3014
278.30874
278.31619
278.32374
278.33139
278.33915
278.34701
278.35497
278.36303
278.3712
278.37948
278.38786
278.39634
278.40493
278.41362
278.42242
278.43133
278.44034
278.44945
278.45868
278.468
278.47744
278.48698
278.49663
278.50638
278.51624
278.5262
278.53628
278.54645
278.55674
278.56713
278.57762
278.58823
278.59893
278.60975
278.62066
278.63169
278.64282
278.65405
278.66539
278.67683
278.68838
278.70003
278.71178
278.72364
278.7356
278.74767
278.75983
278.7721
278.78447
278.79694
278.80952
278.82219
278.83496
278.84784
278.86081
278.87388
278.88705
278.90032
278.91369
278.92715
278.94071
278.95437
278.96812
278.98197
278.99591
279.00995
279.02408
279.0383
279.05261
279.06702
279.08152
279.09611
279.11079
279.12556
279.14042
279.15537
279.1704
279.18552
279.20073
279.21602
279.2314
279.24687
279.26242
279.27805
279.29376
279.30956
279.32544
279.3414
279.35743
279.37355
279.38975
279.40602
279.42237
279.4388
279.4553
279.47188
279.48853
279.50526
279.52206
279.53893
279.55588
279.57289
279.58998
279.60713
279.62435
279.64164
279.659
279.67642
279.69391
279.71147
279.72909
279.74677
279.76451
279.78232
279.80019
279.81812
279.83611
279.85415
279.87226
279.89042
279.90864
279.92692
279.94525
279.96364
279.98208
280.00057
280.01912
280.03772
280.05637
280.07506
280.09381
280.11261
280.13145
280.15034
280.16928
280.18827
280.2073
280.22637
280.24549
280.26464
280.28385
280.30309
280.32237
280.3417
280.36106
280.38046
280.3999
280.41937
280.43889
280.45843
280.47801
280.49763
280.51728
280.53696
280.55668
280.57642
280.5962
280.616
280.63584
280.6557
280.67559
280.69551
280.71545
280.73542
280.75542
280.77544
280.79548
280.81555
280.83563
280.85574
280.87587
280.89602
280.91619
280.93638
280.95658
280.97681
280.99705
281.0173
281.03757
281.05786
281.07816
281.09847
281.1188
281.13913
281.15948
281.17984
281.20021
281.22059
281.24098
281.26137
281.28177
281.30218
281.3226
281.34302
281.36344
281.38387
281.4043
281.42474
281.44518
281.46561
281.48605
281.50649
281.52693
281.54737
281.5678
281.58824
281.60867
281.62909
281.64952
281.66993
281.69034
281.71075
281.73115
281.75154
281.77192
281.79229
281.81266
281.83301
281.85336
281.87369
281.89401
281.91431
281.93461
281.95489
281.97516
281.99541
282.01564
282.03586
282.05606
282.07625
282.09641
282.11656
282.13669
282.15679
282.17688
282.19695
282.21699
282.23701
282.25701
282.27699
282.29694
282.31686
282.33676
282.35663
282.37648
282.3963
282.41609
282.43585
282.45558
282.47529
282.49496
282.5146
282.53421
282.55379
282.57334
282.59285
282.61232
282.63177
282.65117
282.67054
282.68988
282.70918
282.72844
282.74766
282.76684
282.78598
282.80509
282.82415
282.84317
282.86215
282.88109
282.89998
282.91883
282.93764
282.9564
282.97511
282.99378
283.01241
283.03098
283.04951
283.06799
283.08642
283.1048
283.12313
283.14141
283.15964
283.17782
283.19594
283.21401
283.23203
283.24999
283.2679
283.28576
283.30356
283.3213
283.33898
283.35661
283.37418
283.39169
283.40914
283.42653
283.44386
283.46113
283.47834
283.49549
283.51257
283.5296
283.54655
283.56345
283.58028
283.59704
283.61374
283.63037
283.64694
283.66344
283.67987
283.69623
283.71252
283.72875
283.7449
283.76099
283.777
283.79294
283.80882
283.82461
283.84034
283.85599
283.87157
283.88708
283.90251
283.91786
283.93314
283.94835
283.96348
283.97853
283.9935
284.0084
284.02322
284.03796
284.05262
284.0672
284.0817
284.09612
284.11046
284.12472
284.1389
284.153
284.16702
284.18095
284.1948
284.20857
284.22225
284.23585
284.24937
284.2628
284.27615
284.28941
284.30259
284.31568
284.32868
284.3416
284.35444
284.36718
284.37984
284.39241
284.4049
284.4173
284.4296
284.44183
284.45396
284.466
284.47796
284.48982
284.5016
284.51329
284.52489
284.5364
284.54782
284.55915
284.57039
284.58154
284.5926
284.60357
284.61445
284.62523
284.63593
284.64654
284.65706
284.66748
284.67782
284.68807
284.69822
284.70828
284.71826
284.72814
284.73793
284.74763
284.75724
284.76676
284.77619
284.78553
284.79478
284.80394
284.81301
284.82199
284.83088
284.83968
284.84839
284.85701
284.86554
284.87399
284.88234
284.89061
284.89879
284.90687
284.91488
284.92279
284.93062
284.93835
284.94601
284.95357
284.96105
284.96844
284.97575
284.98297
284.99011
284.99716
285.00413
285.01101
285.01781
285.02453
285.03116
285.03771
285.04418
285.05057
285.05687
285.0631
285.06924
285.07531
285.08129
285.0872
285.09302
285.09877
285.10444
285.11004
285.11555
285.121
285.12636
285.13165
285.13686
285.142
285.14707
285.15206
285.15698
285.16183
285.1666
285.17131
285.17595
285.18051
285.18501
285.18943
285.19379
285.19808
285.20231
285.20647
285.21056
285.21458
285.21855
285.22245
285.22628
285.23005
285.23376
285.23741
285.241
285.24453
285.248
285.2514
285.25475
285.25805
285.26128
285.26446
285.26758
285.27065
285.27366
285.27662
285.27953
285.28238
285.28518
285.28793
285.29063
285.29328
285.29588
285.29843
285.30093
285.30339
285.3058
285.30816
285.31047
285.31274
285.31497
285.31715
285.31928
285.32138
285.32343
285.32545
285.32742
285.32935
285.33124
285.33309
285.3349
285.33668
285.33842
285.34012
285.34179
285.34342
285.34501
285.34657
285.3481
285.34959
285.35105
285.35248
285.35388
285.35524
285.35658
285.35788
285.35916
285.36041
285.36162
285.36281
285.36398
285.36511
285.36622
285.3673
285.36836
285.36939
285.3704
285.37139
285.37235
285.37328
285.3742
285.37509
285.37596
285.37681
285.37764
285.37844
285.37923
285.38
285.38075
285.38147
285.38218
285.38288
285.38355
285.38421
285.38485
285.38547
285.38608
285.38667
285.38725
285.38781
285.38835
285.38888
285.3894
285.3899
285.39039
285.39087
285.39133
285.39178
285.39222
285.39265
285.39306
285.39346
285.39386
285.39424
285.39461
285.39496
285.39531
285.39565
285.39598
285.3963
285.39661
285.39691
285.3972
285.39748
285.39776
285.39803
285.39829
285.39854
285.39879
285.39903
285.39926
285.39948
285.3997
285.39991
285.40011
285.40031
285.4005
285.40068
285.40086
285.40104
285.4012
285.40137
285.40153
285.40168
285.40183
285.40197
285.40211
285.40225
285.40238
285.4025
285.40263
285.40274
285.40286
285.40297
285.40308
285.40318
285.40328
285.40338
285.40347
285.40356
285.40365
285.40374
285.40382
285.4039
285.40397
285.40405
285.40412
285.40419
285.40426
285.40432
285.40438
285.40444
285.4045
285.40456
285.40461
285.40466
285.40471
285.40476
285.40481
285.40486
285.4049
285.40494
285.40498
285.40502
285.40506
285.4051
285.40513
285.40517
285.4052
285.40523
285.40526
285.40529
285.40532
285.40535
285.40537
285.4054
285.40542
285.40545
285.40547
285.4055
285.40552
285.40554
285.40556
285.40557
285.40559
285.40561
285.40563
285.40564
285.40566
285.40567
285.40569
285.4057
285.40572
285.40573
285.40574
285.40576
285.40577
285.40578
285.40579
285.4058
285.40581
285.40582
285.40583
285.40584
285.40585
285.40586
285.40586
285.40587
285.40588
285.40589
285.40589
285.4059
285.40591
285.40591
285.40592
285.40593
285.40593
285.40594
285.40594
285.40595
285.40595
285.40596
285.40596
285.40596
285.40597
285.40597
285.40598
285.40598
285.40598
285.40599
285.40599
285.406
285.406
285.406
285.40601
285.40601
285.40601
285.40601
285.40602
285.40602
285.40602
285.40602
285.40603
285.40603
285.40603
285.40604
285.40604
285.40604
285.40604
285.40604
285.40604
285.40604
285.40605
285.40605
285.40605
285.40605
285.40605
285.40605
285.40606
285.40606
285.40606
285.40606
285.40606
285.40606
285.40607
285.40607
285.40607
285.40607
285.40607
285.40607
285.40607
285.40607
285.40608
285.40608
285.40608
285.40608
285.40608
285.40608
285.40609
285.40609
285.40609
285.40609
285.40609
285.40609
285.40609
285.40609
285.40609
285.4061
285.4061
285.4061
285.4061
285.4061
285.4061
285.40611
285.40611
285.40611
285.40611
285.40611
285.40611
285.40612
285.40612
285.40612
285.40612
285.40612
285.40612
285.40612
285.40612
285.40612
285.40612
285.40613
285.40613
285.40613
285.40613
285.40613
285.40614
285.40614
285.40614
285.40614
285.40614
285.40614
285.40615
285.40615
285.40615
285.40615
285.40615
285.40615
285.40615
285.40615
285.40616
285.40616
285.40616
285.40616
285.40616
285.40617
285.40617
285.40617
285.40617
285.40617
285.40617
285.40617
285.40618
285.40618
285.40618
285.40618
285.40618
285.40618
285.40618
285.40619
285.40619
285.40619
285.40619
285.40619
285.40619
285.4062
285.4062
285.4062
285.4062
285.4062
285.4062
285.4062
285.40621
285.40621
285.40621
285.40621
285.40621
285.40621
285.40621
285.40622
285.40622
285.40622
285.40622
285.40622
285.40622
285.40622
285.40622
285.40623
285.40623
285.40623
285.40623
285.40623
285.40624
285.40624
285.40624
285.40624
285.40624
285.40624
285.40624
285.40624
285.40624
285.40625
285.40625
285.40625
285.40625
285.40625
285.40625
285.40625
285.40626
285.40626
285.40626
285.40626
285.40626
285.40626
285.40627
285.40627
285.40627
285.40627
285.40627
285.40627
285.40627
285.40627
285.40627
285.40627
285.40628
285.40628
285.40628
285.40628
285.40628
285.40628
285.40629
285.40629
285.40629
285.40629
285.40629
285.4063
285.4063
285.4063
285.4063
285.4063
285.4063
285.4063
285.4063
285.4063
285.4063
285.40631
285.40631
285.40631
285.40631
285.40631
285.40632
285.40632
285.40632
285.40632
285.40632
285.40632
285.40632
285.40633
285.40633
285.40633
285.40633
285.40633
285.40633
285.40633
285.40633
285.40634
285.40634
285.40634
285.40634
285.40634
285.40634
285.40635
285.40635
285.40635
285.40635
285.40635
285.40635
285.40635
285.40636
285.40636
285.40636
285.40636
285.40636
285.40636
285.40637
285.40637
285.40637
285.40637
285.40637
285.40637
285.40637
285.40638
285.40638
285.40638
285.40638
285.40638
285.40638
285.40638
285.40638
285.40639
285.40639
285.40639
285.40639
285.40639
285.40639
285.4064
285.4064
285.4064
285.4064
285.4064
285.40641
285.40641
285.40641
285.40641
285.40641
285.40641
285.40641
285.40641
285.40641
285.40642
285.40642
285.40642
285.40642
285.40642
285.40642
285.40643
285.40643
285.40643
285.40643
285.40643
285.40643
285.40644
285.40644
285.40644
285.40644
285.40644
285.40644
285.40644
285.40645
285.40645
285.40645
285.40645
285.40645
285.40645
285.40646
285.40646
285.40646
285.40646
285.40646
285.40646
285.40646
285.40646
285.40647
285.40647
285.40647
285.40647
285.40647
285.40648
285.40648
285.40648
285.40648
285.40648
285.40648
285.40649
285.40649
285.40649
285.40649
285.40649
285.40649
285.40649
285.4065
285.4065
285.4065
285.4065
285.4065
285.4065
285.40651
285.40651
285.40651
285.40651
285.40651
285.40651
285.40652
285.40652
285.40652
285.40652
285.40652
285.40653
285.40653
285.40653
285.40653
285.40653
285.40653
285.40653
285.40653
285.40654
285.40654
285.40654
285.40654
285.40654
285.40654
285.40655
285.40655
285.40655
285.40655
285.40655
285.40655
285.40656
285.40656
285.40656
285.40656
285.40656
285.40656
285.40657
285.40657
285.40657
285.40657
285.40657
285.40658
285.40658
285.40658
285.40658
285.40658
285.40658
285.40659
285.40659
285.40659
285.40659
285.40659
285.40659
285.40659
285.4066
285.4066
285.4066
285.4066
285.4066
285.40661
285.40661
285.40661
285.40661
285.40661
285.40661
285.40661
285.40662
285.40662
285.40662
285.40662
285.40662
285.40663
285.40663
285.40663
285.40663
285.40663
285.40663
285.40664
285.40664
285.40664
285.40664
285.40664
285.40664
285.40665
285.40665
285.40665
285.40665
285.40665
285.40666
285.40666
285.40666
285.40666
285.40666
285.40667
285.40667
285.40667
285.40667
285.40667
285.40667
285.40668
285.40668
285.40668
285.40668
285.40668
285.40668
285.40668
285.40669
285.40669
285.40669
285.40669
285.40669
285.4067
285.4067
285.4067
285.4067
285.4067
285.40671
285.40671
285.40671
285.40671
285.40671
285.40672
285.40672
285.40672
285.40672
285.40672
285.40672
285.40672
285.40672
285.40673
285.40673
285.40673
285.40673
285.40674
285.40674
285.40674
285.40674
285.40674
285.40674
285.40675
285.40675
285.40675
285.40675
285.40675
285.40676
285.40676
285.40676
285.40676
285.40676
285.40676
285.40677
285.40677
285.40677
285.40677
285.40677
285.40678
285.40678
285.40678
285.40678
285.40678
285.40679
285.40679
285.40679
285.40679
285.40679
285.4068
285.4068
285.4068
285.4068
285.4068
285.4068
285.40681
285.40681
285.40681
285.40681
285.40681
285.40681
285.40681
285.40681
285.40682
285.40682
285.40682
285.40682
285.40682
285.40683
285.40683
285.40683
285.40683
285.40683
285.40684
285.40684
285.40684
285.40684
285.40684
285.40685
285.40685
285.40685
285.40685
285.40685
285.40685
285.40686
285.40686
285.40686
285.40686
285.40686
285.40687
285.40687
285.40687
285.40687
285.40687
285.40688
285.40688
285.40688
285.40688
285.40688
285.40689
285.40689
285.40689
285.40689
285.40689
285.4069
285.4069
285.4069
285.4069
285.4069
285.4069
285.40691
285.40691
285.40691
285.40691
285.40691
285.40692
285.40692
285.40692
285.40692
285.40693
285.40693
285.40693
285.40693
285.40693
285.40693
285.40694
285.40694
285.40694
285.40694
285.40694
285.40694
285.40695
285.40695
285.40695
285.40695
285.40696
285.40696
285.40696
285.40696
285.40697
285.40697
285.40697
285.40697
285.40697
285.40698
285.40698
285.40698
285.40698
285.40699
285.40699
285.40699
285.40699
285.40699
285.407
285.407
285.407
285.407
285.407
285.40701
285.40701
285.40701
285.40701
285.40701
285.40702
285.40702
285.40702
285.40702
285.40702
285.40703
285.40703
285.40703
285.40703
285.40703
285.40704
285.40704
285.40704
285.40704
285.40705
285.40705
285.40705
285.40705
285.40705
285.40705
285.40706
285.40706
285.40706
285.40706
285.40706
285.40707
285.40707
285.40707
285.40707
285.40708
285.40708
285.40708
285.40708
285.40709
285.40709
285.40709
285.40709
285.4071
285.4071
285.4071
285.4071
285.4071
285.40711
285.40711
285.40711
285.40711
285.40712
285.40712
285.40712
285.40712
285.40712
285.40713
285.40713
285.40713
285.40713
285.40713
285.40714
285.40714
285.40714
285.40714
285.40715
285.40715
285.40715
285.40715
285.40716
285.40716
285.40716
285.40716
285.40716
285.40717
285.40717
285.40717
285.40717
285.40718
285.40718
285.40718
285.40718
285.40718
285.40719
285.40719
285.40719
285.40719
285.4072
285.4072
285.4072
285.4072
285.40721
285.40721
285.40721
285.40721
285.40721
285.40722
285.40722
285.40722
285.40722
285.40722
285.40723
285.40723
285.40723
285.40723
285.40724
285.40724
285.40724
285.40725
285.40725
285.40725
285.40726
285.40726
285.40726
285.40726
285.40726
285.40727
285.40727
285.40727
285.40727
285.40727
285.40728
285.40728
285.40728
285.40729
285.40729
285.40729
285.40729
285.4073
285.4073
285.4073
285.4073
285.40731
285.40731
285.40731
285.40731
285.40731
285.40732
285.40732
285.40732
285.40732
285.40733
285.40733
285.40733
285.40733
285.40734
285.40734
285.40734
285.40734
285.40735
285.40735
285.40735
285.40735
285.40736
285.40736
285.40736
285.40737
285.40737
285.40737
285.40737
285.40738
285.40738
285.40738
285.40738
285.40738
285.40739
285.40739
285.40739
285.40739
285.4074
285.4074
285.4074
285.40741
285.40741
285.40741
285.40741
285.40742
285.40742
285.40742
285.40743
285.40743
285.40743
285.40743
285.40743
285.40744
285.40744
285.40744
285.40744
285.40745
285.40745
285.40745
285.40746
285.40746
285.40746
285.40746
285.40747
285.40747
285.40747
285.40747
285.40747
285.40748
285.40748
285.40748
285.40749
285.40749
285.40749
285.40749
285.4075
285.4075
285.4075
285.40751
285.40751
285.40751
285.40752
285.40752
285.40752
285.40752
285.40753
285.40753
285.40753
285.40753
285.40754
285.40754
285.40754
285.40755
285.40755
285.40755
285.40755
285.40756
285.40756
285.40756
285.40757
285.40757
285.40757
285.40757
285.40758
285.40758
285.40758
285.40758
285.40759
285.40759
285.40759
285.4076
285.4076
285.4076
285.4076
285.40761
285.40761
285.40761
285.40761
285.40762
285.40762
285.40762
285.40763
285.40763
285.40763
285.40764
285.40764
285.40764
285.40765
285.40765
285.40765
285.40766
285.40766
285.40766
285.40766
285.40767
285.40767
285.40767
285.40768
285.40768
285.40768
285.40769
285.40769
285.40769
285.40769
285.4077
285.4077
285.4077
285.40771
285.40771
285.40771
285.40772
285.40772
285.40772
285.40773
285.40773
285.40773
285.40773
285.40774
285.40774
285.40774
285.40774
285.40775
285.40775
285.40775
285.40776
285.40776
285.40776
285.40777
285.40777
285.40777
285.40778
285.40778
285.40778
285.40779
285.40779
285.40779
285.4078
285.4078
285.4078
285.40781
285.40781
285.40781
285.40782
285.40782
285.40782
285.40783
285.40783
285.40783
285.40784
285.40784
285.40784
285.40785
285.40785
285.40785
285.40785
285.40786
285.40786
285.40786
285.40787
285.40787
285.40787
285.40788
285.40788
285.40788
285.40789
285.40789
285.40789
285.4079
285.4079
285.4079
285.40791
285.40791
285.40792
285.40792
285.40792
285.40792
285.40793
285.40793
285.40794
285.40794
285.40794
285.40795
285.40795
285.40795
285.40796
285.40796
285.40796
285.40797
285.40797
285.40797
285.40798
285.40798
285.40798
285.40799
285.40799
285.40799
285.408
285.408
285.408
285.40801
285.40801
285.40801
285.40802
285.40802
285.40802
285.40803
285.40803
285.40803
285.40804
285.40804
285.40805
285.40805
285.40805
285.40806
285.40806
285.40806
285.40807
285.40807
285.40807
285.40807
285.40808
285.40808
285.40809
285.40809
285.40809
285.4081
285.4081
285.40811
285.40811
285.40811
285.40812
285.40812
285.40812
285.40813
285.40813
285.40813
285.40814
285.40814
285.40814
285.40815
285.40815
285.40816
285.40816
285.40816
285.40817
285.40817
285.40817
285.40818
285.40818
285.40818
285.40819
285.40819
285.4082
285.4082
285.4082
285.40821
285.40821
285.40822
285.40822
285.40822
285.40823
285.40823
285.40823
285.40824
285.40824
285.40825
285.40825
285.40825
285.40826
285.40826
285.40826
285.40827
285.40827
285.40828
285.40828
285.40828
285.40829
285.40829
285.4083
285.4083
285.4083
285.40831
285.40831
285.40832
285.40832
285.40833
285.40833
285.40833
285.40834
285.40834
285.40835
285.40835
285.40836
285.40836
285.40837
285.40837
285.40837
285.40838
285.40838
285.40839
285.40839
285.40839
285.4084
285.4084
285.40841
285.40841
285.40842
285.40842
285.40843
285.40843
285.40843
285.40844
285.40844
285.40845
285.40845
285.40845
285.40846
285.40846
285.40847
285.40847
285.40848
285.40848
285.40849
285.40849
285.4085
285.4085
285.40851
285.40851
285.40852
285.40852
285.40852
285.40853
285.40853
285.40854
285.40854
285.40855
285.40855
285.40855
285.40856
285.40856
285.40857
285.40857
285.40858
285.40858
285.40859
285.40859
285.4086
285.4086
285.40861
285.40861
285.40861
285.40862
285.40862
285.40863
285.40863
285.40864
285.40864
285.40865
285.40866
285.40866
285.40866
285.40867
285.40867
285.40868
285.40868
285.40869
285.40869
285.4087
285.4087
285.40871
285.40871
285.40872
285.40872
285.40873
285.40873
285.40874
285.40874
285.40875
285.40875
285.40876
285.40876
285.40877
285.40877
285.40878
285.40878
285.40879
285.40879
285.4088
285.4088
285.40881
285.40881
285.40882
285.40882
285.40883
285.40883
285.40884
285.40884
285.40885
285.40886
285.40886
285.40887
285.40887
285.40888
285.40888
285.40889
285.40889
285.4089
285.4089
285.40891
285.40891
285.40892
285.40892
285.40893
285.40893
285.40894
285.40894
285.40895
285.40895
285.40896
285.40897
285.40897
285.40898
285.40898
285.40899
285.40899
285.409
285.40901
285.40901
285.40902
285.40902
285.40903
285.40904
285.40904
285.40905
285.40905
285.40906
285.40906
285.40907
285.40907
285.40908
285.40908
285.40909
285.40909
285.4091
285.40911
285.40911
285.40912
285.40912
285.40913
285.40914
285.40914
285.40915
285.40915
285.40916
285.40917
285.40917
285.40918
285.40919
285.40919
285.4092
285.4092
285.40921
285.40922
285.40922
285.40923
285.40923
285.40924
285.40924
285.40925
285.40926
285.40926
285.40927
285.40928
285.40928
285.40929
285.4093
285.4093
285.40931
285.40931
285.40932
285.40933
285.40933
285.40934
285.40935
285.40935
285.40936
285.40936
285.40937
285.40938
285.40938
285.40939
285.4094
285.4094
285.40941
285.40942
285.40942
285.40943
285.40944
285.40944
285.40945
285.40946
285.40946
285.40947
285.40948
285.40949
285.40949
285.4095
285.40951
285.40951
285.40952
285.40953
285.40953
285.40954
285.40955
285.40955
285.40956
285.40957
285.40957
285.40958
285.40959
285.4096
285.4096
285.40961
285.40962
285.40962
285.40963
285.40964
285.40964
285.40965
285.40966
285.40967
285.40967
285.40968
285.40969
285.4097
285.40971
285.40971
285.40972
285.40973
285.40974
285.40974
285.40975
285.40976
285.40976
285.40977
285.40978
285.40979
285.40979
285.4098
285.40981
285.40982
285.40983
285.40983
285.40984
285.40985
285.40986
285.40987
285.40987
285.40988
285.40989
285.4099
285.4099
285.40991
285.40992
285.40993
285.40994
285.40995
285.40996
285.40996
285.40997
285.40998
285.40999
285.41
285.41
285.41001
285.41002
285.41003
285.41004
285.41004
285.41005
285.41006
285.41007
285.41008
285.41009
285.41009
285.4101
285.41011
285.41012
285.41013
285.41014
285.41015
285.41016
285.41017
285.41017
285.41018
285.41019
285.4102
285.41021
285.41022
285.41023
285.41024
285.41025
285.41026
285.41027
285.41028
285.41028
285.41029
285.4103
285.41031
285.41032
285.41033
285.41034
285.41035
285.41035
285.41036
285.41037
285.41038
285.41039
285.4104
285.41041
285.41042
285.41043
285.41044
285.41045
285.41046
285.41047
285.41048
285.41049
285.4105
285.41051
285.41052
285.41053
285.41054
285.41055
285.41056
285.41057
285.41058
285.41059
285.4106
285.41061
285.41063
285.41063
285.41065
285.41066
285.41067
285.41068
285.41069
285.4107
285.41071
285.41072
285.41073
285.41074
285.41075
285.41076
285.41077
285.41078
285.41079
285.41081
285.41082
285.41083
285.41084
285.41085
285.41086
285.41087
285.41088
285.4109
285.41091
285.41092
285.41093
285.41094
285.41095
285.41096
285.41098
285.41099
285.411
285.41101
285.41102
285.41103
285.41105
285.41106
285.41107
285.41108
285.4111
285.41111
285.41112
285.41113
285.41114
285.41116
285.41117
285.41118
285.41119
285.41121
285.41122
285.41123
285.41124
285.41126
285.41127
285.41128
285.4113
285.41131
285.41132
285.41134
285.41135
285.41136
285.41138
285.41139
285.4114
285.41142
285.41143
285.41144
285.41146
285.41147
285.41148
285.4115
285.41151
285.41152
285.41154
285.41155
285.41157
285.41158
285.41159
285.41161
285.41162
285.41164
285.41165
285.41167
285.41168
285.4117
285.41171
285.41173
285.41174
285.41176
285.41177
285.41179
285.4118
285.41182
285.41183
285.41185
285.41187
285.41188
285.4119
285.41192
285.41193
285.41195
285.41196
285.41198
285.41199
285.41201
285.41203
285.41204
285.41206
285.41207
285.41209
285.4121
285.41212
285.41214
285.41216
285.41217
285.41219
285.41221
285.41223
285.41225
285.41226
285.41228
285.4123
285.41232
285.41233
285.41235
285.41237
285.41239
285.4124
285.41242
285.41244
285.41246
285.41248
285.41249
285.41251
285.41253
285.41255
285.41257
285.41259
285.41261
285.41263
285.41265
285.41267
285.41269
285.41271
285.41273
285.41275
285.41277
285.41279
285.41281
285.41283
285.41285
285.41287
285.41289
285.41292
285.41294
285.41296
285.41298
285.413
285.41302
285.41304
285.41306
285.41309
285.41311
285.41313
285.41315
285.41317
285.41319
285.41322
285.41324
285.41326
285.41329
285.41331
285.41333
285.41336
285.41338
285.41341
285.41343
285.41345
285.41348
285.4135
285.41352
285.41355
285.41357
285.4136
285.41362
285.41365
285.41367
285.4137
285.41373
285.41376
285.41379
285.41381
285.41384
285.41387
285.41389
285.41392
285.41395
285.41397
285.414
285.41403
285.41405
285.41408
285.41411
285.41414
285.41417
285.4142
285.41423
285.41426
285.41429
285.41432
285.41435
285.41438
285.41441
285.41444
285.41448
285.41451
285.41454
285.41457
285.41461
285.41464
285.41467
285.4147
285.41473
285.41476
285.41479
285.41482
285.41486
285.41489
285.41492
285.41495
285.41499
285.41502
285.41506
285.41509
285.41513
285.41517
285.4152
285.41524
285.41528
285.41532
285.41536
285.4154
285.41544
285.41548
285.41552
285.41556
285.4156
285.41564
285.41568
285.41573
285.41577
285.41581
285.41585
285.4159
285.41594
285.41598
285.41603
285.41607
285.41612
285.41616
285.41621
285.41625
285.4163
285.41634
285.41639
285.41644
285.41649
285.41654
285.41659
285.41664
285.41669
285.41674
285.41679
285.41684
285.4169
285.41695
285.417
285.41705
285.41711
285.41716
285.41722
285.41727
285.41733
285.41739
285.41745
285.4175
285.41756
285.41763
285.41769
285.41775
285.41781
285.41788
285.41794
285.41801
285.41807
285.41814
285.41821
285.41827
285.41834
285.41841
285.41848
285.41856
285.41863
285.4187
285.41878
285.41885
285.41893
285.41901
285.41909
285.41917
285.41925
285.41934
285.41942
285.4195
285.41959
285.41968
285.41976
285.41985
285.41994
285.42003
285.42012
285.42021
285.42031
285.42041
285.42051
285.42061
285.42071
285.42082
285.42092
285.42103
285.42114
285.42125
285.42136
285.42147
285.42158
285.42169
285.42181
285.42192
285.42203
285.42215
285.42226
285.42238
285.4225
285.42261
285.42273
285.42285
285.42296
285.42308
285.42319
285.4233
285.4234
285.42351
285.4236
285.42369
285.42378
285.42386
285.42394
285.42401
285.42407
285.42412
285.42416
285.4242
285.42422
285.42424
285.42426
285.42426
285.42426
285.42426
285.42426
285.42425
285.42422
285.42419
285.42416
285.42413
285.42411
285.42409
285.42408
285.42407
285.42407
285.42407
285.42408
285.4241
285.42415
285.42425
285.42438
285.42453
285.4247
285.42488
285.42508
285.4253
285.42553
285.42577
285.42603
285.4263
285.42657
285.42685
285.42712
285.4274
285.42767
285.42792
285.42817
285.4284
285.42862
285.42882
285.429
285.42916
285.42929
285.4294
285.42949
285.42955
285.42959
285.42962
285.42965
285.42971
285.42983
285.43011
285.43076
285.43232
285.43616
285.44568
285.4693
285.52832
285.67398
286.02539
286.57432
287.25343
288.04977
288.9434
289.9097
290.92154
291.95126
292.9725
293.96168
294.89908
295.76945
296.56222
297.27135
297.89485
298.43417
298.89343
299.27871
299.5973
299.8571
300.06612
300.23209
300.36218
300.46287
300.53981
300.59784
300.64105
300.67276
300.6957
300.71202
300.7234
300.73116
300.73629
300.73955
300.74149
300.74252
300.74297
300.74307
300.74303
300.74277
300.74213
300.74144
300.7408
300.74019
300.73963
300.73911
300.73862
300.73816
300.73773
300.73733
300.73694
300.73657
300.73621
300.73586
300.73552
300.73517
300.73482
300.73446
300.73409
300.73371
300.73331
300.73289
300.73246
300.73201
300.73155
300.73107
300.73058
300.73008
300.72958
300.72907
300.72856
300.72806
300.72757
300.72708
300.72661
300.72615
300.72571
300.72528
300.72487
300.72448
300.72411
300.72376
300.72342
300.7231
300.7228
300.72251
300.72224
300.72198
300.72174
300.7215
300.72128
300.72106
300.72086
300.72066
300.72047
300.72029
300.72012
300.71995
300.71978
300.71962
300.71947
300.71931
300.71917
300.71902
300.71888
300.71874
300.71861
300.71848
300.71835
300.71822
300.7181
300.71798
300.71786
300.71774
300.71763
300.71752
300.71741
300.7173
300.71719
300.71708
300.71698
300.71687
300.71677
300.71667
300.71657
300.71648
300.71638
300.71629
300.71619
300.7161
300.71601
300.71593
300.71584
300.71575
300.71567
300.71558
300.7155
300.71542
300.71534
300.71526
300.71518
300.71511
300.71503
300.71495
300.71488
300.71481
300.71474
300.71466
300.71459
300.71452
300.71445
300.71439
300.71432
300.71425
300.71419
300.71412
300.71406
300.71399
300.71393
300.71387
300.71381
300.71375
300.71369
300.71363
300.71357
300.71351
300.71346
300.7134
300.71334
300.71329
300.71323
300.71318
300.71312
300.71307
300.71302
300.71296
300.71291
300.71286
300.71281
300.71276
300.71271
300.71266
300.71261
300.71256
300.71251
300.71247
300.71242
300.71237
300.71233
300.71228
300.71224
300.71219
300.71215
300.7121
300.71206
300.71202
300.71197
300.71193
300.71189
300.71185
300.71181
300.71177
300.71173
300.71169
300.71165
300.71161
300.71157
300.71153
300.71149
300.71145
300.71141
300.71137
300.71133
300.7113
300.71126
300.71123
300.71119
300.71115
300.71112
300.71108
300.71105
300.71101
300.71098
300.71094
300.71091
300.71087
300.71084
300.71081
300.71077
300.71074
300.71071
300.71068
300.71064
300.71061
300.71058
300.71055
300.71052
300.71049
300.71046
300.71043
300.7104
300.71037
300.71034
300.71031
300.71028
300.71025
300.71022
300.71019
300.71016
300.71013
300.7101
300.71007
300.71004
300.71002
300.70999
300.70996
300.70993
300.70991
300.70988
300.70985
300.70983
300.7098
300.70978
300.70975
300.70973
300.7097
300.70968
300.70965
300.70962
300.7096
300.70957
300.70955
300.70952
300.7095
300.70947
300.70945
300.70943
300.7094
300.70938
300.70935
300.70933
300.70931
300.70929
300.70926
300.70924
300.70922
300.7092
300.70917
300.70915
300.70913
300.70911
300.70908
300.70906
300.70904
300.70902
300.709
300.70897
300.70895
300.70893
300.70891
300.70889
300.70887
300.70885
300.70883
300.70881
300.70879
300.70877
300.70875
300.70873
300.70871
300.70869
300.70867
300.70865
300.70863
300.70861
300.70859
300.70857
300.70855
300.70853
300.70851
300.70849
300.70847
300.70846
300.70844
300.70842
300.7084
300.70839
300.70837
300.70835
300.70833
300.70832
300.7083
300.70828
300.70826
300.70824
300.70823
300.70821
300.70819
300.70818
300.70816
300.70814
300.70812
300.70811
300.70809
300.70808
300.70806
300.70804
300.70803
300.70801
300.70799
300.70798
300.70796
300.70794
300.70793
300.70791
300.70789
300.70788
300.70786
300.70785
300.70783
300.70782
300.7078
300.70779
300.70777
300.70776
300.70774
300.70772
300.70771
300.70769
300.70768
300.70766
300.70765
300.70763
300.70762
300.70761
300.70759
300.70758
300.70757
300.70755
300.70754
300.70753
300.70751
300.7075
300.70748
300.70747
300.70745
300.70744
300.70742
300.70741
300.70739
300.70738
300.70737
300.70735
300.70734
300.70733
300.70732
300.7073
300.70729
300.70728
300.70727
300.70725
300.70724
300.70723
300.70721
300.7072
300.70719
300.70717
300.70716
300.70715
300.70714
300.70712
300.70711
300.7071
300.70709
300.70707
300.70706
300.70705
300.70704
300.70703
300.70701
300.707
300.70699
300.70698
300.70697
300.70696
300.70694
300.70693
300.70692
300.70691
300.7069
300.70688
300.70687
300.70686
300.70685
300.70684
300.70683
300.70682
300.7068
300.70679
300.70678
300.70677
300.70676
300.70675
300.70674
300.70673
300.70672
300.70671
300.7067
300.70668
300.70667
300.70666
300.70665
300.70664
300.70663
300.70662
300.70661
300.70659
300.70658
300.70657
300.70656
300.70655
300.70654
300.70653
300.70652
300.70651
300.7065
300.70649
300.70648
300.70647
300.70646
300.70645
300.70644
300.70643
300.70642
300.70641
300.7064
300.70639
300.70638
300.70637
300.70636
300.70635
300.70634
300.70633
300.70633
300.70632
300.70631
300.7063
300.70629
300.70628
300.70627
300.70626
300.70625
300.70624
300.70623
300.70622
300.70621
300.7062
300.70619
300.70618
300.70617
300.70617
300.70616
300.70615
300.70614
300.70613
300.70612
300.70611
300.7061
300.70609
300.70609
300.70608
300.70607
300.70606
300.70605
300.70605
300.70604
300.70603
300.70602
300.70601
300.706
300.70599
300.70598
300.70597
300.70597
300.70596
300.70595
300.70594
300.70593
300.70592
300.70592
300.70591
300.7059
300.70589
300.70588
300.70587
300.70587
300.70586
300.70585
300.70584
300.70583
300.70582
300.70582
300.70581
300.7058
300.70579
300.70579
300.70578
300.70577
300.70576
300.70575
300.70574
300.70574
300.70573
300.70572
300.70571
300.70571
300.7057
300.70569
300.70569
300.70568
300.70567
300.70566
300.70566
300.70565
300.70564
300.70563
300.70563
300.70562
300.70561
300.7056
300.7056
300.70559
300.70558
300.70557
300.70557
300.70556
300.70555
300.70555
300.70554
300.70553
300.70552
300.70552
300.70551
300.7055
300.70549
300.70549
300.70548
300.70547
300.70547
300.70546
300.70545
300.70544
300.70544
300.70543
300.70542
300.70542
300.70541
300.7054
300.7054
300.70539
300.70538
300.70538
300.70537
300.70536
300.70536
300.70535
300.70534
300.70534
300.70533
300.70532
300.70531
300.70531
300.7053
300.7053
300.70529
300.70528
300.70528
300.70527
300.70527
300.70526
300.70525
300.70525
300.70524
300.70523
300.70523
300.70522
300.70521
300.70521
300.7052
300.70519
300.70519
300.70518
300.70518
300.70517
300.70516
300.70516
300.70515
300.70515
300.70514
300.70513
300.70513
300.70512
300.70511
300.70511
300.7051
300.7051
300.70509
300.70509
300.70508
300.70507
300.70507
300.70506
300.70506
300.70505
300.70504
300.70504
300.70503
300.70503
300.70502
300.70501
300.70501
300.705
300.705
300.70499
300.70499
300.70498
300.70497
300.70497
300.70496
300.70496
300.70495
300.70495
300.70494
300.70494
300.70493
300.70492
300.70492
300.70491
300.70491
300.7049
300.7049
300.70489
300.70488
300.70488
300.70487
300.70487
300.70486
300.70486
300.70485
300.70485
300.70484
300.70484
300.70483
300.70483
300.70482
300.70482
300.70481
300.70481
300.7048
300.70479
300.70479
300.70478
300.70478
300.70477
300.70477
300.70476
300.70476
300.70475
300.70475
300.70474
300.70474
300.70473
300.70473
300.70472
300.70472
300.70471
300.70471
300.7047
300.7047
300.70469
300.70469
300.70468
300.70468
300.70467
300.70467
300.70466
300.70466
300.70465
300.70465
300.70464
300.70464
300.70463
300.70463
300.70462
300.70462
300.70461
300.70461
300.7046
300.7046
300.70459
300.70459
300.70458
300.70458
300.70457
300.70457
300.70456
300.70456
300.70455
300.70455
300.70454
300.70454
300.70453
300.70453
300.70452
300.70452
300.70452
300.70451
300.70451
300.7045
300.7045
300.70449
300.70449
300.70448
300.70448
300.70448
300.70447
300.70447
300.70446
300.70446
300.70445
300.70445
300.70444
300.70444
300.70443
300.70443
300.70443
300.70442
300.70442
300.70441
300.70441
300.7044
300.7044
300.70439
300.70439
300.70438
300.70438
300.70438
300.70437
300.70437
300.70436
300.70436
300.70435
300.70435
300.70435
300.70434
300.70434
300.70433
300.70433
300.70432
300.70432
300.70431
300.70431
300.7043
300.7043
300.7043
300.70429
300.70429
300.70428
300.70428
300.70428
300.70427
300.70427
300.70426
300.70426
300.70426
300.70425
300.70425
300.70424
300.70424
300.70423
300.70423
300.70423
300.70422
300.70422
300.70421
300.70421
300.70421
300.7042
300.7042
300.7042
300.70419
300.70419
300.70418
300.70418
300.70417
300.70417
300.70417
300.70416
300.70416
300.70416
300.70415
300.70415
300.70414
300.70414
300.70413
300.70413
300.70412
300.70412
300.70412
300.70411
300.70411
300.70411
300.7041
300.7041
300.7041
300.70409
300.70409
300.70408
300.70408
300.70408
300.70407
300.70407
300.70406
300.70406
300.70406
300.70405
300.70405
300.70405
300.70404
300.70404
300.70404
300.70403
300.70403
300.70402
300.70402
300.70402
300.70401
300.70401
300.70401
300.704
300.704
300.70399
300.70399
300.70399
300.70398
300.70398
300.70398
300.70397
300.70397
300.70396
300.70396
300.70396
300.70395
300.70395
300.70395
300.70394
300.70394
300.70394
300.70393
300.70393
300.70393
300.70392
300.70392
300.70392
300.70391
300.70391
300.70391
300.7039
300.7039
300.7039
300.70389
300.70389
300.70388
300.70388
300.70388
300.70387
300.70387
300.70387
300.70386
300.70386
300.70386
300.70385
300.70385
300.70385
300.70384
300.70384
300.70384
300.70383
300.70383
300.70383
300.70382
300.70382
300.70382
300.70381
300.70381
300.70381
300.7038
300.7038
300.7038
300.70379
300.70379
300.70379
300.70378
300.70378
300.70377
300.70377
300.70377
300.70376
300.70376
300.70376
300.70375
300.70375
300.70375
300.70375
300.70374
300.70374
300.70374
300.70373
300.70373
300.70373
300.70372
300.70372
300.70372
300.70371
300.70371
300.70371
300.70371
300.7037
300.7037
300.7037
300.70369
300.70369
300.70369
300.70369
300.70368
300.70368
300.70368
300.70367
300.70367
300.70367
300.70367
300.70366
300.70366
300.70365
300.70365
300.70365
300.70364
300.70364
300.70364
300.70363
300.70363
300.70363
300.70362
300.70362
300.70362
300.70362
300.70361
300.70361
300.70361
300.70361
300.7036
300.7036
300.7036
300.7036
300.70359
300.70359
300.70359
300.70358
300.70358
300.70358
300.70357
300.70357
300.70357
300.70356
300.70356
300.70356
300.70356
300.70355
300.70355
300.70355
300.70354
300.70354
300.70354
300.70354
300.70353
300.70353
300.70353
300.70352
300.70352
300.70352
300.70352
300.70351
300.70351
300.70351
300.7035
300.7035
300.7035
300.7035
300.70349
300.70349
300.70349
300.70348
300.70348
300.70348
300.70348
300.70347
300.70347
300.70347
300.70347
300.70346
300.70346
300.70346
300.70345
300.70345
300.70345
300.70345
300.70345
300.70344
300.70344
300.70344
300.70344
300.70343
300.70343
300.70343
300.70342
300.70342
300.70342
300.70341
300.70341
300.70341
300.70341
300.7034
300.7034
300.7034
300.70339
300.70339
300.70339
300.70339
300.70338
300.70338
300.70338
300.70338
300.70337
300.70337
300.70337
300.70337
300.70336
300.70336
300.70336
300.70336
300.70335
300.70335
300.70335
300.70334
300.70334
300.70334
300.70334
300.70333
300.70333
300.70333
300.70333
300.70333
300.70332
300.70332
300.70332
300.70332
300.70331
300.70331
300.70331
300.70331
300.7033
300.7033
300.7033
300.70329
300.70329
300.70329
300.70329
300.70328
300.70328
300.70328
300.70328
300.70327
300.70327
300.70327
300.70327
300.70326
300.70326
300.70326
300.70326
300.70325
300.70325
300.70325
300.70325
300.70324
300.70324
300.70324
300.70324
300.70323
300.70323
300.70323
300.70323
300.70322
300.70322
300.70322
300.70322
300.70321
300.70321
300.70321
300.70321
300.70321
300.7032
300.7032
300.7032
300.7032
300.70319
300.70319
300.70319
300.70318
300.70318
300.70318
300.70318
300.70317
300.70317
300.70317
300.70317
300.70317
300.70316
300.70316
300.70316
300.70316
300.70316
300.70315
300.70315
300.70315
300.70315
300.70314
300.70314
300.70314
300.70313
300.70313
300.70313
300.70313
300.70313
300.70313
300.70312
300.70312
300.70312
300.70312
300.70311
300.70311
300.70311
300.7031
300.7031
300.7031
300.7031
300.70309
300.70309
300.70309
300.70309
300.70309
300.70309
300.70308
300.70308
300.70308
300.70308
300.70307
300.70307
300.70307
300.70307
300.70306
300.70306
300.70306
300.70306
300.70306
300.70305
300.70305
300.70305
300.70305
300.70304
300.70304
300.70304
300.70304
300.70304
300.70303
300.70303
300.70303
300.70303
300.70302
300.70302
300.70302
300.70302
300.70302
300.70302
300.70301
300.70301
300.70301
300.70301
300.70301
300.703
300.703
300.703
300.70299
300.70299
300.70299
300.70299
300.70298
300.70298
300.70298
300.70298
300.70298
300.70297
300.70297
300.70297
300.70297
300.70297
300.70297
300.70296
300.70296
300.70296
300.70296
300.70296
300.70295
300.70295
300.70295
300.70295
300.70294
300.70294
300.70294
300.70294
300.70293
300.70293
300.70293
300.70293
300.70293
300.70293
300.70293
300.70292
300.70292
300.70292
300.70291
300.70291
300.70291
300.70291
300.70291
300.7029
300.7029
300.7029
300.7029
300.7029
300.7029
300.70289
300.70289
300.70289
300.70289
300.70289
300.70288
300.70288
300.70288
300.70288
300.70288
300.70288
300.70287
300.70287
300.70287
300.70287
300.70286
300.70286
300.70286
300.70285
300.70285
300.70285
300.70285
300.70285
300.70285
300.70284
300.70284
300.70284
300.70284
300.70284
300.70284
300.70284
300.70283
300.70283
300.70283
300.70283
300.70282
300.70282
300.70282
300.70282
300.70282
300.70282
300.70281
300.70281
300.70281
300.70281
300.70281
300.7028
300.7028
300.7028
300.70279
300.70279
300.70279
300.70279
300.70279
300.70279
300.70279
300.70279
300.70278
300.70278
300.70278
300.70278
300.70277
300.70277
300.70277
300.70277
300.70277
300.70276
300.70276
300.70276
300.70276
300.70276
300.70275
300.70275
300.70275
300.70275
300.70275
300.70275
300.70275
300.70274
300.70274
300.70274
300.70274
300.70274
300.70274
300.70273
300.70273
300.70273
300.70273
300.70273
300.70272
300.70272
300.70272
300.70271
300.70271
300.70271
300.70271
300.70271
300.70271
300.70271
300.7027
300.7027
300.7027
300.7027
300.7027
300.70269
300.70269
300.70269
300.70269
300.70269
300.70269
300.70268
300.70268
300.70268
300.70268
300.70268
300.70267
300.70267
300.70267
300.70267
300.70267
300.70267
300.70267
300.70267
300.70267
300.70266
300.70266
300.70266
300.70266
300.70266
300.70265
300.70265
300.70265
300.70265
300.70265
300.70264
300.70264
300.70264
300.70264
300.70263
300.70263
300.70263
300.70263
300.70263
300.70263
300.70263
300.70262
300.70262
300.70262
300.70262
300.70262
300.70262
300.70261
300.70261
300.70261
300.70261
300.7026
300.7026
300.7026
300.7026
300.7026
300.7026
300.7026
300.7026
300.7026
300.70259
300.70259
300.70259
300.70259
300.70258
300.70258
300.70258
300.70258
300.70258
300.70258
300.70258
300.70258
300.70257
300.70257
300.70257
300.70257
300.70257
300.70257
300.70256
300.70256
300.70256
300.70256
300.70256
300.70256
300.70256
300.70255
300.70255
300.70255
300.70255
300.70255
300.70255
300.70255
300.70254
300.70254
300.70254
300.70254
300.70254
300.70254
300.70254
300.70254
300.70254
300.70254
300.70254
300.70253
300.70253
300.70253
300.70253
300.70253
300.70253
300.70253
300.70253
300.70253
300.70253
300.70253
300.70253
300.70253
300.70253
300.70253
300.70253
300.70253
300.70253
300.70253
300.70253
300.70253
300.70253
300.70253
300.70254
300.70254
300.70254
300.70254
300.70254
300.70255
300.70255
300.70255
300.70255
300.70255
300.70256
300.70256
300.70256
300.70257
300.70257
300.70258
300.70258
300.70259
300.7026
300.7026
300.70261
300.70262
300.70262
300.70263
300.70264
300.70265
300.70266
300.70267
300.70268
300.70269
300.7027
300.70272
300.70273
300.70274
300.70276
300.70277
300.70279
300.70281
300.70283
300.70285
300.70287
300.70289
300.70292
300.70294
300.70297
300.70299
300.70302
300.70305
300.70308
300.70312
300.70315
300.70319
300.70323
300.70327
300.70332
300.70336
300.70341
300.70346
300.70352
300.70357
300.70363
300.70369
300.70375
300.70382
300.70389
300.70397
300.70405
300.70413
300.70422
300.70431
300.7044
300.7045
300.70461
300.70471
300.70483
300.70495
300.70508
300.70521
300.70535
300.70549
300.70565
300.70581
300.70597
300.70615
300.70633
300.70652
300.70673
300.70694
300.70716
300.70739
300.70763
300.70788
300.70815
300.70842
300.70871
300.70902
300.70933
300.70967
300.71001
300.71038
300.71075
300.71115
300.71156
300.71199
300.71245
300.71292
300.71341
300.71393
300.71447
300.71504
300.71562
300.71624
300.71688
300.71755
300.71825
300.71898
300.71974
300.72054
300.72137
300.72224
300.72314
300.72409
300.72507
300.7261
300.72718
300.72829
300.72946
300.73068
300.73195
300.73327
300.73465
300.73608
300.73758
300.73914
300.74077
300.74246
300.74423
300.74607
300.74798
300.74998
300.75206
300.75423
300.75648
300.75883
300.76128
300.76382
300.76647
300.76922
300.77209
300.77508
300.77818
300.78141
300.78477
300.78827
300.7919
300.79568
300.79961
300.8037
300.80795
300.81236
300.81695
300.82172
300.82668
300.83183
300.83717
300.84273
300.8485
300.85449
300.86071
300.86716
300.87387
300.88082
300.88805
300.89554
300.90331
300.91138
300.91974
300.92841
300.93741
300.94673
300.9564
300.96641
300.9768
300.98755
300.99869
301.01023
301.02218
301.03456
301.04737
301.06063
301.07435
301.08855
301.10324
301.11843
301.13414
301.15038
301.16717
301.18452
301.20244
301.22096
301.24008
301.25982
301.2802
301.30123
301.32293
301.34532
301.3684
301.3922
301.41672
301.44199
301.46802
301.49483
301.52242
301.55082
301.58004
301.6101
301.641
301.67276
301.70539
301.73891
301.77333
301.80865
301.84489
301.88206
301.92017
301.95922
301.99922
302.04019
302.08212
302.12502
302.16889
302.21374
302.25956
302.30636
302.35414
302.40288
302.4526
302.50327
302.55489
302.60747
302.66097
302.71541
302.77075
302.82698
302.8841
302.94208
303.0009
303.06053
303.12097
303.18217
303.24413
303.3068
303.37016
303.43417
303.49882
303.56406
303.62986
303.69619
303.763
303.83026
303.89793
303.96596
304.03433
304.10299
304.17189
304.24099
304.31026
304.37964
304.4491
304.51858
304.58806
304.65748
304.7268
304.79598
304.86497
304.93374
305.00224
305.07043
305.13827
305.20573
305.27276
305.33934
305.40542
305.47097
305.53595
305.60034
305.66411
305.72722
305.78965
305.85137
305.91235
305.97259
306.03204
306.09069
306.14853
306.20553
306.26168
306.31697
306.37138
306.4249
306.47752
306.52923
306.58003
306.62991
306.67886
306.72689
306.77398
306.82015
306.86538
306.90968
306.95305
306.9955
307.03703
307.07765
307.11735
307.15615
307.19406
307.23107
307.26721
307.30248
307.33689
307.37045
307.40318
307.43508
307.46616
307.49644
307.52593
307.55464
307.58259
307.60978
307.63624
307.66197
307.68699
307.71132
307.73496
307.75793
307.78024
307.80192
307.82296
307.84339
307.86322
307.88247
307.90114
307.91925
307.93682
307.95385
307.97036
307.98636
308.00187
308.0169
308.03146
308.04556
308.05922
308.07244
308.08524
308.09763
308.10963
308.12123
308.13246
308.14332
308.15383
308.16399
308.17382
308.18331
308.1925
308.20137
308.20995
308.21824
308.22625
308.23399
308.24146
308.24868
308.25565
308.26238
308.26888
308.27515
308.28121
308.28705
308.29269
308.29813
308.30338
308.30845
308.31333
308.31805
308.32259
308.32697
308.3312
308.33527
308.3392
308.34299
308.34663
308.35015
308.35354
308.3568
308.35995
308.36298
308.3659
308.36871
308.37142
308.37403
308.37654
308.37896
308.38128
308.38352
308.38568
308.38776
308.38975
308.39168
308.39353
308.3953
308.39702
308.39866
308.40025
308.40177
308.40324
308.40465
308.40601
308.40731
308.40857
308.40977
308.41093
308.41205
308.41312
308.41415
308.41514
308.41609
308.417
308.41788
308.41872
308.41954
308.42031
308.42106
308.42178
308.42247
308.42314
308.42378
308.42439
308.42498
308.42554
308.42608
308.4266
308.42711
308.42759
308.42805
308.42849
308.42892
308.42932
308.42971
308.43009
308.43045
308.4308
308.43113
308.43145
308.43176
308.43205
308.43234
308.43261
308.43287
308.43312
308.43336
308.43359
308.43381
308.43402
308.43423
308.43442
308.43461
308.43479
308.43496
308.43513
308.43528
308.43544
308.43558
308.43572
308.43586
308.43599
308.43611
308.43623
308.43634
308.43645
308.43656
308.43666
308.43676
308.43686
308.43694
308.43703
308.43711
308.43719
308.43726
308.43734
308.43741
308.43748
308.43754
308.4376
308.43766
308.43772
308.43777
308.43782
308.43787
308.43792
308.43797
308.43802
308.43806
308.43811
308.43815
308.43819
308.43822
308.43826
308.43829
308.43832
308.43835
308.43838
308.43841
308.43844
308.43847
308.4385
308.43853
308.43855
308.43858
308.4386
308.43862
308.43864
308.43866
308.43868
308.4387
308.43872
308.43874
308.43876
308.43878
308.4388
308.43881
308.43882
308.43884
308.43886
308.43887
308.43888
308.4389
308.43891
308.43893
308.43894
308.43895
308.43897
308.43898
308.43899
308.439
308.43902
308.43903
308.43904
308.43905
308.43906
308.43907
308.43908
308.43909
308.4391
308.43911
308.43912
308.43913
308.43914
308.43916
308.43917
308.43918
308.43919
308.4392
308.43921
308.43922
308.43923
308.43924
308.43925
308.43926
308.43927
308.43927
308.43928
308.43929
308.43931
308.43932
308.43932
308.43933
308.43934
308.43935
308.43936
308.43937
308.43938
308.43939
308.4394
308.43941
308.43942
308.43943
308.43944
308.43944
308.43945
308.43946
308.43947
308.43948
308.43949
308.4395
308.43951
308.43951
308.43952
308.43953
308.43954
308.43955
308.43956
308.43957
308.43957
308.43958
308.43959
308.4396
308.43961
308.43962
308.43962
308.43963
308.43964
308.43965
308.43966
308.43966
308.43967
308.43968
308.43969
308.4397
308.4397
308.43971
308.43972
308.43973
308.43974
308.43974
308.43975
308.43976
308.43977
308.43977
308.43978
308.43979
308.4398
308.4398
308.43981
308.43982
308.43982
308.43983
308.43984
308.43985
308.43985
308.43986
308.43987
308.43987
308.43988
308.43989
308.43989
308.4399
308.43991
308.43991
308.43992
308.43993
308.43993
308.43994
308.43995
308.43995
308.43996
308.43997
308.43997
308.43998
308.43998
308.43999
308.44
308.44
308.44001
308.44001
308.44002
308.44003
308.44003
308.44004
308.44004
308.44005
308.44005
308.44006
308.44007
308.44007
308.44008
308.44008
308.44009
308.44009
308.4401
308.4401
308.44011
308.44011
308.44012
308.44012
308.44013
308.44013
308.44014
308.44014
308.44015
308.44015
308.44016
308.44016
308.44017
308.44017
308.44018
308.44018
308.44019
308.44019
308.4402
308.4402
308.4402
308.44021
308.44021
308.44022
308.44022
308.44023
308.44023
308.44023
308.44024
308.44024
308.44025
308.44025
308.44025
308.44026
308.44026
308.44026
308.44027
308.44027
308.44027
308.44028
308.44028
308.44028
308.44028
308.44029
308.44029
308.44029
308.44029
308.4403
308.4403
308.4403
308.4403
308.4403
308.44031
308.44031
308.44031
308.44031
308.44031
308.44031
308.44031
308.44031
308.44031
308.44031
308.44031
308.44031
308.44031
308.44031
308.44031
308.44031
308.44031
308.44031
308.4403
308.4403
308.4403
308.4403
308.4403
308.44029
308.44029
308.44029
308.44029
308.44028
308.44028
308.44027
308.44027
308.44026
308.44026
308.44025
308.44025
308.44025
308.44024
308.44023
308.44023
308.44022
308.44022
308.44021
308.44021
308.4402
308.4402
308.44019
308.44019
308.44018
308.44018
308.44017
308.44017
308.44017
308.44016
308.44016
308.44015
308.44015
308.44015
308.44015
308.44014
308.44014
308.44014
308.44014
308.44014
308.44013
308.44014
308.44018
)
;

boundaryField
{
    leftSide
    {
        type            zeroGradient;
    }
    rightSide
    {
        type            zeroGradient;
    }
    emptywalls
    {
        type            empty;
    }
}


// ************************************************************************* //
