-1.25 	300 	0.07298528372445875 	101354.3892626141
-1.247497497497497 	300.0245406685956 	0.0813702294463053 	101359.9732278074
-1.244994994994995 	300.0331850133185 	0.0964751147615085 	101364.4196037456
-1.242492492492492 	300.036685471783 	0.1065830349631893 	101368.3306461264
-1.23998998998999 	300.0392896601639 	0.1134051701969254 	101371.4521459
-1.237487487487487 	300.0411424397078 	0.1189336547688945 	101373.6453932569
-1.234984984984985 	300.0422135827527 	0.1220755431569748 	101374.9121928049
-1.232482482482482 	300.0425995721764 	0.1231314198733837 	101375.3686333277
-1.22997997997998 	300.0422209725343 	0.1219872102294891 	101374.9207762268
-1.227477477477477 	300.0410091661741 	0.1185006667661449 	101373.4877687706
-1.224974974974975 	300.0390129868262 	0.1127391539577162 	101371.1271776429
-1.222472472472472 	300.0362852472428 	0.1048346773796805 	101367.9015878672
-1.21996996996997 	300.0328656855778 	0.09493895911189228 	101363.8580303707
-1.217467467467467 	300.0288368047909 	0.08332033746551684 	101359.0939246789
-1.214964964964965 	300.0243197782038 	0.07027165014457809 	101353.752794607
-1.212462462462462 	300.019389438086 	0.05601558911260857 	101347.9231303279
-1.20995995995996 	300.0141135362705 	0.0407819484828438 	101341.6851610802
-1.207457457457457 	300.0085995885568 	0.0248130826782048 	101335.1660772697
-1.204954954954955 	300.0029302261812 	0.008427917264202441 	101328.463466033
-1.202452452452452 	299.9971844387663 	0.008633684384772735 	101321.6707672318
-1.19994994994995 	299.991478243942 	0.02470207763636751 	101314.9253096683
-1.197447447447447 	299.9859279334609 	0.0407557135951773 	101308.3643481079
-1.194944944944945 	299.9806153276684 	0.05612878226084128 	101302.0846714376
-1.192442442442442 	299.975613010012 	0.07055406170597123 	101296.172103392
-1.18993993993994 	299.9710566228022 	0.08368116957735808 	101290.7866272275
-1.187437437437437 	299.9670753242451 	0.09521601934211363 	101286.0811700437
-1.184934934934935 	299.9637263682475 	0.1048842472380223 	101282.1230958131
-1.182432432432432 	299.9610506161035 	0.1125871607405761 	101278.9607457041
-1.17992992992993 	299.9590901983573 	0.1182560048585598 	101276.6439456666
-1.177427427427427 	299.9578529772436 	0.1218297408839212 	101275.1816061013
-1.174924924924925 	299.957379667097 	0.1232085511822659 	101274.6222496737
-1.172422422422422 	299.9577235213187 	0.1222269582334667 	101275.0285221773
-1.16991991991992 	299.9588786151807 	0.1188718020196401 	101276.3935161728
-1.167417417417417 	299.9608132649541 	0.1132429533831679 	101278.6799180919
-1.164914914914915 	299.9634937921759 	0.1055355771842996 	101281.8476560582
-1.162412412412412 	299.9668300358135 	0.09592630250005207 	101285.7905588983
-1.15990990990991 	299.9707428284864 	0.08456795379267375 	101290.4149199161
-1.157407407407407 	299.9751729039264 	0.0717208125406049 	101295.6509209842
-1.154904904904904 	299.9800532161058 	0.05756858664595069 	101301.4193743921
-1.152402402402403 	299.9853119951899 	0.04238853808935779 	101307.6352404306
-1.1498998998999 	299.9908451715669 	0.02650673674024268 	101314.1758756973
-1.147397397397397 	299.9964878114291 	0.01016202870397461 	101320.8461485959
-1.144894894894895 	300.0021505652055 	0.008673705900111208 	101327.540619563
-1.142392392392392 	300.0078072284091 	0.02264855558870794 	101334.2282641029
-1.13988988988989 	300.0133719573436 	0.03872940045616816 	101340.8073576453
-1.137387387387387 	300.0187263937317 	0.05418563984793509 	101347.1382358707
-1.134884884884885 	300.0237386410835 	0.06865312500795957 	101353.064710103
-1.132382382382382 	300.0282940840867 	0.08182005582343164 	101358.4513909985
-1.12987987987988 	300.0323137642236 	0.09343027540293596 	101363.2047667196
-1.127377377377377 	300.0357420720507 	0.103352374532086 	101367.258819043
-1.124874874874875 	300.0385329226655 	0.1114280292590416 	101370.5592438773
-1.122372372372372 	300.0406361644598 	0.1174920348177845 	101373.0464994652
-1.11986986986987 	300.041994132015 	0.121412721183772 	101374.6525700069
-1.117367367367367 	300.0425624622873 	0.1230369065431462 	101375.3248005208
-1.114864864864865 	300.0423167633152 	0.1223243720382258 	101375.0341894576
-1.112362362362362 	300.041262583338 	0.1192893895562741 	101373.7876306974
-1.10985985985986 	300.0394422674586 	0.1140176199453001 	101371.6349831802
-1.107357357357357 	300.0369040089932 	0.1066641107735757 	101368.6334513317
-1.104854854854855 	300.0336868426754 	0.09735175754780959 	101364.8291432539
-1.102352352352353 	300.0298447241612 	0.08625687472985188 	101360.2858053548
-1.09984984984985 	300.0254467584664 	0.07355352587255454 	101355.0854294864
-1.097347347347347 	300.0205808079159 	0.05949006496662608 	101349.3318116003
-1.094844844844845 	300.0153569216906 	0.04438880599399755 	101343.1553087848
-1.092342342342342 	300.0098757260916 	0.02852981419800998 	101336.6748866582
-1.08983983983984 	300.0042288099881 	0.01223105482863147 	101329.9987127507
-1.087337337337337 	299.998511614995 	0.008731776613135251 	101323.2398125336
-1.084834834834835 	299.9927933655165 	0.02089034399012686 	101316.4799719867
-1.082332332332332 	299.9871715712234 	0.0371404441145249 	101309.8344512247
-1.07982982982983 	299.9817768701835 	0.05273434805824324 	101303.4577431365
-1.077327327327327 	299.9767215931068 	0.06730940061344076 	101297.4824231851
-1.074824824824825 	299.9721150993798 	0.08060978323854212 	101292.0377356836
-1.072322322322323 	299.9680390675713 	0.09243538645183377 	101287.2202636882
-1.06981981981982 	299.9645396570874 	0.1025382214647526 	101283.0843364594
-1.067317317317317 	299.9616742479528 	0.1107801337760103 	101279.6979097465
-1.064814814814815 	299.959513269783 	0.1169993529285232 	101277.1440039533
-1.062312312312312 	299.9581094161749 	0.1210511604970703 	101275.4847406846
-1.05980980980981 	299.957510296015 	0.1228335620909013 	101274.7767237086
-1.057307307307307 	299.9577216145803 	0.1222518917090102 	101275.0263358657
-1.054804804804805 	299.9587074705155 	0.1193583040722462 	101276.1913873841
-1.052302302302302 	299.9604526436181 	0.1142713882405309 	101278.2538220689
-1.0497997997998 	299.9629359426378 	0.1071425858020394 	101281.1884650384
-1.047297297297297 	299.9660904208777 	0.09805012220240841 	101284.9165460263
-1.044794794794795 	299.9698643728809 	0.08709334038648577 	101289.3767499136
-1.042292292292292 	299.974185291123 	0.07456507617353648 	101294.4837184442
-1.03978978978979 	299.9789597847496 	0.06072030956083703 	101300.1270092066
-1.037287287287287 	299.984123253318 	0.04585980124152231 	101306.2301744589
-1.034784784784785 	299.9895748180336 	0.03021047614686512 	101312.6742791643
-1.032282282282283 	299.9951703922307 	0.01397072045717924 	101319.2888132662
-1.02977977977978 	300.0008213075782 	0.008381041180209129 	101325.9692282228
-1.027277277277277 	300.0064826792661 	0.01882414828560871 	101332.6623171232
-1.024774774774775 	300.0120583425302 	0.03493385344255676 	101339.2542989119
-1.022272272272272 	300.0174172295062 	0.05042361414021541 	101345.5903687105
-1.01976976976977 	300.0224541899466 	0.06497769681695804 	101351.5459737573
-1.017267267267267 	300.0270929241349 	0.07836884916579352 	101357.0310837152
-1.014764764764765 	300.0312563993609 	0.09036382935753157 	101361.9544136219
-1.012262262262262 	300.0348635554292 	0.1007868653682186 	101366.2199623094
-1.00975975975976 	300.0378402324119 	0.1093956214747747 	101369.7401105204
-1.007257257257257 	300.0401157648054 	0.1159760115317489 	101372.4311187028
-1.004754754754755 	300.0416392407888 	0.1203918812160502 	101374.2328751426
-1.002252252252252 	300.0423818628743 	0.1225193096074694 	101375.1112285688
-0.9997497497497498 	300.0423279231865 	0.1223784744668706 	101375.0474226738
-0.9972472472472473 	300.0414865435403 	0.119958332275182 	101374.0524776691
-0.9947447447447449 	300.0398851925484 	0.1152911629624959 	101372.1588364333
-0.9922422422422421 	300.0375418010394 	0.1084828716680426 	101369.3876633721
-0.9897397397397399 	300.0344913434394 	0.09963831378474945 	101365.7804716292
-0.9872372372372376 	300.0307926120596 	0.08894933906237008 	101361.4067452809
-0.9847347347347346 	300.0265179118992 	0.07661358156293914 	101356.3519961778
-0.9822322322322323 	300.0217600283752 	0.06287296646766778 	101350.7262044438
-0.9797297297297296 	300.0166155876666 	0.0479895597679608 	101344.6434819738
-0.9772272272272275 	300.0111629365674 	0.03224099001254716 	101338.1967292844
-0.9747247247247248 	300.0055131650459 	0.01594170324590502 	101331.5172281044
-0.9722222222222224 	299.999786063636 	0.008058350527479099 	101324.746444162
-0.9697197197197196 	299.9940663403503 	0.01722369177850209 	101317.9848620516
-0.9672172172172175 	299.9884524333614 	0.03346713755427479 	101311.348537039
-0.9647147147147147 	299.9830399662014 	0.04911969242295534 	101304.9507409307
-0.9622122122122124 	299.9779160216386 	0.06389171841943785 	101298.8942912934
-0.9597097097097099 	299.9731917811328 	0.07755388567831785 	101293.310322609
-0.9572072072072073 	299.9689635544199 	0.08981169380214203 	101288.3129684938
-0.9547047047047047 	299.9653045832081 	0.1003405911064593 	101283.9884062026
-0.9522022022022023 	299.9622978795509 	0.1089901070079019 	101280.4349478133
-0.9496996996996998 	299.9600030621073 	0.1156040393027725 	101277.7229215886
-0.9471971971971973 	299.9584585041603 	0.120084317569417 	101275.8973491406
-0.9446946946946947 	299.9576984355805 	0.1223371820935093 	101274.999103633
-0.9421921921921923 	299.9577266188571 	0.1222572747409834 	101275.0323123057
-0.93968968968969 	299.9585263614464 	0.1198869273355496 	101275.9773980202
-0.9371871871871872 	299.9601042062448 	0.1153136468763626 	101277.8420802016
-0.9346846846846848 	299.9624242880462 	0.1086546647241563 	101280.5838353162
-0.9321821821821823 	299.9654247697677 	0.09999687015269583 	101284.1298897922
-0.9296796796796799 	299.9690473506491 	0.0894767652924453 	101288.4111779309
-0.9271771771771771 	299.9732262925488 	0.07734515427854816 	101293.3502809934
-0.9246746746746748 	299.977887433951 	0.06382245931726706 	101298.8595434272
-0.9221721721721724 	299.9829773731852 	0.04919493875482944 	101304.8757544829
-0.9196696696696698 	299.9883684751917 	0.03368420584901084 	101311.248313454
-0.9171671671671672 	299.9939281428331 	0.0175606055978335 	101317.820357502
-0.9146646646646649 	299.9995455929627 	0.00721688501715893 	101324.4611091471
-0.9121621621621623 	300.0051614042136 	0.01497663423883461 	101331.1002754076
-0.9096596596596597 	300.0107075092224 	0.03100999777269529 	101337.6572463271
-0.9071571571571573 	300.0160816283385 	0.04654623955215711 	101344.0112182483
-0.9046546546546547 	300.0211852057303 	0.06129129178646804 	101350.0455633413
-0.9021521521521524 	300.025925906933 	0.07498366519369992 	101355.6511533995
-0.8996496496496498 	300.0302087877504 	0.08734842166932157 	101360.7156320138
-0.8971471471471473 	300.0339501935387 	0.09816749439959871 	101365.1399129818
-0.894644644644645 	300.0370773336218 	0.1071993461250274 	101368.8379292183
-0.892142142142142 	300.0395224588989 	0.1142612061897822 	101371.7295116522
-0.8896396396396397 	300.0412332937881 	0.1192001613462536 	101373.7528214011
-0.8871371371371374 	300.0421729157689 	0.1219009878415513 	101374.8641453101
-0.8846346346346349 	300.0423181092368 	0.1223346341913324 	101375.0358540163
-0.8821321321321324 	300.0416751669444 	0.1204771146219618 	101374.2755298945
-0.8796296296296297 	300.0402648112897 	0.1163801036745059 	101372.6077713303
-0.8771271271271271 	300.0381082523687 	0.1101296780712722 	101370.0575606395
-0.8746246246246248 	300.0352407539128 	0.1018316988751345 	101366.6667041954
-0.8721221221221224 	300.0317110354451 	0.09163063365097353 	101362.492796247
-0.8696196196196196 	300.0275783001106 	0.07969124664639127 	101357.6058747187
-0.8671171171171175 	300.0229287665883 	0.06624576307098046 	101352.1081516995
-0.8646146146146148 	300.0178551437804 	0.05156639060839024 	101346.1091376685
-0.8621121121121121 	300.0124531190307 	0.03597407975161179 	101339.7221811177
-0.8596096096096097 	300.006842419038 	0.0197817145728392 	101333.0887590788
-0.857107107107107 	300.0011404821067 	0.006441700196717311 	101326.3476490361
-0.8546046046046049 	299.9954224364461 	0.01329135494974487 	101319.5879870919
-0.8521021021021022 	299.9897752886499 	0.02963234401939404 	101312.9123193363
-0.8495995995995997 	299.9842903000271 	0.04546844846426897 	101306.4287473434
-0.8470970970970974 	299.9790767519172 	0.06050365779506309 	101300.2662923544
-0.8445945945945946 	299.974253944576 	0.07446154578593467 	101294.5657488091
-0.8420920920920922 	299.9699158145427 	0.08703235878687089 	101289.4384877368
-0.8395895895895897 	299.9661343264187 	0.09792480317041241 	101284.9690984718
-0.8370870870870872 	299.962993276929 	0.1069762749472441 	101281.2568714824
-0.8345845845845846 	299.9605443027068 	0.1140292562617796 	101278.3626341103
-0.8320820820820823 	299.9588395146164 	0.1189759780730155 	101276.3476585693
-0.8295795795795798 	299.9579129816409 	0.1217109826668964 	101275.2527081125
-0.8270770770770772 	299.9577665292341 	0.1221226738113395 	101275.0795213588
-0.8245745745745746 	299.9583863137914 	0.1202634117881052 	101275.8119815301
-0.8220720720720721 	299.9597888850458 	0.1162172772204258 	101277.4695209147
-0.8195695695695699 	299.9619276780574 	0.110076870340219 	101279.9969599955
-0.817067067067067 	299.9647657278622 	0.101888878807761 	101283.3510751278
-0.8145645645645651 	299.9682496641622 	0.09176538205732857 	101287.4684512987
-0.8120620620620621 	299.9723149138853 	0.07996656760407252 	101292.2731829401
-0.8095595595595597 	299.9768748129932 	0.06674476834054086 	101297.6627360164
-0.8070570570570572 	299.9818753239612 	0.05241078787161944 	101303.5731290914
-0.8045545545545546 	299.9871690668522 	0.03714710925368019 	101309.8306003613
-0.8020520520520523 	299.9926573100915 	0.02122370194884407 	101316.3181043241
-0.7995495495495494 	299.9982223256907 	0.005186642260109119 	101322.896846886
-0.7970470470470474 	300.003804278626 	0.01105653078525798 	101329.4959041974
-0.7945445445445446 	300.0093494982389 	0.0270868104302405 	101336.0516762926
-0.7920420420420423 	300.014756802978 	0.0427100139246388 	101342.4448871028
-0.7895395395395397 	300.0199201803259 	0.05762180513020502 	101348.549818293
-0.7870370370370371 	300.0247453766057 	0.07156292821342031 	101354.2553088895
-0.7845345345345348 	300.0291379965909 	0.08425259810289727 	101359.4495029092
-0.7820320320320323 	300.0330148110684 	0.09546941175413486 	101364.0337866687
-0.7795295295295296 	300.0362955418559 	0.1049454808384447 	101367.9134823492
-0.7770270270270272 	300.0389061249845 	0.112480106310847 	101371.0006609182
-0.7745245245245247 	300.0407907616255 	0.1179251526264726 	101373.2295419648
-0.7720220220220222 	300.0419162202525 	0.1211623133936596 	101374.5606347976
-0.7695195195195199 	300.0422616857174 	0.1221724607771605 	101374.9691345101
-0.767017017017017 	300.0418300955237 	0.1209169563134948 	101374.4587970835
-0.7645145145145147 	300.0406278441569 	0.1174229325023416 	101373.0370849879
-0.7620120120120122 	300.0386647392295 	0.1117407187281226 	101370.7157012145
-0.7595095095095097 	300.0359678270255 	0.1039425723715515 	101367.5265554311
-0.7570070070070072 	300.0325846705451 	0.09416612574685627 	101363.5258622957
-0.7545045045045048 	300.0285758336437 	0.08258421481088238 	101358.785506775
-0.7520020020020022 	300.0240317475355 	0.06944369304329087 	101353.4123448515
-0.7494994994994997 	300.0190446179737 	0.05501879386592076 	101347.5156054918
-0.7469969969969972 	300.013713198146 	0.03962140644534022 	101341.2120633464
-0.7444944944944945 	300.0081500028065 	0.02355475795310377 	101334.6346565678
-0.7419919919919924 	300.0024678605124 	0.007103593581920885 	101327.9169873103
-0.7394894894894897 	299.996746937282 	0.01075435534951551 	101321.1537507854
-0.7369869869869872 	299.9910724769437 	0.02586712145250391 	101314.4457873743
-0.7344844844844846 	299.9855400224117 	0.04183871099607613 	101307.9060562819
-0.7319819819819822 	299.9802630038548 	0.0570778975205179 	101301.6684210948
-0.7294794794794797 	299.9753508013292 	0.07128941060069 	101295.8622816825
-0.7269769769769773 	299.9708983730093 	0.08416110248273802 	101290.5997826039
-0.7244744744744747 	299.9669920011446 	0.09543478456849995 	101285.9828223719
-0.721971971971972 	299.9637176076772 	0.1048828012883984 	101282.1130122225
-0.7194694694694695 	299.9611283282725 	0.1123585458615721 	101279.0528447499
-0.7169669669669674 	299.9592732493185 	0.1177345027769279 	101276.8603639802
-0.7144644644644647 	299.9581776599562 	0.1209187392914068 	101275.5655111206
-0.711961961961962 	299.9578500633273 	0.1218607810037328 	101275.1783121436
-0.7094594594594597 	299.9582935583712 	0.1205363628343806 	101275.7024732375
-0.7069569569569573 	299.959516224189 	0.1170224505295082 	101277.1473057138
-0.7044544544544545 	299.9614816544666 	0.1113456198446326 	101279.4699294432
-0.7019519519519523 	299.9641612535843 	0.1035956071020985 	101282.636707675
-0.6994494494494495 	299.9674997998119 	0.09393074337682232 	101286.5822827226
-0.6969469469469471 	299.971431722767 	0.08252944551088581 	101291.2294211466
-0.6944444444444446 	299.9758758963339 	0.06968270261151409 	101296.4820776446
-0.6919419419419421 	299.9807554427097 	0.05563609077459555 	101302.2494930896
-0.6894394394394396 	299.9859447712999 	0.0406301380478294 	101308.3834277328
-0.6869369369369374 	299.991359213687 	0.02496749365274826 	101314.7836749047
-0.6844344344344344 	299.9968862375092 	0.008967124033741768 	101321.3174450869
-0.6819319319319321 	300.0024461770274 	0.009608587848811238 	101327.8903423235
-0.6794294294294296 	300.0079865027684 	0.02314780536889271 	101334.4402932139
-0.6769269269269272 	300.0134177847029 	0.0388509990304127 	101340.8617321075
-0.6744244244244245 	300.0186371579841 	0.0539178750658995 	101347.0328487839
-0.6719219219219222 	300.023544677338 	0.06810471197192078 	101352.8356340069
-0.6694194194194195 	300.0280386651745 	0.08108428083814168 	101358.1495849466
-0.6669169169169172 	300.0320342004451 	0.09264742950128073 	101362.8742395254
-0.6644144144144146 	300.0354517807004 	0.1025215484552131 	101366.9157055803
-0.661911911911912 	300.0382212740589 	0.1105023434485913 	101370.1908138168
-0.6594094094094097 	300.0402880548397 	0.116478505842774 	101372.6351094248
-0.656906906906907 	300.0416133975999 	0.1202850585080065 	101374.2025342298
-0.6544044044044046 	300.0421677992001 	0.1219075830632 	101374.8581510898
-0.6519019019019021 	300.0419464588095 	0.1212602753449888 	101374.5964161271
-0.6493993993993996 	300.0409443220087 	0.1183282758342485 	101373.4113751241
-0.6468968968968971 	300.0391668066786 	0.1131941217114283 	101371.3094935688
-0.6443943943943946 	300.0366397730844 	0.1058757406986898 	101368.321201879
-0.6418918918918921 	300.0334103481442 	0.09655316660711025 	101364.5022704538
-0.6393893893893897 	300.0295382432469 	0.08536929759189486 	101359.9235599746
-0.6368868868868871 	300.0251125340314 	0.07255084303936028 	101354.6903522504
-0.6343843843843846 	300.0202190829401 	0.05841188447836999 	101348.904346248
-0.6318818818818821 	300.014958659021 	0.04321774554092487 	101342.6846647259
-0.6293793793793795 	300.0094443232527 	0.0272982462115048 	101336.1649427306
-0.6268768768768773 	300.0037880082369 	0.01092638058464403 	101329.4777170423
-0.6243743743743745 	299.998074476154 	0.009024085769920536 	101322.7227384885
-0.6218718718718721 	299.992379768783 	0.0220938424600198 	101315.9907284047
-0.6193693693693696 	299.9867986196474 	0.03820718085898583 	101309.3937306003
-0.6168668668668671 	299.9814521724709 	0.053648864811713 	101303.0740673915
-0.6143643643643645 	299.9764518967805 	0.06810902981438642 	101297.1637722946
-0.6118618618618621 	299.9718951411324 	0.08127913870456419 	101291.7779290173
-0.6093593593593596 	299.9678735386885 	0.09288222291322802 	101287.0247702567
-0.6068568568568571 	299.9644694718263 	0.1027078817823397 	101283.0016809299
-0.6043543543543546 	299.9617354674142 	0.1106036626593995 	101279.7704179118
-0.6018518518518521 	299.9597210612615 	0.1164396920800081 	101277.3896759021
-0.5993493493493496 	299.9584518641959 	0.1201248496202377 	101275.8896116532
-0.5968468468468471 	299.9579436694293 	0.1215802692616518 	101275.2890183771
-0.5943443443443446 	299.95821265907 	0.1207734364929942 	101275.6069634076
-0.591841841841842 	299.959264232527 	0.1177553466900164 	101276.8495395361
-0.5893393393393397 	299.9610652021458 	0.112537420605578 	101278.9778393271
-0.5868368368368371 	299.9635897913325 	0.1052310174896208 	101281.961370035
-0.5843343343343346 	299.9667839161532 	0.09598501639540521 	101285.7362788194
-0.5818318318318321 	299.9705836998403 	0.08496590165546536 	101290.2272295133
-0.5793293293293297 	299.9749134821568 	0.07247018128274305 	101295.3445690341
-0.5768268268268271 	299.9796851409884 	0.05871801667498561 	101300.9844630985
-0.5743243243243245 	299.9847815958373 	0.04397076735633396 	101307.0085169495
-0.5718218218218221 	299.9901225691111 	0.02853700213932801 	101313.3218985769
-0.5693193193193196 	299.9955994001486 	0.01269012857432836 	101319.7962830201
-0.5668168168168171 	300.00112203526 	0.007404953420185462 	101326.3249272326
-0.5643143143143147 	300.0066488823205 	0.01930367876191975 	101332.8589232502
-0.5618118118118121 	300.0120952814825 	0.03505939725682938 	101339.2981153996
-0.5593093093093094 	300.0173573394114 	0.05024476079382901 	101345.5196834604
-0.5568068068068072 	300.0223305473729 	0.06462546248381758 	101351.4000906772
-0.5543043043043046 	300.0269119838151 	0.07784403686499569 	101356.8173179564
-0.551801801801802 	300.0310189352205 	0.08972063063726336 	101361.6737310329
-0.5492992992992995 	300.0345739245619 	0.09998320565091874 	101365.8776042428
-0.5467967967967969 	300.0375050504401 	0.1084205487583755 	101369.3438846231
-0.5442942942942947 	300.0397538387358 	0.1149338289071506 	101372.0034127819
-0.5417917917917919 	300.0412703228513 	0.1192950341220466 	101373.7968128404
-0.5392892892892895 	300.0420183239709 	0.12149149301154 	101374.6814391283
-0.536786786786787 	300.041991559007 	0.1214148006668592 	101374.6497580854
-0.5342842842842846 	300.0411841445707 	0.1190368814075363 	101373.695043625
-0.531781781781782 	300.0396003767317 	0.1144728340677222 	101371.8222745507
-0.5292792792792794 	300.0372639603299 	0.107687842649756 	101369.05934923
-0.526776776776777 	300.0342108286579 	0.09886561498715524 	101365.4489038251
-0.5242742742742745 	300.0304950885179 	0.08813095273578878 	101361.0550184685
-0.521771771771772 	300.0261996730329 	0.07567646194440167 	101355.9759014347
-0.5192692692692695 	300.0214075740453 	0.06185176144807272 	101350.3096623777
-0.516766766766767 	300.016220126368 	0.04687273704615887 	101344.176185221
-0.5142642642642645 	300.0107528073326 	0.03108587322660481 	101337.7119979926
-0.511761761761762 	300.0051134404545 	0.01477915601317337 	101331.0447153157
-0.5092592592592596 	299.9993985152482 	0.006443754819754365 	101324.2884985977
-0.506756756756757 	299.9936850391359 	0.01829450777766259 	101317.5342633962
-0.5042542542542544 	299.9880698777375 	0.03452589038538281 	101310.8966272964
-0.5017517517517521 	299.9826725735533 	0.05013399985611208 	101304.5166453835
-0.4992492492492494 	299.9775993405972 	0.06479889464298434 	101298.5200423342
-0.496746746746747 	299.9729446450787 	0.07825912074099649 	101293.0184389046
-0.4942442442442445 	299.9688049773462 	0.09019639147846255 	101288.1256722969
-0.4917417417417421 	299.9652629310935 	0.1004259870987439 	101283.9395055209
-0.4892392392392395 	299.9623779115805 	0.1087636301862927 	101280.5297125194
-0.486736736736737 	299.960201594781 	0.1150552609893694 	101277.9576308345
-0.4842342342342345 	299.9587618837602 	0.1192315095819463 	101276.2560612925
-0.481731731731732 	299.9580795696307 	0.121181886846228 	101275.4496661232
-0.4792292292292296 	299.9581784042824 	0.1208861264777534 	101275.5665645208
-0.4767267267267268 	299.9590591604878 	0.1183686943862547 	101276.6072323407
-0.4742242242242246 	299.9606956902064 	0.1136187585069949 	101278.5412002388
-0.471721721721722 	299.963063007621 	0.1067704410384596 	101281.3388638969
-0.4692192192192195 	299.966109900237 	0.0979470943692157 	101284.9397467093
-0.4667167167167169 	299.9697725414476 	0.08732653037071175 	101289.2686071323
-0.4642142142142145 	299.9739798118252 	0.07519914293544114 	101294.2410570865
-0.461711711711712 	299.9786351869924 	0.06175406486063133 	101299.7434801852
-0.4592092092092094 	299.9836373635241 	0.04727751257536628 	101305.6560474429
-0.456706706706707 	299.9889060035538 	0.03205870211063031 	101311.8838603268
-0.4542042042042045 	299.9943372827836 	0.01635608403110268 	101318.3043488709
-0.451701701701702 	299.9998298828068 	0.004405864429738938 	101324.7973647731
-0.4491991991991995 	300.0053398813408 	0.01549820121884679 	101331.311394947
-0.4466966966966969 	300.0107902360632 	0.03126263410619112 	101337.7551972045
-0.4441941941941945 	300.0160827611933 	0.04653463040889217 	101344.0127188195
-0.441691691691692 	300.0211099754512 	0.06107763109283093 	101349.9569289708
-0.4391891891891895 	300.0257722218469 	0.07452897161484884 	101355.4696067025
-0.436686686686687 	300.0299877995571 	0.08673408516553938 	101360.454456622
-0.4341841841841846 	300.0336774356337 	0.09738922123917078 	101364.8174970076
-0.431681681681682 	300.0367673175003 	0.1062950982222527 	101368.4715210157
-0.4291791791791794 	300.0391964852832 	0.1133182408051443 	101371.3443222068
-0.426676676676677 	300.0409036064431 	0.1182237580916317 	101373.3631306422
-0.4241741741741744 	300.0418487527866 	0.1209873133817348 	101374.480950732
-0.421671671671672 	300.0420188261674 	0.1214678005652514 	101374.682037575
-0.4191691691691694 	300.0414027375007 	0.1196556674276589 	101373.9535701978
-0.4166666666666669 	300.040004163015 	0.1156244246940416 	101372.2998017218
-0.4141641641641645 	300.0378469401094 	0.1093525887115512 	101369.7487617118
-0.411661661661662 	300.0349592512042 	0.101018446807173 	101366.3339908225
-0.4091591591591594 	300.0313959676903 	0.09072267309896842 	101362.1203124612
-0.406656656656657 	300.0272338956048 	0.07866121005047863 	101357.1988747277
-0.4041541541541545 	300.0225513705442 	0.06515082948627578 	101351.6621280889
-0.401651651651652 	300.0174483965662 	0.05040782878144246 	101345.6284520798
-0.3991491491491494 	300.0120384056636 	0.03477878066811719 	101339.2320288514
-0.396646646646647 	300.0064234681938 	0.01855242959029563 	101332.5935023754
-0.3941441441441444 	300.0007134038113 	0.003027200671068867 	101325.8430108332
-0.3916416416416419 	299.9949887379123 	0.01453427629749738 	101319.0754581448
-0.3891391391391395 	299.9893463422631 	0.03085064516659088 	101312.4055290518
-0.3866366366366368 	299.9839006963087 	0.04659396762545872 	101305.9683922412
-0.3841341341341344 	299.9787590955345 	0.06144817705118335 	101299.8908588686
-0.381631631631632 	299.974012552396 	0.07516944132504974 	101294.2807014018
-0.3791291291291294 	299.9697600302291 	0.08743711215184406 	101289.2545026388
-0.3766266266266269 	299.9660818265514 	0.09806467405412431 	101284.9073497262
-0.3741241241241244 	299.9630475973757 	0.1068353902020201 	101281.3212501847
-0.371621621621622 	299.9607130176942 	0.1135638090257606 	101278.5620526267
-0.3691191191191194 	299.9591152437615 	0.1182033914576109 	101276.6737610911
-0.366616616616617 	299.9582737245138 	0.1206106766934041 	101275.6791692706
-0.3641141141141143 	299.9582105226443 	0.1208056956931665 	101275.6045613733
-0.3616116116116119 	299.9589167176811 	0.1187831343900661 	101276.4389743986
-0.3591091091091095 	299.9603760573623 	0.1145284065855934 	101278.1634904616
-0.356606606606607 	299.9625657288491 	0.1082011620633424 	101280.7512459149
-0.3541041041041044 	299.9654468973206 	0.09985813440508699 	101284.1562474856
-0.3516016016016019 	299.9689580282102 	0.08969293800104162 	101288.3059879804
-0.3490990990990994 	299.973034544842 	0.07794310964151234 	101293.1238738744
-0.346596596596597 	299.9775751319554 	0.06480018366713883 	101298.4905669452
-0.3440940940940944 	299.9824892732145 	0.05058847828786335 	101304.2990230238
-0.3415915915915919 	299.9876871487467 	0.03557463029473945 	101310.4431462051
-0.3390890890890895 	299.9930699954374 	0.0200216148073127 	101316.8062898773
-0.3365865865865869 	299.9985287968581 	0.004232428475330884 	101323.2592796655
-0.3340840840840844 	300.0040133081866 	0.01223887902619916 	101329.7431200862
-0.3315815815815819 	300.0094601067988 	0.02742461668615333 	101336.1826196218
-0.3290790790790794 	300.0147755236696 	0.04276438632996931 	101342.4671749086
-0.3265765765765769 	300.0198502387303 	0.05744937214748745 	101348.4674564641
-0.3240740740740744 	300.0245908528634 	0.07111962499127439 	101354.0727266868
-0.3215715715715718 	300.0289147453786 	0.08363949814976641 	101359.1856359861
-0.3190690690690695 	300.032737939768 	0.09468079713772715 	101363.7065349472
-0.3165665665665668 	300.0359843866481 	0.1040469975247934 	101367.5457159871
-0.3140640640640644 	300.0385884565503 	0.1115703989338551 	101370.6253115483
-0.311561561561562 	300.0404806277057 	0.1170076714741841 	101372.8629249085
-0.3090590590590593 	300.0416206523965 	0.1203330132609187 	101374.2112516469
-0.3065565565565568 	300.0419874469374 	0.1213755725512917 	101374.6449608361
-0.3040540540540545 	300.0415637747283 	0.1201345996651654 	101374.1440478357
-0.3015515515515518 	300.0403544238006 	0.1166483786870464 	101372.7140400234
-0.2990490490490494 	300.0383801420412 	0.1108944931082049 	101370.3793180015
-0.2965465465465469 	300.0356620147231 	0.1030621208212717 	101367.1650870642
-0.2940440440440444 	300.0322562072211 	0.09321707415571179 	101363.1375639476
-0.2915415415415418 	300.0282321454739 	0.08155800183297002 	101358.3793295879
-0.2890390390390395 	300.0236641136739 	0.06837266880630331 	101352.9778927896
-0.2865365365365368 	300.0186524863293 	0.05387109264941966 	101347.0521501376
-0.2840340340340343 	300.0133051787412 	0.03842144427180529 	101340.7298114995
-0.2815315315315318 	300.0077212844412 	0.02229883183296343 	101334.1278775566
-0.2790290290290295 	300.0020217014926 	0.005797792907857051 	101327.3897663393
-0.2765265265265269 	299.9962919435879 	0.01163549943587603 	101320.6160737793
-0.2740240240240244 	299.9906256154335 	0.02714963453860119 	101313.9177771457
-0.2715215215215219 	299.9851342879254 	0.04301699245235634 	101307.4266136998
-0.2690190190190194 	299.9799247526063 	0.05806001511166062 	101301.268666502
-0.2665165165165169 	299.9750897124082 	0.07204250039172401 	101295.5539364346
-0.2640140140140144 	299.970729829405 	0.08464095506827504 	101290.4007573645
-0.2615115115115119 	299.9669214960147 	0.0956597526564282 	101285.8997548095
-0.2590090090090094 	299.9637382078801 	0.1048542384879589 	101282.1375220422
-0.2565065065065068 	299.9612414184676 	0.1120425765895675 	101279.1865399274
-0.2540040040040044 	299.9594777990013 	0.1171544042181757 	101277.1023577912
-0.2515015015015019 	299.9584737280055 	0.1200297165604335 	101275.9155601083
-0.2489989989989994 	299.9582506078294 	0.1206940823541304 	101275.6519560789
-0.2464964964964968 	299.9587931904383 	0.1191234266827592 	101276.2930930337
-0.2439939939939944 	299.9600880064 	0.1153414799610202 	101277.8230810106
-0.2414914914914919 	299.9621128316445 	0.1095030090099577 	101280.2161167845
-0.2389889889889893 	299.9648352378439 	0.1016282697774804 	101283.4334177155
-0.2364864864864869 	299.9681984410365 	0.09191233530334207 	101287.4082634114
-0.2339839839839843 	299.9721419258328 	0.08053691094407336 	101292.0689721666
-0.2314814814814819 	299.9765668902706 	0.06770706230317289 	101297.2988460897
-0.2289789789789792 	299.9813875214738 	0.05378177751898529 	101302.996850026
-0.2264764764764769 	299.9865101273437 	0.03897310200220871 	101309.0518799371
-0.2239739739739743 	299.9918348330685 	0.02360061033042143 	101315.3461821137
-0.2214714714714718 	299.9972529184683 	0.007916586329717017 	101321.7510684156
-0.2189689689689693 	300.0027050930141 	0.009061942627458096 	101328.1964824839
-0.2164664664664669 	300.0081443031333 	0.02360808485628694 	101334.6270824844
-0.2139639639639643 	300.0134807174493 	0.03902564635756129 	101340.9363248628
-0.2114614614614618 	300.0186012850943 	0.05381495094215513 	101346.9907038975
-0.2089589589589593 	300.0234166807652 	0.06770437872978896 	101352.684429865
-0.2064564564564568 	300.027838442202 	0.08052117496473973 	101357.9128982416
-0.2039539539539543 	300.0317795509865 	0.09188925260015211 	101362.5733281315
-0.2014514514514518 	300.0351663842349 	0.1016985701134048 	101366.5784210951
-0.1989489489489494 	300.0379305820861 	0.1096608576394329 	101369.8473058257
-0.1964464464464468 	300.0399984082244 	0.1156262708199428 	101372.2927339201
-0.1939439439439443 	300.0413318968727 	0.1195042314803803 	101373.8697289119
-0.1914414414414418 	300.0418975297186 	0.121095025841318 	101374.5387345393
-0.1889389389389393 	300.0416745250125 	0.1204591871433281 	101374.2750484614
-0.1864364364364368 	300.0406664140433 	0.1175192912524063 	101373.0829570997
-0.1839339339339343 	300.0388852172202 	0.1123345638190304 	101370.9766839131
-0.1814314314314318 	300.0363459369058 	0.1050342682952805 	101367.9738262954
-0.1789289289289293 	300.033105047995 	0.09565522325644144 	101364.1414134782
-0.1764264264264268 	300.0292218944754 	0.08443959666173015 	101359.5497190588
-0.1739239239239243 	300.0247709036908 	0.07158147225238935 	101354.2865879479
-0.1714214214214218 	300.0198541786377 	0.05735877624223273 	101348.4730844922
-0.1689189189189193 	300.0145752190955 	0.04210090694242161 	101342.2314033427
-0.1664164164164168 	300.0090314353281 	0.02609017977669207 	101335.6769227077
-0.1639139139139143 	300.0033521942433 	0.009654825796724701 	101328.9627210553
-0.1614114114114118 	299.9976267987632 	0.008031771296890058 	101322.1941210711
-0.1589089089089093 	299.9919404070423 	0.0233631666464652 	101315.4720603733
-0.1564064064064068 	299.9864047748259 	0.03934741734429799 	101308.9283957748
-0.1539039039039043 	299.9811253504744 	0.05458115643988966 	101302.6878699715
-0.1514014014014018 	299.9762007334462 	0.06880848513712781 	101296.8671265048
-0.1488988988988993 	299.9717324284428 	0.08174022740892746 	101291.5857984175
-0.1463963963963968 	299.9677957126899 	0.09313429215380689 	101286.933028825
-0.1438938938938943 	299.964466291561 	0.1027328357644331 	101282.9980115719
-0.1413913913913918 	299.9618146163074 	0.110376353186227 	101279.8640638764
-0.1388888888888893 	299.9598885167129 	0.1159609470639861 	101277.587789407
-0.1363863863863868 	299.958721301051 	0.1193325313737919 	101276.2082023879
-0.1338838838838843 	299.9583332717241 	0.1204806057450677 	101275.7497041744
-0.1313813813813818 	299.9587106555639 	0.1193636150637041 	101276.195576921
-0.1288788788788793 	299.9598397184915 	0.1160488987074137 	101277.529761044
-0.1263763763763768 	299.9617033390615 	0.1106861162304292 	101279.7322007759
-0.1238738738738743 	299.9642625963633 	0.103289140425647 	101282.7567233406
-0.1213713713713717 	299.9674712084305 	0.0940222940898435 	101286.5488199291
-0.1188688688688693 	299.9712727695252 	0.08303208172883543 	101291.0417330019
-0.1163663663663668 	299.9755805028768 	0.07054559414916368 	101296.1330656319
-0.1138638638638643 	299.9803067970874 	0.05690814319080047 	101301.7194481667
-0.1113613613613618 	299.9853573433941 	0.04233353779464797 	101307.6892996432
-0.1088588588588592 	299.9906186223978 	0.0271319879782841 	101313.9085178919
-0.1063563563563568 	299.9959948962444 	0.01155241645130177 	101320.2639081959
-0.1038538538538543 	300.0014092906197 	0.005079821666320853 	101326.6646457181
-0.1013513513513517 	300.0068319523446 	0.01980631934087784 	101333.0755354229
-0.09884884884884926 	300.0121776734726 	0.03526480919335544 	101339.3957808238
-0.09634634634634676 	300.0173353862421 	0.05016967988137976 	101345.4939435418
-0.09384384384384425 	300.0222233935294 	0.06426596380694091 	101351.2734911486
-0.09134134134134177 	300.0267451562116 	0.07735700606310569 	101356.6201839576
-0.08883883883883925 	300.0308058489173 	0.08907457331154958 	101361.4219169458
-0.08633633633633674 	300.0343331143135 	0.09931028633380845 	101365.5931115908
-0.08383383383383426 	300.0372520670231 	0.1077218585616516 	101369.0449175532
-0.08133133133133173 	300.0394904154853 	0.1141918410991114 	101371.6920160533
-0.07882882882882926 	300.0410137178142 	0.1186005856405227 	101373.4934863292
-0.07632632632632676 	300.0417740047513 	0.1207359206113715 	101374.3926688154
-0.07382382382382424 	300.0417452607896 	0.1206948403094562 	101374.3587876144
-0.07132132132132173 	300.0409357655502 	0.1182947298257958 	101373.4014642965
-0.06881881881881925 	300.0393442400684 	0.1136518102633323 	101371.5195479557
-0.06631631631631671 	300.0369800289511 	0.1068771156996269 	101368.7236954465
-0.06381381381381425 	300.033900704369 	0.09794095456175683 	101365.0823177405
-0.06131131131131173 	300.0301547368021 	0.08717304289730964 	101360.6528585527
-0.05880880880880923 	300.0258234199633 	0.07464710928172291 	101355.5311344163
-0.05630630630630672 	300.0210146991333 	0.06071056269271688 	101349.8453321487
-0.05380380380380424 	300.0158143782444 	0.04569909087691418 	101343.6965196923
-0.05130130130130173 	300.0103176385302 	0.02981731351046164 	101337.1976183988
-0.04879879879879922 	300.0046657984714 	0.01348400396275245 	101330.5157863683
-0.04629629629629672 	299.9989464553687 	0.003615982271473147 	101323.7542015029
-0.04379379379379422 	299.9932434845477 	0.01961166395480968 	101317.0125199521
-0.04129129129129173 	299.9876704940007 	0.03568787241612804 	101310.4245593473
-0.03878878878878922 	299.9823196528823 	0.05112555836616222 	101304.0995984065
-0.03628628628628671 	299.9773092839506 	0.0655510556290157 	101298.1774816718
-0.03378378378378422 	299.9727477117012 	0.07882592873476975 	101292.7858084728
-0.03128128128128172 	299.9687051378616 	0.09053347162169058 	101288.0079341595
-0.02877877877877922 	299.9652420399107 	0.1004597816285739 	101283.9148412852
-0.0262762762762767 	299.9624487874753 	0.1085597664028675 	101280.6136012588
-0.02377377377377422 	299.960354959392 	0.1145741155211148 	101278.1391452415
-0.0212712712712717 	299.9590200609418 	0.1185065590407695 	101276.5613333104
-0.01876876876876921 	299.958458599001 	0.1201531843389999 	101275.8978562247
-0.01626626626626671 	299.9586628725648 	0.1194789506724635 	101276.1391533882
-0.0137637637637642 	299.9596121921407 	0.1166679012174976 	101277.2609276135
-0.0112612612612617 	299.9613255442481 	0.1117514798890825 	101279.2858122624
-0.008758758758759198 	299.9637197171728 	0.1048958609725844 	101282.1151956771
-0.006256256256256697 	299.9667760354552 	0.09607155174176758 	101285.7272644089
-0.003753753753754195 	299.9704220192434 	0.08546743770176965 	101290.0362756603
-0.001251251251251693 	299.9745982664769 	0.07339177362389385 	101294.9723345012
0.00125125125125081 	299.9792070442939 	0.06004295806439586 	101300.4197712924
0.003753753753753312 	299.9841968000113 	0.04576901099909302 	101306.3175370598
0.006256256256255817 	299.9893925197707 	0.03069033703616213 	101312.4591721786
0.008758758758758317 	299.9947360095114 	0.01516429688999358 	101318.7757797037
0.01126126126126082 	300.0001055992352 	0.0004288618129793173 	101325.1234363256
0.01376376376376332 	300.0054989590041 	0.01599588871505695 	101331.4996753204
0.01626626626626582 	300.0108466889884 	0.03144483864815336 	101337.8222039049
0.01876876876876833 	300.016042043866 	0.04645021787221518 	101343.964756389
0.02127127127127083 	300.0210006461922 	0.06071908502120323 	101349.8277796425
0.02377377377377332 	300.0256157331162 	0.07406641007577539 	101355.2846764401
0.02627627627627583 	300.0297914077667 	0.08612791209898529 	101360.2224156045
0.02877877877877833 	300.0334535004048 	0.09675639934971547 	101364.553000302
0.03128128128128083 	300.0365206394142 	0.1056225943704315 	101368.1799489222
0.03378378378378333 	300.0389261471382 	0.112587245916965 	101371.0247958432
0.03628628628628584 	300.0406314803525 	0.117516829806401 	101373.0414255802
0.03878878878878834 	300.0415795329371 	0.1202139798819434 	101374.1627397719
0.04129129129129084 	300.0417487025336 	0.1207375585132078 	101374.3629457574
0.04379379379379333 	300.0411416080027 	0.1188898649346797 	101373.6448449337
0.04629629629629585 	300.0397424858016 	0.1148033312977636 	101371.9905746937
0.04879879879879834 	300.0375613536024 	0.1085338641514323 	101369.4111222679
0.05130130130130085 	300.0346466247022 	0.1000829857266738 	101365.9644457551
0.05380380380380335 	300.0310416007022 	0.08974623875064343 	101361.7016230361
0.05630630630630584 	300.0268378084703 	0.07758718358472912 	101356.7306081407
0.05880880880880836 	300.0221380259038 	0.06396823560287052 	101351.1736151889
0.06131131131131085 	300.0170198817816 	0.04920311171361454 	101345.1218443703
0.06381381381381336 	300.0115879474577 	0.03350338809085596 	101338.6995757682
0.06631631631631586 	300.0059754682754 	0.0172679497055629 	101332.0641897462
0.06881881881881835 	300.0002680816056 	0.001539065776320738 	101325.3166358441
0.07132132132132088 	299.9945632505236 	0.01581601844846257 	101318.5727177415
0.07382382382382337 	299.9889575409886 	0.03199334485499088 	101311.9459566418
0.07632632632632587 	299.9835416104439 	0.04758843130271754 	101305.5440693428
0.07882882882882837 	299.9784539118202 	0.06224214704807243 	101299.5304604722
0.08133133133133086 	299.973793040932 	0.07579850886785164 	101294.0213547986
0.08383383383383337 	299.9696342498852 	0.08781868827050078 	101289.1061079456
0.08633633633633589 	299.9660439040909 	0.09812264812347021 	101284.8625391363
0.08883883883883838 	299.9631146440231 	0.1066275601141675 	101281.4006270341
0.09134134134134086 	299.9608694297155 	0.1130855429026637 	101278.7472122894
0.09384384384384339 	299.9593794883798 	0.1175030319900301 	101276.9861772667
0.09634634634634588 	299.9586456641627 	0.119631868138281 	101276.1189665436
0.09884884884884838 	299.9586755228939 	0.1194490519301638 	101276.1541098422
0.1013513513513509 	299.9594600384449 	0.1171157459618222 	101277.081222345
0.1038538538538534 	299.9610162887169 	0.1126538285466878 	101278.9203953008
0.1063563563563559 	299.9632513048659 	0.106238115315678 	101281.5616588592
0.1088588588588584 	299.96615908919 	0.09784087122095671 	101284.998193952
0.1113613613613609 	299.9696540324506 	0.08766727377389937 	101289.1286079392
0.1138638638638634 	299.9736923308629 	0.07599371050528647 	101293.9015154259
0.1163663663663659 	299.9781843913282 	0.06301275915406933 	101299.2109362285
0.1188688688688684 	299.9830773961369 	0.04905493310833971 	101304.9944241097
0.1213713713713709 	299.9881896849243 	0.03418135517844437 	101311.0373897903
0.1238738738738734 	299.9934921127504 	0.01877583981171566 	101317.3053244581
0.1263763763763759 	299.9988332768322 	0.004444506717017862 	101323.6194273534
0.1288788788788784 	300.0041956644699 	0.012232473134267 	101329.9589246968
0.1313813813813809 	300.0095358622256 	0.02766509472651824 	101336.27244746
0.1338838838838834 	300.0147568719797 	0.04273786079793446 	101342.4452987181
0.1363863863863859 	300.0197657040084 	0.05716041173055972 	101348.3675719097
0.1388888888888884 	300.0244530870944 	0.07068161742697386 	101353.9100186536
0.1413913913913909 	300.0287285741768 	0.08304338238970652 	101358.9656822491
0.1438938938938934 	300.0325152971005 	0.09400409741224441 	101363.4435524778
0.1463963963963959 	300.0357291481599 	0.1033059707909678 	101367.2440132426
0.1488988988988985 	300.0383039344908 	0.110771141092673 	101370.2889555356
0.1514014014014009 	300.0401871720595 	0.1161925136832044 	101372.5160682773
0.1539039039039035 	300.0413203346423 	0.1194808764504315 	101373.8562604092
0.1564064064064059 	300.041685873372 	0.1205435489042904 	101374.2886467986
0.1589089089089084 	300.0412778624753 	0.1192804182371805 	101373.8060269745
0.1614114114114109 	300.0400758680083 	0.1157730040937945 	101372.3847780259
0.1639139139139134 	300.0380891376961 	0.1100093014478303 	101370.0353367663
0.166416416416416 	300.0353518968763 	0.1020946327229346 	101366.7985224178
0.1689189189189185 	300.0319041526695 	0.09219335665526235 	101362.7215791859
0.1714214214214209 	300.0278394910938 	0.08044201609489465 	101357.9151152752
0.1739239239239235 	300.0232515867947 	0.0671721072606887 	101352.4903068019
0.1764264264264259 	300.0182197819304 	0.05266192636819826 	101346.5406411253
0.1789289289289284 	300.0128582081969 	0.03718984758715373 	101340.2015088751
0.181431431431431 	300.0072892857119 	0.02107055236453848 	101333.6174595865
0.1839339339339334 	300.0016007884579 	0.006144975975356726 	101326.8922245436
0.186436436436436 	299.9959015318676 	0.01195739680309433 	101320.1547878548
0.1889389389389385 	299.990268892237 	0.02824048850269392 	101313.4961653142
0.191441441441441 	299.9847999389361 	0.0439782272727836 	101307.0315546447
0.1939439439439434 	299.9796405537168 	0.05886866999348956 	101300.9330700335
0.196446446446446 	299.9748834325064 	0.07268841105109894 	101295.3101877625
0.1989489489489485 	299.9706080462904 	0.0850082247631256 	101290.2570779756
0.2014514514514509 	299.9668902623749 	0.09568095946330418 	101285.8628858658
0.2039539539539535 	299.9638174527253 	0.1045696479012856 	101282.2313227463
0.2064564564564559 	299.9614211041537 	0.1114702290371421 	101279.3992183231
0.2089589589589585 	299.9597761987486 	0.1163588270305443 	101277.4550861804
0.211461461461461 	299.958875565855 	0.1189684172959421 	101276.3906969812
0.2139639639639635 	299.9587330802847 	0.1192997627203366 	101276.2221894228
0.2164664664664659 	299.9593515835778 	0.1174749917745123 	101276.9531449686
0.2189689689689684 	299.9607395064796 	0.1134999750615983 	101278.5933249164
0.221471471471471 	299.9628164438174 	0.1075255580967812 	101281.0477884327
0.2239739739739735 	299.9655765019348 	0.09953336181914391 	101284.3097161703
0.226476476476476 	299.9689267958249 	0.08975246702864045 	101288.2691535752
0.2289789789789785 	299.9728249606661 	0.07846363218576283 	101292.8764365123
0.231481481481481 	299.9771953246311 	0.06586213412979391 	101298.0419232155
0.2339839839839835 	299.9819720600524 	0.05222164436015213 	101303.6879457479
0.236486486486486 	299.9870014095362 	0.03759802039298791 	101309.6328293118
0.2389889889889885 	299.9922511910018 	0.02238392568948503 	101315.8384435098
0.241491491491491 	299.9975678005933 	0.008343002059784874 	101322.1234956372
0.2439939939939935 	300.0029044988756 	0.008463144135673487 	101328.43250459
0.246496496496496 	300.008235140569 	0.02387761451821554 	101334.7346634738
0.2489989989989985 	300.0134717322367 	0.03902040978853327 	101340.9258997284
0.251501501501501 	300.0185178802913 	0.053588477042177 	101346.8921805377
0.2540040040040035 	300.0232712478762 	0.0673272742503538 	101352.5126504091
0.256506506506506 	300.0276460267504 	0.07997336323083401 	101357.6856201931
0.2590090090090086 	300.0315578199442 	0.09126700054275878 	101362.3113342581
0.261511511511511 	300.0349180072386 	0.1009791235269067 	101366.2848683765
0.2640140140140135 	300.037655842309 	0.1088855545764614 	101369.5225297869
0.2665165165165161 	300.0397118085381 	0.1148056873366682 	101371.9539655691
0.2690190190190185 	300.0410302296765 	0.1186258443513272 	101373.5132001502
0.271521521521521 	300.0415874653013 	0.1202365854758903 	101374.1722753688
0.2740240240240235 	300.0413650960632 	0.1195687065647023 	101373.9092584217
0.276526526526526 	300.0403467523552 	0.116627167505889 	101372.7050804485
0.2790290290290286 	300.0385432179109 	0.1114057684104754 	101370.5723770734
0.281531531531531 	300.0359821104924 	0.1040010558309565 	101367.5438047407
0.2840340340340335 	300.0327012664941 	0.09454741802592358 	101363.6641894045
0.2865365365365361 	300.0287823898931 	0.08321651628820879 	101359.0301325684
0.2890390390390385 	300.0243081133767 	0.07029438962991949 	101353.7395596259
0.291541541541541 	300.0193684370515 	0.05604539872113083 	101347.8988676016
0.2940440440440436 	300.0140767658764 	0.04079499281231545 	101341.6422767286
0.296546546546546 	300.0085457427115 	0.02482581349263958 	101335.1029638865
0.2990490490490486 	300.0028730192511 	0.009899742478328059 	101328.3963583975
0.3015515515515511 	299.9971700980316 	0.008012858660856102 	101321.6544132311
0.3040540540540535 	299.9915059406508 	0.02433279705665959 	101314.958581639
0.3065565565565562 	299.9859916728938 	0.04015223905487295 	101308.4402877629
0.3090590590590585 	299.9807552953527 	0.05522018047447217 	101302.2507290995
0.3115615615615611 	299.975894568933 	0.06919778786218658 	101296.5053933967
0.3140640640640635 	299.9714938867857 	0.08175639444877064 	101291.3040300762
0.316566566566566 	299.9676378528189 	0.09273499955915317 	101286.7465476626
0.3190690690690687 	299.9643973089478 	0.101887630565158 	101282.9166709569
0.3215715715715711 	299.9618255523227 	0.1091212351912155 	101279.8772416036
0.3240740740740735 	299.9599754901455 	0.114299508618117 	101277.6907190859
0.326576576576576 	299.958852600346 	0.117239264869205 	101276.3635366243
0.3290790790790786 	299.9584721406242 	0.1179585286954907 	101275.9138981787
0.3315815815815811 	299.9588567557558 	0.1164566250338016 	101276.3684207948
0.3340840840840836 	299.9599942371796 	0.1128147439648584 	101277.7126120282
0.3365865865865861 	299.9618396526821 	0.1071115103961903 	101279.893484106
0.3390890890890886 	299.9643746076881 	0.09935111016978145 	101282.8892413178
0.3415915915915911 	299.9674907065449 	0.08974362010598234 	101286.5719644928
0.3440940940940935 	299.9711715926223 	0.07861055150931906 	101290.9223569486
0.3465965965965962 	299.9753355807996 	0.06607023536273549 	101295.8438351299
0.3490990990990985 	299.9798644162491 	0.05231777649717068 	101301.1967888729
0.3516016016016011 	299.9847310956774 	0.03773447495421615 	101306.9491649461
0.3541041041041035 	299.9898225428004 	0.02256022335120419 	101312.9676170093
0.3566066066066061 	299.9950271583692 	0.008826213426819451 	101319.1201174589
0.3591091091091085 	300.0002737225228 	0.008533121153961742 	101325.3224165304
0.3616116116116112 	300.0055567560566 	0.02403132423341408 	101331.568205598
0.3641141141141137 	300.0107977593107 	0.03924510697836367 	101337.7644015325
0.3666166166166161 	300.0158941199761 	0.05389669518030743 	101343.7900277591
0.3691191191191185 	300.0207657854453 	0.06768147290408558 	101349.550225283
0.371621621621621 	300.0253340199562 	0.0802551924842396 	101354.9518253168
0.3741241241241237 	300.0295096081022 	0.09146974817522832 	101359.8894087544
0.3766266266266261 	300.0332001860422 	0.101029702040277 	101364.2534753814
0.3791291291291286 	300.036328381349 	0.108715096291522 	101367.952809765
0.3816316316316311 	300.0388172743661 	0.1143796467602118 	101370.8961651486
0.3841341341341336 	300.0406361257287 	0.1178140903275443 	101373.0471871608
0.3866366366366362 	300.0417408458235 	0.118958241134232 	101374.3537655046
0.3891391391391387 	300.0420709500636 	0.1177802488681163 	101374.7440885721
0.391641641641641 	300.0416253072433 	0.1142815395332087 	101374.2171346492
0.3941441441441436 	300.0403941498254 	0.1085573329021413 	101372.7613222052
0.3966466466466462 	300.0383836287826 	0.1005379753878141 	101370.3838104004
0.3991491491491486 	300.035652103679 	0.09044311882199262 	101367.1537288667
0.4016516516516512 	300.0322217772259 	0.0786059669405651 	101363.0972273429
0.4041541541541536 	300.0281768552719 	0.0651442016818105 	101358.3142320172
0.4066566566566561 	300.023625638776 	0.05041746930643957 	101352.9326791578
0.4091591591591587 	300.0186283241632 	0.03472329156920174 	101347.0238992179
0.4116616616616612 	300.0133028369522 	0.01831825382677469 	101340.7273323243
0.4141641641641635 	300.0077770849637 	0.005725265174809649 	101334.1941887038
0.4166666666666662 	300.0021393360154 	0.01484485967461645 	101327.5290368733
0.4191691691691687 	299.9964426497794 	0.03113379192065885 	101320.794489994
0.421671671671671 	299.990807293147 	0.04679136770957135 	101314.1327686825
0.4241741741741737 	299.9853515818835 	0.06157783466017682 	101307.6837022999
0.4266766766766761 	299.9801670758306 	0.07510699756688731 	101301.5553806006
0.4291791791791785 	299.9753573237537 	0.08711494067293143 	101295.8703773007
0.4316816816816812 	299.9710356761015 	0.09744029788747413 	101290.7624240454
0.4341841841841836 	299.9672619456639 	0.1058350922808327 	101286.3022759166
0.4366866866866862 	299.9641298710577 	0.1122707460113972 	101282.6005845983
0.4391891891891885 	299.9617091869766 	0.1166975104323048 	101279.739649093
0.4416916916916913 	299.9600464548753 	0.1189899912996198 	101277.7744805141
0.4441941941941936 	299.9591743548817 	0.1191921854029206 	101276.7437523114
0.4466966966966961 	299.9590879748321 	0.1173261795237424 	101276.6416856952
0.4491991991991987 	299.9597795160753 	0.1134382177518531 	101277.4589116075
0.4517017017017012 	299.9612298226175 	0.1074643565233688 	101279.1728121233
0.4542042042042035 	299.9633607437638 	0.09947401442012449 	101281.691057232
0.4567067067067062 	299.9661132634465 	0.08970364320959272 	101284.9440953988
0.4592092092092087 	299.9694246712059 	0.07817474728547938 	101288.8577081859
0.4617117117117112 	299.9732066477142 	0.06520992421789903 	101293.3276122661
0.4642142142142137 	299.9773657006153 	0.05106365512222365 	101298.2433621762
0.4667167167167162 	299.9818779156686 	0.03606480280557829 	101303.5766609162
0.4692192192192187 	299.9866856284327 	0.02042714007797648 	101309.2595693378
0.4717217217217212 	299.9916880898743 	0.007581512277519075 	101315.1729080235
0.4742242242242236 	299.9968136301176 	0.01125737837076611 	101321.2320210134
0.4767267267267262 	300.0020687730135 	0.02670292430062406 	101327.4446231306
0.4792292292292287 	300.0073910667336 	0.04170010872084916 	101333.7368136452
0.4817317317317312 	300.0126687688593 	0.05592163966170331 	101339.9766757134
0.4842342342342336 	300.0177976902332 	0.06927204658070912 	101346.0408214154
0.4867367367367362 	300.0226857618732 	0.08140425490451185 	101351.8204665384
0.4892392392392387 	300.0272243944358 	0.09218105292894595 	101357.1872259698
0.4917417417417412 	300.0313158899425 	0.101346544619798 	101362.0253383324
0.4942442442442437 	300.034868469789 	0.1086761446897207 	101366.2265208935
0.4967467467467462 	300.0377735856751 	0.1141642901802726 	101369.6619815212
0.4992492492492487 	300.0399277229235 	0.1176635039412074 	101372.2095091098
0.5017517517517511 	300.0412999118786 	0.1190833282081747 	101373.832333694
0.5042542542542537 	300.0418490298543 	0.1184674654312472 	101374.4816593898
0.5067567567567562 	300.0415332974793 	0.1157341502747964 	101374.1083867597
0.5092592592592589 	300.0403853697136 	0.1107273523929912 	101372.7509281324
0.5117617617617611 	300.0384533032228 	0.1035393575903113 	101370.4662701039
0.5142642642642637 	300.0358193521247 	0.09425070296886176 	101367.3515247091
0.5167667667667663 	300.0325234442861 	0.0829300734910676 	101363.4539889715
0.5192692692692688 	300.0286208876845 	0.06980402977061648 	101358.8393673355
0.5217717717717714 	300.0242159427039 	0.05519782935799028 	101353.630694123
0.5242742742742736 	300.0193685947229 	0.03955798300071618 	101347.8991804112
0.5267767767767763 	300.0141676110413 	0.02317921568760209 	101341.749780662
0.5292792792792789 	300.0087457662696 	0.009294725459228603 	101335.3394828201
0.5317817817817813 	300.0031837945496 	0.0102990987856845 	101328.7639112291
0.5342842842842837 	299.997534941405 	0.02674447741531266 	101322.0858078863
0.5367867867867864 	299.991918423657 	0.04260941382685816 	101315.4462909463
0.5392892892892888 	299.9864371890424 	0.05761002929943219 	101308.9669720292
0.5417917917917912 	299.9811925986265 	0.07143658574884811 	101302.767562902
0.5442942942942938 	299.9763042965739 	0.08382271380207777 	101296.9896957358
0.5467967967967964 	299.9718674551946 	0.09452535177629667 	101291.7455472078
0.5492992992992988 	299.9679787447068 	0.103398503441725 	101287.1495158202
0.5518018018018012 	299.9647107675749 	0.1102664851301362 	101283.2871544282
0.5543043043043039 	299.9621440573676 	0.115069766128111 	101280.2536548292
0.5568068068068063 	299.9603277925393 	0.1178094653679718 	101278.1071007202
0.5593093093093087 	299.9592901547608 	0.1184934010720951 	101276.8806527321
0.5618118118118114 	299.9590350729955 	0.1171355522935145 	101276.5792265566
0.5643143143143137 	299.9595713581217 	0.1137432975130131 	101277.2129477836
0.5668168168168163 	299.9608499530801 	0.1082924194889686 	101278.7238954367
0.5693193193193188 	299.9628015619466 	0.1007570636540232 	101281.0303452979
0.5718218218218213 	299.965366893545 	0.09130031880985855 	101284.0620498748
0.5743243243243239 	299.9684932854709 	0.0800854360977119 	101287.7570010751
0.5768268268268262 	299.9721298824632 	0.06736138402659372 	101292.055029357
0.5793293293293288 	299.9762021506902 	0.05353031086796213 	101296.8681102836
0.5818318318318314 	299.9806664194813 	0.03885296973191228 	101302.1447094738
0.5843343343343338 	299.9854209759886 	0.02346314465160922 	101307.7647029877
0.5868368368368363 	299.990401154277 	0.009747133422130377 	101313.6516621449
0.5893393393393387 	299.9954957844747 	0.007856167642972492 	101319.6741662482
0.5918418418418413 	300.0007096244235 	0.02328989216303175 	101325.8378818295
0.5943443443443439 	300.0059956842452 	0.03833543188504054 	101332.0871870712
0.5968468468468463 	300.0112722396983 	0.05273015364715562 	101338.3255363374
0.5993493493493487 	300.0164464321313 	0.06622947527921055 	101344.4431477824
0.6018518518518514 	300.0214132196799 	0.07859964183696011 	101350.3158225709
0.6043543543543537 	300.026068793166 	0.08957170150346899 	101355.8207689177
0.6068568568568564 	300.030301193987 	0.09905900033738339 	101360.8255140222
0.6093593593593587 	300.0340064801645 	0.106864830559353 	101365.2071736612
0.6118618618618614 	300.0370706675002 	0.112797080229495 	101368.8308261621
0.6143643643643638 	300.0393915875553 	0.1168406019506876 	101371.5755336531
0.6168668668668662 	300.0409033082041 	0.1188928767072722 	101373.3632973563
0.6193693693693688 	300.041582795139 	0.1189316827552815 	101374.1668690853
0.6218718718718714 	300.0414274324492 	0.1168151670086459 	101373.9831717244
0.6243743743743737 	300.0404723402934 	0.1124048808712534 	101372.8537825822
0.6268768768768762 	300.0387532875772 	0.1057136504929703 	101370.8210503128
0.629379379379379 	300.0363149231569 	0.09680917987755459 	101367.9376216096
0.6318818818818812 	300.0331961637222 	0.08584951296849955 	101364.2495869578
0.6343843843843838 	300.0294491031609 	0.07307678527478423 	101359.8187464187
0.6368868868868864 	300.0251734260149 	0.05878527987175493 	101354.7629007893
0.6393893893893888 	300.0204355960373 	0.04334069555514168 	101349.1607851069
0.6418918918918912 	300.0153236158365 	0.02710005246822068 	101343.1165748879
0.6443943943943939 	300.0099414011817 	0.01147695202774072 	101336.7531071994
0.6468968968968963 	300.0043898854423 	0.006286879126508015 	101330.1898416256
0.6493993993993988 	299.9987581368426 	0.02278710278772901 	101323.531958059
0.6519019019019012 	299.9931442560245 	0.03880622950912148 	101316.8954123482
0.6544044044044038 	299.9876448878804 	0.05396541899563276 	101310.3945513093
0.6569069069069065 	299.982342321725 	0.0679878945024002 	101304.1266012199
0.6594094094094087 	299.9773579791926 	0.08064973281440382 	101298.2351375378
0.6619119119119113 	299.9728065629474 	0.09166884657826144 	101292.8555696796
0.664414414414414 	299.9687685653586 	0.1008536718246344 	101288.0830006253
0.6669169169169162 	299.9653461549281 	0.1080916662209221 	101284.0381408282
0.6694194194194188 	299.9626424700799 	0.1133967924935795 	101280.842829145
0.6719219219219214 	299.9607031121301 	0.1167526195153256 	101278.5507254806
0.674424424424424 	299.9595470646351 	0.1180684907177462 	101277.1843725766
0.6769269269269262 	299.959176618777 	0.1173112387627708 	101276.7465136589
0.679429429429429 	299.959561429209 	0.1144595462834509 	101277.2012474554
0.6819319319319311 	299.9606648706997 	0.1094393282909123 	101278.5052516625
0.6844344344344341 	299.9624297823922 	0.1022670910800693 	101280.5910243643
0.686936936936936 	299.9648037948168 	0.09316105088160664 	101283.3966857748
0.6894394394394392 	299.9677413268806 	0.08234077762778937 	101286.8683499825
0.6919419419419413 	299.9712442455439 	0.06996722972690689 	101291.0083529582
0.694444444444444 	299.9751852472319 	0.05642171469089415 	101295.6662012719
0.6969469469469463 	299.9795163950273 	0.04196353775465227 	101300.7854263067
0.6994494494494489 	299.9842046086369 	0.02680109342926666 	101306.3269254656
0.7019519519519515 	299.9891473579594 	0.01128623131453735 	101312.169573907
0.7044544544544538 	299.9942129268586 	0.004407798262824746 	101318.157730975
0.7069569569569564 	299.9993661827303 	0.0197599703286649 	101324.2497452457
0.7094594594594589 	300.0046080015635 	0.03487043247211929 	101330.4466348184
0.7119619619619615 	300.009880512894 	0.04937534008558904 	101336.6801245228
0.7144644644644638 	300.0151034499657 	0.06298837278031912 	101342.8552784955
0.7169669669669665 	300.0201834807688 	0.07547423653794566 	101348.8618139898
0.7194694694694688 	300.0249848787716 	0.08664459877955125 	101354.539082392
0.7219719719719715 	300.0293697515708 	0.09636061153514563 	101359.7241147251
0.7244744744744737 	300.0332098278342 	0.1045373937184614 	101364.2651789143
0.7269769769769764 	300.0363946876535 	0.1110312667657341 	101368.031480068
0.7294794794794791 	300.0388440392685 	0.1157290277817794 	101370.9280694254
0.7319819819819813 	300.0405052301926 	0.1184744098901022 	101372.8925197841
0.7344844844844839 	300.04134772883 	0.1191240265014591 	101373.8888927962
0.7369869869869864 	300.0413713817878 	0.1175649883959725 	101373.9169233103
0.739489489489489 	300.0406021917106 	0.1136390736729171 	101373.0073704345
0.7419919919919914 	300.0390743740435 	0.1074331128856313 	101371.2008051404
0.7444944944944939 	300.0368372695161 	0.0989827484188122 	101368.5553809072
0.7469969969969963 	300.0339230706157 	0.08840047855715268 	101365.109280681
0.7494994994994989 	300.0303572467202 	0.07597606079915947 	101360.8926464556
0.7520020020020015 	300.0262197590644 	0.06200079624471966 	101356.0001042806
0.7545045045045039 	300.021584194814 	0.0468190412307765 	101350.5189252856
0.7570070070070062 	300.0165369895716 	0.03079929944969199 	101344.5511820673
0.7595095095095092 	300.0111964073297 	0.01423547893561695 	101338.236957937
0.7620120120120112 	300.0056949120516 	0.006095181288399782 	101331.7327926732
0.7645145145145138 	300.0001226947882 	0.01921785538428524 	101325.1451581416
0.7670170170170165 	299.9945256839823 	0.03540466461913758 	101318.5284776826
0.7695195195195191 	299.9889751699813 	0.05074015031314948 	101311.9670541658
0.7720220220220213 	299.9835817414038 	0.06489806452810838 	101305.5916790585
0.7745245245245239 	299.9784805606629 	0.07767006541902116 	101299.5619930781
0.7770270270270263 	299.9737912646993 	0.0888894302407906 	101294.0193988934
0.779529529529529 	299.9696203575376 	0.09838140296412794 	101289.0897466109
0.7820320320320313 	299.9660872991257 	0.106094097902032 	101284.9141669609
0.784534534534534 	299.9632664750641 	0.1120022712597187 	101281.5803860246
0.7870370370370364 	299.9612024009618 	0.1159542384353014 	101279.1408673277
0.7895395395395389 	299.9599214638034 	0.117809572822778 	101277.626892677
0.7920420420420413 	299.9594005404489 	0.1175224794472576 	101277.0111770734
0.794544544544544 	299.9596171907614 	0.1150687451582195 	101277.2671689525
0.7970470470470463 	299.9605160457556 	0.1104240244353834 	101278.3294381165
0.799549549549549 	299.9620794514386 	0.1036851856852172 	101280.1770451656
0.8020520520520515 	299.9642680429904 	0.09498681499255046 	101282.7636196195
0.8045545545545539 	299.9670477894327 	0.08454857655842796 	101286.0488022964
0.8070570570570563 	299.970413084245 	0.07257857023630435 	101290.0260131025
0.8095595595595589 	299.9742657539907 	0.05933322716810827 	101294.5794897212
0.8120620620620614 	299.9785204835115 	0.04513593177809799 	101299.6082624155
0.8145645645645638 	299.9831209272916 	0.03017541062369198 	101305.0459673143
0.8170670670670666 	299.9879633394712 	0.01474730848676826 	101310.7700511601
0.8195695695695689 	299.9929461594068 	0.006561859119561149 	101316.6603590299
0.8220720720720714 	299.9980345750377 	0.01624625511430901 	101322.6755646551
0.8245745745745739 	300.0032554079701 	0.03133924778016877 	101328.8475803295
0.8270770770770765 	300.0085596895674 	0.04583759484390873 	101335.1185742995
0.8295795795795788 	300.013856433535 	0.05946871040920113 	101341.3809086648
0.8320820820820815 	300.0190211039518 	0.07206754262851868 	101347.4874316011
0.834584584584584 	300.0239101424641 	0.08350624467629833 	101353.268265085
0.8370870870870865 	300.0283847866284 	0.09358627129253098 	101358.5594095256
0.8395895895895891 	300.0323282563317 	0.1022223560248895 	101363.2227863078
0.8420920920920915 	300.0356306160182 	0.1093077014251528 	101367.1280110117
0.844594594594594 	300.0382010224091 	0.1146213643114251 	101370.1676416834
0.8470970970970964 	300.0399973470105 	0.1179979216846289 	101372.2919462945
0.8495995995995991 	300.0410154850377 	0.1192487709550093 	101373.4959957225
0.8521021021021015 	300.0412549056337 	0.1181638383962449 	101373.7792102282
0.8546046046046039 	300.0407301216208 	0.1147145578991082 	101373.1586857837
0.8571071071071066 	300.0394456746955 	0.108902764044986 	101371.6398942566
0.8596096096096089 	300.0374146068781 	0.1008179498042101 	101369.2382064058
0.8621121121121116 	300.0346730278537 	0.09068629848364347 	101365.9962308157
0.8646146146146139 	300.0312496847862 	0.07873973470833014 	101361.9479566027
0.8671171171171166 	300.0272132034879 	0.06524054832177947 	101357.1748662896
0.8696196196196189 	300.022666992413 	0.05041523711325054 	101351.7991803602
0.8721221221221216 	300.0177352775661 	0.03449872049057347 	101345.9679830999
0.874624624624624 	300.0125224925134 	0.01788989985515644 	101339.8049255229
0.8771271271271264 	300.0071082986639 	0.0079895551574181 	101333.4038261143
0.879629629629629 	300.0015599710816 	0.01572582993512201 	101326.8443272035
0.8821321321321317 	299.9959152565791 	0.03195105081178203 	101320.1712017777
0.8846346346346339 	299.9902805904587 	0.04733438166448986 	101313.5102308301
0.8871371371371364 	299.9847991169017 	0.06161251003078535 	101307.0307131006
0.8896396396396391 	299.9796008951659 	0.07459042626450071 	101300.8862229936
0.8921421421421414 	299.9748126665262 	0.08607654171705431 	101295.2265947468
0.8946446446446441 	299.970549281526 	0.09596940528727399 	101290.1877083453
0.8971471471471464 	299.9669236510458 	0.1041842474134642 	101285.9027265973
0.8996496496496489 	299.9639822388999 	0.1106100532806156 	101282.4263922365
0.9021521521521517 	299.9617889037704 	0.11507628537232 	101279.8340888949
0.9046546546546541 	299.9603638928407 	0.1175048689167732 	101278.1497923987
0.9071571571571564 	299.9596789445342 	0.1177284980198791 	101277.3402298903
0.9096596596596589 	299.9597067644676 	0.1156644996754182 	101277.3730615144
0.9121621621621616 	299.9604138871197 	0.1114068033814465 	101278.2087450048
0.9146646646646639 	299.9618086672618 	0.1050112078401661 	101279.8571355182
0.9171671671671666 	299.9638591504554 	0.09677347597539875 	101282.2804643533
0.9196696696696689 	299.9665154732803 	0.08686414245876874 	101285.4197600147
0.9221721721721714 	299.9697447012663 	0.07538178905815628 	101289.2361742295
0.9246746746746741 	299.9734683279362 	0.06249243517281865 	101293.6370277939
0.9271771771771765 	299.9775799825229 	0.04841324017819101 	101298.4965554202
0.9296796796796791 	299.9820034481582 	0.03345980804380088 	101303.7251208228
0.9321821821821816 	299.9866850241694 	0.01795760812385362 	101309.2590797929
0.9346846846846838 	299.9915686846313 	0.007839406355196771 	101315.0320255267
0.9371871871871866 	299.9966287283241 	0.01302410321303081 	101321.013680701
0.9396896896896891 	300.0018688309461 	0.02800595737982328 	101327.2084126377
0.9421921921921914 	300.007224546531 	0.04242598527537677 	101333.5401296349
0.9446946946946939 	300.0125801376624 	0.05608608460636638 	101339.8719628892
0.9471971971971965 	300.0178154300635 	0.06883246570386091 	101346.0618021106
0.9496996996996991 	300.0227955055529 	0.08046903982385183 	101351.9502514402
0.9522022022022016 	300.027373568453 	0.09088494256473208 	101357.3637314911
0.9547047047047038 	300.031407299672 	0.09999283713250165 	101362.1338280946
0.9572072072072064 	300.0347959317828 	0.1076402576175076 	101366.1410144665
0.9597097097097093 	300.0374775841207 	0.1135730872215791 	101369.3121059313
0.9622122122122114 	300.0394398207845 	0.1175249067948554 	101371.6326953472
0.964714714714714 	300.0406725831923 	0.1192483407195262 	101373.0905063278
0.9672172172172167 	300.0411502892867 	0.1186068381924538 	101373.6554747779
0.969719719719719 	300.0408602601251 	0.1155865739107834 	101373.3126087731
0.9722222222222214 	300.0397728912305 	0.1102628311529863 	101372.0269057399
0.9747247247247239 	300.0378832197563 	0.1028276046303179 	101369.7924316335
0.9772272272272267 	300.0352467613262 	0.09334936143126181 	101366.6747924288
0.9797297297297292 	300.031928391969 	0.08188333528941769 	101362.7506361401
0.9822322322322313 	300.0280358155392 	0.06861199186140191 	101358.1474890628
0.9847347347347344 	300.0236846499801 	0.05386733530284615 	101353.0024568652
0.9872372372372363 	300.0189292911408 	0.03797643114063069 	101347.3798696916
0.9897397397397389 	300.0138201806494 	0.02136500956389097 	101341.3392326265
0.9922422422422417 	300.0084425500143 	0.00895577932119415 	101334.9812741528
0.9947447447447441 	300.0028759888608 	0.01205802177159762 	101328.4001998122
0.9972472472472468 	299.9971987373208 	0.02825494364198965 	101321.6885436982
0.999749749749749 	299.9915151886773 	0.04372969947899677 	101314.9697519556
1.002252252252252 	299.9859517080731 	0.05806120721277719 	101308.3931282066
1.004754754754754 	299.9806404828177 	0.07108000964804703 	101302.1149357206
1.007257257257256 	299.9757394231582 	0.08282800386504677 	101296.3219801605
1.009759759759759 	299.9714076996415 	0.09319216007483209 	101291.2023647658
1.012262262262261 	299.9677436918892 	0.1020280609838347 	101286.8720526166
1.014764764764764 	299.964757233112 	0.1090996234745448 	101283.342366871
1.017267267267267 	299.9624455235483 	0.1141553521653433 	101280.6101011766
1.019769769769769 	299.9608117070979 	0.1169683568555447 	101278.6791445097
1.022272272272272 	299.9598865879805 	0.1174449094694582 	101277.5856043066
1.024774774774774 	299.9596896649841 	0.1157741274151491 	101277.3529105081
1.027277277277277 	299.9602294733352 	0.1120090373834668 	101277.9908862718
1.029779779779779 	299.9615241685186 	0.106253902297343 	101279.5209363292
1.032282282282282 	299.9634900839673 	0.09863856693193002 	101281.8443429799
1.034784784784784 	299.9660280067101 	0.08922648698066343 	101284.8438946136
1.037287287287286 	299.9690903020104 	0.07809931811297302 	101288.4627875713
1.039789789789789 	299.972616043267 	0.06535103306505512 	101292.6295834495
1.042292292292291 	299.9765517229201 	0.05139652161798593 	101297.2812824611
1.044794794794794 	299.9808436800182 	0.03658649440677575 	101302.3542539873
1.047297297297296 	299.9854463551391 	0.02119181543579213 	101307.7949762365
1.049799799799799 	299.990263599528 	0.008462908756132263 	101313.4893381435
1.052302302302302 	299.9952624166448 	0.009738208761628238 	101319.3985376316
1.054804804804804 	300.0004889896372 	0.02462769436301217 	101325.5771699184
1.057307307307306 	300.0059160034957 	0.03887318656846729 	101331.9932391761
1.059809809809809 	300.0113997349355 	0.05233666088678998 	101338.4763652534
1.062312312312312 	300.0167491059244 	0.06504328893951977 	101344.8008934074
1.064814814814814 	300.0217868434072 	0.07697444711444605 	101350.757594521
1.067317317317317 	300.0263680556708 	0.08793928879406519 	101356.1748102714
1.069819819819819 	300.0304024662341 	0.09775615974085806 	101360.9456759832
1.072322322322321 	300.0338663662425 	0.1060082783192215 	101365.0417475018
1.074824824824824 	300.0367339104019 	0.112366105100186 	101368.4327794746
1.077327327327327 	300.0389477933629 	0.116623709898778 	101371.0508281269
1.079829829829829 	300.0404319937018 	0.1186538458067732 	101372.8059180938
1.082332332332332 	300.0411087695779 	0.118513344907845 	101373.6065079784
1.084834834834834 	300.0409452604443 	0.1161948204044452 	101373.4131857914
1.087337337337337 	300.0399610767893 	0.1116584206507913 	101372.2492451461
1.089839839839839 	300.0382234649858 	0.1048140388183119 	101370.1950324437
1.092342342342342 	300.0357964060097 	0.0957018539989192 	101367.3249490745
1.094844844844844 	300.0327017339764 	0.08455649472868976 	101363.6649426415
1.097347347347347 	300.0289885447909 	0.07162298833453198 	101359.2741615279
1.099849849849849 	300.0247785505887 	0.05712168861952752 	101354.2959909753
1.102352352352352 	300.0201605910872 	0.04134629853892093 	101348.8356970099
1.104854854854854 	300.0151612428651 	0.02475222866294165 	101342.9248401455
1.107357357357357 	300.009857605162 	0.009184388342146611 	101336.6544036493
1.109859859859859 	300.0043061195197 	0.008671597566575168 	101330.0908923391
1.112362362362362 	299.9985561404865 	0.0247133820151679 	101323.2933877482
1.114864864864865 	299.9927395640767 	0.03998173257453785 	101316.4172072682
1.117367367367367 	299.9870510944286 	0.05424474192930452 	101309.6925135649
1.119869869869869 	299.9816942148723 	0.06759753627280657 	101303.3604437871
1.122372372372372 	299.9768292340821 	0.08000832747116077 	101297.6100556299
1.124874874874874 	299.972534163623 	0.09108094940105912 	101292.5339636839
1.127377377377377 	299.968786033082 	0.1004044307470294 	101288.1040268306
1.129879879879879 	299.9655784796499 	0.1076728321023019 	101284.3128939419
1.132382382382382 	299.9629921685169 	0.1127959821964817 	101281.2564020129
1.134884884884884 	299.9611461196528 	0.1158954727096282 	101279.0741861655
1.137387387387387 	299.9601050496385 	0.1169970222978443 	101277.8439290222
1.139889889889889 	299.9598258107611 	0.1160164520622938 	101277.5139970936
1.142392392392392 	299.9602444427119 	0.1128351817075746 	101278.0083894767
1.144894894894894 	299.9613476028227 	0.1075205455330522 	101279.3122784889
1.147397397397397 	299.9631351043587 	0.1003092534198617 	101281.4252383771
1.149899899899899 	299.9655472775785 	0.09130344137736243 	101284.2757397473
1.152402402402402 	299.9684878403873 	0.08060023626693485 	101287.750620997
1.154904904904904 	299.9718767957413 	0.06825234469304882 	101291.7561328054
1.157407407407407 	299.9756430158195 	0.05446052447618538 	101296.207035537
1.159909909909909 	299.9797242959025 	0.03962739369628122 	101301.0311998746
1.162412412412412 	299.984127254384 	0.02416663421173743 	101306.2359254771
1.164914914914914 	299.988863990252 	0.008650745248114615 	101311.8347277285
1.167417417417417 	299.993936907214 	0.006832665616818355 	101317.8316995839
1.169919919919919 	299.999327801424 	0.02065399943422248 	101324.2047382271
1.172422422422422 	300.0048840673174 	0.03453252639521312 	101330.7731471586
1.174924924924925 	300.0103633694416 	0.04816173348969913 	101337.2510230054
1.177427427427427 	300.0155678878999 	0.06149927943154978 	101343.404168581
1.179929929929929 	300.0204515693393 	0.07419579771158591 	101349.1788140316
1.182432432432432 	300.0250699722981 	0.08561720782914206 	101354.6399637524
1.184934934934934 	300.0293571324231 	0.09545132823672783 	101359.7095083346
1.187437437437437 	300.0330723393474 	0.10385810366269 	101364.1030960936
1.189939939939939 	300.0360955286051 	0.1106273070409017 	101367.6776376485
1.192442442442442 	300.0384297394893 	0.1154987369621532 	101370.4381664384
1.194944944944944 	300.0400601069373 	0.1182453772543972 	101372.3664548755
1.197447447447447 	300.0409211021484 	0.1186579024773512 	101373.3844669815
1.199949949949949 	300.040957630231 	0.1168628745278069 	101373.4276783544
1.202452452452452 	300.040193841707 	0.1128356221955404 	101372.5244637815
1.204954954954955 	300.0386422792927 	0.1065408934816517 	101370.6908113362
1.207457457457457 	300.0363425932989 	0.0980552370156306 	101367.9704853246
1.20995995995996 	300.0333702385923 	0.08738547983629093 	101364.4558250808
1.212462462462462 	300.0298486661794 	0.07462879957434895 	101360.2913670368
1.214964964964964 	300.0258931367255 	0.06010673349162403 	101355.6134405996
1.217467467467467 	300.0215649800456 	0.04411071849808955 	101350.4966029949
1.219969969969969 	300.0167073087143 	0.02742261685502242 	101344.752705962
1.222472472472472 	300.0112275635041 	0.01112863440286531 	101338.274113937
1.224974974974975 	300.0053891352435 	0.007722420433450118 	101331.3712435286
1.227477477477477 	299.9995748091783 	0.02040051121170419 	101324.4982093001
1.229979979979979 	299.9939488445198 	0.0360623383038772 	101317.8464681157
1.232482482482482 	299.9883823145984 	0.05096425241197963 	101311.2659210692
1.234984984984984 	299.9830315278903 	0.06479824949934312 	101304.9415448435
1.237487487487487 	299.9781041290995 	0.0774891352802268 	101299.1165886304
1.239989989989989 	299.9735987887431 	0.08870722225480029 	101293.7922562753
1.242492492492492 	299.969652528082 	0.0978875901178122 	101289.1308365974
1.244994994994994 	299.9663226009839 	0.1073583993355972 	101285.2012688346
1.247497497497497 	299.9643148794653 	0.1140614235010714 	101282.001339439
1.249999999999999 	300 	0.1152492307304748 	101280.1068700999
