/*--------------------------------*- C++ -*----------------------------------*\
  =========                 |
  \\      /  F ield         | OpenFOAM: The Open Source CFD Toolbox
   \\    /   O peration     | Website:  https://openfoam.org
    \\  /    A nd           | Version:  7
     \\/     M anipulation  |
\*---------------------------------------------------------------------------*/
FoamFile
{
    version     2.0;
    format      ascii;
    class       volScalarField;
    location    "0.00126";
    object      Uy;
}
// * * * * * * * * * * * * * * * * * * * * * * * * * * * * * * * * * * * * * //

dimensions      [0 1 -1 0 0 0 0];

internalField   nonuniform List<scalar> 
5000
(
-1.3254703e-21
-5.0440044e-21
0
0
6.2159781e-21
-8.5313053e-36
-8.8123941e-21
0
0
1.2891148e-20
2.8627843e-20
-1.5774334e-20
-1.727612e-20
1.8823093e-20
0
2.206831e-20
-1.3373468e-48
-2.5542396e-20
0
-2.9279526e-20
3.1257956e-20
3.3315887e-20
-7.0916394e-20
3.7689924e-20
4.001627e-20
3.4982456e-34
-4.4974513e-20
-4.7617726e-20
1.0075641e-19
-9.2341834e-34
9.8366553e-34
-5.9426039e-20
-1.2543903e-19
1.3232681e-19
-1.209534e-33
6.395124e-33
2.6863226e-33
-1.6318922e-19
1.7181342e-19
1.8083548e-19
-1.9027376e-19
6.8831184e-33
2.1047575e-19
-1.1063982e-19
-3.4887028e-19
1.2219969e-19
1.2838003e-19
9.2362441e-33
2.832013e-19
0
-1.5605188e-19
-2.3273431e-35
1.7184105e-19
-3.6054609e-19
6.6101096e-33
3.9657554e-19
-2.0790249e-19
7.5261379e-33
2.2843091e-19
0
-2.5081063e-19
-8.9610858e-33
-7.8214735e-35
-2.8818675e-19
3.0174252e-19
-1.104286e-32
-3.3063103e-19
3.4601015e-19
3.6204471e-19
-3.7875986e-19
-3.9618153e-19
4.1433652e-19
4.3325247e-19
-9.0591579e-19
-4.7348222e-19
4.9485578e-19
0
-5.4027665e-19
8.020456e-35
5.8948236e-19
-6.1559072e-19
1.8268076e-34
-1.9070965e-34
-7.003766e-19
-7.3092033e-19
-2.6553635e-32
7.9567291e-19
0
8.6559715e-19
9.3636068e-32
3.2897944e-32
-9.8097018e-19
-1.0224148e-18
2.1308718e-18
7.6825524e-32
-1.1564163e-18
0
0
1.3060503e-18
9.4291454e-32
-2.8305003e-18
1.4728636e-18
3.0651393e-18
0
-1.6585189e-18
-1.7248956e-18
1.7936318e-18
1.8647981e-18
0
0
-2.093606e-18
-2.175229e-18
0
2.3469731e-18
-8.5203293e-32
-2.5305887e-18
2.6270571e-18
-7.7498814e-34
9.8924267e-32
-5.2054973e-48
-6.0920665e-18
1.3469777e-33
3.2766522e-18
0
3.5223636e-18
-3.6511233e-18
-3.7839525e-18
7.8419065e-18
4.0622289e-18
-8.4157691e-18
-4.3580267e-18
4.5127632e-18
4.6722034e-18
4.8364581e-18
0
-5.1798607e-18
-5.3592369e-18
5.543884e-18
1.988207e-31
-5.9294611e-18
6.1306293e-18
6.3375446e-18
0
-6.7691048e-18
-6.9939964e-18
7.2251284e-18
-7.4626263e-18
4.3807044e-33
7.9572266e-18
-8.2145841e-18
8.4788175e-18
-6.0929429e-31
-9.0284289e-18
9.3140664e-18
-9.6070987e-18
-9.9076564e-18
1.021587e-17
0
0
1.1187758e-17
1.1527906e-17
-1.1876364e-17
-1.2233262e-17
1.259873e-17
8.9965716e-31
-1.3355895e-17
1.3747847e-17
1.4148883e-17
0
-1.497871e-17
-1.5407751e-17
0
1.6294704e-17
1.6752857e-17
0
-1.7699114e-17
-3.7838429e-30
1.8686077e-17
-1.9195107e-17
-1.9714649e-17
2.0244812e-17
1.4355593e-30
-1.4675991e-30
-9.3365591e-33
-2.2473739e-17
2.3058536e-17
3.2808372e-30
-1.6687442e-30
1.7112993e-30
-2.551076e-17
0
0
2.7470953e-17
2.8147809e-17
0
0
-3.0249682e-17
3.5141051e-47
3.1710931e-17
0
-3.3220649e-17
3.3993788e-17
9.6377115e-30
-7.11536e-17
3.6386728e-17
7.7253476e-30
5.4063113e-33
3.8890439e-17
-3.9749692e-17
5.772633e-33
5.7448951e-30
-2.9344768e-30
4.3310144e-17
0
-4.5164282e-17
-3.1911116e-30
-1.3063008e-29
-4.8037354e-17
0
5.0013544e-17
5.101974e-17
0
0
0
-5.5163794e-17
-3.8914516e-30
5.730638e-17
0
0
-6.0606564e-17
-6.1729252e-17
6.2863078e-17
6.4007928e-17
0
-6.6330227e-17
-6.7507426e-17
6.869515e-17
6.9893263e-17
0
-7.2320085e-17
2.0422955e-29
5.1863814e-30
-7.6034562e-17
7.7291888e-17
7.8558525e-17
0
-8.1119038e-17
1.1453876e-29
-8.3714688e-17
-1.1792825e-29
1.72688e-16
-8.7670808e-17
1.2344873e-29
3.1366131e-29
6.3460935e-30
9.3054414e-17
-9.4418391e-17
-9.5789183e-17
0
9.8550348e-17
9.9940288e-17
0
-1.0273778e-16
-1.0414489e-16
2.1111453e-16
1.0697469e-16
-1.0839692e-16
-1.0982374e-16
-3.0861652e-29
1.1269018e-16
-1.1412934e-16
8.0148096e-30
1.1701836e-16
-1.1846775e-16
8.3333744e-30
-8.4517329e-30
3.4911104e-32
8.5842103e-30
-1.2575385e-16
0
0
1.3014824e-16
1.3161539e-16
0
0
0
0
-1.3895803e-16
-9.6785504e-30
2.8378777e-16
-6.1118306e-32
-1.4482624e-16
-1.4629053e-16
2.0514069e-29
2.0674494e-29
2.1411932e-32
1.5212974e-16
1.5358393e-16
1.5503542e-16
-3.1296802e-16
-4.7378841e-16
1.5937158e-16
3.2162028e-16
0
-1.6367574e-16
-1.6510236e-16
1.6652459e-16
-4.7732051e-32
7.2200407e-32
-4.8533739e-32
-1.7216557e-16
-1.7356285e-16
1.7495455e-16
3.5268098e-16
-1.7772048e-16
6.4688858e-47
-1.804619e-16
-5.0385263e-29
3.663547e-16
0
0
-3.7439766e-16
1.0469921e-28
3.7968678e-16
0
-1.924573e-16
-1.9375237e-16
1.9503932e-16
-2.7898465e-32
2.7433162e-29
-2.8258275e-32
-2.0010292e-16
2.0134706e-16
2.0258222e-16
0
-2.0502509e-16
2.8633335e-29
2.0743048e-16
-4.1723762e-16
5.8196936e-29
2.1096614e-16
5.8902866e-29
4.2654718e-16
-4.2882417e-16
-2.1554028e-16
2.1665806e-16
3.0946315e-32
2.18862e-16
0
0
-2.2208734e-16
3.0949141e-29
4.4836553e-16
-3.2004801e-32
-6.7870051e-16
2.272419e-16
2.2823888e-16
-4.5844871e-16
2.3019825e-16
-2.3116048e-16
-4.6422197e-16
2.3304969e-16
2.3397651e-16
2.3489138e-16
-2.3579425e-16
8.0538523e-47
2.3756367e-16
-2.384301e-16
2.3928426e-16
-2.4012609e-16
-6.6771591e-29
-6.8715888e-32
-2.4257704e-16
4.8673795e-16
-2.4414831e-16
-6.8008015e-29
6.8147549e-29
2.4641012e-16
4.9427698e-16
-7.4356201e-16
-6.8948579e-29
1.3827977e-28
-6.9256551e-29
5.01173e-16
-5.0247402e-16
6.9868918e-29
5.0499718e-16
0
0
-2.5429174e-16
3.5348951e-29
2.5542056e-16
2.5596487e-16
-2.5649572e-16
-7.7103926e-16
2.5751693e-16
2.580072e-16
7.3465537e-32
2.5894692e-16
0
-5.1966391e-16
-5.2050775e-16
2.6066202e-16
5.2211272e-16
2.6143685e-16
-5.2360693e-16
-5.2431233e-16
5.2498983e-16
5.2563938e-16
0
-5.2685431e-16
2.6370979e-16
5.279566e-16
-2.6423266e-16
-2.6447284e-16
3.7615963e-32
-3.6780191e-29
-2.6510796e-16
2.6529108e-16
2.6545984e-16
-2.6561422e-16
3.6859558e-29
3.7783777e-32
3.6892365e-29
2.6608722e-16
-2.6616917e-16
1.1089288e-28
3.6971614e-29
7.3915953e-29
2.6635071e-16
-2.6635936e-16
3.698047e-29
7.3841341e-29
3.7842667e-32
5.3248416e-16
2.6617512e-16
-2.6609321e-16
-5.319926e-16
3.6915398e-29
5.3151472e-16
2.6561525e-16
-5.3091602e-16
-2.6528559e-16
2.6509797e-16
2.648951e-16
7.3457913e-29
-2.6444351e-16
0
0
-2.6365092e-16
0
2.6304534e-16
-2.6271929e-16
-3.7286112e-32
7.2720644e-29
0
2.6125925e-16
-2.6085513e-16
-2.604353e-16
5.1999945e-16
2.5954838e-16
-2.5908124e-16
0
0
2.5758477e-16
-7.1415359e-29
-2.5650765e-16
0
0
2.5477228e-16
-1.0589964e-28
-2.5353533e-16
0
0
0
0
0
0
0
0
-4.9434632e-16
-1.3676277e-28
2.4558206e-16
-2.4476232e-16
2.4392646e-16
-2.4307449e-16
6.7324743e-29
2.4132227e-16
6.6760417e-29
2.3950576e-16
0
0
-2.3666085e-16
-6.5443815e-29
2.3468446e-16
0
0
0
0
0
0
0
-4.5229524e-16
1.8731481e-28
4.4771555e-16
-2.2268988e-16
-3.1478005e-32
-2.2030854e-16
1.2148999e-28
4.3573418e-16
2.1662406e-16
6.2873233e-47
-6.4228179e-16
0
4.230116e-16
0
0
-4.150341e-16
5.7187825e-29
6.1436539e-16
-2.0340379e-16
-2.0200574e-16
2.0059449e-16
-1.991702e-16
1.9773305e-16
5.4448163e-29
-1.9482095e-16
1.9334638e-16
0
1.9036121e-16
-1.8885104e-16
-3.7465888e-16
1.8579664e-16
1.8425288e-16
1.826984e-16
1.8113345e-16
-3.5911654e-16
-1.7797314e-16
1.7637832e-16
0
-1.7316071e-16
1.7153849e-16
1.6990771e-16
-5.0480603e-16
-4.7356733e-32
3.2993413e-16
-1.6330511e-16
-2.2441573e-29
-1.5996054e-16
4.4985478e-32
3.1318124e-16
-1.5489701e-16
0
4.206694e-29
2.1285845e-32
1.4807317e-16
-1.4635667e-16
4.0162733e-29
1.9821828e-29
2.0064003e-32
1.3945979e-16
-1.3772977e-16
-8.4193249e-47
3.7282869e-29
1.8833948e-32
2.6159677e-16
1.7901011e-29
-1.2733154e-16
0
0
1.2213905e-16
5.0102669e-29
-1.1868741e-16
1.1696584e-16
-1.6000991e-29
-3.3199705e-46
1.5525533e-29
-1.1011766e-16
-1.0841722e-16
-1.4802157e-29
1.0503317e-16
0
0
-1.0000533e-16
9.8343872e-17
-8.0491973e-29
-9.5045079e-17
9.3408533e-17
0
-9.0163082e-17
-8.8554936e-17
8.6957007e-17
8.5369664e-17
0
-8.2228167e-17
-8.0674717e-17
1.5826651e-16
7.7604115e-17
-7.6087623e-17
-7.45841e-17
-1.0137967e-29
-7.1617188e-17
-1.948048e-29
1.3741153e-16
0
0
0
-6.3058197e-17
-6.1684308e-17
0
5.8983761e-17
7.9887868e-30
-5.6347587e-17
0
0
5.2517324e-17
7.1116405e-30
-6.9344975e-30
4.8839737e-17
-4.7648444e-17
1.9337804e-29
4.5318378e-17
0
4.3058943e-17
5.8251586e-30
-4.0870701e-17
3.9803408e-17
-3.8754044e-17
-3.7722631e-17
3.670918e-17
0
-3.4736154e-17
-3.3776547e-17
3.2834841e-17
3.1910993e-17
0
3.0116661e-17
-2.9246045e-17
-2.8393028e-17
2.755752e-17
5.3478853e-17
-1.4405288e-29
-7.5465136e-17
-3.6523332e-47
2.3638939e-17
4.5812321e-17
-1.2310851e-29
-4.298085e-17
2.0807158e-17
-2.0140073e-17
1.9488999e-17
1.8853758e-17
-3.6468336e-17
0
0
3.2934773e-17
2.1253428e-46
-3.0728397e-17
0
0
2.7634474e-17
1.8530788e-46
-2.5710543e-17
0
0
2.3023679e-17
1.1089649e-17
-2.135976e-17
-1.0282298e-17
0
1.9045507e-17
-5.0872771e-30
-1.7618255e-17
8.4689428e-18
0
-7.8206488e-18
7.5120685e-18
-1.0251075e-33
-6.9248713e-18
6.6457897e-18
-6.3760789e-18
-6.1155112e-18
5.8638582e-18
5.6208967e-18
-1.4956967e-30
-5.1601568e-18
4.9419411e-18
1.3138544e-30
-4.528741e-18
4.3333331e-18
-4.1451109e-18
-3.9638682e-18
3.7894054e-18
3.6215244e-18
-9.6078137e-31
-3.3047306e-18
3.1554375e-18
-4.2802634e-34
-2.8741376e-18
2.7417703e-18
-2.6146925e-18
-2.4927316e-18
2.3757215e-18
4.5269938e-18
-1.1979136e-30
-4.1055438e-18
1.9539601e-18
-2.6422485e-34
-3.5373903e-18
-4.7803973e-34
1.5989498e-18
0
-1.44363e-18
0
1.3016938e-18
0
0
0
1.0540871e-18
2.5863758e-48
-9.466052e-19
0
-8.4888294e-19
2.2309826e-31
7.6014039e-19
0
0
0
6.0671753e-19
-1.5907964e-31
-5.4071399e-19
0
-4.8104072e-19
-1.2583711e-31
4.2714771e-19
0
-3.7852525e-19
3.5604235e-19
-1.8597736e-31
-3.1446137e-19
2.9526222e-19
0
2.5981043e-19
6.7607143e-32
-2.2800261e-19
0
-1.9953316e-19
1.8646448e-19
9.670604e-32
-1.6250843e-19
8.4152579e-32
2.0077425e-35
-3.6571407e-32
1.7423202e-35
1.1417176e-19
0
-9.9033502e-20
2.5616242e-32
2.3895748e-32
-2.6053955e-49
2.090034e-32
0
1.3289236e-19
1.7429214e-32
-5.9721723e-20
5.7509013e-20
-1.5504386e-32
-5.5413776e-20
-5.7681503e-20
-1.6823767e-32
1.6725315e-32
-6.0873987e-20
6.6362988e-20
7.0265228e-20
0
6.629392e-20
-1.973281e-32
-7.4688242e-20
0
0
0
1.4337139e-19
-7.6500362e-32
-1.287417e-19
0
0
0
0
0
0
0
7.3141681e-20
-1.7260388e-32
-5.1345763e-20
-2.3972139e-20
2.8989058e-20
3.1537571e-20
-6.3796586e-33
-1.2392809e-32
-3.9221579e-20
4.7326184e-20
-3.5456939e-20
-3.3062759e-20
4.6638969e-20
5.3379603e-20
-2.6149712e-32
-4.5811983e-20
-5.5501374e-20
1.7103192e-32
5.6958383e-20
5.3216704e-20
-5.9042897e-20
-6.4923105e-20
6.2595953e-20
-5.7248965e-20
0
6.1525264e-20
6.2232602e-20
-1.6508023e-32
-5.8856778e-20
6.1218756e-20
-6.1791721e-20
-5.9244711e-20
5.7111226e-20
-5.7349634e-20
-1.5910409e-32
5.5399745e-20
5.3311609e-20
7.4856527e-36
-1.0434776e-19
-2.8050709e-32
4.8426408e-20
4.6800096e-20
0
-4.3781402e-20
0
0
0
-3.4987681e-20
-3.2206135e-20
2.9031185e-20
2.5341622e-20
0
-2.2328738e-20
6.4656526e-33
1.8562792e-20
0
0
-2.4557404e-20
9.5846566e-33
1.4435823e-20
0
0
-2.3884052e-20
1.036053e-32
2.9474989e-20
0
-2.8084832e-20
5.8856649e-33
-7.9033685e-33
9.9947063e-33
3.1266371e-20
0
3.2509788e-20
-2.31614e-32
-4.0278002e-20
0
-2.9155816e-20
2.8037111e-20
2.3959256e-20
-3.850617e-20
-6.010512e-33
6.4572138e-20
-1.177549e-32
-4.1736089e-20
0
0
-1.9451299e-20
6.0431686e-33
3.1010192e-20
0
-3.4504152e-20
2.5998427e-20
1.9059526e-20
-1.9067848e-20
0
2.8230694e-20
-2.0393945e-20
-8.967818e-33
1.0958572e-32
-2.3439419e-20
2.0028169e-32
-2.4202754e-20
2.6342183e-20
-8.134313e-33
1.664352e-32
5.7446798e-20
-8.1491171e-33
-3.0276194e-20
0
0
0
5.3139696e-20
2.4887618e-20
-3.8517195e-20
-1.7037665e-20
0
0
-1.7713688e-20
1.8712513e-49
2.1848336e-20
0
3.9188308e-20
1.9679691e-20
-4.4256806e-20
-2.2697293e-20
0
3.8510943e-20
5.6945764e-36
-6.1240538e-20
5.3599909e-33
3.5824666e-20
-1.7373025e-20
-9.6350175e-36
1.5875866e-20
-4.1457529e-33
-8.2219316e-33
-1.4838647e-20
0
-1.6586945e-20
9.8333756e-33
3.4566499e-20
-1.7404408e-20
3.3501554e-32
2.3186925e-20
-5.3347336e-20
4.1388817e-36
2.9316138e-20
0
0
0
2.7886348e-20
-2.8580065e-20
-5.8618305e-20
2.706789e-20
6.1315498e-33
5.0607547e-33
1.6628039e-20
0
-1.0609832e-20
7.5794762e-37
5.9406118e-21
-2.2045007e-21
-1.126608e-33
1.8759871e-21
1.8942007e-21
-1.3531467e-33
-6.5252186e-21
0
-5.0216049e-21
-5.5319898e-21
0
6.4866847e-21
7.0550891e-21
-7.4772405e-21
0
8.5326951e-21
0
0
-9.1693664e-21
7.8583174e-33
9.6301109e-21
0
0
-8.7146184e-21
-8.3670763e-21
8.0452708e-21
7.63606e-21
-7.1332804e-21
-6.5880102e-21
1.1909781e-20
5.3061399e-21
-1.3319062e-33
-4.3634837e-21
2.1632265e-33
1.9092282e-33
-3.0271108e-21
2.6563747e-21
-2.372009e-21
2.1729931e-21
1.698007e-36
-1.8151599e-21
3.2299347e-21
1.3692722e-21
1.2333844e-21
-2.5475767e-21
-2.7518491e-21
1.4327481e-21
-1.6064634e-21
1.7252438e-21
-1.0679429e-33
-4.9306326e-21
2.8286706e-21
-8.2796408e-34
8.9288846e-34
3.6969866e-21
0
0
-5.4552052e-21
-6.1484323e-21
0
6.3717546e-21
7.0370824e-21
0
7.518864e-21
-2.0756848e-33
-7.2154049e-21
6.7936723e-21
-1.7359259e-33
-6.5507337e-21
0
-8.3968324e-21
-4.6138393e-33
7.5373289e-21
-6.7016453e-21
1.7096167e-33
6.5185395e-21
7.0907276e-21
1.9199597e-33
-6.1205314e-21
0
4.4514153e-21
-4.2959513e-21
1.0740107e-36
-1.5159495e-33
-1.9053902e-21
1.7614586e-21
0
1.6939153e-21
6.5487873e-34
1.2503089e-21
5.7264316e-34
1.1152734e-21
-1.6255411e-21
-3.1465017e-21
5.1050398e-21
5.230915e-21
2.2488129e-21
0
-3.3868496e-21
-7.3380528e-21
3.9078713e-37
-2.2444661e-21
2.2773665e-21
2.2434687e-21
-2.6410787e-21
6.1859794e-21
-6.1698875e-21
-4.3699847e-33
4.1718741e-21
-3.6283483e-21
9.7271535e-34
-1.6317185e-21
1.4166582e-21
1.2236459e-21
-1.112565e-21
-3.0102221e-34
-2.1094243e-21
2.143219e-21
2.8056926e-21
-3.891496e-21
-6.3413679e-34
-2.4800763e-21
1.5910801e-33
3.4263837e-21
1.1035863e-33
-9.283796e-50
4.9706127e-21
1.1136982e-20
-6.2150557e-21
2.5285431e-49
-7.4080646e-21
-1.3408702e-32
8.6856221e-21
-1.8230398e-20
5.3019785e-33
2.0341145e-20
-1.1797736e-50
-1.0309786e-20
0
0
-1.1369903e-20
1.2200785e-20
2.3259063e-20
0
0
0
-1.1916397e-20
-1.2860692e-20
0
1.1138207e-20
-1.1090247e-20
-1.9389406e-32
2.3207556e-20
0
0
0
-1.107534e-20
-1.0945253e-20
1.0448789e-20
-1.1130609e-20
-6.3207712e-33
2.1381495e-20
0
0
-1.8469499e-20
2.3365743e-36
8.1754125e-21
-8.4596461e-21
8.8270569e-21
-8.7903893e-21
4.65086e-33
1.4326821e-20
0
0
-6.6871471e-21
-6.6597029e-21
0
0
5.4121862e-21
5.0066115e-21
0
-4.7789214e-21
-4.4475836e-21
3.9729139e-21
-3.701079e-21
-3.6351582e-21
3.5558201e-21
3.3440257e-21
-1.6803842e-33
-2.7538152e-21
2.6975108e-21
7.7108965e-34
-2.82187e-21
0
-2.5751984e-21
1.3592402e-33
2.5377181e-21
-2.7825771e-21
1.6555044e-33
3.0342837e-21
0
-3.1263061e-21
9.3841868e-34
5.3125236e-37
-4.0377826e-21
4.209521e-21
4.2701788e-21
0
-9.0590721e-21
5.4929894e-33
5.3660445e-21
8.0772594e-37
1.1828577e-20
-1.2228541e-20
-1.2587139e-20
1.2987885e-20
6.6915838e-21
0
-1.3718586e-20
1.1810962e-32
1.4684947e-20
0
-1.4498261e-20
-4.0233178e-33
7.6256838e-21
2.2025168e-33
1.6064639e-20
-1.5991698e-20
-1.9692737e-32
1.5146086e-20
-1.457512e-20
4.0773063e-33
1.5105226e-20
7.6532379e-21
-1.5021613e-20
-7.1198126e-21
1.3456862e-20
-1.3276036e-20
-1.6899615e-32
1.3556926e-20
-1.3296369e-20
1.775941e-33
-6.0431185e-21
6.3919918e-33
1.7076361e-20
-3.1176969e-33
-1.069238e-20
5.1652796e-21
1.0255364e-20
-5.086606e-21
2.7285724e-33
-4.6437857e-21
-4.9818961e-33
4.4649841e-21
-8.9762648e-21
3.6804836e-33
-4.7481667e-33
2.3363175e-33
4.2024984e-21
0
4.077962e-21
3.9696757e-21
0
0
0
0
0
-4.1840158e-21
-4.2401794e-21
0
4.3149276e-21
-4.2761591e-21
-7.1371613e-33
8.7116524e-21
0
0
0
-4.3899753e-21
-4.4364223e-21
4.5219025e-21
4.5399909e-21
-8.9969472e-21
-7.4302798e-33
8.89275e-21
0
-8.6273976e-21
-7.1096484e-33
4.3232646e-21
-4.4066453e-21
4.428841e-21
-4.3888639e-21
-2.4039301e-33
8.5647061e-21
0
0
-4.136315e-21
-4.1304156e-21
0
-4.3825255e-21
-1.2444419e-36
-4.3146196e-21
4.2338689e-21
1.2840224e-20
0
9.2152396e-21
9.2634018e-21
0
-1.3733657e-20
-9.2572226e-21
9.5924029e-21
-4.9582989e-21
-5.0165011e-21
1.5053445e-20
5.0154828e-21
7.2060361e-37
5.2198659e-21
-5.3883679e-21
-5.4937215e-21
-5.5354493e-21
1.6213584e-51
-5.5937633e-21
-5.6190717e-21
5.6996382e-21
0
1.174306e-20
1.1807838e-20
0
-5.837476e-21
-1.1887367e-20
-3.374113e-33
-6.1255666e-21
-1.2157051e-20
1.2044701e-20
1.203842e-20
6.1085532e-21
6.1389484e-21
0
-5.9914843e-21
-1.7857664e-20
5.9894465e-21
4.0543445e-49
-1.7804985e-20
1.1700179e-20
5.7691589e-21
5.7159288e-21
1.1354439e-20
-1.1247839e-20
-5.5701126e-21
5.4902649e-21
5.352264e-21
5.2216466e-21
-1.5478383e-20
-5.1328321e-21
1.5178321e-20
4.9350721e-21
-4.7790363e-21
-9.3466391e-21
4.634732e-21
-4.5926541e-21
7.4650958e-33
-7.1904662e-33
-1.2558564e-20
4.1304638e-21
4.0979588e-21
8.0487141e-21
3.9107915e-21
-7.5558459e-21
-1.0484686e-36
-3.6478729e-21
3.601996e-21
1.0507084e-20
-1.0120751e-20
-3.2831566e-21
9.7059446e-21
0
-9.3679935e-21
-3.0464725e-21
9.0126493e-21
-2.9646149e-21
-5.7659414e-21
-1.5428674e-33
2.9869173e-33
2.6565842e-21
0
5.3013478e-21
5.1512248e-21
-2.4742466e-21
-2.3881133e-21
-4.7155875e-21
2.3735316e-21
2.3705051e-21
-4.6300297e-21
0
4.3214435e-21
4.3004042e-21
-2.1836817e-21
-4.3767811e-21
1.180119e-33
2.0362521e-21
-3.9595761e-21
1.9951474e-21
-6.8459859e-33
-4.2159717e-21
2.1311057e-21
0
4.135915e-21
0
-4.5319884e-33
-2.1044795e-21
-4.4119966e-21
6.8731531e-21
-6.6220771e-37
-4.6520246e-21
0
4.7802538e-21
2.5079899e-21
-5.3201955e-21
3.0816455e-33
2.8265173e-21
-5.7286057e-21
2.9294805e-21
-5.0746954e-33
-6.4384849e-21
3.3956231e-21
-3.5320757e-21
7.2628156e-21
1.1178706e-20
0
-1.186058e-20
-8.1722144e-21
1.2759311e-20
8.8431436e-21
-4.5444107e-21
-9.287358e-21
4.7264379e-21
4.8326918e-21
-9.9576076e-21
5.1363203e-21
1.050647e-20
-5.2356939e-21
7.4360661e-37
-1.0785494e-20
-1.1178228e-20
1.7169516e-20
-5.799083e-21
-9.4079881e-33
1.673463e-20
0
-1.7892081e-20
-1.209516e-20
6.0630634e-21
5.6086805e-21
5.432034e-21
0
5.9602387e-21
-3.3559024e-33
-1.2087111e-20
3.0701899e-33
5.0910954e-21
0
5.4835994e-21
-1.1278483e-20
-1.7109968e-20
1.1322451e-20
1.6521349e-20
5.3395488e-21
-5.278027e-21
-1.0434663e-20
5.0263422e-21
-4.8169485e-21
-4.6982202e-21
9.2556614e-21
-9.0503955e-21
-4.3694159e-21
1.2357986e-20
7.845739e-21
-3.854083e-21
-1.1325666e-20
8.018919e-33
-7.5395061e-33
-3.1642675e-21
-3.3279059e-33
-2.9105624e-21
2.7978861e-21
2.6287944e-21
2.4298994e-21
-2.230138e-21
-2.0704319e-21
5.8529922e-21
-1.8238195e-21
-3.3330773e-21
4.4597598e-21
3.7356934e-37
-1.1820612e-21
2.1592865e-21
9.7017229e-22
0
-6.8368116e-22
-5.6028775e-22
-9.6144816e-22
4.1984879e-22
-1.1010065e-33
-5.8134918e-22
6.9514319e-23
1.9423457e-23
2.5805544e-23
-3.2669132e-23
1.4843075e-24
-2.8655432e-22
2.167401e-22
5.278614e-22
3.4311216e-34
1.1972888e-22
-1.268452e-22
-1.2446147e-22
-2.4506647e-35
3.1968939e-35
6.8674113e-39
-1.0362783e-23
-2.2161036e-22
-2.2343746e-22
9.5721257e-22
-4.2633069e-34
-8.711521e-22
0
0
7.675469e-22
-4.9581046e-34
5.4933406e-34
1.0787314e-21
-2.3796136e-21
-1.3280323e-21
-1.6386768e-33
1.6078331e-21
5.120969e-21
1.8031346e-21
0
0
0
-6.9580528e-21
-4.8352184e-21
7.5326212e-21
-2.9046495e-33
-5.4483843e-21
0
0
5.9884735e-21
-6.8137166e-33
-3.4971475e-33
6.478568e-21
-3.2909127e-21
-6.6117623e-21
-6.6286718e-21
3.3645321e-21
1.0432981e-20
3.5500912e-21
0
0
0
-1.0274671e-20
-7.0370317e-21
1.0845564e-20
-8.1207607e-33
-3.6385161e-21
5.1057608e-37
-3.5347564e-21
7.0087615e-21
-3.9209496e-33
-3.5624487e-21
7.083032e-21
0
-1.8965902e-33
-6.7578482e-21
-6.7722547e-21
1.019177e-20
6.7393163e-21
-3.3013755e-21
-1.7981387e-33
3.2216953e-21
-9.6750486e-21
-6.439891e-21
3.1905191e-21
3.1257769e-21
-3.0806963e-21
-3.0888084e-21
3.0998952e-21
3.0883201e-21
-1.6943789e-33
1.6552998e-33
2.9459767e-21
0
3.0306427e-21
-6.1260841e-21
-9.1649218e-21
6.0553497e-21
6.0244791e-21
3.0038977e-21
-3.336523e-33
-6.0535246e-21
3.0553286e-21
-3.0806871e-21
-3.0932669e-21
6.1978487e-21
-6.2162115e-21
-3.1223855e-21
3.1469645e-21
6.3303574e-21
3.1753042e-21
-6.3718131e-21
1.7760591e-33
-3.2318865e-21
-3.2580941e-21
9.8107328e-21
-3.2835259e-21
-3.2915478e-21
9.9148641e-21
-4.7132774e-37
-9.8935252e-21
-3.285417e-21
9.9557372e-21
-3.3641412e-21
-1.1412946e-49
-5.6206626e-33
-6.6891712e-21
6.6508316e-21
6.6773111e-21
-3.3684808e-21
3.746349e-33
6.6587293e-21
-3.2880378e-21
-9.8889419e-21
-3.3147918e-21
3.3134882e-21
0
3.2103913e-21
6.2999829e-21
-4.4832624e-37
-9.5293125e-21
-3.1745279e-21
6.2788112e-21
-4.3689499e-37
-6.0344427e-21
5.9703894e-21
-4.9512107e-33
-5.8839667e-21
8.6256792e-21
5.6271656e-21
0
0
-2.7153985e-21
-7.9168001e-21
-2.5658683e-21
7.5522765e-21
-2.7624372e-33
-4.9069351e-21
4.780805e-21
4.6121971e-21
-2.2347623e-21
-4.3846961e-21
2.1632654e-21
2.1236292e-21
-6.1816616e-21
-1.9837148e-21
-3.2015087e-33
1.0452946e-33
1.848034e-21
-1.7956341e-21
3.4603827e-21
4.9898531e-21
0
-4.7832378e-21
-3.1282279e-21
4.5194186e-21
-4.0906945e-37
-1.3836255e-21
2.7070951e-21
-1.344118e-21
-1.3241171e-21
-1.4198984e-33
1.2251023e-21
2.3652228e-21
-1.160446e-21
-2.3004155e-21
-2.2689326e-21
1.2247664e-33
1.0700056e-21
-1.0544556e-21
2.1083916e-21
3.1604434e-21
0
-3.0124277e-21
-1.9536211e-21
2.9228441e-21
-1.1011135e-33
-1.0135747e-21
1.0232651e-21
1.0151225e-21
-5.5735464e-34
-2.0117959e-21
5.6377778e-34
2.0591238e-21
-1.1620738e-33
-1.18538e-33
-2.17937e-21
-3.3187313e-21
2.2289024e-21
-1.2485645e-33
-3.8152487e-33
1.1778087e-21
1.2124183e-21
2.475971e-21
-3.7553596e-21
-1.2667097e-21
2.5903296e-21
-2.6701686e-21
-7.8107173e-37
4.1885014e-21
1.4124514e-21
-1.4373616e-21
-4.4246643e-21
5.0697279e-33
3.115894e-21
1.5671415e-21
-3.1424179e-21
-4.7679237e-21
4.8838586e-21
1.6868282e-21
1.921131e-33
1.7456182e-21
-3.491869e-21
9.7054346e-34
-1.7701693e-21
1.8143541e-21
-6.1873577e-33
-5.6447565e-21
5.6612238e-21
5.658427e-21
0
0
0
-1.9821629e-21
-5.9464421e-21
-1.9731191e-21
-2.1919858e-33
-1.9949148e-21
6.0660162e-21
2.0369218e-21
-2.0304309e-21
-2.0128333e-21
-2.0042469e-21
4.0299648e-21
-2.032353e-21
2.0383825e-21
-6.7592738e-33
-4.0140659e-21
5.9914866e-21
4.0297813e-21
0
-4.0303988e-21
-2.1958349e-33
1.9195522e-21
-5.6840498e-21
-1.9259443e-21
1.9756745e-21
0
0
1.9220874e-21
3.7246249e-21
-4.0534546e-33
-3.6749452e-21
-1.8803563e-21
1.9152925e-21
-1.9178765e-21
1.8788969e-21
3.4964329e-49
-2.9210134e-33
5.1607956e-21
0
0
-3.6223768e-21
-3.6257806e-21
-1.7875119e-21
1.9390098e-33
5.1415734e-21
-1.8741208e-33
-3.3468875e-21
0
3.3888949e-21
1.7035536e-21
-3.3830246e-21
1.6561815e-21
1.6204821e-21
-4.775203e-21
1.5805052e-21
-5.3115188e-33
-3.2313393e-21
4.8490623e-21
3.1768617e-21
0
0
0
-4.5024734e-21
-3.0337995e-21
4.5842558e-21
3.0482801e-21
0
-2.9351503e-21
1.5965257e-33
1.4194632e-21
-2.8389011e-21
1.4357399e-21
-1.445274e-21
-1.4326422e-21
4.1903373e-21
-2.7171177e-21
-2.6795354e-21
1.34887e-21
-1.3755644e-21
2.7772631e-21
4.1242018e-21
0
-3.9176239e-21
-2.5848005e-21
1.3044272e-21
1.3306157e-21
-1.4921879e-33
1.3358779e-21
-4.3744309e-33
-1.2925673e-21
-7.1454087e-34
3.7853429e-51
1.3196977e-21
0
1.3232269e-21
-2.6202911e-21
-3.9148906e-21
3.934746e-21
3.9944638e-21
0
-2.693245e-21
-2.6796822e-21
2.6733241e-21
-1.346351e-21
-1.369997e-21
4.1780376e-21
-2.8053818e-21
-2.811815e-21
1.4114189e-21
2.8501491e-21
1.4430097e-21
-4.3777907e-21
-1.4701639e-21
-2.4600283e-33
2.9834702e-21
8.6304066e-37
-4.6235266e-21
3.0906137e-21
4.6294443e-21
1.5429839e-21
-4.6788427e-21
-3.2031865e-21
4.915765e-21
-3.6730836e-33
-3.301023e-21
-1.6395564e-21
9.1237116e-34
3.3501808e-21
-1.9147417e-33
1.7551008e-21
1.7564909e-21
-5.2454641e-21
-1.7357661e-21
-1.9331368e-33
3.5578839e-21
-6.0824491e-33
-5.5634102e-21
3.700643e-21
-2.0409912e-33
-2.0284766e-33
-4.0586381e-33
-1.8589386e-21
5.6817594e-21
-1.9115533e-21
-3.1742662e-33
-6.3059149e-33
-5.644983e-21
1.8837179e-21
3.8201784e-21
-2.1428025e-33
1.9303252e-21
1.9189898e-21
-3.7977025e-21
-3.7731824e-21
2.1054875e-33
5.7356985e-21
-2.126182e-33
-1.9025506e-21
3.751361e-21
-1.854337e-21
-1.853096e-21
1.0371893e-33
-1.0416953e-33
1.8610834e-21
-3.6664739e-21
1.8036336e-21
-5.9233923e-33
-5.8781823e-33
5.2916445e-21
-3.5306392e-21
4.9810461e-37
3.4426672e-21
-1.6855687e-21
-4.942734e-21
-1.6183413e-21
4.826237e-21
-1.7778249e-33
-1.5817974e-21
3.0891222e-21
-2.9961267e-21
-7.2964177e-33
1.4392014e-21
-1.427063e-21
1.4050616e-21
-2.7205777e-21
1.3063048e-21
3.7861924e-21
0
0
-2.3973087e-21
-3.2735881e-37
2.1868114e-21
-1.0377348e-21
-3.010564e-21
-9.8999953e-22
2.9361812e-21
2.6889985e-37
9.8363855e-34
1.6304551e-21
-2.2688676e-21
-3.6296079e-33
7.180382e-22
-7.0896178e-22
-6.8523636e-22
7.1440232e-34
5.8856678e-22
-1.068145e-21
9.7868146e-22
-1.5267953e-33
-8.811708e-22
1.2846777e-21
8.2456191e-22
-3.8560123e-22
-1.0353216e-21
-2.9767628e-22
2.6183767e-22
0
-2.5110554e-22
2.519926e-22
7.1565693e-22
1.1390609e-34
-3.252035e-22
1.3768509e-22
1.4294114e-22
-3.260559e-22
1.7837432e-22
-1.777017e-22
-3.1522035e-22
3.8703524e-22
-3.8804453e-34
2.9121411e-34
3.2083799e-22
-3.7519694e-22
-2.0315942e-22
-2.0396649e-22
-2.1828181e-34
1.9823972e-22
-4.3824923e-22
5.0639401e-22
8.6757812e-22
0
-3.3249276e-22
1.8826624e-34
1.0030754e-37
-1.1476681e-21
-4.2337425e-22
1.3989641e-21
-5.0041185e-22
7.3624862e-50
1.6157451e-21
-5.6449553e-22
-1.8055235e-21
-6.4519993e-22
1.3719538e-21
-7.1811118e-22
7.4415002e-22
-2.5734297e-33
-1.6142332e-21
2.5284178e-21
9.7331866e-34
-4.0261955e-33
1.8736666e-21
-1.9413289e-21
-1.1189932e-33
1.040745e-21
-2.1264231e-21
-1.0812655e-21
0
0
2.3400657e-21
-2.6772193e-33
-6.9847865e-37
-1.37628e-33
-1.2494597e-21
-1.2668618e-21
1.2935424e-21
1.3251367e-21
-2.6991815e-21
2.7217595e-21
-1.5187055e-33
-2.7559195e-21
2.7829393e-21
4.6868142e-33
-1.5754619e-33
1.4255864e-21
-2.8575077e-21
1.4342826e-21
-3.2053934e-33
-2.906118e-21
0
2.8965559e-21
1.4444398e-21
-2.8937293e-21
-1.4554778e-21
1.4592311e-21
-2.4115015e-33
-1.4304989e-21
0
0
2.8481534e-21
2.8653852e-21
0
-2.829578e-21
-1.3988198e-21
1.3878733e-21
-1.3850657e-21
1.3780669e-21
0
-2.6312882e-21
0
0
1.3076853e-21
-1.4744742e-33
-1.3281257e-21
0
1.2780826e-21
6.9308237e-34
-1.2249237e-21
0
2.3790937e-21
2.387729e-21
-1.2067799e-21
-1.3516958e-33
1.2091959e-21
-2.3519381e-21
-2.2693337e-21
2.1963529e-21
3.084313e-37
2.4424974e-33
3.1872833e-37
-2.2667089e-21
1.1234086e-21
-1.2097558e-33
1.0537285e-21
-1.0279538e-21
-3.064134e-21
3.105162e-21
1.0516373e-21
-1.056298e-21
-1.1570347e-33
-1.0152448e-21
1.9825411e-21
1.9545721e-21
-1.952287e-21
-3.2853347e-33
-9.9401303e-22
-9.9006718e-22
1.9510815e-21
-9.60689e-22
1.0570674e-33
-5.2812332e-34
9.538173e-22
1.9047603e-21
-1.8829064e-21
-1.85697e-21
0
9.238476e-22
1.0349752e-33
-1.8708874e-21
-1.0296225e-33
2.7428584e-21
1.8082941e-21
0
-1.8115299e-21
-2.0235912e-33
-9.1369852e-22
-9.112077e-22
2.7227218e-21
-5.0172847e-34
-1.7993671e-21
8.9539155e-22
1.7843265e-21
-8.9269552e-22
-1.7972714e-21
-9.030675e-22
0
1.7845246e-21
-8.8395432e-22
-2.6505792e-21
8.9158527e-22
9.0090946e-22
1.8074158e-21
8.9797129e-22
-1.78146e-21
-8.8987126e-22
-8.9578745e-22
1.0014266e-33
9.0181073e-22
8.9757981e-22
1.7881159e-21
8.9734042e-22
0
0
0
-1.7948313e-21
-1.7802841e-21
1.7897201e-21
1.0125189e-33
1.0299795e-33
-1.0318623e-33
-2.0339978e-33
1.8022301e-21
0
-1.8149178e-21
-9.2791397e-22
9.4168026e-22
-9.4117571e-22
-9.3011235e-22
0
0
1.8570732e-21
-3.1450565e-33
-2.1173032e-33
1.8990213e-21
-1.8832199e-21
-1.876069e-21
0
1.9077062e-21
-1.0671274e-33
-1.9158375e-21
1.8953993e-21
1.0420755e-33
-1.8803735e-21
0
1.9429678e-21
9.7695208e-22
-1.9303579e-21
9.487104e-22
2.0827114e-33
-1.8781819e-21
1.9050966e-21
1.936679e-21
0
0
0
-1.8839195e-21
-1.8789555e-21
1.8879124e-21
0
-1.8965619e-21
0
-9.2890417e-22
1.8459964e-21
9.2335721e-22
-9.280567e-22
1.8512842e-21
9.1089566e-22
-1.7829485e-21
-8.7555882e-22
-9.6549617e-34
8.7376583e-22
-1.9559064e-33
5.0073946e-37
1.7327639e-21
0
-8.2415406e-22
-1.6194148e-21
-8.0002045e-22
0
0
0
-7.971624e-22
1.5584146e-21
7.4516046e-22
-7.1274584e-22
-6.9301626e-22
6.9162983e-22
7.0423046e-22
-1.4254966e-21
0
1.3784377e-21
1.3140171e-21
0
0
-1.2089633e-21
-6.8133113e-34
-6.2388403e-22
-6.2722717e-22
6.1279275e-22
-5.7701538e-22
5.3909268e-22
1.0352428e-21
5.2110689e-22
0
-1.1127244e-21
-6.2206623e-34
5.527161e-22
-5.3589921e-22
-5.1630823e-22
-1.0053419e-21
9.9598985e-22
5.0185151e-22
-1.4553081e-37
5.2294163e-22
-1.0624376e-21
5.3435551e-22
-5.305759e-22
-1.9692305e-50
5.1871167e-22
-1.0464602e-21
1.0731389e-21
1.1115353e-21
0
-5.8170954e-22
-1.1609047e-21
3.2212633e-34
5.8865709e-22
6.0593978e-22
-1.2605164e-21
-1.3040612e-21
6.648091e-22
1.340593e-21
1.3552487e-21
-6.9311392e-22
-1.4328979e-21
7.4391926e-22
-7.6668987e-22
1.2983629e-33
7.9108357e-22
-1.613824e-21
1.6556589e-21
9.4707726e-34
-4.8684859e-33
1.7851175e-21
-1.8100321e-21
-4.0888462e-33
9.426135e-22
-1.942873e-21
9.9627492e-22
-2.8630246e-37
4.503597e-33
1.0225508e-21
-2.0773663e-21
2.3756891e-33
-6.091953e-34
1.1122988e-21
-3.1698763e-37
-2.2237434e-21
2.2298834e-21
6.4499778e-37
-5.181577e-33
2.3769469e-21
-2.3870586e-21
-2.6418922e-33
2.3604788e-21
-1.1768488e-21
-1.1899117e-21
-1.2129746e-21
1.2258601e-21
-1.3567833e-33
-2.4233942e-21
0
0
2.3839888e-21
3.4131099e-37
-2.4032036e-21
1.1877178e-21
-1.2946693e-33
1.1462958e-21
2.5183569e-33
-2.2680356e-21
0
-1.1128089e-21
2.1775553e-21
1.0606413e-21
-2.3059676e-33
1.0280698e-21
-2.0359476e-21
9.9888761e-22
-1.0752131e-33
-1.8672491e-21
0
0
8.7784212e-22
-4.7670589e-34
8.2335392e-22
-7.8257173e-22
-2.2471423e-21
2.1827004e-21
7.1549064e-22
-1.3941454e-21
6.6447037e-22
1.0332948e-33
5.7872794e-22
-3.1449731e-37
-1.8066318e-33
5.3377997e-22
-1.0244427e-21
-4.7265612e-22
0
-3.8304356e-22
3.6579483e-22
3.6372948e-22
3.6045284e-22
-7.649222e-34
3.4444545e-34
-2.9144863e-34
-4.4392951e-22
2.0465672e-22
3.4321756e-34
-4.2080977e-22
2.9208203e-38
1.8676103e-22
3.0773104e-22
2.3503508e-22
-1.8894421e-22
-1.0107024e-34
-9.8300109e-23
-1.0411388e-22
2.0394246e-22
-1.7909104e-22
-6.848567e-23
1.4639094e-22
8.1928625e-23
-4.5844084e-23
-1.1261441e-22
-6.4466604e-23
6.5594428e-23
1.1743074e-22
-9.8960888e-23
-1.4288934e-22
5.612696e-23
6.9855913e-23
1.652835e-22
8.8881179e-23
-1.7481568e-22
-8.6339562e-23
-9.3878933e-23
2.1955285e-22
1.2850115e-22
-2.8732861e-22
3.0132954e-22
-1.2735547e-52
4.464177e-38
3.4451042e-22
-3.8756682e-22
-7.1748211e-34
-2.5526667e-34
-7.8523994e-34
-9.203437e-51
-7.5081765e-22
-2.9862282e-34
2.9083341e-22
6.1915508e-22
6.4150361e-22
-6.5322463e-22
-7.4465105e-34
-3.5117067e-22
-1.2359501e-33
3.8943398e-22
-8.0037436e-22
0
4.0754155e-22
-4.6636651e-34
4.3980772e-22
9.2288583e-22
-9.5179952e-22
-9.5604272e-22
0
9.450572e-22
-1.0719656e-33
-1.0006706e-21
1.0381931e-21
5.8816076e-34
-5.2903757e-22
-2.9117352e-34
-1.4906329e-37
5.307135e-22
-5.4063738e-22
-5.4960465e-22
5.5364002e-22
-6.127425e-34
5.4668247e-22
-1.8064875e-33
5.9964453e-34
1.0809989e-21
-1.0874208e-21
-1.0970025e-21
0
1.0888157e-21
-1.1766809e-33
-1.0324529e-21
1.0194664e-21
1.0226362e-21
-5.1755261e-22
-1.0375439e-21
-2.8251309e-34
-6.9523297e-38
-2.6148271e-34
-1.3147986e-37
-4.6237231e-22
9.3068973e-22
9.2436551e-22
-8.9755126e-22
-4.7623793e-34
8.2253886e-22
-8.0412469e-22
-7.9876394e-22
0
7.7957551e-22
-1.0577113e-37
3.9049506e-34
3.7386906e-34
-7.3184863e-34
6.5385119e-22
-6.4376285e-22
-4.6109051e-50
5.7936884e-22
-8.1530417e-22
-5.2380786e-22
2.5827174e-22
0
4.8933532e-22
-7.4386141e-34
2.2200776e-34
3.7071321e-22
0
0
-5.4646068e-22
-1.7192962e-22
1.5272031e-22
-1.3305133e-22
1.2016973e-22
-1.1335017e-22
-2.4047075e-34
1.0077067e-22
9.0046086e-23
8.0169202e-23
-7.397239e-23
0
0
-9.7888652e-23
3.2049113e-23
6.2319964e-23
0
-2.2113429e-23
-4.5400073e-23
-2.1072523e-39
2.2132959e-24
4.25193e-35
-1.4872282e-38
2.3166819e-23
-5.3620681e-23
-3.888953e-35
1.4814893e-34
-8.7346976e-23
1.1513537e-22
5.9880325e-23
-5.3285864e-23
-4.6393e-23
9.0940541e-23
8.8967037e-35
-2.0188689e-22
1.5391712e-22
-2.547236e-34
-6.9718028e-23
1.2730101e-22
-6.4078303e-23
7.1240828e-23
1.2930382e-34
-7.6871295e-23
1.399071e-22
-1.2541169e-22
3.4938775e-38
5.3214456e-34
4.3570822e-38
5.0377095e-34
-1.2897199e-22
5.1016279e-23
9.424537e-35
-4.3722053e-23
1.0643654e-22
1.187831e-22
-1.072958e-22
1.3086489e-34
2.5310616e-23
2.0522917e-35
-2.13111e-23
1.6226928e-38
5.7329232e-23
-3.5625229e-23
-8.3331012e-36
-3.3113589e-35
1.4803884e-35
-1.5879049e-35
3.7441372e-24
0
0
-4.1508599e-23
-1.0712875e-22
5.4743891e-23
-1.0555156e-34
-9.9470473e-35
-1.8498781e-34
-1.5156763e-22
9.6110774e-23
-1.2110257e-34
-1.1105023e-22
1.057638e-22
-1.1794617e-34
-1.2034636e-22
0
0
0
3.722042e-22
3.6697217e-22
-3.721668e-22
-2.01496e-22
2.2577641e-22
-5.013964e-22
5.3759434e-22
1.1046824e-21
-5.5205957e-22
-5.5986466e-22
8.8533874e-22
-3.1879411e-33
-6.899295e-22
-8.0971646e-34
3.7377349e-22
7.513177e-22
-7.6210539e-22
-3.9676936e-22
8.421122e-22
4.4818005e-22
0
0
-4.84376e-22
4.922893e-22
1.0194658e-21
-1.6063325e-21
-1.1285395e-21
1.1725988e-21
-5.9809885e-22
6.0538569e-22
-4.1017794e-33
-6.3452981e-22
1.3222431e-21
-1.3806069e-21
1.5810492e-33
1.4454096e-21
-1.4602525e-21
-7.4035685e-22
1.5136131e-21
-7.8003886e-22
-1.6096549e-21
1.6449331e-21
1.6588074e-21
0
-1.6814738e-21
8.5140326e-22
1.7350852e-21
-8.8382359e-22
8.9354027e-22
-1.7916269e-21
2.9880455e-33
-2.9985306e-33
-1.8112816e-21
-2.0346206e-33
9.2570297e-22
1.8591838e-21
-1.8597418e-21
-9.3010892e-22
1.8645125e-21
1.8752173e-21
-1.8929325e-21
-9.5417936e-22
1.9135082e-21
0
9.5858829e-22
-1.9216389e-21
-1.9311558e-21
1.9431782e-21
9.7581594e-22
-1.9532964e-21
-1.9506599e-21
0
0
9.6756119e-22
1.9265081e-21
9.5495279e-22
-1.8857394e-21
-1.8559078e-21
1.8200188e-21
-1.9739919e-33
-1.7256116e-21
1.634802e-21
-1.7145206e-33
-7.5395252e-22
2.141275e-21
1.2885332e-21
-1.890376e-21
2.1620298e-33
1.2810015e-21
-1.8638662e-21
6.1464876e-22
-2.0417198e-33
2.0076189e-33
5.851543e-22
-5.4890322e-22
4.8779188e-22
-8.539023e-22
-4.6853603e-22
3.9831591e-22
-5.6226468e-34
-8.5633074e-34
1.2197741e-22
0
0
-2.9598314e-22
-1.1488153e-33
1.6332559e-21
-2.3256481e-21
-1.5100914e-21
5.3991874e-21
-3.9017846e-21
-1.4005902e-49
-9.6616681e-33
-1.3467518e-21
9.7739473e-34
1.7212418e-21
0
-9.4683136e-21
-1.2231348e-20
1.3699571e-20
2.8623838e-32
-9.4185727e-21
2.7017082e-21
-1.3022003e-32
-1.906522e-32
1.4975571e-20
-1.4044965e-31
1.7055015e-48
2.6844624e-20
-6.9802763e-20
2.7941122e-20
-2.0611245e-21
3.8384837e-20
-4.6317325e-32
-6.3235035e-20
0
0
5.3385486e-20
-4.7923044e-32
-2.8566348e-31
-2.7055067e-46
-8.377942e-32
1.8424672e-19
-1.3731149e-19
-1.1173181e-19
2.7916684e-20
1.9415915e-20
-1.0267133e-20
0
4.433214e-21
-1.6109033e-20
3.2891869e-32
-6.5890833e-32
-1.7348081e-20
-1.5076183e-32
-4.6420356e-21
0
1.409515e-21
-1.0948622e-21
0
0
0
4.7151064e-21
2.1197531e-21
-3.5168965e-21
-2.733581e-21
2.0195172e-21
-2.4404652e-33
-5.6334537e-22
1.5313327e-21
-1.1216475e-21
-2.2493639e-21
1.3710195e-21
0
0
0
1.3985482e-21
3.0859638e-33
-1.4306609e-21
1.3382301e-21
1.3631322e-21
-2.036787e-21
-1.3406536e-21
6.80499e-22
-6.8753007e-22
6.9035034e-22
6.9223032e-22
-6.8897351e-22
0
1.3374149e-21
-1.4491918e-33
-6.3332943e-22
1.2231346e-21
5.8813638e-22
-5.6377618e-22
5.9838125e-34
5.1401082e-22
-9.7881744e-22
-9.311514e-22
0
0
0
7.6578524e-22
8.1224266e-34
-7.0051967e-22
0
6.4699636e-22
-3.1227841e-22
1.0077033e-33
2.940308e-22
-8.6017866e-22
3.1166517e-34
2.754974e-22
5.4219808e-22
7.5986163e-38
-5.2589503e-22
5.1387936e-22
1.1101883e-33
1.0784488e-33
1.1546285e-50
1.0115463e-33
4.3925151e-22
0
-4.0421867e-22
-1.9286506e-22
2.6065988e-38
-1.7378848e-22
3.2802497e-22
1.4909814e-50
-2.892981e-22
0
1.2577694e-22
2.3358282e-22
1.0819228e-22
-9.9897074e-23
-1.3072488e-38
8.4626404e-23
0
0
-1.3051621e-22
-1.195099e-22
1.0943961e-22
-1.110434e-34
-9.1242552e-23
0
0
6.8988571e-23
-3.1169758e-23
1.8680874e-34
2.5068168e-23
9.829635e-35
3.8417875e-23
0
0
-1.0452398e-23
8.2318634e-36
-4.3018803e-24
-2.2302787e-24
0
0
0
-2.5159197e-23
-3.2429555e-23
0
4.7417223e-23
8.2566878e-23
3.13289e-23
-1.0531065e-22
-7.777883e-23
8.5375525e-23
4.6383279e-23
-4.995286e-23
-1.0674563e-22
1.1340498e-22
1.1999179e-22
-1.8916188e-22
-1.3170538e-22
0
0
7.2187718e-23
-1.6674457e-34
-7.9055274e-23
1.6800618e-22
1.7865739e-22
0
0
0
-2.2252757e-22
-5.1940152e-34
2.4565529e-22
1.2881175e-22
-2.6974017e-22
9.3908969e-34
-9.8026726e-34
-3.0686542e-22
-3.5479111e-34
1.6613162e-22
3.4505976e-22
0
0
0
-3.9646855e-22
-4.0924648e-22
0
4.3453849e-22
-4.9633838e-34
2.2963757e-22
-1.570108e-33
-4.834288e-22
4.952085e-22
2.5339624e-22
2.5910439e-22
-2.6472381e-22
-2.7023973e-22
2.7565403e-22
2.8097964e-22
-2.86221e-22
-8.7411486e-22
-2.9642761e-22
0
3.0627964e-22
4.4206764e-38
3.1578348e-22
6.4079265e-22
-6.4983029e-22
-3.2933625e-22
3.3365386e-22
-3.3786275e-22
3.4195786e-22
1.0378077e-21
-7.2976078e-52
-1.0606418e-21
3.5719589e-22
-1.2014919e-33
1.9811892e-51
3.6759298e-22
-3.7078833e-22
3.7379845e-22
-7.5322876e-22
8.4200036e-34
3.8162887e-22
-7.6761837e-22
3.857577e-22
7.7492888e-22
-7.7784102e-22
-1.7325717e-33
1.1731185e-21
-7.833653e-22
1.1782657e-52
-2.6118649e-33
-3.9182368e-22
7.8248398e-22
-7.8065934e-22
8.6387155e-34
3.8747975e-22
-1.6418867e-51
3.8321565e-22
-7.610799e-22
-7.5499144e-22
0
7.4058315e-22
7.3225511e-22
3.6158566e-22
-7.1332982e-22
-1.0540946e-21
3.4568568e-22
1.018878e-21
-1.4796334e-33
-3.2635949e-22
-3.54311e-34
-6.9183366e-34
-3.0361782e-22
2.9528916e-22
-1.9089673e-33
-8.325991e-22
2.681205e-22
-5.7377132e-34
-2.4830298e-22
0
4.5470267e-22
4.3304144e-22
0
0
0
1.7070124e-22
5.284145e-34
-1.6246146e-34
-2.6761378e-22
-7.4347649e-51
-1.0796391e-33
-9.4848641e-23
2.4426283e-22
-1.3553056e-22
-5.3934475e-23
1.1995138e-22
-2.8735454e-35
-1.162725e-23
0
0
6.2139885e-23
-1.004656e-34
1.3177804e-34
1.466863e-22
-1.7451803e-22
4.490367e-34
1.1486902e-22
2.855195e-34
-3.1580129e-34
-3.1160074e-22
3.7600515e-34
4.059184e-34
1.9620703e-22
-2.0955095e-22
1.4843501e-33
7.0807427e-22
-2.4914122e-22
5.8209522e-34
2.7510199e-22
0
-6.0130722e-22
-6.2651868e-22
3.2574318e-22
-3.7538986e-34
-3.5032251e-22
7.2481526e-22
2.4937333e-33
-7.7230049e-22
7.9560669e-22
-4.093119e-22
2.802334e-33
4.3190274e-22
1.9671586e-33
9.0791034e-22
-9.2959299e-22
-9.5104849e-22
0
0
0
1.0348501e-21
2.3434778e-33
-1.0759788e-21
1.0968614e-21
1.1174793e-21
0
-1.1564735e-21
1.3044918e-33
5.9580673e-22
-6.0338054e-22
-6.1106722e-22
-1.2375124e-21
1.3904342e-33
6.3338868e-22
-6.4052274e-22
1.4377084e-33
-1.4529642e-33
1.321835e-21
1.3348431e-21
1.4962897e-33
6.8001443e-22
0
0
-1.3959635e-21
-1.407374e-21
0
1.4295047e-21
1.5991336e-33
-1.4509105e-21
0
-7.3584228e-22
1.4816938e-21
-2.4833133e-33
-7.5009545e-22
2.2623105e-21
-1.5157362e-21
5.0732189e-33
2.2960022e-21
-7.6888641e-22
-1.5446808e-21
7.7568769e-22
3.4592698e-33
-1.5640187e-21
7.8499613e-22
-7.8787577e-22
7.9063233e-22
2.3797386e-21
-1.5914333e-21
-7.9805675e-22
-8.0027934e-22
8.024145e-22
-1.2049259e-51
-8.06569e-22
8.0867737e-22
-1.6218365e-21
-1.6263957e-21
2.446649e-21
3.2713551e-21
-8.1943124e-22
2.7313244e-33
8.2032453e-22
0
0
-8.2103419e-22
1.8229535e-33
8.2055125e-22
-1.6400951e-21
-1.6387349e-21
0
0
8.162844e-22
-1.8096856e-33
-1.6266846e-21
8.1158135e-22
2.4288212e-21
-1.6148121e-21
5.3623268e-33
-2.67163e-33
-7.9943814e-22
2.3890044e-21
-7.930054e-22
-1.5788255e-21
0
0
0
1.5443605e-21
1.5350173e-21
0
-1.5154891e-21
-2.2580395e-21
1.4949986e-21
-2.4714706e-33
-1.4736312e-21
7.3132852e-22
-7.2575343e-22
7.9951854e-34
2.1430902e-21
-2.0138531e-37
-1.4053986e-21
0
1.3816818e-21
1.3697865e-21
0
-6.7301034e-22
1.4826827e-33
-1.3258877e-21
-1.3187906e-21
6.5709534e-22
0
0
6.3899109e-22
-6.3135398e-22
-6.2364537e-22
1.2311764e-21
1.2151269e-21
-1.1989959e-21
5.9080839e-33
1.7493898e-21
-5.749413e-22
6.2925589e-34
-5.5858518e-22
-1.1009541e-21
0
0
0
1.0377929e-21
1.0225388e-21
-1.5111456e-21
-9.9282729e-22
1.0884778e-33
9.6922686e-22
3.5206499e-51
-9.4460643e-22
4.6473845e-22
0
-4.4791812e-22
-1.563527e-51
4.3163136e-22
4.2361665e-22
5.9856601e-51
-4.0805587e-22
8.0103903e-22
7.8637329e-22
0
-3.7915596e-22
8.2722964e-34
-3.6611191e-22
-7.2000167e-22
7.0837789e-22
3.4869269e-22
-3.4353105e-22
-6.774472e-22
-3.3428807e-22
9.907256e-22
-7.2515353e-34
-9.7013802e-22
6.4117588e-22
9.547034e-22
0
-3.1485188e-22
-6.2764253e-22
-3.1322653e-22
6.2613396e-22
-1.3915241e-33
-3.1405872e-22
6.3043893e-22
-3.1683396e-22
-6.3782563e-22
6.4293123e-22
1.4410775e-33
-9.84093e-22
-3.3205995e-22
1.0097825e-21
-3.0574693e-51
-6.9437549e-22
3.5324311e-22
7.1959296e-22
-1.6290875e-33
-3.7435232e-22
1.0866041e-37
-3.9069177e-22
7.9893319e-22
8.1728008e-22
0
-8.5624519e-22
1.9468518e-33
1.2761047e-37
1.0212403e-33
9.4218887e-22
-9.6512677e-22
-1.4828297e-21
2.3144283e-51
5.1828807e-22
0
0
-5.5493519e-22
1.1343599e-21
-1.9295109e-33
3.9415923e-33
1.208153e-21
1.3687563e-33
6.2881048e-22
0
-1.3070828e-21
-1.3316356e-21
0
0
0
1.4313497e-21
4.8720908e-33
3.3264108e-33
-7.6544663e-22
5.1908614e-33
-5.3136871e-51
-1.5952564e-21
2.4148182e-21
-8.1257197e-22
-1.6389701e-21
9.1697182e-34
1.1549846e-51
8.376752e-22
0
-8.4759621e-22
8.5188765e-22
8.5570736e-22
8.5907092e-22
1.7239265e-21
-1.728755e-21
1.9237299e-33
8.6777326e-22
-2.6062489e-21
-8.6924775e-22
8.6927232e-22
8.6883249e-22
9.6354525e-34
-1.7332107e-21
9.6022626e-34
8.6265138e-22
1.7200937e-21
8.5703276e-22
9.4777095e-34
8.498297e-22
0
-1.6824574e-21
-1.6729926e-21
0
0
0
1.63057e-21
7.1916854e-33
-2.4112323e-21
-8.838567e-34
2.3628783e-21
-7.7958464e-22
5.140751e-33
7.6366293e-22
-2.2671893e-21
8.3026989e-34
7.4035274e-22
1.4657951e-21
7.2569204e-22
-1.4383061e-21
7.1291925e-22
1.5682993e-33
-3.9778538e-37
1.9703391e-37
3.0483598e-33
1.3578035e-21
-1.3413613e-21
1.4713889e-33
6.5518955e-22
-1.2956144e-21
-6.4069076e-22
1.2680325e-21
6.2771114e-22
-1.2435859e-21
-6.1633933e-22
0
1.2137373e-21
1.2058169e-21
-5.9950318e-22
1.3250403e-33
5.9441721e-22
0
0
-1.1816758e-21
-1.1821616e-21
1.1852115e-21
1.6911314e-37
-1.1986204e-21
0
1.2156661e-21
-1.083184e-51
-1.8298269e-21
-6.1155989e-22
6.1319248e-22
-1.365634e-33
1.2345169e-21
1.8589492e-21
0
-6.2523366e-22
1.3952489e-33
-6.3182825e-22
-1.2710121e-21
0
6.4356934e-22
1.2958812e-21
6.5251277e-22
-1.9717715e-21
2.5483187e-50
6.6707859e-22
1.4926677e-33
-6.7726557e-22
4.5467244e-33
1.3762163e-21
-1.3876381e-21
-6.998413e-22
7.061977e-22
1.4264349e-21
-1.4422731e-21
-7.2910275e-22
2.2087471e-21
7.4269287e-22
0
0
-7.6080741e-22
1.7024193e-33
7.7223863e-22
-1.5554484e-21
-1.5661706e-21
0
0
0
0
1.617292e-21
-2.3126946e-37
-2.4563429e-21
1.6477604e-21
2.4869918e-21
0
-8.3955897e-22
1.8766037e-33
-8.5070652e-22
-1.7131907e-21
0
0
0
1.7627382e-21
1.7749048e-21
0
-1.7998341e-21
-2.7188953e-21
-9.1280586e-22
2.7584532e-21
1.852708e-21
-1.8669315e-21
-9.4089661e-22
1.8973685e-21
9.570991e-22
-2.8987385e-21
-9.7620358e-22
9.8726509e-22
1.9967763e-21
2.0160904e-21
0
-1.0252903e-21
4.5938916e-33
1.0436667e-21
-2.105753e-21
-2.1245009e-21
0
0
0
2.2021581e-21
4.9337306e-33
-2.242197e-21
-1.131215e-21
2.2827689e-21
-5.9059553e-51
1.5477556e-32
-5.9103019e-51
-1.1822669e-21
1.1924454e-21
-1.2025663e-21
0
2.4450994e-21
1.2323674e-21
1.7650439e-37
1.2515413e-21
0
0
-2.5575887e-21
-3.8621536e-21
2.5913816e-21
-4.3426357e-33
-3.9341462e-21
1.3187566e-21
1.3258019e-21
2.6649282e-21
-5.9452698e-33
-2.6887385e-21
0
0
0
0
0
0
0
-1.3663406e-21
-1.3656009e-21
4.0918431e-21
2.7235175e-21
-1.3587752e-21
1.3547761e-21
-2.6999811e-21
-1.344214e-21
1.3378559e-21
-2.6620727e-21
-1.3233247e-21
0
0
1.2965179e-21
1.4283083e-33
2.8329556e-33
2.5296401e-21
1.3917188e-33
-1.2413478e-21
2.4579291e-21
2.7006223e-33
-1.2030026e-21
2.3789546e-21
-1.1756157e-21
-3.4842594e-21
-1.1469091e-21
0
0
1.1019316e-21
-1.2063404e-33
-1.0709444e-21
1.0552901e-21
1.0395436e-21
0
1.0079354e-21
1.9843208e-21
-9.7643894e-22
-1.9216112e-21
0
1.8598707e-21
2.0312985e-33
-2.6993609e-21
-8.8505007e-22
8.7057267e-22
1.2169891e-37
8.4249374e-22
8.2893532e-22
-1.0058765e-50
-8.9155315e-34
-1.5808599e-21
-7.7837677e-22
0
2.2666193e-21
7.4478174e-22
-2.2034381e-21
1.6091309e-33
1.4305509e-21
7.84397e-34
-6.9797664e-22
0
0
6.7561479e-22
1.3381973e-21
-6.630359e-22
-1.9722402e-21
-6.5221719e-22
0
0
6.3901996e-22
-1.4107049e-33
-6.3205901e-22
6.2908806e-22
6.2644356e-22
6.2411621e-22
6.2210011e-22
6.2039124e-22
-6.1898648e-22
-1.2357658e-21
0
1.233148e-21
1.2327304e-21
-1.2329013e-21
-1.8504854e-21
6.8568972e-34
-6.8666013e-34
6.8794278e-34
6.2119512e-22
6.2297854e-22
6.2502904e-22
-1.2546837e-21
-6.2991156e-22
-6.3273407e-22
-6.3580565e-22
1.2782431e-21
6.4267752e-22
0
-6.5049359e-22
2.1807812e-33
7.3201444e-34
7.3692825e-34
6.6877354e-22
6.7384325e-22
1.3581947e-21
-6.8453388e-22
-1.3802807e-21
0
-7.0178476e-22
-7.0783203e-22
0
7.2047059e-22
-1.6142799e-33
-1.0428696e-37
-1.0528204e-37
-7.4805043e-22
7.5547446e-22
2.2894161e-21
-1.712128e-33
-1.5582966e-21
0
0
1.6100656e-21
1.6283087e-21
0
-1.6662671e-21
-8.429659e-22
8.5302208e-22
-8.6328623e-22
-1.7474697e-21
8.8434802e-22
8.9509568e-22
-9.0594535e-22
-1.8337267e-21
-9.2780667e-22
9.3877759e-22
9.4979382e-22
9.6084304e-22
0
0
-9.9394991e-22
8.4150799e-51
1.0157764e-21
-1.0265595e-21
1.0372553e-21
1.0478547e-21
-1.0583419e-21
0
-1.0790069e-21
-1.0891837e-21
0
1.109381e-21
1.2428753e-33
-1.1294339e-21
0
0
1.1525582e-21
2.3143293e-21
3.8673973e-33
-1.1644239e-21
0
0
1.1698123e-21
-1.1702296e-21
1.170019e-21
3.5076013e-21
-2.3356224e-21
-3.4977287e-21
-1.1635425e-21
0
2.3151023e-21
1.1539897e-21
-1.1500779e-21
-2.2916328e-21
-1.1411821e-21
2.2722514e-21
1.130596e-21
0
0
0
-1.1039007e-21
-1.5579975e-37
-3.6260042e-33
-1.0805979e-21
2.1450601e-21
1.0644056e-21
-1.056278e-21
0
1.0402273e-21
1.0323778e-21
-1.0245794e-21
-1.0167954e-21
-1.0091054e-21
-1.0015992e-21
2.9830903e-21
3.3857563e-50
-1.961842e-21
1.9496192e-21
2.1521195e-33
-1.9280454e-21
-1.7816074e-51
9.5533583e-22
9.5183011e-22
-9.489013e-22
9.4655647e-22
2.8343969e-21
-1.8872629e-21
-2.829171e-21
-9.4307478e-22
0
1.8897675e-21
9.4667369e-22
-9.4905003e-22
-9.5200853e-22
2.1213271e-33
9.5964932e-22
0
0
0
0
0
0
0
-1.011508e-21
1.0201407e-21
1.0291965e-21
-2.0773166e-21
4.7540842e-52
1.058734e-21
2.1386228e-21
4.7971626e-33
-3.2743731e-21
5.5374521e-52
1.5842567e-37
2.2538717e-21
-6.4348845e-50
-3.4561493e-21
1.1650931e-21
1.1785119e-21
-1.1923622e-21
1.2067149e-21
1.2216468e-21
-1.2372075e-21
2.5067572e-21
-1.2700414e-21
4.285412e-33
3.9121106e-21
-2.6402701e-21
-4.0028451e-21
-1.3478805e-21
0
0
1.3913196e-21
1.4064291e-21
-1.4220542e-21
-1.5967746e-33
1.4547161e-21
0
0
0
0
0
0
0
3.2058515e-21
-1.6231261e-21
-4.9309042e-21
1.6644438e-21
-2.3953108e-37
1.7069548e-21
-3.8391306e-33
1.5550019e-32
1.7729723e-21
-3.5911617e-21
-1.818485e-21
0
0
1.8888832e-21
1.9128671e-21
-1.9370813e-21
2.178128e-33
-1.8918487e-50
2.2321234e-33
4.0716584e-21
-4.5766369e-33
2.3160653e-33
4.2222987e-21
-2.1362772e-21
-6.4839659e-21
-2.1862025e-21
0
0
2.2602644e-21
6.8547099e-21
-2.3096116e-21
-4.6687054e-21
7.0784688e-21
-5.2961586e-33
-4.8229496e-21
0
0
0
0
5.0568722e-21
5.6554465e-33
-7.694584e-21
5.1637946e-21
2.5978036e-21
-7.8385002e-21
2.6272037e-21
2.6409039e-21
2.9466243e-33
-5.2104869e-51
-5.3557671e-21
-2.6888509e-21
0
8.1264726e-21
2.7178613e-21
-5.4525877e-21
-2.7341434e-21
6.0871951e-33
-4.8535727e-51
4.4070324e-51
5.5197624e-21
3.0696542e-33
3.0741024e-33
5.5460572e-21
3.0828258e-33
-5.5595386e-21
-5.5651705e-21
-2.7850117e-21
0
2.7884634e-21
3.963857e-37
-2.7894978e-21
2.7890182e-21
2.7879512e-21
0
0
0
-2.7794476e-21
6.1653969e-33
2.7737475e-21
5.5416555e-21
-2.7680061e-21
1.8416833e-32
2.7629526e-21
-5.5213494e-21
-2.75804e-21
2.7535183e-21
2.7461996e-21
6.0796526e-33
5.462355e-21
-2.7241072e-21
-5.4330997e-21
0
-2.7013541e-21
-2.6938197e-21
2.6863457e-21
2.6790173e-21
0
-2.6647226e-21
5.9026562e-33
2.653049e-21
0
2.6446081e-21
-2.6415948e-21
-2.6379109e-21
2.6316433e-21
0
-2.6059364e-21
-2.5948565e-21
0
2.5724308e-21
-2.8435114e-33
-2.5500633e-21
0
0
2.5173032e-21
2.5066926e-21
-2.4962217e-21
2.485943e-21
7.4276015e-21
-2.4659877e-21
1.0908202e-32
4.8936441e-21
0
-4.8566532e-21
-4.8384832e-21
-2.4101983e-21
-2.4011443e-21
0
2.382859e-21
2.3736057e-21
0
0
-2.3455765e-21
-2.3362196e-21
2.3268982e-21
2.3176376e-21
0
0
0
0
-2.2731725e-21
-2.2648562e-21
4.5136289e-21
2.2490911e-21
-2.2417297e-21
0
-2.2283506e-21
-2.2223772e-21
-4.4338621e-21
-2.212221e-21
-2.4517763e-33
-2.2048874e-21
6.6063373e-21
8.4744624e-52
-4.3989701e-21
4.4001112e-21
-4.8875508e-33
4.8841502e-33
4.3903521e-21
2.4320084e-33
-2.1876096e-21
2.1847671e-21
2.1820233e-21
0
-4.3569048e-21
-6.5324529e-21
-2.1770902e-21
0
4.3564884e-21
2.1797908e-21
-2.1820169e-21
0
-2.1885763e-21
-6.2326883e-37
2.1980239e-21
0
0
0
0
0
-2.2437112e-21
-2.2561279e-21
4.5412222e-21
2.2867026e-21
-2.3044643e-21
0
2.3352548e-21
4.68777e-21
-2.3511971e-21
-4.7203935e-21
-2.3696143e-21
4.7570389e-21
7.9511357e-33
-7.1897733e-21
2.4059274e-21
2.4153105e-21
-2.4247963e-21
2.4344092e-21
7.3323596e-21
-4.6073019e-52
-2.4637558e-21
2.4736384e-21
2.4834856e-21
-7.4796406e-21
-5.0052242e-21
2.7886348e-33
-2.5210685e-21
0
2.5395641e-21
2.5490497e-21
0
-2.5690796e-21
-5.1564079e-21
2.5856416e-21
-1.1507696e-32
5.7632455e-33
5.1989955e-21
0
0
0
2.6154864e-21
-2.6194479e-21
1.1645928e-32
2.6230146e-21
-5.2424041e-21
2.6190692e-21
5.2347737e-21
-5.2307356e-21
-2.6128363e-21
-3.7091496e-37
-1.4405816e-52
7.8122316e-21
-2.6008131e-21
-7.7923833e-21
7.7822406e-21
2.5907317e-21
-7.76247e-21
5.7382228e-33
5.1632535e-21
3.6651799e-37
-2.5770337e-21
-2.5753596e-21
-7.3161795e-37
5.1468441e-21
5.1459796e-21
-2.5729428e-21
-7.7206377e-21
-2.5746172e-21
0
0
2.5768865e-21
2.5772682e-21
-2.5781508e-21
1.1454234e-32
-2.5805418e-21
1.146695e-32
7.7520639e-21
5.1723229e-21
-2.8740519e-33
-5.1823822e-21
-2.5940535e-21
5.1941951e-21
1.7322465e-32
-7.8106676e-21
5.213756e-21
2.6102424e-21
-7.8407606e-21
2.9057781e-33
-2.908453e-33
2.6229174e-21
2.6259546e-21
-5.2580489e-21
-2.6322457e-21
0
0
2.6439777e-21
1.5064432e-36
2.9527936e-33
5.3416871e-21
-5.9545604e-33
-2.6902413e-21
2.6898511e-21
-2.9784711e-33
2.9749668e-33
-2.6783826e-21
-2.6754784e-21
-3.7970076e-37
-2.6688926e-21
0
0
2.6600479e-21
-2.9501897e-33
-2.6551465e-21
2.653169e-21
5.888201e-33
2.6506211e-21
5.3003421e-21
2.6503656e-21
-2.6512737e-21
-5.3059117e-21
0
-2.6588767e-21
5.3264505e-21
2.6685478e-21
-2.6748121e-21
5.9548116e-33
5.9682291e-33
5.3981206e-21
-2.7112206e-21
-5.4429331e-21
0
-2.748537e-21
6.1358803e-33
2.7785956e-21
0
0
0
0
-2.8801707e-21
-4.1202481e-37
2.9148159e-21
5.8584167e-21
-8.3701329e-37
-2.9615287e-21
5.9561264e-21
-2.9947863e-21
-9.0359017e-21
3.0294519e-21
-1.3530527e-32
-6.1289948e-21
3.0818804e-21
3.4408643e-33
1.0377547e-32
6.9556125e-33
-3.1487962e-21
0
6.3610502e-21
9.5880566e-21
-3.2128891e-21
-9.6953762e-21
-3.6078351e-33
3.2655087e-21
0
0
6.5862529e-21
-7.3335222e-33
-6.6283221e-21
6.6495866e-21
-7.406601e-33
-3.3463638e-21
-3.3560107e-21
-3.3639606e-21
3.3726381e-21
0
-3.396084e-21
6.8175823e-21
3.4231484e-21
-6.8778585e-21
-3.4558848e-21
-4.9366442e-37
6.9858538e-21
7.7985002e-33
-3.5293419e-21
3.5446934e-21
7.1196382e-21
-3.5818982e-21
-7.210266e-21
7.25236e-21
-3.6523079e-21
-1.1042328e-20
3.7105555e-21
3.7433526e-21
0
0
-3.8610951e-21
8.6703828e-33
3.9382735e-21
3.9648092e-21
5.6733435e-37
-4.0178571e-21
4.0566113e-21
4.5395569e-33
-4.1123238e-21
0
-4.1728798e-21
4.659137e-33
4.2219013e-21
-4.2451126e-21
-4.2666114e-21
8.5736725e-21
1.2916974e-20
-4.3228711e-21
-8.6768843e-21
4.3527217e-21
-4.3652651e-21
-8.7545849e-21
4.3888151e-21
8.7963972e-21
-4.4070167e-21
-4.4138757e-21
8.8200156e-21
4.3959835e-21
4.3833223e-21
-4.8574743e-33
-1.3093509e-20
-4.3517683e-21
4.3373018e-21
0
0
-4.2549954e-21
4.2139924e-21
4.176255e-21
-4.1393287e-21
0
8.1246095e-21
-1.7872982e-32
-7.9754579e-21
3.9527703e-21
3.9203541e-21
-3.8929616e-21
4.2944379e-33
1.4199166e-50
4.2554146e-33
4.9382019e-51
3.7717407e-21
8.2794804e-33
-7.3977472e-21
0
-3.6740381e-21
3.647563e-21
-8.0152545e-33
-2.7660233e-51
3.552943e-21
-1.06e-20
-3.5121781e-21
6.9827029e-21
3.47711e-21
3.4698268e-21
-3.4701492e-21
-3.4759584e-21
6.9747154e-21
3.8953258e-33
3.5274466e-21
-1.565939e-32
2.3394417e-32
7.7922637e-33
-7.0461794e-21
0
3.5367902e-21
-3.5477607e-21
3.5606408e-21
3.5726586e-21
-7.1704079e-21
0
7.2237116e-21
-8.0491811e-33
-7.2775536e-21
-3.6524659e-21
2.8349275e-51
7.3618037e-21
3.6961585e-21
-7.4251953e-21
-3.730678e-21
-4.1636517e-33
7.5475086e-21
3.7998621e-21
-7.6564113e-21
0
-3.9036134e-21
3.9376193e-21
3.9628043e-21
-7.9621043e-21
-1.1369903e-36
5.7404694e-37
-4.0826535e-21
4.1073317e-21
4.123274e-21
0
-4.1836501e-21
-4.6909969e-33
8.4950042e-21
4.2581028e-21
-4.2747213e-21
4.3028387e-21
-4.6562617e-50
-1.3113644e-20
4.8935242e-33
4.4461306e-21
4.4921973e-21
9.0940669e-21
-4.5978836e-21
-9.2515722e-21
0
0
-4.7229801e-21
1.0566721e-32
-5.3041015e-33
-1.0649665e-32
4.8233773e-21
4.856768e-21
5.4295325e-33
-9.8471891e-21
2.4897259e-50
-7.0919373e-37
-5.5753055e-33
1.006915e-20
5.596522e-33
-5.0521652e-21
-5.0658664e-21
5.0771787e-21
5.0858343e-21
-1.0192479e-20
1.1340153e-32
-1.137901e-32
-5.7086523e-33
5.1303567e-21
0
0
0
0
5.0861117e-21
5.0288666e-21
-4.9913286e-21
4.977399e-21
2.8630379e-50
-1.4915827e-20
4.9722248e-21
4.9739975e-21
5.5147846e-33
-4.9344224e-21
-4.8947566e-21
9.7548124e-21
5.4122059e-33
-9.7476769e-21
-4.8712539e-21
4.8712012e-21
4.8795215e-21
0
0
4.8842587e-21
4.8885345e-21
-9.8151411e-21
-4.9364247e-21
5.5217312e-33
8.8497175e-51
5.0743702e-21
1.0295471e-20
2.3146096e-32
-1.5753862e-20
5.2906193e-21
5.3632631e-21
-1.0904271e-20
1.2266103e-32
6.1862323e-33
7.9744056e-37
-1.2581136e-50
-6.3962122e-33
5.8453199e-21
0
6.0071053e-21
6.0855262e-21
-6.1529686e-21
-6.2138369e-21
1.2538153e-20
-1.4079658e-32
-6.4278982e-21
6.4646075e-21
-6.4638716e-21
1.4380763e-32
-6.5117322e-21
-6.5515747e-21
1.3193483e-20
1.4703576e-32
6.647178e-21
-1.8988698e-36
-6.6595819e-21
-6.6105698e-21
-6.5868019e-21
6.5790929e-21
6.5678624e-21
6.5492188e-21
-1.3071743e-20
-6.5234912e-21
1.9468413e-20
1.4292153e-32
-1.2783136e-20
1.272465e-20
1.4111409e-32
-1.2711334e-20
1.2603971e-20
1.7689997e-36
-1.8531669e-20
6.1504506e-21
6.1176211e-21
-6.0755026e-21
-6.035296e-21
-6.0049046e-21
5.9862009e-21
1.1952921e-20
8.4957937e-37
-1.1994102e-20
6.0051868e-21
1.7849372e-20
-5.8705877e-21
-1.1666196e-20
0
-5.7940024e-21
-6.4126919e-33
5.7790769e-21
-5.7870364e-21
-1.653079e-36
1.1734322e-20
-5.8848591e-21
-5.8678043e-21
5.8599904e-21
0
-5.9128996e-21
-5.9251882e-21
5.9323983e-21
1.1897044e-20
5.9699731e-21
-1.1977311e-20
-6.0082881e-21
6.0333415e-21
0
6.1128864e-21
-6.1634529e-21
-6.23259e-21
6.3156698e-21
0
-6.3459283e-21
-6.3762309e-21
1.2886366e-20
6.5617843e-21
-6.7099891e-21
0
-6.7665771e-21
9.6336785e-37
6.8647539e-21
6.9837448e-21
-7.0783727e-21
3.1478335e-32
2.1221217e-20
-7.8920975e-33
-1.4367295e-20
-7.2326809e-21
-7.2005583e-21
7.1468787e-21
7.1463753e-21
-7.1847935e-21
-7.2726844e-21
7.364347e-21
2.1839989e-20
-7.1131049e-21
-1.4088908e-20
0
1.4318176e-20
9.1214146e-50
-2.0920101e-20
6.8752217e-21
6.8807741e-21
-6.9189593e-21
6.8527848e-21
9.5539281e-37
-1.3272445e-20
-2.8127074e-51
1.9966804e-20
2.9316064e-32
-1.3034439e-20
0
6.4375362e-21
6.4120983e-21
0
-6.4153072e-21
-6.4761881e-21
-6.4828528e-21
-6.4447751e-21
6.4255206e-21
6.5224635e-21
0
-6.7132621e-21
6.6730689e-21
2.0082955e-20
-7.5750286e-33
-7.0553474e-21
-7.2994198e-21
7.3562919e-21
-1.6287521e-32
-1.4878625e-20
-7.6747404e-21
-7.9183781e-21
1.5987955e-20
2.4011632e-20
-1.7981147e-32
-2.5040538e-20
-8.6525243e-21
1.2455834e-36
2.9145002e-32
8.8085108e-21
9.0356639e-21
2.054753e-32
-9.2134699e-21
9.109712e-21
-2.029275e-32
-1.8732581e-20
-2.7540734e-36
2.9309425e-20
6.3721861e-32
-1.8873201e-20
0
9.7751604e-21
-9.8037501e-21
-1.9226679e-20
9.4495777e-21
9.4105971e-21
-9.5413528e-21
1.9465886e-20
9.6510942e-21
-2.8284867e-20
-2.0777821e-32
1.8728674e-20
1.3131002e-36
1.0045667e-32
8.9132085e-21
-8.9728513e-21
9.1315891e-21
-9.017334e-21
-1.748633e-20
8.5726004e-21
0
-8.8249557e-21
8.6496782e-21
8.3200102e-21
-1.6361149e-20
4.4697901e-52
8.3358746e-21
-8.5778198e-21
9.3771521e-33
-8.1271407e-21
2.2781487e-36
2.4145956e-20
-9.2073998e-33
9.6110274e-33
-8.6555916e-21
-8.4630298e-21
2.5605501e-20
-1.9548285e-32
5.9820525e-32
9.0026224e-21
-1.8242563e-20
1.0415055e-32
1.9037252e-20
-1.9042421e-20
-1.9127853e-20
9.8853068e-21
-1.0315943e-20
-1.0419907e-20
1.0407792e-20
1.0605405e-20
0
-1.1232801e-20
2.5701766e-32
2.3584478e-20
1.1115947e-50
-1.131337e-20
2.2784144e-20
2.5705242e-32
-2.3520159e-20
0
0
-1.2273133e-20
1.1912634e-20
1.2102875e-20
-2.4769954e-20
1.3097371e-32
-2.4686391e-32
1.221093e-32
1.1320989e-20
1.1606026e-20
-3.5807743e-32
-9.8324972e-21
1.9712132e-20
1.0170233e-20
-3.0123049e-20
2.0979757e-32
2.693336e-20
-8.9363537e-21
1.9706143e-32
8.3194333e-21
-1.564289e-20
1.7327652e-32
-7.8337674e-21
-1.4064237e-20
1.2357453e-20
6.2500601e-21
-1.2096947e-20
-5.4101059e-21
4.3736442e-21
3.531829e-21
0
0
0
-4.238991e-21
-4.9090146e-37
2.9939926e-21
5.9904904e-21
-6.4943638e-33
-4.9796466e-21
3.683706e-21
6.2589445e-33
-4.5788311e-21
1.5222371e-21
9.0649567e-22
-5.285424e-22
1.3556856e-34
-3.6546975e-34
-3.0808754e-34
-4.3255013e-37
1.3669926e-21
-1.4828927e-21
-1.9857998e-21
2.7999049e-21
-3.2470473e-21
-1.6349911e-48
-7.7010401e-33
-1.2464202e-32
7.2034987e-21
-7.3981011e-21
-1.2798893e-20
-2.5784266e-32
6.8843257e-21
-2.1294334e-20
1.4280967e-20
1.524541e-20
-3.0105099e-20
1.4371145e-20
2.6581694e-20
0
1.6148644e-20
1.870562e-20
-1.8796231e-20
-3.3384741e-20
1.7095886e-20
2.0217212e-20
-4.4072449e-20
-3.0673439e-36
2.2472877e-20
-2.5588733e-20
2.6945509e-20
2.6694624e-20
-2.7689128e-20
-6.4075724e-20
-1.0358602e-35
1.1074857e-19
-3.7544309e-32
-3.555821e-20
0
0
-8.2631712e-20
1.9380685e-31
4.7853717e-20
-9.6376782e-20
4.7596362e-20
1.0191735e-19
0
0
0
0
-1.2715869e-19
2.0200847e-35
1.3825669e-19
-1.2379398e-19
-1.8525582e-35
7.3982016e-20
-1.5092559e-19
7.5976276e-20
1.6436263e-19
1.7139354e-19
8.3772594e-20
-8.4040512e-20
-8.9995838e-20
-1.8574664e-19
9.180193e-20
9.514511e-20
-2.0952558e-19
-1.0968482e-19
1.0648206e-19
-2.3643919e-31
-2.2840538e-19
1.1783096e-19
2.2775144e-19
1.0570089e-19
1.1109597e-19
0
-2.8504056e-19
-1.437273e-19
1.3205601e-19
1.2565149e-19
-2.4231557e-19
-1.3034855e-19
2.8709202e-19
-1.4287879e-19
-1.4726205e-31
1.305139e-19
0
0
0
0
-2.4387545e-19
2.8430336e-31
2.4965493e-19
0
8.7813866e-20
-1.0675575e-31
-4.5405119e-35
-1.0674081e-19
-2.0139658e-19
2.6434385e-19
1.2420371e-19
-8.1678038e-20
-5.2414744e-20
-6.2092282e-20
3.9809939e-20
-4.8672364e-21
6.9758732e-20
7.3426166e-32
3.9557991e-20
-1.8554076e-31
8.2159356e-31
5.8983845e-31
-2.8356323e-19
-1.6552206e-19
1.9006613e-19
6.3260832e-19
2.2890314e-19
-4.9044387e-19
-5.2323775e-19
0
-2.9695313e-19
3.5054514e-31
3.3545775e-19
3.5618367e-19
-4.1963151e-31
4.4535106e-31
-8.5090921e-19
-4.5114153e-19
1.434722e-18
-5.0682313e-19
5.36963e-19
5.6873748e-19
-1.2044544e-18
0
-6.7469358e-19
7.1385079e-19
-1.676947e-30
3.546267e-30
-3.7494574e-30
-8.9228834e-19
2.8286798e-18
-8.4040311e-47
-2.1042466e-18
0
-1.1729238e-18
-4.1233216e-30
2.6128446e-18
-1.4178439e-47
-1.4538382e-18
1.5331807e-18
-1.6165135e-18
-1.7040193e-18
1.7958896e-18
0
1.9935362e-18
-2.0997387e-18
-2.2111581e-18
-3.3083286e-34
2.7201855e-30
2.5791103e-18
-2.7138368e-18
3.1695417e-30
-1.0001929e-29
-3.5064234e-30
3.3205366e-18
3.4906619e-18
8.1469293e-30
-7.7106938e-18
-5.7562616e-34
1.2764901e-17
-9.9233756e-30
-9.3850548e-18
0
0
-5.4272233e-18
5.6947718e-18
5.9744294e-18
-1.2533383e-17
1.4593857e-29
-7.6521163e-30
-7.2243073e-18
7.5722854e-18
7.9356091e-18
0
0
0
9.5548756e-18
1.0004481e-17
-1.04734e-17
1.0962384e-17
5.09468e-29
-3.601088e-17
-1.3942487e-29
1.3134582e-17
1.3735836e-17
2.8724253e-17
-1.5014369e-17
-1.5693509e-17
-1.8207084e-29
-3.4272908e-17
3.5804615e-17
1.8699161e-17
-5.8584363e-17
6.765181e-46
2.1286922e-17
2.2219116e-17
2.3188143e-17
-4.8390559e-17
-2.5241822e-17
-2.9225547e-29
-3.0486949e-29
2.8631316e-17
5.969831e-17
2.0726151e-28
-9.7276918e-17
3.3787334e-17
-1.3834177e-46
-7.3331268e-17
3.8185524e-17
-8.8299525e-29
7.9944705e-47
1.2246522e-32
-4.4843393e-17
4.6661413e-17
4.8544568e-17
0
5.2514031e-17
5.4604266e-17
-5.676752e-17
5.9005874e-17
-3.6198219e-45
-1.9114878e-16
6.619252e-17
6.8752389e-17
7.927289e-29
1.4826376e-16
-7.6955943e-17
-7.9872539e-17
2.76065e-28
-1.7198517e-16
-8.9200645e-17
9.2510455e-17
9.5924341e-17
0
0
1.0681374e-16
1.1066712e-16
-2.2927224e-16
-1.18723e-16
1.364884e-28
-3.6169229e-32
1.317128e-16
2.72586e-16
6.2621379e-28
-4.3752328e-16
1.5081284e-16
1.5591889e-16
-3.2232204e-16
3.6979491e-28
1.9103697e-28
5.9188654e-28
2.0373608e-28
-1.8946549e-16
1.9555412e-16
2.017876e-16
2.0816663e-16
-2.1469168e-16
4.9149309e-28
2.2818056e-16
-2.3514428e-16
0
0
-2.5690671e-16
3.7580325e-32
2.7213066e-16
5.5990553e-16
6.3925233e-28
-2.9600606e-16
6.0846367e-16
-3.1258622e-16
-6.42131e-16
0
0
-3.4720979e-16
-3.9542433e-28
7.3035615e-16
3.7430638e-16
-7.6704406e-16
-3.9281784e-16
4.0218613e-16
0
4.2110681e-16
8.6128294e-16
-4.4021299e-16
-8.9962239e-16
9.1885089e-16
-1.0416884e-27
-1.4359724e-15
4.8825167e-16
4.9781479e-16
-5.07334e-16
-5.1679605e-16
-5.261874e-16
5.3549384e-16
5.4470108e-16
5.5379457e-16
5.6275939e-16
0
5.8024262e-16
-5.8873024e-16
-1.194056e-15
0
1.2259833e-15
1.3779794e-27
-1.2560192e-15
0
-6.4196019e-16
6.4849826e-16
1.9641759e-15
-7.333973e-28
-1.3323853e-15
2.9815469e-27
1.3525139e-15
-1.3614654e-15
-1.3696457e-15
1.3770351e-15
6.9180644e-16
-6.9468229e-16
1.5478548e-27
-1.0463065e-45
-1.4015115e-15
7.7922661e-28
2.1078667e-15
3.995467e-31
-1.4053984e-15
0
0
-6.9939161e-16
6.9740387e-16
6.9498051e-16
-6.9212654e-16
-6.8884804e-16
-6.8515208e-16
6.8104669e-16
6.7654083e-16
0
-6.6636803e-16
6.6072329e-16
1.9641672e-15
-7.1979848e-28
-1.2834092e-15
-6.3471543e-16
-6.2742541e-16
-1.5474731e-45
6.1200368e-16
-6.0390327e-16
-5.9556448e-16
1.1740072e-15
1.7347108e-15
-5.6928105e-16
-1.6804571e-15
1.8346392e-27
-1.2022431e-27
5.9048223e-28
5.2223621e-16
5.1248706e-16
5.0266112e-16
-4.9277347e-16
-7.8173134e-45
-1.3439816e-31
-9.2577066e-16
1.0056262e-27
1.3287292e-15
-1.9227877e-27
-8.4602659e-16
0
4.0328904e-16
7.8703628e-16
3.8382118e-16
-7.4841456e-16
-7.2937003e-16
-3.5526239e-16
6.9189375e-16
3.3674537e-16
-6.5532848e-16
3.1870934e-16
-3.0988599e-16
-3.0119901e-16
8.7795824e-16
7.2755705e-45
-5.5199465e-16
5.3578907e-16
-2.5994523e-16
-5.0430305e-16
2.4451518e-16
0
-2.2971973e-16
2.2256234e-16
2.155658e-16
-4.1746036e-16
4.4865289e-28
1.955407e-16
-1.8918569e-16
-1.1834187e-45
-1.7695056e-16
-3.7982289e-28
3.306802e-16
0
1.5434167e-16
-1.4906736e-16
-1.4394025e-16
1.3895816e-16
-1.3411881e-16
-4.3104543e-28
2.4971756e-16
2.674153e-28
2.5789991e-28
2.2395563e-16
-1.0794285e-16
-3.1209838e-16
1.113156e-28
-1.0718719e-28
-9.3024892e-17
8.9587252e-17
8.6260885e-17
0
-7.9931078e-17
2.5621888e-28
1.4802766e-16
7.9066652e-29
-6.8487821e-17
1.3172997e-16
4.2190394e-28
-1.2177365e-16
0
0
-5.4051021e-17
5.1931119e-17
4.9886655e-17
-9.5830697e-17
1.0216721e-28
-9.8106671e-29
-4.7096743e-29
8.1435401e-17
-7.8159183e-17
-3.7501932e-17
7.1965543e-17
6.9040408e-17
1.4704847e-28
-9.52724e-17
3.0453724e-17
6.48399e-29
-2.7992904e-17
8.0497593e-17
2.5716727e-17
-4.9287911e-17
2.6220423e-29
4.5243167e-17
-4.3338252e-17
-2.0753986e-17
1.9874838e-17
-3.8060794e-17
-1.8219417e-17
1.7440691e-17
-1.8534193e-29
-7.0942566e-29
3.0573036e-17
3.2477144e-29
1.5534328e-29
1.4856791e-29
-1.2798951e-17
-1.2239113e-17
1.2992939e-29
2.2374986e-17
2.1388003e-17
-1.0220964e-17
-2.9302787e-17
9.3331407e-18
8.9168675e-18
-1.7036141e-17
1.8065703e-29
1.1042128e-33
1.6475374e-29
3.020255e-33
-1.5018339e-29
6.4558034e-18
0
1.1759995e-17
5.6105786e-18
-1.6058468e-17
-5.1062584e-18
-6.9212993e-34
-5.1572099e-30
8.8585129e-18
6.0013609e-34
-4.0259921e-18
3.8376106e-18
7.3151539e-18
-3.4855441e-18
-3.3211783e-18
-3.5122471e-30
3.0141762e-18
-1.2750328e-29
-5.4682992e-18
0
0
0
0
-2.1378465e-18
-2.259082e-30
1.9357245e-18
3.6831703e-18
7.5979593e-47
-1.6661599e-18
-1.584502e-18
-3.345638e-30
4.2972639e-18
1.3616701e-18
-2.5884746e-18
-3.6899253e-18
1.1687418e-18
1.1104016e-18
-1.0548243e-18
-1.0018853e-18
-9.5146499e-19
0
1.715455e-18
2.4425869e-18
-7.7275276e-19
-1.4666051e-18
0
0
0
0
1.1256956e-18
-2.3694331e-30
-1.0113484e-18
9.5831173e-19
1.0081181e-30
-4.2993112e-19
-4.0710308e-19
-3.8538785e-19
3.6473097e-19
3.4508032e-19
-3.2638603e-19
-6.1720075e-19
2.9167766e-19
2.7557415e-19
-2.60248e-19
-5.4550769e-31
4.6353814e-19
4.8528986e-31
-2.0594005e-19
1.9393204e-19
-1.8248471e-19
-1.7156701e-19
1.611491e-19
0
-1.4169931e-19
-1.3261348e-19
2.4783886e-19
1.1559267e-19
-1.076096e-19
-9.9947453e-20
-9.2584233e-20
8.5498689e-20
7.8670247e-20
7.2078967e-20
6.5705493e-20
-5.9531009e-20
-5.3537192e-20
0
0
0
6.2033943e-20
7.2946799e-36
-4.0786911e-20
0
-1.035191e-20
-2.7081722e-21
)
;

boundaryField
{
    leftSide
    {
        type            calculated;
        value           uniform -1.3254703e-21;
    }
    rightSide
    {
        type            calculated;
        value           uniform -2.7081722e-21;
    }
    emptywalls
    {
        type            empty;
    }
}


// ************************************************************************* //
