-1.25 	300.0395458501572 	1.118164799630177 	101372.5528258147
-1.247497497497497 	300.0383695763324 	1.112703631657236 	101370.4180138207
-1.244994994994995 	300.0355711627598 	1.102672687964465 	101367.0387440117
-1.242492492492492 	300.0320395542839 	1.092616710486054 	101362.886435483
-1.23998998998999 	300.027943322257 	1.080807078460622 	101358.0389657109
-1.237487487487487 	300.0233325162269 	1.067468137630747 	101352.5863405227
-1.234984984984985 	300.0182929614942 	1.052902215920932 	101346.6275831145
-1.232482482482482 	300.012917184063 	1.037365047303606 	101340.2716552681
-1.22997997997998 	300.0073036065273 	1.021139548611937 	101333.6349279055
-1.227477477477477 	300.0015547959412 	1.004523550972435 	101326.8386666089
-1.224974974974975 	299.9957766995639 	0.9878225946740964 	101320.0079823589
-1.222472472472472 	299.9900753864902 	0.9713432168101115 	101313.2683241304
-1.21996996996997 	299.9845551171531 	0.9553874818219191 	101306.7429476715
-1.217467467467467 	299.9793177500541 	0.9402495491638811 	101300.5522094297
-1.214964964964965 	299.9744601832724 	0.9262093029326588 	101294.8106439946
-1.212462462462462 	299.9700717372372 	0.9135249964293501 	101289.6237240015
-1.20995995995996 	299.9662326512119 	0.9024292177004607 	101285.0863208872
-1.207457457457457 	299.9630138379407 	0.8931266321561405 	101281.2820994744
-1.204954954954955 	299.9604750229107 	0.8857893703799236 	101278.2815654725
-1.202452452452452 	299.9586625404349 	0.8805516698965408 	101276.1395035214
-1.19994994994995 	299.9576089563443 	0.8775077705508376 	101274.8943397772
-1.197447447447447 	299.9573325454573 	0.8767116461522313 	101274.5679859138
-1.194944944944945 	299.9578386975291 	0.878177124429673 	101275.1662743061
-1.192442442442442 	299.9591185083272 	0.8818767387168371 	101276.678258854
-1.18993993993994 	299.9611468938477 	0.8877404497564572 	101279.0751121371
-1.187437437437437 	299.963885617314 	0.8956580766111234 	101282.311760548
-1.184934934934935 	299.9672841823945 	0.9054829190307827 	101286.3283379676
-1.182432432432432 	299.9712802864055 	0.9170345869996831 	101291.0512182759
-1.17992992992993 	299.9758008075371 	0.9301014530540229 	101296.3940507229
-1.177427427427427 	299.9807625918053 	0.9444436977098583 	101302.2587480611
-1.174924924924925 	299.9860747769933 	0.9597987033978685 	101308.5379040234
-1.172422422422422 	299.9916407109209 	0.9758867112372215 	101315.1172714014
-1.16991991991992 	299.9973590559575 	0.9924146260734807 	101321.8770796893
-1.167417417417417 	300.0031250614787 	1.009080261133208 	101328.6936684457
-1.164914914914915 	300.0088332348736 	1.025578772065229 	101335.4422719641
-1.162412412412412 	300.0143796246999 	1.041609298941973 	101341.9998144871
-1.15990990990991 	300.0196632791819 	1.05688018748156 	101348.2470019372
-1.157407407407407 	300.0245879924443 	1.071113487141535 	101354.0701223023
-1.154904904904904 	300.0290639054363 	1.084049329459983 	101359.362809348
-1.152402402402403 	300.0330089501028 	1.095450525852329 	101364.0278803023
-1.1498998998999 	300.0363506657318 	1.105107960127615 	101367.9796203458
-1.147397397397397 	300.0390280644075 	1.112845435826862 	101371.1459045823
-1.144894894894895 	300.0409925623837 	1.118522166648094 	101373.4691562564
-1.142392392392392 	300.0422080989192 	1.122034133564041 	101374.9067496498
-1.13988988988989 	300.0426523343846 	1.123315743811868 	101375.4319007561
-1.137387387387387 	300.042315922555 	1.122340332650971 	101375.0336464088
-1.134884884884885 	300.0412024467162 	1.119121913608893 	101373.7172457463
-1.132382382382382 	300.0393325324299 	1.11371770338676 	101371.5064177836
-1.12987987987988 	300.0367408208996 	1.106225845660199 	101368.4416144991
-1.127377377377377 	300.0334736847137 	1.096781862832208 	101364.578137173
-1.124874874874875 	300.0295903098233 	1.085556886012778 	101359.9860677451
-1.122372372372372 	300.0251612917929 	1.072755017114182 	101354.7489981501
-1.11986986986987 	300.0202673956588 	1.058609682778597 	101348.9624728529
-1.117367367367367 	300.0149983223885 	1.04337987261684 	101342.7324553253
-1.114864864864865 	300.0094510762811 	1.027346144491841 	101336.1737849838
-1.112362362362362 	300.0037283961246 	1.010805423372308 	101329.4080475972
-1.10985985985986 	299.9979363059053 	0.9940643045719868 	101322.5607198355
-1.107357357357357 	299.9921820513616 	0.9774325468397467 	101315.7584550485
-1.104854854854855 	299.986572144483 	0.9612178523939731 	101309.1270206469
-1.102352352352353 	299.9812104262775 	0.9457207048908376 	101302.789279476
-1.09984984984985 	299.9761963651619 	0.9312284015041898 	101296.8627038986
-1.097347347347347 	299.9716227271965 	0.9180091834924711 	101291.4569078043
-1.094844844844845 	299.967573952168 	0.9063070501878083 	101286.6715913969
-1.092342342342342 	299.9641243872978 	0.8963369495337841 	101282.5946186367
-1.08983983983984 	299.9613367864281 	0.8882804437587067 	101279.3001543005
-1.087337337337337 	299.9592613627598 	0.8822823944321903 	101276.847329594
-1.084834834834835 	299.957934709103 	0.8784488989091234 	101275.2794624187
-1.082332332332332 	299.95737966584 	0.8768463943183393 	101274.6235836918
-1.07982982982983 	299.9576054228226 	0.877501871803221 	101274.8906875155
-1.077327327327327 	299.9586082649998 	0.8804014046530519 	101276.075638592
-1.074824824824825 	299.9603679822612 	0.8854876282907684 	101278.1547751534
-1.072322322322323 	299.9628496949513 	0.8926621492300285 	101281.0875891963
-1.06981981981982 	299.9660073125598 	0.9017905556788548 	101284.8193506142
-1.067317317317317 	299.969782927883 	0.9127050028731279 	101289.2815759795
-1.064814814814815 	299.9741074684007 	0.9252059965828112 	101294.3928147672
-1.062312312312312 	299.9789021451921 	0.9390653688605459 	101300.0598409057
-1.05980980980981 	299.9840794709254 	0.9540305713524958 	101306.1794229085
-1.057307307307307 	299.9895453039319 	0.9698296517613985 	101312.6404016388
-1.054804804804805 	299.9952006846925 	0.9861761855644303 	101319.3257053182
-1.052302302302302 	300.0009431572656 	1.002774068151433 	101326.1142636603
-1.0497997997998 	300.0066685725251 	1.019322462461395 	101332.8830260884
-1.047297297297297 	300.0122731021276 	1.035521169259499 	101339.5091815481
-1.044794794794795 	300.0176549739028 	1.051076164387967 	101345.8724315951
-1.042292292292292 	300.0227164474238 	1.065704816062697 	101351.8571189211
-1.03978978978979 	300.0273654093479 	1.079140874378605 	101357.3542505686
-1.037287287287287 	300.0315171024234 	1.091139550345146 	101362.263585094
-1.034784784784785 	300.0350958135177 	1.101482234968075 	101366.4956182486
-1.032282282282283 	300.0380364276286 	1.109980152845176 	101369.9730906324
-1.02977977977978 	300.0402847823325 	1.116477098345266 	101372.6320265612
-1.027277277277277 	300.0417989994884 	1.120852035173187 	101374.4228036346
-1.024774774774775 	300.042550333593 	1.123021641886602 	101375.3113142706
-1.022272272272272 	300.0425238116373 	1.122941306139444 	101375.2795036336
-1.01976976976977 	300.0417163293644 	1.120606079269205 	101374.3246954909
-1.017267267267267 	300.0401412652284 	1.116053980486064 	101372.4625888966
-1.014764764764765 	300.037827522456 	1.109365679509474 	101369.72661939
-1.012262262262262 	300.0348160242549 	1.100660292020595 	101366.1654159174
-1.00975975975976 	300.0311604359986 	1.090093621488694 	101361.8426939899
-1.007257257257257 	300.0269269772977 	1.077856867803126 	101356.836729516
-1.004754754754755 	300.0221928996074 	1.064173610795545 	101351.2390671743
-1.002252252252252 	300.0170455121016 	1.049295923821618 	101345.1529069086
-0.9997497497497498 	300.0115802895892 	1.033499647012794 	101338.6911801477
-0.9972472472472473 	300.0058989029738 	1.0170788006429 	101331.9742612027
-0.9947447447447449 	300.0001074727575 	1.000339636201196 	101325.12745779
-0.9922422422422421 	299.9943140040598 	0.9835947938132066 	101318.2786272877
-0.9897397397397399 	299.9886269151926 	0.9671575025949195 	101311.5558862025
-0.9872372372372376 	299.9831527362156 	0.9513353830615555 	101305.0850562556
-0.9847347347347346 	299.9779935739791 	0.9364237982645763 	101298.98690144
-0.9822322322322323 	299.9732452607352 	0.9226995340204657 	101293.3745552467
-0.9797297297297296 	299.9689952039258 	0.9104155389531613 	101288.3513487994
-0.9772272272272275 	299.965321181862 	0.8997965596040622 	101284.009082189
-0.9747247247247248 	299.962289842035 	0.8910352129530055 	101280.4264624275
-0.9722222222222224 	299.959955462243 	0.8842884423490897 	101277.6676054876
-0.9697197197197196 	299.9583590158992 	0.879674679013428 	101275.780851646
-0.9672172172172175 	299.9575274421073 	0.8772721995961381 	101274.7981357665
-0.9647147147147147 	299.9574736237864 	0.8771192746261662 	101274.7348656091
-0.9622122122122124 	299.9581980293988 	0.8792143400388922 	101275.5908895976
-0.9597097097097099 	299.9596855458087 	0.8835138190668598 	101277.3483908559
-0.9572072072072073 	299.9619060249865 	0.8899327107356417 	101279.9723170495
-0.9547047047047047 	299.9648172697591 	0.8983490389053277 	101283.4129243446
-0.9522022022022023 	299.9683656390536 	0.9086066297526236 	101287.6065243638
-0.9496996996996998 	299.9724859068526 	0.9205172109245997 	101292.4762177681
-0.9471971971971973 	299.9771029864727 	0.9338637838439747 	101297.9333393333
-0.9446946946946947 	299.9821333842654 	0.9484046659552516 	101303.8791406932
-0.9421921921921923 	299.9874863008634 	0.9638776791642588 	101310.206511019
-0.93968968968969 	299.9930654268525 	0.9800042708817535 	101316.8016163411
-0.9371871871871872 	299.9987703644828 	0.996493831163942 	101323.5456474127
-0.9346846846846848 	300.0044979209418 	1.0130486865498 	101330.3168353137
-0.9321821821821823 	300.0101446353273 	1.02936978436255 	101336.9928119096
-0.9296796796796799 	300.0156086731467 	1.045162461255039 	101343.4530293103
-0.9271771771771771 	300.0207913039148 	1.060141725339319 	101349.5809020932
-0.9246746746746748 	300.0255990630754 	1.074036996216435 	101355.2656999872
-0.9221721721721724 	300.029944769795 	1.086596567926362 	101360.4043906286
-0.9196696696696698 	300.0337492998053 	1.097591914168133 	101364.9034170016
-0.9171671671671672 	300.0369432073919 	1.106821707634662 	101368.6803267251
-0.9146646646646649 	300.0394672499347 	1.114115444961968 	101371.66528302
-0.9121621621621623 	300.0412743036107 	1.119336650654445 	101373.8023700248
-0.9096596596596597 	300.042329865838 	1.122385483452385 	101375.0506824382
-0.9071571571571573 	300.0426128355736 	1.123199993116366 	101375.385060467
-0.9046546546546547 	300.0421144731974 	1.121756240731432 	101374.7954095456
-0.9021521521521524 	300.0408397569373 	1.118071707221502 	101373.2884405159
-0.8996496496496498 	300.0388111901245 	1.112208072683856 	101370.8898905124
-0.8971471471471473 	300.0360645846546 	1.104268119480195 	101367.6418954442
-0.894644644644645 	300.0326482602603 	1.094392831814824 	101363.602041234
-0.892142142142142 	300.0286237334375 	1.082759957070162 	101358.8431201248
-0.8896396396396397 	300.02406436925 	1.069581399634406 	101353.4518736916
-0.8871371371371374 	300.0190539141114 	1.055099748655469 	101347.5276038758
-0.8846346346346349 	300.0136857502654 	1.039584260344093 	101341.1805321926
-0.8821321321321324 	300.0080605121622 	1.023325838958578 	101334.5297526923
-0.8796296296296297 	300.0022841209056 	1.00663095177683 	101327.7007357134
-0.8771271271271271 	299.9964659663825 	0.9898149558635587 	101320.8225352689
-0.8746246246246248 	299.9907157059405 	0.9731953452650558 	101314.0250133542
-0.8721221221221224 	299.9851417898918 	0.9570851638248229 	101307.4361979466
-0.8696196196196196 	299.9798488084539 	0.941786653745281 	101301.1796638329
-0.8671171171171175 	299.974935249746 	0.9275851869553027 	101295.3720551409
-0.8646146146146148 	299.9704923561316 	0.9147436277593822 	101290.1207991122
-0.8621121121121121 	299.9666013646787 	0.9034972959509776 	101285.5220460305
-0.8596096096096097 	299.9633326616738 	0.8940495872003149 	101281.6588690259
-0.857107107107107 	299.9607443486927 	0.8865684495613297 	101278.5998582278
-0.8546046046046049 	299.9588812805276 	0.8811839150224461 	101276.3980899774
-0.8521021021021022 	299.9577749026701 	0.8779865457943643 	101275.0905166418
-0.8495995995995997 	299.9574422783105 	0.8770268383708472 	101274.6976070125
-0.8470970970970974 	299.9578875208461 	0.8783157375206232 	101275.2239868008
-0.8445945945945946 	299.9591009880668 	0.8818229655624238 	101276.6576733441
-0.8420920920920922 	299.9610567476267 	0.8874761244403149 	101278.9686532798
-0.8395895895895897 	299.9637163778997 	0.8951649285469587 	101282.1118141743
-0.8370870870870872 	299.9670304154615 	0.9047452283688643 	101286.0284066481
-0.8345845845845846 	299.9709379493671 	0.9160411383018476 	101290.6466108387
-0.8320820820820823 	299.9753680327993 	0.9288476463782314 	101295.8827165496
-0.8295795795795798 	299.9802411285958 	0.9429338907699628 	101301.6424292721
-0.8270770770770772 	299.9854693533269 	0.9580467855068937 	101307.8223407737
-0.8245745745745746 	299.9909590932982 	0.973915108327073 	101314.3116062178
-0.8220720720720721 	299.9966117877595 	0.9902541626666825 	101320.9938189825
-0.8195695695695699 	300.002325970633 	1.006770894751842 	101327.74912534
-0.817067067067067 	300.0079994167871 	1.023169214650414 	101334.4564214667
-0.8145645645645651 	300.0135301667685 	1.039155236922968 	101340.9954968982
-0.8120620620620621 	300.0188191634053 	1.054442195832021 	101347.2490310357
-0.8095595595595597 	300.0237713871702 	1.068755193749739 	101353.1045428457
-0.8070570570570572 	300.0282973193289 	1.081835977304855 	101358.4563196567
-0.8045545545545546 	300.0323150884285 	1.093447493955477 	101363.2073125096
-0.8020520520520523 	300.0357512880622 	1.103377880771405 	101367.2707957867
-0.7995495495495494 	300.038542543819 	1.111443921563895 	101370.5717494457
-0.7970470470470474 	300.0406365673983 	1.117494123491046 	101373.0481037729
-0.7945445445445446 	300.0419927027676 	1.121411612648299 	101374.6519616628
-0.7920420420420423 	300.0425836126745 	1.123116628982528 	101375.3506923003
-0.7895395395395397 	300.0423951703949 	1.122567265457439 	101375.1272806891
-0.7870370370370371 	300.0414247768509 	1.119761723496356 	101373.9801514782
-0.7845345345345348 	300.0396884172934 	1.114742499609198 	101371.9271542046
-0.7820320320320323 	300.037216004278 	1.10759498348747 	101369.0034825925
-0.7795295295295296 	300.0340502248588 	1.098443633162815 	101365.2599131713
-0.7770270270270272 	300.0302473051751 	1.087450969566038 	101360.7629270159
-0.7745245245245247 	300.0258759921491 	1.074816194432498 	101355.5940702403
-0.7720220220220222 	300.0210170128157 	1.060772204376787 	101349.8486946813
-0.7695195195195199 	300.0157610566587 	1.045581426044676 	101343.6342583754
-0.767017017017017 	300.0102074735032 	1.029530585092358 	101337.0681654024
-0.7645145145145147 	300.0044618198575 	1.0129245862464 	101330.2752413378
-0.7620120120120122 	299.9986334829652 	0.99607981513567 	101323.3849891472
-0.7595095095095097 	299.9928337102155 	0.9793172303076128 	101316.5287306787
-0.7570070070070072 	299.9871726159938 	0.9629554404270859 	101309.8367878538
-0.7545045045045048 	299.9817573034888 	0.9473038337955149 	101303.4356812041
-0.7520020020020022 	299.9766894483063 	0.9326560316540495 	101297.4454492416
-0.7494994994994997 	299.9720629965358 	0.9192839865002411 	101291.9772233644
-0.7469969969969972 	299.9679628007653 	0.9074329035039543 	101287.131185269
-0.7444944944944945 	299.9644630034275 	0.8973169776904436 	101282.994819735
-0.7419919919919924 	299.9616256124264 	0.8891158586721946 	101279.6414861863
-0.7394894894894897 	299.9594999454309 	0.8829718027058064 	101277.1292737678
-0.7369869869869872 	299.958121531061 	0.8789876084504864 	101275.5001573087
-0.7344844844844846 	299.9575115671713 	0.8772254938070424 	101274.7794591956
-0.7319819819819822 	299.957677634715 	0.8777077774936484 	101274.9760894151
-0.7294794794794797 	299.9586150373766 	0.8804168832186275 	101276.0834992373
-0.7269769769769773 	299.9603022966895 	0.8852938525518737 	101278.0772161984
-0.7244744744744747 	299.9627055675025 	0.8922411046785396 	101280.9171962196
-0.721971971971972 	299.9657792300654 	0.9011269336771687 	101284.5497954072
-0.7194694694694695 	299.9694669541802 	0.9117874785794364 	101288.9081503381
-0.7169669669669674 	299.973701660145 	0.9240288771560554 	101293.9130742914
-0.7144644644644647 	299.9784068132601 	0.9376304732080414 	101299.4744421058
-0.711961961961962 	299.9834985067248 	0.9523485764755617 	101305.4926983947
-0.7094594594594597 	299.9888855262996 	0.9679204812032884 	101311.8604852893
-0.7069569569569573 	299.9944720438836 	0.9840686587828875 	101318.4643695915
-0.7044544544544545 	300.0001585506857 	1.000505343639058 	101325.1866961394
-0.7019519519519523 	300.0058434611988 	1.016937550268848 	101331.9076144246
-0.6994494494494495 	300.011425661796 	1.033072348378728 	101338.5072977048
-0.6969469469469471 	300.0168054916929 	1.048622105029908 	101344.8680876927
-0.6944444444444446 	300.0218870228346 	1.063309297068699 	101350.8764361143
-0.6919419419419421 	300.0265792543594 	1.076870844573853 	101356.4247082446
-0.6894394394394396 	300.0307975529421 	1.089062219412592 	101361.4128335748
-0.6869369369369374 	300.0344651800389 	1.09966139805765 	101365.7498963038
-0.6844344344344344 	300.037514317873 	1.10847263732959 	101369.3557312498
-0.6819319319319321 	300.0398876621382 	1.115330148738802 	101372.1624290906
-0.6794294294294296 	300.0415392265347 	1.12010141757163 	101374.1156710161
-0.6769269269269272 	300.0424357331771 	1.12268990323919 	101375.1759124355
-0.6744244244244245 	300.0425572953949 	1.123036418311501 	101375.3191684658
-0.6719219219219222 	300.0418952398709 	1.121119949215679 	101374.5362278788
-0.6694194194194195 	300.0404569587802 	1.116962388856345 	101372.8358927087
-0.6669169169169172 	300.0382666597548 	1.110630453566838 	101370.2459781617
-0.6644144144144146 	300.0353615066945 	1.102231877330011 	101366.8104755516
-0.661911911911912 	300.0317919738852 	1.091913818921689 	101362.5895161004
-0.6594094094094097 	300.0276224240767 	1.079861986440783 	101357.659121325
-0.656906906906907 	300.0229295252806 	1.06629809715148 	101352.1100650949
-0.6544044044044046 	300.0178010752413 	1.051476067968541 	101346.0463147833
-0.6519019019019021 	300.012334593558 	1.035677132582661 	101339.5830318847
-0.6493993993993996 	300.0066346544378 	1.019203859907589 	101332.8441185667
-0.6468968968968971 	300.0008111147459 	1.00237320345716 	101325.9593496707
-0.6443943943943946 	299.9949760088162 	0.9855089840208866 	101319.0612590264
-0.6418918918918921 	299.9892411953636 	0.9689343994944951 	101312.2820686257
-0.6393893893893897 	299.983715920836 	0.9529649453093827 	101305.7507980361
-0.6368868868868871 	299.9785042972366 	0.9379019021638353 	101299.5906111356
-0.6343843843843846 	299.9737036271162 	0.9240264242103559 	101293.9164097815
-0.6318818818818821 	299.969402409028 	0.9115941883857344 	101288.8326727471
-0.6293793793793795 	299.9656785352922 	0.9008306073474334 	101284.4314967198
-0.6268768768768773 	299.9625981954448 	0.8919267911669846 	101280.7909330436
-0.6243743743743745 	299.9602145008598 	0.8850364808972609 	101277.9737290518
-0.6218718718718721 	299.9585670243979 	0.8802740348675572 	101276.0265451692
-0.6193693693693696 	299.9576810918165 	0.8777134578997751 	101274.9795583935
-0.6168668668668671 	299.9575680393264 	0.87738892025288 	101274.8464756344
-0.6143643643643645 	299.9582275551376 	0.8792958823814228 	101275.6258398454
-0.6118618618618621 	299.9596439646863 	0.8833892011304155 	101277.2992853821
-0.6093593593593596 	299.9617868548763 	0.8895837579154874 	101279.8316239821
-0.6068568568568571 	299.9646150376399 	0.8977594858553783 	101283.1738964213
-0.6043543543543546 	299.9680757706738 	0.9077641889040109 	101287.2640259234
-0.6018518518518521 	299.9721062833448 	0.9194155025995767 	101292.0275655334
-0.5993493493493496 	299.9766338464344 	0.9325037085581172 	101297.378855239
-0.5968468468468471 	299.9815776595399 	0.9467949688694195 	101303.2223840729
-0.5943443443443446 	299.9868499413376 	0.9620350116035117 	101309.4542637508
-0.591841841841842 	299.9923567720586 	0.9779533509092828 	101315.9639224863
-0.5893393393393397 	299.9980008801658 	0.9942678908265565 	101322.6360185658
-0.5868368368368371 	300.0036821961874 	1.010689857527457 	101329.3524796598
-0.5843343343343346 	300.0093002477061 	1.026928816745256 	101335.9945015632
-0.5818318318318321 	300.0147557801306 	1.042697475417762 	101342.4445820057
-0.5793293293293297 	300.019951870348 	1.057716227528124 	101348.5883625533
-0.5768268268268271 	300.0247961669716 	1.071717521840078 	101354.3163592383
-0.5743243243243245 	300.0292017009538 	1.084450059319536 	101359.5257231195
-0.5718218218218221 	300.0330884785761 	1.095682902488041 	101364.1219334523
-0.5693193193193196 	300.0363851324789 	1.105209414769284 	101368.0203635787
-0.5668168168168171 	300.0390296513701 	1.112850841925156 	101371.1477913007
-0.5643143143143147 	300.0409710709478 	1.118459631025807 	101373.4437879592
-0.5618118118118121 	300.0421702315333 	1.121922496324244 	101374.8618936486
-0.5593093093093094 	300.0426006499938 	1.123162756334771 	101375.3707914797
-0.5568068068068072 	300.0422490149942 	1.122141060800099 	101374.9544009349
-0.5543043043043046 	300.0411137506208 	1.118859044811402 	101373.6124419572
-0.551801801801802 	300.0392128855352 	1.113363820541586 	101371.364943256
-0.5492992992992995 	300.0365779050341 	1.105745706272483 	101368.2488655126
-0.5467967967967969 	300.0332532789926 	1.096135416119621 	101364.3175404457
-0.5442942942942947 	300.0292983764541 	1.084703899908614 	101359.6409181
-0.5417917917917919 	300.0247856764526 	1.071660706198858 	101354.3047934036
-0.5392892892892895 	300.0197996370295 	1.057250548621246 	101348.409370727
-0.536786786786787 	300.0144357693267 	1.041748379196908 	101342.0672698669
-0.5342842842842846 	300.0087972886383 	1.025453201567448 	101335.4009627796
-0.531781781781782 	300.0029938181795 	1.008680959034751 	101328.5398271145
-0.5292792792792794 	299.9971379981087 	0.9917569256945553 	101321.6170038066
-0.526776776776777 	299.991342742349 	0.9750081594429065 	101314.7663125119
-0.5242742742742745 	299.9857196470328 	0.9587562752401878 	101308.1192866812
-0.521771771771772 	299.9803755075806 	0.943310512817971 	101301.8023906181
-0.5192692692692695 	299.9754108962333 	0.9289612432420091 	101295.9343265263
-0.516766766766767 	299.9709177908612 	0.9159741165375119 	101290.6236438604
-0.5142642642642645 	299.9669774812215 	0.9045850173138247 	101285.9667005528
-0.511761761761762 	299.9636601726642 	0.8949960595720836 	101282.0460456955
-0.5092592592592596 	299.9610229030073 	0.8873725861549071 	101278.9291600036
-0.506756756756757 	299.9591092980932 	0.8818410505533937 	101276.6676521652
-0.5042542542542544 	299.9579493843696 	0.8784877935641324 	101275.2967344169
-0.5017517517517521 	299.9575585144036 	0.8773589279062602 	101274.8350660074
-0.4992492492492494 	299.9579395004045 	0.8784618887791824 	101275.2856203052
-0.496746746746747 	299.9590826935779 	0.881764894105743 	101276.6360701878
-0.4942442442442445 	299.9609616069163 	0.8871959321721743 	101278.8563190966
-0.4917417417417421 	299.9635390238415 	0.8946468620580195 	101281.9022628107
-0.4892392392392395 	299.9667665486545 	0.903977325053309 	101285.7166956511
-0.486736736736737 	299.9705851937287 	0.9150162975551688 	101290.2297860799
-0.4842342342342345 	299.9749259421197 	0.9275645278200095 	101295.3601761193
-0.481731731731732 	299.979711321047 	0.9413978504788126 	101301.0162856893
-0.4792292292292296 	299.9848563700405 	0.9562708706632422 	101307.0978471951
-0.4767267267267268 	299.9902704216566 	0.9719209883493161 	101313.4975638157
-0.4742242242242246 	299.9958580333714 	0.988072744181586 	101320.102832411
-0.471721721721722 	300.0015211084788 	1.004442293497775 	101326.7975816848
-0.4692192192192195 	300.0071601259222 	1.02074205090736 	101333.4642235159
-0.4667167167167169 	300.0126759144888 	1.036685502856584 	101339.9855613679
-0.4642142142142145 	300.0179715140176 	1.05199183772006 	101346.246732632
-0.461711711711712 	300.0229530492507 	1.066390240566515 	101352.1369652614
-0.4592092092092094 	300.0275319101984 	1.079624028884394 	101357.5512265889
-0.456706706706707 	300.0316254518821 	1.09145457160016 	101362.3918292252
-0.4542042042042045 	300.0351586850074 	1.101665117031817 	101366.5700555648
-0.451701701701702 	300.0380656163084 	1.110064619430945 	101370.0076470246
-0.4491991991991995 	300.0402900240086 	1.116491337968418 	101372.6383197557
-0.4466966966966969 	300.0417873863649 	1.120816072517584 	101374.4091477096
-0.4441941941941945 	300.0425252043609 	1.122945058020406 	101375.2817042848
-0.441691691691692 	300.0424844578363 	1.12282130278512 	101375.2329259193
-0.4391891891891895 	300.0416568035654 	1.120426347421225 	101374.2543298236
-0.436686686686687 	300.0400517358521 	1.115786361043243 	101372.3568222467
-0.4341841841841846 	300.037695248733 	1.108973263098685 	101369.5702043218
-0.431681681681682 	300.0346261650552 	1.100101093996148 	101365.9409493031
-0.4291791791791794 	300.0308983174286 	1.089325712556039 	101361.532781935
-0.426676676676677 	300.0265797723578 	1.076843678735921 	101356.4261889099
-0.4241741741741744 	300.021751368825 	1.062889034611368 	101350.7170286841
-0.421671671671672 	300.0165056386365 	1.047728663647205 	101344.5146017313
-0.4191691691691694 	300.0109442825748 	1.03165640861268 	101337.939255535
-0.4166666666666669 	300.005175939714 	1.014986187832765 	101331.1195733461
-0.4141641641641645 	299.9993137842523 	0.998044323015944 	101324.1891587766
-0.411661661661662 	299.9934720292923 	0.9811614857867814 	101317.2833512932
-0.4091591591591594 	299.9877641450723 	0.9646648843113208 	101310.5360140985
-0.406656656656657 	299.9822995270889 	0.9488709653909695 	101304.0765503236
-0.4041541541541545 	299.9771815416519 	0.9340786311591589 	101298.0271524515
-0.401651651651652 	299.9725056316212 	0.9205631983845017 	101292.5003566427
-0.3991491491491494 	299.9683568065475 	0.9085711935664633 	101287.5968635009
-0.396646646646647 	299.9648090422011 	0.898316003938619 	101283.4038209628
-0.3941441441441444 	299.9619234800259 	0.8899745649308591 	101279.993466896
-0.3916416416416419 	299.9597477567612 	0.8836851643247992 	101277.4222128248
-0.3891391391391395 	299.9583161663943 	0.8795462089253181 	101275.7301827446
-0.3866366366366368 	299.9576483929188 	0.8776159637928885 	101274.9410988369
-0.3841341341341344 	299.9577507670198 	0.8779139155710546 	101275.0625779788
-0.381631631631632 	299.9586186640196 	0.8804215723796598 	101276.0878081626
-0.3791291291291294 	299.9602305810833 	0.8850803918433676 	101277.9925141168
-0.3766266266266269 	299.9625531601831 	0.8917940237770364 	101280.7370793554
-0.3741241241241244 	299.9655415372021 	0.9004333537480469 	101284.2689352735
-0.371621621621622 	299.9691409271207 	0.9108384659201831 	101288.5228162199
-0.3691191191191194 	299.9732859316201 	0.9228208792401819 	101293.4217373943
-0.366616616616617 	299.9779024276076 	0.9361665696791738 	101298.8782946705
-0.3641141141141143 	299.9829091590078 	0.9506394462150471 	101304.7960494423
-0.3616116116116119 	299.9882175745536 	0.9659851056434134 	101311.0710270138
-0.3591091091091095 	299.9937353331499 	0.9819348758370379 	101317.5934377266
-0.356606606606607 	299.9993656741281 	0.9982102146390547 	101324.2494077969
-0.3541041041041044 	300.005010485659 	1.014527250963596 	101330.9228445677
-0.3516016016016019 	300.010571465385 	1.030601297276006 	101337.4973344562
-0.3490990990990994 	300.0159510868949 	1.0461513189506 	101343.8579530643
-0.346596596596597 	300.0210552862374 	1.060904132309613 	101349.8929412473
-0.3440940940940944 	300.0257932914241 	1.074598401753553 	101355.4953875876
-0.3415915915915919 	300.0300804414596 	1.086988705472503 	101360.5648529973
-0.3390890890890895 	300.0338386466667 	1.097849488171567 	101365.008980498
-0.3365865865865869 	300.0369979176417 	1.106978766719719 	101368.7450867003
-0.3340840840840844 	300.0394979445755 	1.114201674866916 	101371.701552656
-0.3315815815815819 	300.0412885078322 	1.119373763575466 	101373.8191666825
-0.3290790790790794 	300.0423312875369 	1.122384062050001 	101375.052430538
-0.3265765765765769 	300.0426008060036 	1.123157706068734 	101375.3708214461
-0.3240740740740744 	300.0420835694624 	1.121657188067608 	101374.7587499859
-0.3215715715715718 	300.0407796086774 	1.117887778777721 	101373.2174929584
-0.3190690690690695 	300.0387094535309 	1.111902194771603 	101370.7695470508
-0.3165665665665668 	300.035905972717 	1.10379750324612 	101367.4543982099
-0.3140640640640644 	300.0324174346961 	1.093713318938976 	101363.3290945196
-0.311561561561562 	300.0283065874301 	1.08183172566621 	101358.4681633118
-0.3090590590590593 	300.023650428033 	1.068374741576241 	101352.96251733
-0.3065565565565568 	300.0185381310205 	1.053600085174706 	101346.9177371568
-0.3040540540540545 	300.0130692625492 	1.037795560033405 	101340.4517041289
-0.3015515515515518 	300.0073516499611 	1.021272110316732 	101333.6917873972
-0.2990490490490494 	300.0014981357431 	1.004355959493781 	101326.7716096654
-0.2965465465465469 	299.9956242661742 	0.987380380119278 	101319.8275875395
-0.2940440440440444 	299.9898448440094 	0.9706775097549812 	101312.9956132938
-0.2915415415415418 	299.9842718300823 	0.9545706329864723 	101306.4079387144
-0.2890390390390395 	299.9790115565959 	0.9393670603429112 	101300.1902088066
-0.2865365365365368 	299.9741625656734 	0.9253516482960492 	101294.4588449773
-0.2840340340340343 	299.969813724882 	0.9127812149654386 	101289.31879819
-0.2815315315315318 	299.9660425066141 	0.9018800746013464 	101284.8616546716
-0.2790290290290295 	299.9629141028587 	0.8928366355561376 	101281.1643125599
-0.2765265265265269 	299.9604804098142 	0.8858011526172531 	101278.2880965735
-0.2740240240240244 	299.9587798088591 	0.8808844889425933 	101276.2782110633
-0.2715215215215219 	299.957836590634 	0.8781575083969021 	101275.1635133142
-0.2690190190190194 	299.957661287281 	0.877651614463784 	101274.9566134079
-0.2665165165165169 	299.9582522237941 	0.8793607257450888 	101275.6551854616
-0.2640140140140144 	299.95959485917 	0.8832397102609446 	101277.2412483302
-0.2615115115115119 	299.9616583473785 	0.889204355064974 	101279.6796839043
-0.2590090090090094 	299.964402251959 	0.8971367490083949 	101282.9225178756
-0.2565065065065068 	299.9677755040919 	0.9068882292895261 	101286.9090967974
-0.2540040040040044 	299.9717164444852 	0.9182810985310701 	101291.5668813489
-0.2515015015015019 	299.9761547919302 	0.9311114825586652 	101296.8126050157
-0.2489989989989994 	299.9810119256662 	0.9451526002473858 	101302.5536228732
-0.2464964964964968 	299.9862028363377 	0.9601584711351144 	101308.6894384553
-0.2439939939939944 	299.9916372329853 	0.9758679009853701 	101315.1132949659
-0.2414914914914919 	299.9972207988178 	0.9920084350369734 	101321.7138642226
-0.2389889889889893 	300.0028569549374 	1.008300444292393 	101328.3768355413
-0.2364864864864869 	300.0084478364357 	1.024461524393443 	101334.986691694
-0.2339839839839843 	300.0138964583579 	1.04021101375617 	101341.4286343218
-0.2314814814814819 	300.0191078680025 	1.055274326700024 	101347.5903948836
-0.2289789789789792 	300.0239905262478 	1.069386873854624 	101353.3637312202
-0.2264764764764769 	300.0284577277125 	1.082297805463144 	101358.6460046675
-0.2239739739739743 	300.032428709342 	1.093773856906036 	101363.341739904
-0.2214714714714718 	300.035830180676 	1.103603053759033 	101367.364140062
-0.2189689689689693 	300.0385973051984 	1.111598054676429 	101370.6364955801
-0.2164664664664669 	300.0406749324899 	1.117599556411128 	101373.0935434396
-0.2139639639639643 	300.0420188571165 	1.121480003217425 	101374.6829447595
-0.2114614614614618 	300.0425971969055 	1.123147107478855 	101375.3668602532
-0.2089589589589593 	300.0423915933611 	1.122545570165495 	101375.1229591808
-0.2064564564564568 	300.0413939520825 	1.119660142078199 	101373.9437207461
-0.2039539539539543 	300.0396170020747 	1.114522639317779 	101371.8428235451
-0.2014514514514518 	300.0370885226117 	1.107212189847424 	101368.8527717925
-0.1989489489489494 	300.0338504253198 	1.09785181196621 	101365.023681108
-0.1964464464464468 	300.0299605279962 	1.086608359933069 	101360.4238748704
-0.1939439439439443 	300.0254909703544 	1.073690578001418 	101355.1388166625
-0.1914414414414418 	300.0205272301757 	1.059345531732513 	101349.2696640476
-0.1889389389389393 	300.0151665093856 	1.043853651755833 	101342.9313240134
-0.1864364364364368 	300.0095150824702 	1.027521951027996 	101336.2495980039
-0.1839339339339343 	300.0036856597727 	1.010675640181901 	101329.3576878856
-0.1814314314314318 	299.9977940714683 	0.9936494882115098 	101322.3926776019
-0.1789289289289293 	299.9919568015934 	0.9767798352977995 	101315.4921943167
-0.1764264264264268 	299.986288075719 	0.9603966707283579 	101308.7912552793
-0.1739239239239243 	299.9808970903923 	0.9448154512755988 	101302.418920665
-0.1714214214214218 	299.9758854464639 	0.9303297823655878 	101296.4951752644
-0.1689189189189193 	299.9713450703687 	0.9172060251517862 	101291.1287702775
-0.1664164164164168 	299.967357520309 	0.9056795170466811 	101286.4158446171
-0.1639139139139143 	299.9639921663031 	0.8959511017364816 	101282.438446632
-0.1614114114114118 	299.9613053227203 	0.8881835424918063 	101279.2630036063
-0.1589089089089093 	299.9593393155538 	0.8824993574212867 	101276.9394467927
-0.1564064064064068 	299.958122416617 	0.878981127791885 	101275.5013549317
-0.1539039039039043 	299.9576699056905 	0.8776728421598479 	101274.9665732064
-0.1514014014014018 	299.9579834842883 	0.8785813286278118 	101275.3377545981
-0.1488988988988993 	299.9590545396247 	0.8816748689628883 	101276.6028676748
-0.1463963963963968 	299.9608558803382 	0.8868809434709577 	101278.7313733575
-0.1438938938938943 	299.9633502051034 	0.8940917755240523 	101281.6792090201
-0.1413913913913918 	299.9664907133235 	0.9031704931882095 	101285.390662944
-0.1388888888888893 	299.9702200221461 	0.9139515626784628 	101289.7982639621
-0.1363863863863868 	299.9744713610029 	0.9262413038386793 	101294.8229283084
-0.1338838838838843 	299.9791689115388 	0.9398210321826154 	101300.3751864767
-0.1313813813813818 	299.9842301633322 	0.9544527462672668 	101306.3577096064
-0.1288788788788793 	299.9895682974091 	0.9698841558050478 	101312.6675529202
-0.1263763763763768 	299.9950915694386 	0.9858508362040106 	101319.1968181294
-0.1238738738738743 	300.0007051490782 	1.002077528405667 	101325.8329576132
-0.1213713713713717 	300.006311205223 	1.018282587072054 	101332.4606039819
-0.1188688688688693 	300.0118126676081 	1.034185645704462 	101338.9649770508
-0.1163663663663668 	300.017115490844 	1.049513715652073 	101345.2345780901
-0.1138638638638643 	300.022128139683 	1.064002601925019 	101351.1616361744
-0.1113613613613618 	300.0267626452868 	1.077396735369941 	101356.641587662
-0.1088588588588592 	300.0309343032426 	1.089452775254032 	101361.5745762628
-0.1063563563563568 	300.0345658424578 	1.099947470606045 	101365.8690254927
-0.1038538538538543 	300.0375895021046 	1.108684316351474 	101369.4446244979
-0.1013513513513517 	300.0399468363788 	1.115494438241308 	101372.2325107776
-0.09884884884884926 	300.0415887208176 	1.120234928917207 	101374.1741926485
-0.09634634634634676 	300.0424750798615 	1.122791788784044 	101375.2225374226
-0.09384384384384425 	300.0425798597955 	1.123088304370176 	101375.3459486486
-0.09134134134134177 	300.0418907267673 	1.121091938072194 	101374.5307486432
-0.08883883883883925 	300.0404125002529 	1.116819242557254 	101372.7834967964
-0.08633633633633674 	300.0381693228933 	1.110332349366012 	101370.130869472
-0.08383383383383426 	300.0351946315805 	1.101731759543211 	101366.6132143014
-0.08133133133133173 	300.0315376864894 	1.091161422569313 	101362.2888402278
-0.07882882882882926 	300.0272659290706 	1.078816490105302 	101357.23762327
-0.07632632632632676 	300.0224641082901 	1.064940225752391 	101351.5598019302
-0.07382382382382424 	300.0172286744483 	1.049810048002176 	101345.3695140609
-0.07132132132132173 	300.0116624576547 	1.033723415020829 	101338.7884324502
-0.06881881881881925 	300.0058735088907 	1.016993753707012 	101331.9442326493
-0.06631631631631671 	299.9999763898846 	0.9999532450825823 	101324.972576855
-0.06381381381381425 	299.9940919546168 	0.9829492869491739 	101318.0161846407
-0.06131131131131173 	299.9883406393193 	0.9663279223553857 	101311.2175088778
-0.05880880880880923 	299.982834615491 	0.9504129280773673 	101304.7091395479
-0.05630630630630672 	299.9776743193655 	0.9354959521201297 	101298.6095556361
-0.05380380380380424 	299.9729505958639 	0.9218424547930227 	101293.0263543833
-0.05130130130130173 	299.9687493755195 	0.9097006406306127 	101288.0608956235
-0.04879879879879922 	299.9651498792992 	0.8992969406677358 	101283.8066420597
-0.04629629629629672 	299.9622169563532 	0.8908174506102033 	101280.3404634606
-0.04379379379379422 	299.9599956870938 	0.8843922974554893 	101277.7151521183
-0.04129129129129173 	299.958511475713 	0.8800991228945682 	101275.9610982997
-0.03878878878878922 	299.9577790984654 	0.8779826407250672 	101275.095626084
-0.03628628628628671 	299.9578078114668 	0.8780698052710398 	101275.1298511617
-0.03378378378378422 	299.9586005961024 	0.8803632317392874 	101276.0668579493
-0.03128128128128172 	299.9601425232102 	0.8848156539640318 	101277.88828902
-0.02877877877877922 	299.962393186065 	0.8913178945815542 	101280.548167284
-0.0262762762762767 	299.9652992576546 	0.899717125398366 	101283.9826507216
-0.02377377377377422 	299.9688023342007 	0.909846145471372 	101288.1225836329
-0.0212712712712717 	299.9728453369202 	0.9215392687074301 	101292.9012297664
-0.01876876876876921 	299.9773695144388 	0.9346195758807319 	101298.2482883156
-0.01626626626626671 	299.9823002734345 	0.9488709272009704 	101304.0764747599
-0.0137637637637642 	299.9875447286156 	0.9640265602895811 	101310.2756710712
-0.0112612612612617 	299.9929990679527 	0.9797912447001296 	101316.723011378
-0.008758758758759198 	299.9985634618836 	0.9958807402191185 	101323.3012406197
-0.006256256256256697 	300.0041526527174 	1.012043227833351 	101329.9085820541
-0.003753753753754195 	300.0096865666919 	1.02804322968631 	101336.4512238644
-0.001251251251251693 	300.015078181004 	1.043625465184763 	101342.8261634535
0.00125125125125081 	300.0202257282394 	1.058496771645837 	101348.9123102876
0.003753753753753312 	300.0250201579102 	1.072350106456388 	101354.5813319988
0.006256256256255817 	300.0293663187921 	1.084913676080898 	101359.7203404316
0.008758758758758317 	300.0331932758194 	1.095981131967317 	101364.2458480871
0.01126126126126082 	300.0364503043336 	1.105397932537348 	101368.0975296012
0.01376376376376332 	300.0390881353285 	1.113015654706089 	101371.2168529732
0.01626626626626582 	300.0410450470574 	1.118659143117808 	101373.5313828537
0.01876876876876833 	300.0422544393501 	1.122141708974681 	101374.9614857344
0.02127127127127083 	300.0426642841724 	1.123321326936992 	101375.4461142729
0.02377377377377332 	300.0422589678415 	1.122150943518536 	101374.9660409285
0.02627627627627583 	300.0410561476894 	1.118683302714569 	101373.5444296153
0.02877877877877833 	300.0390989362267 	1.113026315878642 	101371.2302665697
0.03128128128128083 	300.0364228055745 	1.10528060650702 	101368.0655198845
0.03378378378378333 	300.0330505790186 	1.095520577516332 	101364.0778401348
0.03628628628628584 	300.0290114482425 	1.083840564383867 	101359.301660016
0.03878878878878834 	300.0243669181941 	1.070423683615215 	101353.8096892021
0.04129129129129084 	300.0192237907837 	1.055574867092953 	101347.7285428421
0.04379379379379333 	300.0137214311869 	1.039684760119026 	101341.2227157774
0.04629629629629585 	300.0079985433932 	1.023145863211955 	101334.4566217718
0.04879879879879834 	300.0021672927058 	1.006281760214963 	101327.5626724137
0.05130130130130085 	299.9963105756947 	0.9893414690075266 	101320.6389037815
0.05380380380380335 	299.9905054081655 	0.9725596285210883 	101313.776536204
0.05630630630630584 	299.9848524209988 	0.9562307903828748 	101307.0941675379
0.05880880880880836 	299.9794846116133 	0.9407340648506575 	101300.7493849728
0.06131131131131085 	299.9745491290218 	0.926481245408537 	101294.9157420213
0.06381381381381336 	299.9701695498911 	0.9138197803371632 	101289.7393453501
0.06631631631631586 	299.9664176573608 	0.9029579535244521 	101285.3051182742
0.06881881881881835 	299.9633141688495 	0.8939658419472771 	101281.6370642172
0.07132132132132088 	299.9608568021388 	0.8868523573192509 	101278.732960723
0.07382382382382337 	299.9590595304704 	0.8816641501855609 	101276.6088305369
0.07632632632632587 	299.9579701407149 	0.8785350744756125 	101275.3213207176
0.07882882882882837 	299.957656683022 	0.8776488757943343 	101274.9511759948
0.08133133133133086 	299.9581702980217 	0.8791391236534943 	101275.5585088429
0.08383383383383337 	299.9595085720978 	0.8829897156368183 	101277.1393672247
0.08633633633633589 	299.9615990224505 	0.889006279476715 	101279.6096118235
0.08883883883883838 	299.9643322524145 	0.8968878253080385 	101282.8397625697
0.09134134134134086 	299.9676054312644 	0.9063498297996526 	101286.7082320455
0.09384384384384339 	299.9713587623667 	0.917219891683601 	101291.1440601509
0.09634634634634588 	299.9755787655282 	0.9294484653432983 	101296.1318707401
0.09884884884884838 	299.9802684835623 	0.9430256153494875 	101301.6748923318
0.1013513513513509 	299.9853989828774 	0.9578553041144781 	101307.7392090586
0.1038538538538534 	299.9908765039151 	0.9736667169252322 	101314.2141361374
0.1063563563563559 	299.9965448542388 	0.9900206623435255 	101320.9146827389
0.1088588588588584 	300.0022223251064 	1.006411974698316 	101327.6266497754
0.1113613613613609 	300.0077562138857 	1.022410965477139 	101334.1690184495
0.1138638638638634 	300.0130583448747 	1.037762963313164 	101340.4377028737
0.1163663663663659 	300.018106177362 	1.052389475159196 	101346.4061366721
0.1188688688688684 	300.0229070033078 	1.066290973570513 	101352.0824562826
0.1213713713713709 	300.0274441867808 	1.079406278132156 	101357.4475855559
0.1238738738738734 	300.0316400746171 	1.091507707257828 	101362.4091523395
0.1263763763763759 	300.0353508118213 	1.102191858297932 	101366.797211295
0.1288788788788784 	300.0384017830889 	1.110974065102196 	101370.4053622221
0.1313813813813809 	300.0406440230739 	1.117439954026468 	101373.0569057509
0.1338838838838834 	300.0420017654606 	1.121378295104852 	101374.6628140343
0.1363863863863859 	300.0424920246165 	1.12282845859047 	101375.2424665238
0.1388888888888884 	300.0422003367083 	1.122018112911036 	101374.8968164236
0.1413913913913909 	300.0412271098859 	1.119225693290464 	101373.746694898
0.1438938938938934 	300.0396432179037 	1.114637502155126 	101371.8737704305
0.1463963963963959 	300.0374501922362 	1.10826223639748 	101369.2805072341
0.1488988988988985 	300.0345905039053 	1.099948963305614 	101365.8988440947
0.1514014014014009 	300.0309899277355 	1.089503951822713 	101361.6411065089
0.1539039039039035 	300.0266147160684 	1.076847221788747 	101356.4676927104
0.1564064064064059 	300.0215185264186 	1.062138826287776 	101350.4417512569
0.1589089089089084 	300.0158557561527 	1.045818171832517 	101343.746320082
0.1614114114114109 	300.0098585498321 	1.028537534470399 	101336.6557214429
0.1639139139139134 	300.0037829525434 	1.011016294001901 	101329.4727125927
0.166416416416416 	299.9978485380441 	0.9938750575524947 	101322.4571361249
0.1689189189189185 	299.9921953982853 	0.9775142469033746 	101315.7742001527
0.1714214214214209 	299.9868708282945 	0.9620796927115474 	101309.4800995249
0.1739239239239235 	299.9818521800162 	0.9475222666743635 	101303.5478540972
0.1764264264264259 	299.977092266949 	0.9337242127533461 	101297.9215911803
0.1789289289289284 	299.9725709282697 	0.920641953834279 	101292.5777045829
0.181431431431431 	299.9683341321127 	0.9084122134098775 	101287.5701206578
0.1839339339339334 	299.9645046017113 	0.8973848614409705 	101283.0441255626
0.186436436436436 	299.9612648367661 	0.8880736563124473 	101279.2152353213
0.1889389389389385 	299.9588162011905 	0.8810436804276556 	101276.3213060088
0.191441441441441 	299.9573289910661 	0.8767727555760904 	101274.5637583184
0.1939439439439434 	299.9568992529116 	0.8755298841195934 	101274.0560249617
0.196446446446446 	299.9575238400892 	0.8773069642054788 	101274.7947733121
0.1989489489489485 	299.9591035409967 	0.8818175028004855 	101276.660666887
0.2014514514514509 	299.9614579947199 	0.8885631520867859 	101279.4429560695
0.2039539539539535 	299.9643788086375 	0.8969555326347904 	101282.8948420019
0.2064564564564559 	299.9676733723911 	0.9064501470707886 	101286.7884605999
0.2089589589589585 	299.9712032305995 	0.9166543820645972 	101290.9604062487
0.211461461461461 	299.974906530332 	0.9273887326004963 	101295.3373709638
0.2139639639639635 	299.9787976821709 	0.938688305456602 	101299.9365521095
0.2164664664664659 	299.9829484801602 	0.9507490162746814 	101304.8428068452
0.2189689689689684 	299.9874551061702 	0.9638353928973817 	101310.1697489272
0.221471471471471 	299.9923998014247 	0.9781734157211638 	101316.0148476812
0.2239739739739735 	299.997816799391 	0.9938527284483608 	101322.4184183286
0.226476476476476 	300.0036673954796 	1.010758120652242 	101329.334960791
0.2289789789789785 	300.0098310705675 	1.028542664649557 	101336.6220266614
0.231481481481481 	300.0161119238992 	1.046646015407407 	101344.0479623896
0.2339839839839835 	300.0222587510703 	1.06435160689695 	101351.3159576077
0.236486486486486 	300.0279948630747 	1.080868779930993 	101358.0985777376
0.2389889889889885 	300.033049274444 	1.095423912620081 	101364.0754968848
0.241491491491491 	300.0371874982107 	1.10734650792678 	101368.9692443032
0.2439939939939935 	300.0402357424951 	1.116138776807207 	101372.5740963246
0.246496496496496 	300.0420964391387 	1.121520702746414 	101374.7747242437
0.2489989989989985 	300.0427545705227 	1.123446212731871 	101375.5528221023
0.251501501501501 	300.0422723879068 	1.122089893227423 	101374.9817147736
0.2540040040040035 	300.0407737235108 	1.117814044808433 	101373.2104264638
0.256506506506506 	300.0384387356069 	1.11112372127797 	101370.4495145719
0.2590090090090086 	300.0354719538624 	1.102604747946691 	101366.9411717173
0.261511511511511 	300.0320838640088 	1.092861874369343 	101362.9346954062
0.2640140140140135 	300.0284750640635 	1.082471355482487 	101358.6673320105
0.2665165165165161 	300.0248228520508 	1.07194376573084 	101354.3487513986
0.2690190190190185 	300.021273003368 	1.061700160480415 	101350.1513260041
0.271521521521521 	300.0179363307398 	1.052061707245055 	101346.2060694831
0.2740240240240235 	300.0148890687006 	1.043250348066414 	101342.6030986567
0.276526526526526 	300.0121759301744 	1.035397307373392 	101339.3952544313
0.2790290290290286 	300.0098148527756 	1.028556535043192 	101336.6037194843
0.281531531531531 	300.0078025626059 	1.022720572658332 	101334.2246001663
0.2840340340340335 	300.0061202438471 	1.017836793285411 	101332.2356316466
0.2865365365365361 	300.0047387953737 	1.013822513646153 	101330.6023939457
0.2890390390390385 	300.0036233494002 	1.010578025234807 	101329.2836534685
0.291541541541541 	300.002736892685 	1.007997075261322 	101328.235643846
0.2940440440440436 	300.0020429662427 	1.005974710558988 	101327.415256714
0.296546546546546 	300.0015075110207 	1.004412668191883 	101326.7822229868
0.2990490490490486 	300.0010999833432 	1.003222660120382 	101326.3004310677
0.3015515515515511 	300.0007938892103 	1.002327973776818 	101325.9385575885
0.3040540540540535 	300.0005668860019 	1.001663817658258 	101325.6701880962
0.3065565565565562 	300.0004005903317 	1.001176803819656 	101325.4735888717
0.3090590590590585 	300.0002802040934 	1.000823897821203 	101325.3312650604
0.3115615615615611 	300.000194049343 	1.000571094534437 	101325.229410705
0.3140640640640635 	300.0001330770817 	1.000392010001406 	101325.1573275871
0.316566566566566 	300.0000903923865 	1.000266517131955 	101325.1068645554
0.3190690690690687 	300.0000608243639 	1.00017950309082 	101325.0719084868
0.3215715715715711 	300.0000405525189 	1.000119788058641 	101325.047942464
0.3240740740740735 	300.000026793163 	1.000079217702219 	101325.0316757339
0.326576576576576 	300.0000175453923 	1.000051923870531 	101325.0207428388
0.3290790790790786 	300.000011389551 	1.000033737573005 	101325.0134651382
0.3315815815815811 	300.0000073302162 	1.000021733298798 	101325.0086659788
0.3340840840840836 	300.0000046778674 	1.000013882348617 	101325.0055303032
0.3365865865865861 	300.0000029605242 	1.00000879394148 	101325.003499957
0.3390890890890886 	300.0000018583864 	1.000005525142551 	101325.0021969212
0.3415915915915911 	300.0000011571323 	1.000003443467211 	101325.0013679098
0.3440940940940935 	300.0000007146891 	1.000002129090233 	101325.0008449724
0.3465965965965962 	300.0000004380424 	1.000001306117303 	101325.0005178673
0.3490990990990985 	300.0000002664304 	1.000000795088349 	101325.0003149428
0.3516016016016011 	300.0000001608216 	1.000000480333025 	101325.0001900754
0.3541041041041035 	300.0000000963391 	1.000000288008321 	101325.0001138521
0.3566066066066061 	300.0000000572127 	1.000000171414282 	101325.0000676885
0.3591091091091085 	300.0000000336844 	1.000000101280851 	101325.0000399461
0.3616116116116112 	300.0000000197088 	1.000000059414335 	101325.0000234011
0.3641141141141137 	300.0000000114161 	1.000000034610021 	101325.0000136084
0.3666166166166161 	300.0000000065112 	1.00000002003654 	101325.000007855
0.3691191191191185 	300.0000000037695 	1.000000011497613 	101325.0000044992
0.371621621621621 	300.0000000021653 	1.000000006562644 	101325.000002556
0.3741241241241237 	300.0000000012734 	1.000000003729834 	101325.0000014388
0.3766266266266261 	300.0000000007333 	1.000000002106159 	101325.0000008004
0.3791291291291286 	300.0000000004023 	1.000000001182844 	101325.0000004386
0.3816316316316311 	300.0000000001405 	1.000000000663156 	101325.0000002349
0.3841341341341336 	300.0000000000758 	1.000000000372242 	101325.0000001205
0.3866366366366362 	300.0000000000169 	1.000000000209023 	101325.0000000567
0.3891391391391387 	299.9999999999702 	1.000000000117256 	101325.0000000219
0.391641641641641 	299.9999999999912 	1.000000000066821 	101325.0000000026
0.3941441441441436 	300.0000000000238 	1.00000000003978 	101324.9999999918
0.3966466466466462 	300.0000000000166 	1.00000000002577 	101324.9999999862
0.3991491491491486 	299.9999999999781 	1.000000000018618 	101324.9999999832
0.4016516516516512 	299.9999999999095 	1.000000000016026 	101324.999999981
0.4041541541541536 	299.9999999999181 	1.000000000014586 	101324.9999999795
0.4066566566566561 	299.9999999999225 	1.000000000019367 	101324.9999999787
0.4091591591591587 	299.9999999999728 	1.000000000006849 	101324.9999999782
0.4116616616616612 	300.0000000000198 	1.000000000006896 	101324.9999999781
0.4141641641641635 	300.0000000000651 	1.000000000010207 	101324.9999999783
0.4166666666666662 	300.0000000000441 	1.000000000011333 	101324.9999999781
0.4191691691691687 	299.9999999999488 	1.000000000010399 	101324.9999999784
0.421671671671671 	299.9999999999605 	1.000000000010083 	101324.9999999787
0.4241741741741737 	299.9999999999444 	1.000000000010647 	101324.9999999789
0.4266766766766761 	299.9999999999009 	1.000000000011874 	101324.9999999791
0.4291791791791785 	299.9999999999623 	1.000000000023627 	101324.9999999791
0.4316816816816812 	299.9999999999787 	1.000000000000739 	101324.9999999789
0.4341841841841836 	299.9999999999852 	1.000000000002233 	101324.9999999787
0.4366866866866862 	299.9999999999377 	1.000000000009144 	101324.9999999784
0.4391891891891885 	299.9999999999874 	1.000000000009058 	101324.9999999786
0.4416916916916913 	300.0000000000134 	1.00000000000711 	101324.9999999784
0.4441941941941936 	299.9999999999931 	1.000000000006634 	101324.999999979
0.4466966966966961 	299.9999999998961 	1.000000000006386 	101324.9999999789
0.4491991991991987 	299.9999999999206 	1.000000000005412 	101324.9999999786
0.4517017017017012 	299.9999999999212 	1.000000000005854 	101324.9999999784
0.4542042042042035 	299.9999999999627 	1.000000000007835 	101324.9999999787
0.4567067067067062 	300.0000000000082 	1.000000000009745 	101324.999999979
0.4592092092092087 	299.9999999999131 	1.000000000010586 	101324.999999979
0.4617117117117112 	299.9999999999473 	1.000000000010642 	101324.9999999786
0.4642142142142137 	299.9999999999118 	1.000000000009558 	101324.9999999784
0.4667167167167162 	299.9999999999492 	1.000000000008308 	101324.9999999786
0.4692192192192187 	299.999999999923 	1.000000000007616 	101324.999999979
0.4717217217217212 	299.9999999999692 	1.000000000008256 	101324.9999999794
0.4742242242242236 	299.9999999999405 	1.000000000009045 	101324.9999999792
0.4767267267267262 	299.9999999998973 	1.000000000009401 	101324.9999999792
0.4792292292292287 	299.9999999999559 	1.000000000010127 	101324.999999979
0.4817317317317312 	300.0000000000305 	1.000000000010302 	101324.999999979
0.4842342342342336 	300.00000000002 	1.000000000010103 	101324.9999999792
0.4867367367367362 	299.9999999999791 	1.000000000009843 	101324.9999999788
0.4892392392392387 	300.0000000000074 	1.000000000009818 	101324.9999999786
0.4917417417417412 	300.0000000000555 	1.000000000009303 	101324.9999999785
0.4942442442442437 	299.999999999991 	1.000000000009876 	101324.9999999783
0.4967467467467462 	299.9999999999077 	1.000000000015675 	101324.9999999785
0.4992492492492487 	299.9999999998103 	1.000000000005114 	101324.9999999789
0.5017517517517511 	299.9999999998325 	1.000000000005272 	101324.9999999787
0.5042542542542537 	299.9999999999129 	1.000000000009143 	101324.9999999784
0.5067567567567562 	299.9999999999173 	1.000000000009421 	101324.9999999781
0.5092592592592589 	299.9999999999125 	1.000000000008521 	101324.9999999778
0.5117617617617611 	299.9999999999361 	1.000000000009222 	101324.9999999775
0.5142642642642637 	299.9999999999878 	1.000000000009968 	101324.9999999777
0.5167667667667663 	299.9999999999862 	1.000000000011411 	101324.9999999778
0.5192692692692688 	299.9999999998968 	1.00000000002043 	101324.9999999776
0.5217717717717714 	299.9999999999015 	0.9999999999974287 	101324.9999999778
0.5242742742742736 	299.9999999999007 	0.9999999999979389 	101324.9999999779
0.5267767767767763 	299.9999999998988 	1.000000000006185 	101324.9999999781
0.5292792792792789 	299.999999999893 	1.000000000008235 	101324.9999999783
0.5317817817817813 	299.9999999998529 	1.000000000007391 	101324.9999999784
0.5342842842842837 	299.9999999999092 	1.000000000008268 	101324.9999999782
0.5367867867867864 	299.9999999999507 	1.000000000009581 	101324.9999999781
0.5392892892892888 	299.9999999999075 	1.000000000009705 	101324.9999999788
0.5417917917917912 	299.9999999999171 	1.000000000009253 	101324.9999999791
0.5442942942942938 	299.9999999999026 	1.000000000008462 	101324.9999999789
0.5467967967967964 	299.9999999999153 	1.000000000007736 	101324.999999979
0.5492992992992988 	299.9999999999093 	1.000000000007645 	101324.9999999791
0.5518018018018012 	299.999999999902 	1.000000000008123 	101324.9999999796
0.5543043043043039 	299.9999999999558 	1.000000000009267 	101324.9999999798
0.5568068068068063 	299.9999999999601 	1.000000000010974 	101324.9999999798
0.5593093093093087 	299.9999999999025 	1.000000000015354 	101324.9999999794
0.5618118118118114 	299.9999999998827 	1.000000000003127 	101324.9999999788
0.5643143143143137 	299.9999999998512 	1.000000000002839 	101324.9999999789
0.5668168168168163 	299.9999999998843 	1.000000000006781 	101324.9999999788
0.5693193193193188 	299.9999999999638 	1.000000000007073 	101324.999999979
0.5718218218218213 	300.0000000000379 	1.000000000006828 	101324.9999999793
0.5743243243243239 	300.0000000000564 	1.00000000000794 	101324.9999999797
0.5768268268268262 	300.0000000000417 	1.000000000008392 	101324.9999999794
0.5793293293293288 	299.9999999999758 	1.000000000010432 	101324.9999999789
0.5818318318318314 	299.9999999998968 	1.000000000018525 	101324.9999999788
0.5843343343343338 	299.9999999999496 	0.9999999999972791 	101324.9999999791
0.5868368368368363 	299.9999999999691 	0.9999999999998067 	101324.9999999796
0.5893393393393387 	299.999999999916 	1.000000000008498 	101324.9999999797
0.5918418418418413 	299.9999999998929 	1.000000000011087 	101324.9999999792
0.5943443443443439 	299.9999999999507 	1.00000000001054 	101324.999999979
0.5968468468468463 	300.0000000000093 	1.000000000010483 	101324.9999999792
0.5993493493493487 	300.0000000000751 	1.000000000010653 	101324.9999999788
0.6018518518518514 	300.0000000000624 	1.000000000009919 	101324.9999999787
0.6043543543543537 	300.0000000000502 	1.000000000009301 	101324.999999978
0.6068568568568564 	300.0000000000293 	1.000000000009363 	101324.9999999775
0.6093593593593587 	299.9999999999396 	1.000000000009938 	101324.9999999774
0.6118618618618614 	299.9999999998534 	1.000000000010773 	101324.9999999776
0.6143643643643638 	299.9999999999429 	1.000000000010922 	101324.9999999781
0.6168668668668662 	299.999999999976 	1.000000000009927 	101324.9999999786
0.6193693693693688 	299.9999999999575 	1.000000000010521 	101324.9999999789
0.6218718718718714 	299.9999999999625 	1.00000000001429 	101324.9999999788
0.6243743743743737 	299.9999999999246 	1.000000000004008 	101324.9999999785
0.6268768768768762 	299.9999999998879 	1.000000000004784 	101324.9999999784
0.629379379379379 	299.9999999999208 	1.00000000000837 	101324.9999999786
0.6318818818818812 	299.999999999955 	1.00000000000935 	101324.9999999787
0.6343843843843838 	300.0000000000103 	1.000000000008904 	101324.9999999783
0.6368868868868864 	300.000000000006 	1.00000000000885 	101324.9999999781
0.6393893893893888 	299.9999999999288 	1.000000000009385 	101324.9999999781
0.6418918918918912 	299.9999999999421 	1.000000000012309 	101324.9999999784
0.6443943943943939 	299.9999999999309 	1.000000000020131 	101324.9999999789
0.6468968968968963 	299.9999999999412 	1.000000000000106 	101324.9999999793
0.6493993993993988 	299.9999999999356 	1.000000000002789 	101324.9999999793
0.6519019019019012 	299.9999999999598 	1.00000000001065 	101324.9999999789
0.6544044044044038 	299.9999999999048 	1.000000000011108 	101324.9999999788
0.6569069069069065 	299.9999999998602 	1.000000000008231 	101324.9999999786
0.6594094094094087 	299.9999999998941 	1.00000000000717 	101324.9999999787
0.6619119119119113 	299.99999999993 	1.000000000007914 	101324.9999999786
0.664414414414414 	299.9999999999797 	1.000000000007862 	101324.9999999785
0.6669169169169162 	299.9999999999962 	1.000000000007858 	101324.9999999785
0.6694194194194188 	299.999999999971 	1.000000000007807 	101324.9999999786
0.6719219219219214 	299.9999999999087 	1.000000000007535 	101324.9999999785
0.674424424424424 	299.9999999999143 	1.000000000007076 	101324.999999979
0.6769269269269262 	299.9999999998814 	1.000000000006356 	101324.9999999792
0.679429429429429 	299.9999999999509 	1.000000000006276 	101324.9999999793
0.6819319319319311 	300.0000000000158 	1.000000000008254 	101324.9999999793
0.6844344344344341 	300.0000000000364 	1.00000000001144 	101324.9999999797
0.686936936936936 	300.0000000000338 	1.000000000001408 	101324.9999999796
0.6894394394394392 	300.0000000000301 	1.000000000003752 	101324.9999999792
0.6919419419419413 	300.0000000000176 	1.000000000008736 	101324.9999999788
0.694444444444444 	299.9999999999427 	1.000000000010156 	101324.9999999785
0.6969469469469463 	299.9999999998748 	1.000000000009756 	101324.9999999784
0.6994494494494489 	299.9999999998431 	1.000000000010311 	101324.9999999786
0.7019519519519515 	299.9999999998774 	1.000000000009974 	101324.9999999783
0.7044544544544538 	299.9999999998849 	1.000000000012474 	101324.9999999778
0.7069569569569564 	299.9999999999547 	1.000000000017818 	101324.9999999782
0.7094594594594589 	299.9999999999465 	0.9999999999972121 	101324.999999979
0.7119619619619615 	299.9999999999016 	0.9999999999994199 	101324.9999999795
0.7144644644644638 	299.9999999999101 	1.000000000006589 	101324.9999999798
0.7169669669669665 	299.999999999894 	1.000000000006719 	101324.9999999799
0.7194694694694688 	299.9999999999743 	1.000000000004536 	101324.999999979
0.7219719719719715 	300.0000000000105 	1.000000000004033 	101324.9999999783
0.7244744744744737 	300.000000000015 	1.000000000004206 	101324.9999999778
0.7269769769769764 	300.0000000000152 	1.000000000008247 	101324.9999999779
0.7294794794794791 	300.0000000000082 	1.000000000014782 	101324.9999999784
0.7319819819819813 	299.9999999999765 	0.9999999999956919 	101324.9999999791
0.7344844844844839 	299.9999999998938 	0.9999999999994742 	101324.9999999791
0.7369869869869864 	299.9999999998508 	1.00000000000703 	101324.999999979
0.739489489489489 	299.999999999876 	1.000000000008064 	101324.9999999789
0.7419919919919914 	299.9999999998757 	1.000000000006917 	101324.9999999789
0.7444944944944939 	299.9999999999085 	1.000000000008104 	101324.9999999793
0.7469969969969963 	299.9999999999358 	1.00000000001054 	101324.9999999795
0.7494994994994989 	299.9999999998883 	1.000000000004603 	101324.9999999797
0.7520020020020015 	299.9999999998971 	1.000000000011987 	101324.9999999797
0.7545045045045039 	299.9999999998975 	0.9999999999965967 	101324.9999999792
0.7570070070070062 	299.999999999888 	1.000000000000585 	101324.9999999786
0.7595095095095092 	299.9999999998857 	1.000000000007327 	101324.9999999785
0.7620120120120112 	299.9999999999424 	1.000000000007921 	101324.9999999788
0.7645145145145138 	299.9999999999669 	1.00000000000676 	101324.9999999788
0.7670170170170165 	299.9999999999235 	1.000000000011409 	101324.9999999789
0.7695195195195191 	299.9999999998665 	1.000000000016342 	101324.9999999788
0.7720220220220213 	299.9999999998726 	0.9999999999967131 	101324.9999999786
0.7745245245245239 	299.999999999851 	0.9999999999996689 	101324.9999999789
0.7770270270270263 	299.9999999998496 	1.000000000006569 	101324.9999999789
0.779529529529529 	299.9999999998986 	1.000000000006598 	101324.9999999792
0.7820320320320313 	299.9999999999129 	1.000000000005158 	101324.9999999792
0.784534534534534 	299.9999999999635 	1.000000000005275 	101324.9999999793
0.7870370370370364 	299.999999999966 	1.000000000005872 	101324.9999999793
0.7895395395395389 	299.9999999999612 	1.000000000005969 	101324.9999999797
0.7920420420420413 	299.9999999999602 	1.000000000005688 	101324.9999999796
0.794544544544544 	299.9999999999484 	1.000000000010351 	101324.9999999794
0.7970470470470463 	299.9999999999844 	1.000000000015069 	101324.9999999792
0.799549549549549 	300.0000000000083 	0.9999999999957836 	101324.9999999791
0.8020520520520515 	299.9999999999824 	0.9999999999979041 	101324.9999999785
0.8045545545545539 	299.9999999999266 	1.00000000000502 	101324.9999999786
0.8070570570570563 	299.9999999999196 	1.000000000006418 	101324.999999979
0.8095595595595589 	299.9999999998997 	1.000000000006395 	101324.9999999791
0.8120620620620614 	299.9999999998997 	1.000000000006915 	101324.999999979
0.8145645645645638 	299.9999999999789 	1.000000000006501 	101324.9999999791
0.8170670670670666 	300.0000000000396 	1.000000000011004 	101324.9999999791
0.8195695695695689 	300.0000000000273 	1.000000000015954 	101324.9999999791
0.8220720720720714 	299.9999999999563 	0.9999999999980058 	101324.9999999798
0.8245745745745739 	299.9999999999056 	1.000000000001113 	101324.9999999798
0.8270770770770765 	299.9999999999139 	1.000000000007468 	101324.9999999796
0.8295795795795788 	299.9999999999155 	1.000000000007488 	101324.9999999794
0.8320820820820815 	299.9999999999626 	1.000000000005424 	101324.9999999793
0.834584584584584 	299.9999999999869 	1.000000000008054 	101324.9999999793
0.8370870870870865 	299.9999999999512 	1.000000000010991 	101324.999999979
0.8395895895895891 	299.9999999999043 	1.000000000001492 	101324.999999979
0.8420920920920915 	299.9999999999144 	1.000000000002804 	101324.9999999788
0.844594594594594 	299.9999999999094 	1.000000000006742 	101324.9999999788
0.8470970970970964 	299.9999999999119 	1.000000000007609 	101324.9999999788
0.8495995995995991 	299.9999999999573 	1.000000000006906 	101324.9999999785
0.8521021021021015 	299.9999999999621 	1.000000000006657 	101324.9999999785
0.8546046046046039 	299.999999999953 	1.000000000005994 	101324.9999999788
0.8571071071071066 	299.9999999999749 	1.000000000010692 	101324.9999999792
0.8596096096096089 	299.999999999954 	1.000000000014092 	101324.9999999797
0.8621121121121116 	299.9999999999303 	0.9999999999963026 	101324.9999999798
0.8646146146146139 	299.9999999999733 	1.000000000000093 	101324.9999999795
0.8671171171171166 	299.9999999999457 	1.000000000006213 	101324.999999979
0.8696196196196189 	299.9999999998918 	1.000000000005721 	101324.9999999787
0.8721221221221216 	299.9999999999272 	1.000000000004146 	101324.9999999787
0.874624624624624 	299.9999999999752 	1.000000000004394 	101324.999999979
0.8771271271271264 	299.9999999999885 	1.000000000004214 	101324.9999999792
0.879629629629629 	300.000000000011 	1.000000000009858 	101324.9999999795
0.8821321321321317 	299.9999999999993 	1.000000000014482 	101324.9999999792
0.8846346346346339 	299.9999999999284 	0.9999999999972518 	101324.9999999788
0.8871371371371364 	299.9999999998882 	1.000000000000177 	101324.9999999787
0.8896396396396391 	299.999999999916 	1.000000000005657 	101324.9999999786
0.8921421421421414 	299.9999999999195 	1.00000000000448 	101324.9999999788
0.8946446446446441 	299.9999999999319 	1.000000000002095 	101324.9999999789
0.8971471471471464 	299.999999999973 	1.00000000000504 	101324.999999979
0.8996496496496489 	299.9999999999663 	1.000000000007753 	101324.9999999792
0.9021521521521517 	299.9999999999637 	1.000000000000474 	101324.9999999787
0.9046546546546541 	299.9999999999861 	1.000000000003004 	101324.9999999787
0.9071571571571564 	299.9999999999524 	1.000000000006521 	101324.9999999793
0.9096596596596589 	299.9999999999101 	1.000000000006346 	101324.9999999798
0.9121621621621616 	299.9999999999439 	1.000000000005747 	101324.9999999801
0.9146646646646639 	299.9999999999552 	1.000000000006447 	101324.9999999797
0.9171671671671666 	299.9999999999236 	1.000000000006143 	101324.9999999791
0.9196696696696689 	299.9999999999542 	1.00000000001105 	101324.9999999791
0.9221721721721714 	299.9999999999704 	1.000000000012939 	101324.9999999787
0.9246746746746741 	299.9999999999128 	0.9999999999951658 	101324.9999999783
0.9271771771771765 	299.9999999998984 	0.9999999999986255 	101324.9999999783
0.9296796796796791 	299.9999999999363 	1.000000000005471 	101324.9999999784
0.9321821821821816 	299.9999999999293 	1.000000000005762 	101324.9999999788
0.9346846846846838 	299.9999999999002 	1.00000000000468 	101324.9999999791
0.9371871871871866 	299.9999999999461 	1.000000000005672 	101324.9999999789
0.9396896896896891 	299.9999999999806 	1.000000000006154 	101324.9999999788
0.9421921921921914 	299.9999999999815 	1.000000000011872 	101324.9999999788
0.9446946946946939 	299.9999999999721 	1.000000000013665 	101324.9999999787
0.9471971971971965 	299.9999999999281 	0.9999999999961982 	101324.9999999787
0.9496996996996991 	299.9999999999008 	0.9999999999997935 	101324.9999999789
0.9522022022022016 	299.9999999999288 	1.000000000006242 	101324.9999999789
0.9547047047047038 	299.9999999999611 	1.000000000006292 	101324.9999999788
0.9572072072072064 	299.9999999999641 	1.000000000004322 	101324.9999999787
0.9597097097097093 	299.9999999999642 	1.000000000007216 	101324.9999999788
0.9622122122122114 	299.9999999999532 	1.000000000008118 	101324.9999999785
0.964714714714714 	299.9999999999277 	0.9999999999990334 	101324.9999999784
0.9672172172172167 	299.9999999998966 	1.000000000000697 	101324.9999999788
0.969719719719719 	299.9999999999167 	1.000000000003987 	101324.9999999788
0.9722222222222214 	299.9999999999401 	1.000000000004284 	101324.9999999784
0.9747247247247239 	299.9999999999466 	1.000000000004293 	101324.9999999782
0.9772272272272267 	299.9999999999759 	1.000000000005458 	101324.9999999784
0.9797297297297292 	299.9999999999736 	1.000000000005421 	101324.9999999787
0.9822322322322313 	299.9999999999631 	1.000000000011599 	101324.999999979
0.9847347347347344 	299.999999999959 	1.000000000012692 	101324.9999999789
0.9872372372372363 	299.9999999999177 	0.9999999999951669 	101324.9999999786
0.9897397397397389 	299.9999999998954 	0.999999999997808 	101324.9999999786
0.9922422422422417 	299.9999999998706 	1.000000000003406 	101324.9999999783
0.9947447447447441 	299.9999999999003 	1.000000000003444 	101324.999999978
0.9972472472472468 	299.9999999999329 	1.000000000002423 	101324.9999999782
0.999749749749749 	299.9999999999305 	1.000000000002936 	101324.9999999783
1.002252252252252 	299.9999999999414 	1.000000000003569 	101324.9999999784
1.004754754754754 	299.9999999999653 	1.000000000010826 	101324.9999999786
1.007257257257256 	299.9999999999567 	1.000000000013263 	101324.9999999789
1.009759759759759 	299.9999999999444 	0.9999999999975265 	101324.9999999792
1.012262262262261 	299.9999999999437 	1.000000000000858 	101324.999999979
1.014764764764764 	299.9999999999055 	1.000000000006199 	101324.9999999791
1.017267267267267 	299.999999999862 	1.000000000005324 	101324.9999999792
1.019769769769769 	299.999999999887 	1.000000000003074 	101324.9999999787
1.022272272272272 	299.9999999999312 	1.000000000006053 	101324.999999978
1.024774774774774 	299.9999999999575 	1.000000000006586 	101324.9999999775
1.027277277277277 	299.9999999999571 	0.9999999999984764 	101324.9999999771
1.029779779779779 	299.9999999999958 	1.00000000000041 	101324.9999999773
1.032282282282282 	300.0000000000155 	1.000000000003651 	101324.9999999776
1.034784784784784 	300.0000000000111 	1.000000000003485 	101324.9999999778
1.037287287287286 	299.9999999999821 	1.000000000002507 	101324.9999999776
1.039789789789789 	299.9999999999651 	1.000000000003436 	101324.9999999774
1.042292292292291 	299.9999999999977 	1.000000000003614 	101324.9999999773
1.044794794794794 	300.0000000000459 	1.000000000010506 	101324.9999999774
1.047297297297296 	300.0000000000883 	1.00000000001087 	101324.9999999776
1.049799799799799 	300.0000000000576 	0.9999999999948846 	101324.9999999777
1.052302302302302 	300.0000000000031 	0.9999999999991717 	101324.9999999778
1.054804804804804 	299.9999999999258 	1.000000000005599 	101324.9999999777
1.057307307307306 	299.9999999998693 	1.00000000000571 	101324.9999999776
1.059809809809809 	299.9999999999019 	1.000000000004859 	101324.9999999776
1.062312312312312 	299.9999999999185 	1.000000000005585 	101324.9999999776
1.064814814814814 	299.999999999918 	1.00000000000495 	101324.9999999775
1.067317317317317 	299.9999999998855 	1.000000000011183 	101324.9999999779
1.069819819819819 	299.9999999998552 	1.0000000000107 	101324.9999999783
1.072322322322321 	299.999999999914 	0.9999999999952902 	101324.9999999786
1.074824824824824 	299.9999999999883 	1.000000000000607 	101324.9999999786
1.077327327327327 	300.0000000000464 	1.000000000008494 	101324.9999999781
1.079829829829829 	300.0000000000903 	1.000000000008979 	101324.9999999778
1.082332332332332 	300.0000000000562 	1.000000000005812 	101324.9999999778
1.084834834834834 	300.000000000002 	1.000000000011731 	101324.9999999777
1.087337337337337 	299.9999999999265 	1.000000000011367 	101324.9999999779
1.089839839839839 	299.9999999998608 	0.9999999999969293 	101324.9999999779
1.092342342342342 	299.9999999998844 	1.000000000001572 	101324.9999999781
1.094844844844844 	299.999999999901 	1.000000000015639 	101324.9999999783
1.097347347347347 	299.9999999998731 	1.000000000014405 	101324.9999999782
1.099849849849849 	299.9999999998507 	0.9999999999967844 	101324.9999999779
1.102352352352352 	299.9999999998787 	0.9999999999999394 	101324.9999999774
1.104854854854854 	299.9999999999231 	1.000000000005377 	101324.9999999772
1.107357357357357 	299.9999999999254 	1.000000000005216 	101324.9999999772
1.109859859859859 	299.9999999999081 	1.00000000000345 	101324.9999999776
1.112362362362362 	299.9999999999724 	1.000000000011789 	101324.9999999783
1.114864864864865 	300.0000000000094 	1.000000000011757 	101324.9999999787
1.117367367367367 	299.9999999999611 	0.9999999999965385 	101324.9999999785
1.119869869869869 	299.9999999998976 	1.000000000000858 	101324.9999999786
1.122372372372372 	299.9999999999034 	1.000000000007214 	101324.9999999786
1.124874874874874 	299.9999999999148 	1.000000000007104 	101324.9999999783
1.127377377377377 	299.9999999999078 	1.000000000005375 	101324.9999999781
1.129879879879879 	299.9999999999484 	1.000000000005843 	101324.9999999783
1.132382382382382 	300.0000000000231 	1.000000000006467 	101324.9999999784
1.134884884884884 	300.0000000000354 	1.000000000015064 	101324.9999999788
1.137387387387387 	300.0000000000299 	1.000000000013588 	101324.999999979
1.139889889889889 	299.9999999999729 	0.9999999999981988 	101324.999999979
1.142392392392392 	299.9999999999269 	1.000000000002029 	101324.9999999787
1.144894894894894 	299.9999999999704 	1.0000000000077 	101324.9999999786
1.147397397397397 	299.9999999999875 	1.000000000007693 	101324.9999999786
1.149899899899899 	299.9999999999371 	1.000000000006924 	101324.9999999788
1.152402402402402 	299.9999999998894 	1.000000000007792 	101324.999999979
1.154904904904904 	299.9999999999065 	1.000000000006642 	101324.9999999788
1.157407407407407 	299.9999999999173 	1.000000000012764 	101324.9999999787
1.159909909909909 	299.9999999998869 	1.00000000000991 	101324.9999999786
1.162412412412412 	299.9999999998699 	0.9999999999954945 	101324.9999999784
1.164914914914914 	299.999999999898 	1.000000000000476 	101324.9999999784
1.167417417417417 	299.9999999999063 	1.000000000006365 	101324.9999999782
1.169919919919919 	299.9999999999601 	1.000000000006582 	101324.9999999781
1.172422422422422 	300.0000000000304 	1.000000000004623 	101324.9999999783
1.174924924924925 	300.0000000000305 	1.000000000012356 	101324.9999999784
1.177427427427427 	299.9999999999853 	1.00000000000978 	101324.9999999783
1.179929929929929 	299.9999999999949 	0.9999999999950322 	101324.9999999782
1.182432432432432 	300.0000000000485 	0.9999999999996261 	101324.9999999778
1.184934934934934 	300.0000000000312 	1.000000000005488 	101324.9999999774
1.187437437437437 	299.9999999999939 	1.000000000005703 	101324.9999999775
1.189939939939939 	299.9999999999723 	1.000000000005204 	101324.9999999779
1.192442442442442 	299.9999999999254 	1.000000000006589 	101324.9999999785
1.194944944944944 	299.9999999998812 	1.000000000006927 	101324.9999999792
1.197447447447447 	299.9999999999338 	1.000000000015554 	101324.9999999793
1.199949949949949 	300.0000000000044 	1.000000000012782 	101324.9999999792
1.202452452452452 	299.999999999971 	0.9999999999983076 	101324.9999999788
1.204954954954955 	299.9999999999322 	1.000000000002565 	101324.9999999785
1.207457457457457 	299.9999999999441 	1.000000000007387 	101324.9999999784
1.20995995995996 	299.9999999999526 	1.000000000006058 	101324.9999999783
1.212462462462462 	299.9999999999637 	1.000000000005041 	101324.9999999784
1.214964964964964 	299.9999999999714 	1.000000000006285 	101324.9999999786
1.217467467467467 	299.9999999999779 	1.000000000005924 	101324.9999999787
1.219969969969969 	299.9999999999395 	1.00000000001481 	101324.9999999788
1.222472472472472 	299.9999999999646 	1.000000000011872 	101324.9999999786
1.224974974974975 	300.0000000000234 	0.999999999997871 	101324.9999999785
1.227477477477477 	299.9999999999953 	1.000000000002594 	101324.9999999783
1.229979979979979 	299.9999999999765 	1.000000000007734 	101324.9999999785
1.232482482482482 	299.9999999999398 	1.000000000007607 	101324.9999999786
1.234984984984984 	299.9999999999178 	1.000000000005308 	101324.9999999785
1.237487487487487 	299.9999999999463 	1.000000000013323 	101324.9999999783
1.239989989989989 	299.9999999999775 	1.000000000010152 	101324.9999999781
1.242492492492492 	300.0000000000177 	0.9999999999968388 	101324.9999999782
1.244994994994994 	299.9999999999905 	1.000000000002268 	101324.9999999784
1.247497497497497 	299.9999999999935 	1.000000000007453 	101324.9999999788
1.249999999999999 	299.9999999999214 	1.000000000007602 	101324.999999979
