/*--------------------------------*- C++ -*----------------------------------*\
  =========                 |
  \\      /  F ield         | OpenFOAM: The Open Source CFD Toolbox
   \\    /   O peration     | Website:  https://openfoam.org
    \\  /    A nd           | Version:  7
     \\/     M anipulation  |
\*---------------------------------------------------------------------------*/
FoamFile
{
    version     2.0;
    format      ascii;
    class       volScalarField;
    location    "0.00171";
    object      p;
}
// * * * * * * * * * * * * * * * * * * * * * * * * * * * * * * * * * * * * * //

dimensions      [1 -1 -2 0 0 0 0];

internalField   nonuniform List<scalar> 
5000
(
81484.887
81494.124
81503.574
81513.069
81522.589
81532.123
81541.665
81551.211
81560.76
81570.308
81579.857
81589.406
81598.955
81608.504
81618.053
81627.602
81637.151
81646.7
81656.249
81665.797
81675.345
81684.893
81694.44
81703.987
81713.533
81723.079
81732.623
81742.168
81751.711
81761.254
81770.796
81780.337
81789.878
81799.418
81808.957
81818.496
81828.033
81837.571
81847.107
81856.643
81866.177
81875.711
81885.245
81894.778
81904.309
81913.841
81923.371
81932.901
81942.43
81951.959
81961.486
81971.013
81980.54
81990.065
81999.59
82009.114
82018.638
82028.161
82037.683
82047.204
82056.725
82066.245
82075.764
82085.283
82094.801
82104.318
82113.834
82123.35
82132.865
82142.38
82151.894
82161.407
82170.92
82180.432
82189.943
82199.453
82208.963
82218.472
82227.98
82237.487
82246.994
82256.499
82266.003
82275.505
82285.006
82294.506
82304.004
82313.501
82322.997
82332.491
82341.984
82351.476
82360.968
82370.459
82379.95
82389.441
82398.932
82408.424
82417.916
82427.41
82436.904
82446.4
82455.896
82465.394
82474.892
82484.391
82493.89
82503.39
82512.89
82522.39
82531.891
82541.391
82550.89
82560.39
82569.889
82579.387
82588.885
82598.382
82607.878
82617.373
82626.867
82636.36
82645.853
82655.344
82664.834
82674.324
82683.812
82693.299
82702.784
82712.269
82721.752
82731.234
82740.715
82750.194
82759.672
82769.148
82778.623
82788.097
82797.569
82807.039
82816.508
82825.975
82835.44
82844.903
82854.365
82863.824
82873.282
82882.738
82892.191
82901.643
82911.092
82920.539
82929.983
82939.426
82948.865
82958.303
82967.737
82977.169
82986.599
82996.025
83005.449
83014.87
83024.288
83033.702
83043.114
83052.523
83061.928
83071.33
83080.729
83090.124
83099.516
83108.904
83118.288
83127.669
83137.046
83146.419
83155.788
83165.153
83174.514
83183.87
83193.223
83202.571
83211.914
83221.253
83230.587
83239.917
83249.241
83258.561
83267.876
83277.186
83286.492
83295.791
83305.086
83314.376
83323.66
83332.939
83342.212
83351.48
83360.742
83369.999
83379.249
83388.495
83397.734
83406.968
83416.196
83425.417
83434.633
83443.843
83453.046
83462.243
83471.435
83480.619
83489.798
83498.97
83508.136
83517.296
83526.448
83535.595
83544.735
83553.868
83562.994
83572.114
83581.228
83590.334
83599.434
83608.527
83617.613
83626.692
83635.764
83644.829
83653.887
83662.938
83671.982
83681.018
83690.048
83699.07
83708.084
83717.092
83726.092
83735.084
83744.069
83753.046
83762.015
83770.977
83779.932
83788.878
83797.817
83806.749
83815.672
83824.588
83833.497
83842.398
83851.291
83860.177
83869.055
83877.926
83886.789
83895.645
83904.494
83913.336
83922.171
83930.998
83939.818
83948.632
83957.439
83966.238
83975.031
83983.818
83992.598
84001.371
84010.138
84018.898
84027.652
84036.399
84045.141
84053.876
84062.605
84071.328
84080.045
84088.756
84097.461
84106.16
84114.854
84123.542
84132.224
84140.9
84149.571
84158.237
84166.897
84175.551
84184.201
84192.845
84201.484
84210.117
84218.746
84227.37
84235.988
84244.602
84253.211
84261.815
84270.415
84279.009
84287.6
84296.185
84304.766
84313.343
84321.916
84330.484
84339.047
84347.607
84356.163
84364.714
84373.262
84381.805
84390.345
84398.881
84407.413
84415.942
84424.467
84432.988
84441.506
84450.021
84458.532
84467.04
84475.544
84484.046
84492.544
84501.039
84509.532
84518.021
84526.508
84534.992
84543.473
84551.951
84560.427
84568.9
84577.371
84585.84
84594.306
84602.77
84611.232
84619.692
84628.149
84636.605
84645.059
84653.51
84661.961
84670.409
84678.856
84687.301
84695.745
84704.187
84712.628
84721.068
84729.506
84737.943
84746.38
84754.815
84763.249
84771.683
84780.115
84788.547
84796.978
84805.409
84813.839
84822.268
84830.697
84839.125
84847.553
84855.981
84864.409
84872.836
84881.263
84889.689
84898.116
84906.542
84914.968
84923.395
84931.821
84940.247
84948.673
84957.099
84965.525
84973.952
84982.378
84990.805
84999.232
85007.659
85016.086
85024.514
85032.943
85041.371
85049.801
85058.231
85066.662
85075.094
85083.526
85091.96
85100.395
85108.831
85117.269
85125.708
85134.149
85142.592
85151.037
85159.484
85167.933
85176.384
85184.838
85193.295
85201.755
85210.217
85218.683
85227.151
85235.624
85244.1
85252.579
85261.063
85269.55
85278.042
85286.537
85295.037
85303.542
85312.052
85320.566
85329.085
85337.609
85346.138
85354.673
85363.213
85371.758
85380.31
85388.867
85397.429
85405.998
85414.573
85423.154
85431.742
85440.336
85448.936
85457.543
85466.157
85474.778
85483.406
85492.04
85500.682
85509.331
85517.988
85526.652
85535.323
85544.002
85552.689
85561.383
85570.086
85578.796
85587.514
85596.241
85604.975
85613.718
85622.469
85631.229
85639.997
85648.773
85657.558
85666.351
85675.154
85683.964
85692.784
85701.612
85710.45
85719.296
85728.151
85737.015
85745.888
85754.771
85763.662
85772.563
85781.472
85790.391
85799.319
85808.257
85817.204
85826.16
85835.125
85844.1
85853.084
85862.078
85871.081
85880.094
85889.116
85898.148
85907.19
85916.241
85925.301
85934.371
85943.451
85952.54
85961.639
85970.747
85979.865
85988.993
85998.13
86007.277
86016.433
86025.599
86034.774
86043.959
86053.154
86062.357
86071.571
86080.793
86090.025
86099.267
86108.517
86117.777
86127.046
86136.325
86145.612
86154.908
86164.213
86173.527
86182.85
86192.182
86201.522
86210.871
86220.229
86229.595
86238.969
86248.351
86257.742
86267.14
86276.547
86285.961
86295.383
86304.813
86314.25
86323.695
86333.146
86342.605
86352.071
86361.544
86371.023
86380.509
86390.002
86399.501
86409.006
86418.518
86428.035
86437.558
86447.087
86456.622
86466.162
86475.708
86485.258
86494.814
86504.375
86513.941
86523.512
86533.087
86542.667
86552.252
86561.841
86571.434
86581.031
86590.633
86600.239
86609.848
86619.461
86629.078
86638.699
86648.324
86657.951
86667.583
86677.217
86686.855
86696.497
86706.141
86715.788
86725.439
86735.092
86744.748
86754.407
86764.069
86773.733
86783.4
86793.07
86802.741
86812.416
86822.092
86831.771
86841.451
86851.134
86860.819
86870.506
86880.195
86889.885
86899.577
86909.271
86918.966
86928.663
86938.361
86948.06
86957.761
86967.463
86977.166
86986.87
86996.575
87006.281
87015.988
87025.696
87035.404
87045.113
87054.823
87064.533
87074.244
87083.955
87093.667
87103.379
87113.091
87122.804
87132.518
87142.231
87151.945
87161.659
87171.373
87181.088
87190.802
87200.517
87210.232
87219.947
87229.663
87239.378
87249.094
87258.81
87268.526
87278.242
87287.958
87297.674
87307.391
87317.108
87326.824
87336.541
87346.258
87355.976
87365.693
87375.411
87385.128
87394.846
87404.564
87414.282
87424
87433.718
87443.437
87453.155
87462.873
87472.592
87482.31
87492.029
87501.747
87511.466
87521.185
87530.903
87540.621
87550.34
87560.058
87569.776
87579.494
87589.212
87598.929
87608.647
87618.364
87628.081
87637.798
87647.514
87657.23
87666.946
87676.662
87686.377
87696.092
87705.807
87715.521
87725.235
87734.949
87744.662
87754.376
87764.088
87773.801
87783.513
87793.225
87802.937
87812.648
87822.359
87832.07
87841.78
87851.491
87861.201
87870.911
87880.621
87890.33
87900.039
87909.749
87919.458
87929.167
87938.876
87948.584
87958.293
87968.002
87977.71
87987.419
87997.127
88006.835
88016.543
88026.251
88035.959
88045.667
88055.375
88065.083
88074.791
88084.499
88094.206
88103.914
88113.621
88123.328
88133.035
88142.742
88152.449
88162.155
88171.861
88181.567
88191.273
88200.979
88210.684
88220.389
88230.093
88239.797
88249.501
88259.204
88268.907
88278.61
88288.312
88298.014
88307.715
88317.415
88327.115
88336.815
88346.514
88356.213
88365.911
88375.608
88385.305
88395.001
88404.697
88414.393
88424.087
88433.781
88443.475
88453.168
88462.861
88472.553
88482.245
88491.936
88501.626
88511.317
88521.006
88530.696
88540.385
88550.073
88559.761
88569.449
88579.137
88588.824
88598.511
88608.198
88617.885
88627.571
88637.257
88646.943
88656.629
88666.314
88676
88685.685
88695.371
88705.056
88714.741
88724.426
88734.111
88743.796
88753.481
88763.166
88772.851
88782.536
88792.221
88801.906
88811.59
88821.275
88830.96
88840.644
88850.329
88860.013
88869.697
88879.382
88889.066
88898.75
88908.434
88918.117
88927.801
88937.484
88947.167
88956.85
88966.533
88976.216
88985.898
88995.58
89005.262
89014.944
89024.625
89034.306
89043.987
89053.667
89063.347
89073.027
89082.707
89092.386
89102.065
89111.744
89121.422
89131.101
89140.779
89150.456
89160.134
89169.811
89179.487
89189.164
89198.841
89208.517
89218.193
89227.868
89237.544
89247.219
89256.895
89266.57
89276.245
89285.92
89295.594
89305.269
89314.943
89324.618
89334.292
89343.966
89353.64
89363.314
89372.988
89382.662
89392.336
89402.01
89411.684
89421.358
89431.031
89440.705
89450.378
89460.052
89469.726
89479.399
89489.073
89498.746
89508.418
89518.092
89527.765
89537.438
89547.112
89556.784
89566.456
89576.128
89585.8
89595.472
89605.146
89614.819
89624.491
89634.162
89643.832
89653.502
89663.172
89672.843
89682.515
89692.186
89701.857
89711.528
89721.199
89730.871
89740.541
89750.212
89759.881
89769.55
89779.219
89788.887
89798.554
89808.222
89817.89
89827.559
89837.227
89846.895
89856.562
89866.229
89875.896
89885.563
89895.23
89904.897
89914.563
89924.23
89933.896
89943.563
89953.229
89962.895
89972.562
89982.228
89991.894
90001.56
90011.226
90020.892
90030.558
90040.225
90049.891
90059.557
90069.223
90078.888
90088.554
90098.22
90107.886
90117.551
90127.217
90136.883
90146.548
90156.214
90165.879
90175.543
90185.208
90194.871
90204.535
90214.199
90223.863
90233.527
90243.19
90252.852
90262.514
90272.177
90281.841
90291.503
90301.165
90310.825
90320.486
90330.147
90339.808
90349.469
90359.13
90368.789
90378.446
90388.104
90397.763
90407.422
90417.08
90426.738
90436.395
90446.051
90455.707
90465.363
90475.019
90484.674
90494.328
90503.983
90513.637
90523.291
90532.945
90542.598
90552.25
90561.901
90571.553
90581.205
90590.857
90600.508
90610.159
90619.81
90629.46
90639.11
90648.759
90658.409
90668.059
90677.71
90687.36
90697.011
90706.66
90716.309
90725.958
90735.606
90745.254
90754.903
90764.551
90774.2
90783.849
90793.498
90803.147
90812.796
90822.444
90832.093
90841.74
90851.388
90861.037
90870.685
90880.334
90889.983
90899.631
90909.279
90918.927
90928.575
90938.222
90947.87
90957.518
90967.166
90976.815
90986.464
90996.113
91005.76
91015.407
91025.054
91034.701
91044.348
91053.996
91063.644
91073.293
91082.941
91092.588
91102.236
91111.882
91121.528
91131.174
91140.821
91150.468
91160.115
91169.762
91179.409
91189.055
91198.701
91208.347
91217.993
91227.638
91237.284
91246.93
91256.577
91266.224
91275.871
91285.517
91295.162
91304.806
91314.451
91324.097
91333.743
91343.389
91353.035
91362.682
91372.328
91381.973
91391.619
91401.264
91410.91
91420.555
91430.201
91439.847
91449.492
91459.138
91468.784
91478.43
91488.076
91497.722
91507.368
91517.014
91526.659
91536.305
91545.951
91555.598
91565.244
91574.89
91584.535
91594.18
91603.825
91613.471
91623.117
91632.764
91642.41
91652.056
91661.702
91671.347
91680.992
91690.636
91700.281
91709.925
91719.569
91729.213
91738.856
91748.499
91758.142
91767.785
91777.428
91787.071
91796.713
91806.354
91815.994
91825.635
91835.276
91844.917
91854.557
91864.198
91873.837
91883.476
91893.114
91902.752
91912.388
91922.024
91931.66
91941.296
91950.931
91960.565
91970.198
91979.831
91989.464
91999.097
92008.729
92018.36
92027.99
92037.619
92047.248
92056.878
92066.507
92076.135
92085.763
92095.39
92105.016
92114.642
92124.267
92133.89
92143.513
92153.135
92162.757
92172.379
92182.002
92191.624
92201.246
92210.866
92220.486
92230.104
92239.722
92249.339
92258.956
92268.572
92278.188
92287.804
92297.419
92307.034
92316.649
92326.263
92335.877
92345.49
92355.104
92364.716
92374.329
92383.942
92393.554
92403.166
92412.777
92422.388
92431.999
92441.61
92451.221
92460.832
92470.442
92480.053
92489.663
92499.273
92508.882
92518.492
92528.102
92537.711
92547.321
92556.93
92566.539
92576.148
92585.758
92595.367
92604.976
92614.584
92624.194
92633.803
92643.412
92653.02
92662.629
92672.237
92681.846
92691.455
92701.064
92710.673
92720.281
92729.889
92739.497
92749.106
92758.715
92768.324
92777.933
92787.541
92797.149
92806.756
92816.364
92825.971
92835.579
92845.185
92854.792
92864.398
92874.005
92883.612
92893.22
92902.827
92912.433
92922.038
92931.644
92941.249
92950.854
92960.459
92970.063
92979.666
92989.269
92998.872
93008.476
93018.08
93027.683
93037.285
93046.887
93056.487
93066.088
93075.688
93085.288
93094.887
93104.485
93114.083
93123.68
93133.278
93142.876
93152.473
93162.069
93171.665
93181.259
93190.853
93200.446
93210.039
93219.631
93229.222
93238.812
93248.402
93257.992
93267.582
93277.172
93286.76
93296.348
93305.934
93315.519
93325.104
93334.689
93344.272
93353.855
93363.437
93373.018
93382.598
93392.179
93401.759
93411.339
93420.918
93430.495
93440.071
93449.646
93459.22
93468.795
93478.37
93487.944
93497.516
93507.087
93516.656
93526.226
93535.795
93545.365
93554.933
93564.5
93574.066
93583.631
93593.195
93602.758
93612.322
93621.885
93631.447
93641.008
93650.568
93660.126
93669.685
93679.244
93688.802
93698.36
93707.916
93717.471
93727.025
93736.578
93746.132
93755.685
93765.238
93774.789
93784.34
93793.89
93803.439
93812.987
93822.536
93832.084
93841.632
93851.179
93860.724
93870.269
93879.814
93889.359
93898.903
93908.448
93917.991
93927.533
93937.075
93946.616
93956.157
93965.697
93975.238
93984.778
93994.318
94003.857
94013.395
94022.933
94032.471
94042.01
94051.548
94061.085
94070.622
94080.158
94089.695
94099.231
94108.767
94118.303
94127.838
94137.374
94146.909
94156.444
94165.978
94175.513
94185.048
94194.582
94204.116
94213.65
94223.184
94232.718
94242.252
94251.786
94261.319
94270.853
94280.387
94289.92
94299.453
94308.986
94318.519
94328.053
94337.586
94347.118
94356.651
94366.184
94375.717
94385.25
94394.782
94404.314
94413.846
94423.378
94432.911
94442.444
94451.975
94461.506
94471.038
94480.57
94490.102
94499.633
94509.164
94518.695
94528.226
94537.756
94547.287
94556.817
94566.346
94575.876
94585.406
94594.935
94604.464
94613.993
94623.521
94633.05
94642.578
94652.106
94661.633
94671.16
94680.687
94690.213
94699.739
94709.265
94718.79
94728.315
94737.839
94747.363
94756.887
94766.41
94775.933
94785.455
94794.977
94804.498
94814.019
94823.539
94833.059
94842.578
94852.097
94861.615
94871.133
94880.65
94890.167
94899.683
94909.198
94918.713
94928.227
94937.741
94947.254
94956.766
94966.278
94975.79
94985.3
94994.81
95004.319
95013.828
95023.336
95032.843
95042.35
95051.856
95061.361
95070.865
95080.369
95089.872
95099.375
95108.877
95118.378
95127.878
95137.378
95146.877
95156.376
95165.874
95175.371
95184.867
95194.363
95203.858
95213.353
95222.847
95232.34
95241.833
95251.325
95260.816
95270.307
95279.797
95289.286
95298.775
95308.263
95317.751
95327.238
95336.724
95346.21
95355.695
95365.18
95374.664
95384.148
95393.631
95403.114
95412.596
95422.077
95431.559
95441.039
95450.519
95459.998
95469.478
95478.957
95488.435
95497.913
95507.39
95516.867
95526.343
95535.819
95545.295
95554.77
95564.246
95573.72
95583.195
95592.669
95602.144
95611.617
95621.09
95630.563
95640.035
95649.508
95658.98
95668.452
95677.923
95687.395
95696.866
95706.337
95715.808
95725.278
95734.749
95744.219
95753.69
95763.16
95772.63
95782.099
95791.569
95801.038
95810.507
95819.976
95829.445
95838.914
95848.382
95857.851
95867.32
95876.788
95886.256
95895.724
95905.192
95914.66
95924.128
95933.596
95943.064
95952.531
95961.998
95971.466
95980.933
95990.399
95999.866
96009.333
96018.8
96028.266
96037.732
96047.198
96056.664
96066.13
96075.596
96085.061
96094.527
96103.992
96113.457
96122.922
96132.386
96141.85
96151.314
96160.778
96170.242
96179.705
96189.168
96198.631
96208.093
96217.556
96227.018
96236.479
96245.94
96255.401
96264.862
96274.322
96283.782
96293.242
96302.701
96312.16
96321.618
96331.076
96340.533
96349.99
96359.447
96368.903
96378.359
96387.814
96397.269
96406.723
96416.176
96425.629
96435.082
96444.534
96453.986
96463.437
96472.887
96482.337
96491.786
96501.234
96510.682
96520.13
96529.576
96539.022
96548.467
96557.912
96567.356
96576.799
96586.242
96595.684
96605.125
96614.565
96624.005
96633.444
96642.882
96652.32
96661.756
96671.192
96680.627
96690.062
96699.495
96708.928
96718.36
96727.791
96737.221
96746.651
96756.079
96765.507
96774.934
96784.359
96793.785
96803.209
96812.633
96822.055
96831.477
96840.898
96850.319
96859.738
96869.156
96878.574
96887.991
96897.407
96906.822
96916.236
96925.649
96935.062
96944.473
96953.884
96963.294
96972.703
96982.111
96991.519
97000.926
97010.332
97019.737
97029.142
97038.545
97047.948
97057.35
97066.752
97076.152
97085.552
97094.952
97104.35
97113.748
97123.145
97132.541
97141.937
97151.332
97160.727
97170.121
97179.514
97188.907
97198.299
97207.691
97217.082
97226.472
97235.862
97245.252
97254.641
97264.03
97273.418
97282.805
97292.192
97301.579
97310.966
97320.352
97329.737
97339.123
97348.508
97357.892
97367.277
97376.661
97386.044
97395.428
97404.811
97414.194
97423.577
97432.959
97442.342
97451.724
97461.106
97470.487
97479.869
97489.251
97498.632
97508.013
97517.394
97526.775
97536.156
97545.537
97554.918
97564.298
97573.679
97583.059
97592.44
97601.82
97611.201
97620.581
97629.962
97639.342
97648.722
97658.103
97667.483
97676.863
97686.243
97695.624
97705.004
97714.384
97723.765
97733.145
97742.525
97751.905
97761.285
97770.666
97780.046
97789.426
97798.806
97808.186
97817.566
97826.946
97836.326
97845.706
97855.086
97864.466
97873.845
97883.225
97892.604
97901.984
97911.363
97920.742
97930.122
97939.501
97948.88
97958.259
97967.637
97977.016
97986.394
97995.772
98005.15
98014.528
98023.906
98033.283
98042.66
98052.037
98061.414
98070.79
98080.166
98089.542
98098.918
98108.293
98117.668
98127.043
98136.417
98145.791
98155.165
98164.538
98173.911
98183.284
98192.656
98202.028
98211.4
98220.77
98230.141
98239.512
98248.881
98258.251
98267.62
98276.988
98286.356
98295.724
98305.091
98314.458
98323.824
98333.19
98342.556
98351.92
98361.285
98370.648
98380.012
98389.375
98398.738
98408.099
98417.461
98426.822
98436.181
98445.541
98454.9
98464.259
98473.617
98482.974
98492.331
98501.687
98511.042
98520.397
98529.752
98539.106
98548.459
98557.811
98567.163
98576.515
98585.865
98595.215
98604.564
98613.913
98623.261
98632.609
98641.956
98651.302
98660.647
98669.992
98679.336
98688.679
98698.022
98707.364
98716.706
98726.046
98735.386
98744.726
98754.065
98763.403
98772.741
98782.078
98791.415
98800.751
98810.086
98819.42
98828.754
98838.087
98847.419
98856.751
98866.082
98875.412
98884.742
98894.071
98903.399
98912.727
98922.054
98931.38
98940.706
98950.031
98959.355
98968.679
98978.002
98987.324
98996.645
99005.966
99015.285
99024.604
99033.923
99043.241
99052.558
99061.874
99071.19
99080.505
99089.819
99099.132
99108.445
99117.756
99127.067
99136.377
99145.687
99154.995
99164.303
99173.611
99182.917
99192.224
99201.53
99210.835
99220.139
99229.443
99238.745
99248.047
99257.347
99266.647
99275.945
99285.243
99294.54
99303.836
99313.132
99322.427
99331.721
99341.015
99350.309
99359.601
99368.893
99378.183
99387.472
99396.76
99406.048
99415.334
99424.619
99433.904
99443.187
99452.47
99461.753
99471.034
99480.316
99489.596
99498.876
99508.156
99517.435
99526.713
99535.99
99545.267
99554.543
99563.818
99573.093
99582.368
99591.642
99600.916
99610.192
99619.469
99628.749
99638.03
99647.309
99656.588
99665.866
99675.146
99684.426
99693.706
99702.987
99712.269
99721.552
99730.829
99740.103
99749.417
99758.668
99767.907
99777.145
99786.382
99795.62
99804.858
99814.096
99823.334
99832.572
99841.811
99851.049
99860.287
99869.525
99878.763
99888.001
99897.237
99906.474
99915.709
99924.944
99934.178
99943.411
99952.642
99961.873
99971.102
99980.329
99989.555
99998.779
100008
100017.22
100026.44
100035.66
100044.87
100054.08
100063.29
100072.5
100081.7
100090.9
100100.1
100109.3
100118.49
100127.68
100136.87
100146.05
100155.23
100164.41
100173.59
100182.76
100191.92
100201.08
100210.24
100219.4
100228.55
100237.7
100246.84
100255.97
100265.11
100274.24
100283.36
100292.48
100301.59
100310.7
100319.8
100328.9
100337.99
100347.08
100356.15
100365.23
100374.3
100383.36
100392.41
100401.46
100410.5
100419.53
100428.55
100437.57
100446.58
100455.58
100464.58
100473.56
100482.54
100491.51
100500.46
100509.41
100518.35
100527.28
100536.2
100545.11
100554.01
100562.9
100571.78
100580.64
100589.49
100598.34
100607.17
100615.98
100624.79
100633.58
100642.36
100651.12
100659.87
100668.61
100677.33
100686.04
100694.73
100703.41
100712.07
100720.71
100729.34
100737.95
100746.54
100755.11
100763.67
100772.21
100780.73
100789.23
100797.71
100806.18
100814.62
100823.04
100831.44
100839.82
100848.17
100856.51
100864.82
100873.11
100881.37
100889.61
100897.83
100906.02
100914.19
100922.33
100930.45
100938.54
100946.6
100954.64
100962.65
100970.63
100978.58
100986.51
100994.4
101002.26
101010.1
101017.9
101025.68
101033.42
101041.13
101048.8
101056.45
101064.06
101071.64
101079.18
101086.69
101094.17
101101.61
101109.01
101116.38
101123.71
101131.01
101138.27
101145.49
101152.67
101159.82
101166.92
101173.99
101181.02
101188.01
101194.95
101201.86
101208.73
101215.55
101222.34
101229.08
101235.78
101242.43
101249.05
101255.62
101262.15
101268.63
101275.07
101281.47
101287.82
101294.12
101300.38
101306.6
101312.77
101318.89
101324.97
101331
101336.99
101342.93
101348.82
101354.66
101360.46
101366.21
101371.91
101377.57
101383.17
101388.73
101394.24
101399.71
101405.12
101410.49
101415.8
101421.07
101426.29
101431.47
101436.59
101441.66
101446.69
101451.66
101456.59
101461.47
101466.3
101471.08
101475.81
101480.49
101485.13
101489.71
101494.25
101498.74
101503.18
101507.57
101511.92
101516.21
101520.46
101524.66
101528.81
101532.91
101536.97
101540.98
101544.94
101548.85
101552.72
101556.54
101560.32
101564.05
101567.73
101571.37
101574.96
101578.5
101582
101585.46
101588.87
101592.24
101595.56
101598.84
101602.07
101605.26
101608.41
101611.52
101614.58
101617.6
101620.58
101623.52
101626.42
101629.27
101632.09
101634.87
101637.6
101640.3
101642.95
101645.57
101648.15
101650.69
101653.2
101655.66
101658.09
101660.48
101662.84
101665.16
101667.44
101669.69
101671.9
101674.08
101676.23
101678.34
101680.42
101682.46
101684.48
101686.46
101688.41
101690.32
101692.21
101694.06
101695.89
101697.68
101699.45
101701.18
101702.89
101704.57
101706.22
101707.84
101709.44
101711.01
101712.55
101714.06
101715.55
101717.02
101718.46
101719.87
101721.26
101722.63
101723.97
101725.29
101726.59
101727.86
101729.12
101730.35
101731.55
101732.74
101733.91
101735.05
101736.18
101737.28
101738.37
101739.44
101740.49
101741.52
101742.53
101743.52
101744.5
101745.46
101746.4
101747.32
101748.23
101749.13
101750
101750.86
101751.71
101752.54
101753.36
101754.16
101754.95
101755.72
101756.48
101757.23
101757.96
101758.69
101759.39
101760.09
101760.77
101761.45
101762.11
101762.76
101763.39
101764.02
101764.64
101765.24
101765.84
101766.42
101767
101767.56
101768.12
101768.66
101769.2
101769.73
101770.25
101770.76
101771.26
101771.76
101772.24
101772.72
101773.19
101773.65
101774.11
101774.56
101775
101775.43
101775.86
101776.28
101776.69
101777.1
101777.5
101777.89
101778.28
101778.66
101779.03
101779.4
101779.77
101780.13
101780.48
101780.83
101781.17
101781.51
101781.84
101782.17
101782.49
101782.81
101783.12
101783.43
101783.73
101784.03
101784.33
101784.62
101784.91
101785.19
101785.47
101785.74
101786.01
101786.27
101786.54
101786.8
101787.05
101787.3
101787.55
101787.79
101788.03
101788.27
101788.5
101788.73
101788.96
101789.18
101789.4
101789.61
101789.83
101790.04
101790.24
101790.45
101790.65
101790.84
101791.04
101791.23
101791.42
101791.6
101791.78
101791.96
101792.14
101792.31
101792.48
101792.65
101792.82
101792.98
101793.14
101793.3
101793.45
101793.6
101793.75
101793.89
101794.04
101794.18
101794.32
101794.45
101794.58
101794.71
101794.84
101794.96
101795.08
101795.2
101795.32
101795.43
101795.54
101795.65
101795.76
101795.86
101795.96
101796.06
101796.16
101796.25
101796.34
101796.43
101796.51
101796.59
101796.67
101796.75
101796.83
101796.9
101796.97
101797.03
101797.1
101797.16
101797.22
101797.28
101797.33
101797.38
101797.43
101797.48
101797.52
101797.56
101797.6
101797.63
101797.67
101797.7
101797.73
101797.75
101797.77
101797.79
101797.81
101797.83
101797.84
101797.85
101797.85
101797.86
101797.86
101797.86
101797.85
101797.85
101797.84
101797.83
101797.81
101797.79
101797.77
101797.75
101797.73
101797.7
101797.67
101797.63
101797.6
101797.56
101797.52
101797.47
101797.42
101797.37
101797.32
101797.27
101797.21
101797.15
101797.08
101797.02
101796.95
101796.87
101796.8
101796.72
101796.64
101796.56
101796.47
101796.38
101796.29
101796.19
101796.1
101796
101795.89
101795.79
101795.68
101795.57
101795.45
101795.33
101795.21
101795.09
101794.97
101794.84
101794.7
101794.57
101794.43
101794.29
101794.15
101794
101793.85
101793.7
101793.55
101793.39
101793.23
101793.07
101792.9
101792.73
101792.56
101792.38
101792.2
101792.02
101791.84
101791.65
101791.46
101791.27
101791.07
101790.88
101790.67
101790.47
101790.26
101790.05
101789.84
101789.62
101789.4
101789.18
101788.96
101788.73
101788.5
101788.26
101788.03
101787.79
101787.54
101787.3
101787.05
101786.8
101786.54
101786.28
101786.02
101785.76
101785.49
101785.22
101784.95
101784.67
101784.4
101784.11
101783.83
101783.54
101783.25
101782.96
101782.66
101782.36
101782.06
101781.75
101781.44
101781.13
101780.82
101780.5
101780.18
101779.86
101779.53
101779.2
101778.87
101778.53
101778.19
101777.85
101777.51
101777.16
101776.81
101776.46
101776.1
101775.74
101775.38
101775.01
101774.65
101774.28
101773.9
101773.52
101773.14
101772.76
101772.37
101771.97
101771.58
101771.18
101770.78
101770.38
101769.98
101769.57
101769.16
101768.75
101768.33
101767.9
101767.48
101767.05
101766.63
101766.19
101765.76
101765.32
101764.88
101764.43
101763.99
101763.54
101763.08
101762.63
101762.17
101761.7
101761.24
101760.77
101760.3
101759.82
101759.35
101758.87
101758.38
101757.9
101757.41
101756.91
101756.42
101755.92
101755.42
101754.91
101754.41
101753.89
101753.38
101752.87
101752.35
101751.82
101751.3
101750.77
101750.24
101749.7
101749.17
101748.62
101748.08
101747.53
101746.98
101746.43
101745.88
101745.32
101744.76
101744.19
101743.63
101743.05
101742.48
101741.9
101741.32
101740.74
101740.15
101739.56
101738.97
101738.38
101737.78
101737.18
101736.58
101735.98
101735.37
101734.75
101734.14
101733.51
101732.89
101732.27
101731.64
101731.02
101730.39
101729.76
101729.13
101728.5
101727.86
101727.22
101726.57
101725.92
101725.26
101724.59
101723.93
101723.27
101722.61
101721.96
101721.3
101720.65
101719.99
101719.31
101718.62
101717.92
101717.21
101716.49
101715.78
101715.07
101714.37
101713.69
101713.02
101712.35
101711.68
101710.98
101710.26
101709.51
101708.73
101707.94
101707.16
101706.39
101705.62
101704.87
101704.3
101703.65
101702.96
101702.15
101701.34
101700.57
101699.79
101699.01
101698.23
101697.47
101696.73
101695.99
101695.26
101694.53
101693.79
101693.04
101692.28
101691.51
101690.74
101689.96
101689.18
101688.4
101687.63
101686.85
101686.08
101685.3
101684.52
101683.74
101682.95
101682.16
101681.36
101680.56
101679.75
101678.95
101678.14
101677.33
101676.51
101675.7
101674.88
101674.06
101673.24
101672.41
101671.58
101670.75
101669.92
101669.08
101668.23
101667.39
101666.54
101665.69
101664.84
101663.99
101663.13
101662.27
101661.41
101660.54
101659.67
101658.8
101657.93
101657.05
101656.17
101655.29
101654.4
101653.51
101652.62
101651.73
101650.83
101649.93
101649.03
101648.13
101647.22
101646.31
101645.4
101644.48
101643.56
101642.64
101641.72
101640.79
101639.86
101638.93
101637.99
101637.05
101636.11
101635.17
101634.22
101633.28
101632.32
101631.37
101630.41
101629.45
101628.49
101627.52
101626.55
101625.58
101624.61
101623.63
101622.65
101621.67
101620.68
101619.7
101618.7
101617.71
101616.71
101615.71
101614.71
101613.71
101612.7
101611.69
101610.67
101609.65
101608.63
101607.61
101606.58
101605.56
101604.52
101603.49
101602.45
101601.41
101600.36
101599.32
101598.26
101597.21
101596.15
101595.09
101594.03
101592.96
101591.89
101590.82
101589.74
101588.66
101587.58
101586.49
101585.4
101584.31
101583.21
101582.11
101581.01
101579.9
101578.79
101577.68
101576.56
101575.44
101574.31
101573.18
101572.05
101570.91
101569.77
101568.63
101567.48
101566.32
101565.17
101564.01
101562.84
101561.67
101560.5
101559.32
101558.14
101556.95
101555.76
101554.56
101553.36
101552.16
101550.94
101549.73
101548.51
101547.28
101546.05
101544.82
101543.58
101542.33
101541.08
101539.83
101538.56
101537.3
101536.02
101534.74
101533.46
101532.17
101530.87
101529.57
101528.26
101526.94
101525.62
101524.29
101522.95
101521.61
101520.26
101518.91
101517.54
101516.17
101514.8
101513.41
101512.02
101510.62
101509.21
101507.79
101506.37
101504.94
101503.49
101502.04
101500.59
101499.12
101497.64
101496.16
101494.67
101493.16
101491.65
101490.13
101488.59
101487.05
101485.5
101483.94
101482.36
101480.78
101479.18
101477.58
101475.96
101474.33
101472.69
101471.04
101469.38
101467.7
101466.01
101464.31
101462.6
101460.87
101459.13
101457.38
101455.62
101453.84
101452.04
101450.24
101448.41
101446.58
101444.73
101442.86
101440.98
101439.08
101437.17
101435.24
101433.3
101431.34
101429.36
101427.36
101425.35
101423.33
101421.28
101419.22
101417.13
101415.03
101412.92
101410.78
101408.62
101406.45
101404.25
101402.04
101399.8
101397.55
101395.27
101392.98
101390.66
101388.32
101385.96
101383.58
101381.17
101378.75
101376.3
101373.83
101371.33
101368.81
101366.27
101363.71
101361.12
101358.5
101355.86
101353.2
101350.51
101347.79
101345.05
101342.28
101339.49
101336.67
101333.82
101330.95
101328.05
101325.12
101322.16
101319.17
101316.16
101313.12
101310.04
101306.94
101303.81
101300.65
101297.46
101294.24
101290.99
101287.71
101284.39
101281.05
101277.67
101274.26
101270.82
101267.35
101263.85
101260.31
101256.74
101253.14
101249.5
101245.83
101242.12
101238.39
101234.61
101230.81
101226.96
101223.09
101219.18
101215.23
101211.25
101207.23
101203.17
101199.08
101194.96
101190.8
101186.6
101182.36
101178.09
101173.78
101169.43
101165.05
101160.63
101156.17
101151.67
101147.13
101142.56
101137.95
101133.3
101128.61
101123.89
101119.12
101114.32
101109.48
101104.6
101099.68
101094.72
101089.72
101084.68
101079.61
101074.49
101069.34
101064.14
101058.91
101053.64
101048.33
101042.98
101037.58
101032.15
101026.69
101021.18
101015.63
101010.04
101004.41
100998.75
100993.04
100987.3
100981.51
100975.69
100969.83
100963.92
100957.98
100952
100945.99
100939.93
100933.83
100927.7
100921.53
100915.31
100909.07
100902.78
100896.45
100890.09
100883.69
100877.25
100870.77
100864.26
100857.71
100851.12
100844.5
100837.84
100831.14
100824.41
100817.64
100810.83
100803.99
100797.11
100790.2
100783.25
100776.27
100769.25
100762.2
100755.12
100748
100740.84
100733.66
100726.44
100719.18
100711.9
100704.58
100697.23
100689.84
100682.43
100674.98
100667.5
100660
100652.46
100644.89
100637.29
100629.66
100622
100614.31
100606.59
100598.84
100591.06
100583.26
100575.43
100567.57
100559.68
100551.77
100543.83
100535.86
100527.87
100519.85
100511.8
100503.73
100495.63
100487.51
100479.37
100471.2
100463.01
100454.79
100446.55
100438.29
100430
100421.69
100413.36
100405.01
100396.64
100388.25
100379.83
100371.39
100362.94
100354.46
100345.97
100337.45
100328.92
100320.36
100311.79
100303.2
100294.59
100285.96
100277.32
100268.66
100259.98
100251.28
100242.57
100233.84
100225.1
100216.34
100207.57
100198.78
100189.97
100181.15
100172.32
100163.47
100154.61
100145.73
100136.84
100127.94
100119.02
100110.09
100101.15
100092.2
100083.24
100074.26
100065.27
100056.27
100047.26
100038.23
100029.2
100020.16
100011.1
100002.04
99992.962
99983.878
99974.783
99965.679
99956.566
99947.444
99938.312
99929.172
99920.024
99910.866
99901.701
99892.527
99883.346
99874.157
99864.96
99855.755
99846.543
99837.324
99828.098
99818.865
99809.625
99800.379
99791.126
99781.866
99772.6
99763.329
99754.051
99744.767
99735.477
99726.182
99716.881
99707.575
99698.264
99688.947
99679.625
99670.298
99660.966
99651.629
99642.288
99632.942
99623.591
99614.236
99604.877
99595.513
99586.145
99576.773
99567.397
99558.017
99548.633
99539.245
99529.853
99520.458
99511.059
99501.657
99492.251
99482.841
99473.429
99464.013
99454.593
99445.171
99435.746
99426.317
99416.885
99407.451
99398.014
99388.573
99379.13
99369.684
99360.236
99350.785
99341.331
99331.874
99322.415
99312.954
99303.49
99294.024
99284.555
99275.084
99265.611
99256.135
99246.657
99237.177
99227.695
99218.21
99208.724
99199.235
99189.745
99180.252
99170.757
99161.261
99151.762
99142.262
99132.759
99123.255
99113.749
99104.241
99094.732
99085.22
99075.707
99066.192
99056.675
99047.157
99037.637
99028.115
99018.592
99009.067
98999.541
98990.013
98980.483
98970.952
98961.419
98951.885
98942.349
98932.812
98923.273
98913.733
98904.192
98894.649
98885.105
98875.559
98866.012
98856.464
98846.914
98837.363
98827.81
98818.257
98808.702
98799.146
98789.588
98780.029
98770.469
98760.908
98751.346
98741.782
98732.218
98722.652
98713.085
98703.517
98693.947
98684.377
98674.805
98665.233
98655.659
98646.085
98636.509
98626.932
98617.355
98607.776
98598.196
98588.616
98579.034
98569.451
98559.868
98550.284
98540.698
98531.112
98521.525
98511.937
98502.349
98492.759
98483.169
98473.578
98463.986
98454.394
98444.8
98435.206
98425.612
98416.016
98406.42
98396.823
98387.226
98377.628
98368.03
98358.43
98348.831
98339.23
98329.63
98320.028
98310.426
98300.824
98291.221
98281.618
98272.014
98262.41
98252.806
98243.201
98233.595
98223.99
98214.384
98204.777
98195.17
98185.563
98175.956
98166.349
98156.741
98147.133
98137.524
98127.916
98118.307
98108.698
98099.089
98089.479
98079.87
98070.26
98060.65
98051.04
98041.43
98031.819
98022.209
98012.598
98002.987
97993.376
97983.765
97974.154
97964.543
97954.932
97945.32
97935.709
97926.097
97916.485
97906.874
97897.262
97887.649
97878.037
97868.425
97858.813
97849.2
97839.587
97829.974
97820.361
97810.748
97801.135
97791.522
97781.908
97772.294
97762.68
97753.066
97743.451
97733.836
97724.221
97714.606
97704.99
97695.375
97685.758
97676.142
97666.525
97656.908
97647.29
97637.672
97628.054
97618.435
97608.816
97599.196
97589.576
97579.955
97570.334
97560.712
97551.09
97541.467
97531.844
97522.22
97512.595
97502.97
97493.344
97483.717
97474.09
97464.462
97454.833
97445.204
97435.573
97425.942
97416.311
97406.678
97397.045
97387.411
97377.776
97368.14
97358.503
97348.865
97339.227
97329.588
97319.947
97310.306
97300.664
97291.021
97281.377
97271.732
97262.086
97252.439
97242.792
97233.143
97223.493
97213.842
97204.191
97194.538
97184.884
97175.23
97165.574
97155.917
97146.26
97136.601
97126.942
97117.281
97107.619
97097.957
97088.293
97078.629
97068.963
97059.297
97049.63
97039.961
97030.292
97020.622
97010.951
97001.279
96991.605
96981.932
96972.257
96962.581
96952.904
96943.227
96933.549
96923.869
96914.189
96904.508
96894.827
96885.144
96875.461
96865.777
96856.092
96846.406
96836.72
96827.033
96817.345
96807.656
96797.967
96788.277
96778.586
96768.894
96759.202
96749.51
96739.816
96730.122
96720.428
96710.732
96701.037
96691.34
96681.643
96671.946
96662.248
96652.55
96642.851
96633.151
96623.451
96613.751
96604.05
96594.348
96584.647
96574.945
96565.242
96555.539
96545.836
96536.132
96526.428
96516.723
96507.019
96497.314
96487.608
96477.903
96468.197
96458.491
96448.784
96439.078
96429.371
96419.664
96409.956
96400.249
96390.541
96380.833
96371.124
96361.416
96351.707
96341.998
96332.289
96322.58
96312.871
96303.162
96293.452
96283.742
96274.032
96264.322
96254.612
96244.902
96235.192
96225.481
96215.77
96206.06
96196.348
96186.637
96176.926
96167.215
96157.503
96147.791
96138.079
96128.367
96118.655
96108.943
96099.23
96089.517
96079.804
96070.091
96060.377
96050.663
96040.949
96031.235
96021.521
96011.806
96002.091
95992.376
95982.66
95972.945
95963.229
95953.512
95943.796
95934.078
95924.361
95914.642
95904.924
95895.205
95885.485
95875.765
95866.045
95856.324
95846.603
95836.882
95827.16
95817.439
95807.717
95797.995
95788.272
95778.548
95768.824
95759.098
95749.372
95739.645
95729.916
95720.187
95710.457
95700.727
95690.996
95681.265
95671.534
95661.803
95652.072
95642.34
95632.607
95622.874
95613.139
95603.403
95593.665
95583.927
95574.188
95564.448
95554.707
95544.967
95535.226
95525.485
95515.743
95506.001
95496.257
95486.513
95476.767
95467.02
95457.271
95447.521
95437.771
95428.02
95418.269
95408.517
95398.766
95389.014
95379.261
95369.507
95359.751
95349.994
95340.236
95330.478
95320.719
95310.96
95301.201
95291.44
95281.679
95271.916
95262.152
95252.387
95242.621
95232.856
95223.091
95213.326
95203.56
95193.793
95184.024
95174.255
95164.484
95154.713
95144.941
95135.17
95125.398
95115.626
95105.853
95096.081
95086.307
95076.533
95066.757
95056.981
95047.203
95037.426
95027.649
95017.872
95008.097
94998.321
94988.543
94978.763
94968.982
94959.201
94949.419
94939.64
94929.862
94920.084
94910.304
94900.521
94890.737
94880.953
94871.17
94861.389
94851.61
94841.83
94832.049
94822.265
94812.48
94802.695
94792.911
94783.128
94773.347
94763.565
94753.782
94743.998
94734.213
94724.427
94714.643
94704.858
94695.075
94685.291
94675.508
94665.724
94655.94
94646.156
94636.371
94626.586
94616.8
94607.015
94597.23
94587.446
94577.661
94567.876
94558.091
94548.304
94538.517
94528.73
94518.943
94509.157
94499.372
94489.585
94479.798
94470.01
94460.223
94450.435
94440.647
94430.86
94421.072
94411.282
94401.492
94391.701
94381.91
94372.119
94362.329
94352.539
94342.747
94332.955
94323.162
94313.367
94303.572
94293.777
94283.982
94274.187
94264.392
94254.596
94244.799
94235
94225.201
94215.401
94205.601
94195.801
94186
94176.198
94166.395
94156.591
94146.787
94136.982
94127.176
94117.369
94107.562
94097.753
94087.944
94078.135
94068.324
94058.512
94048.7
94038.887
94029.072
94019.257
94009.441
93999.624
93989.806
93979.988
93970.169
93960.349
93950.529
93940.708
93930.886
93921.063
93911.239
93901.414
93891.587
93881.76
93871.931
93862.101
93852.271
93842.44
93832.608
93822.777
93812.944
93803.111
93793.277
93783.441
93773.605
93763.767
93753.928
93744.088
93734.248
93724.407
93714.565
93704.723
93694.88
93685.036
93675.192
93665.347
93655.5
93645.653
93635.804
93625.955
93616.105
93606.255
93596.404
93586.553
93576.701
93566.848
93556.995
93547.14
93537.285
93527.429
93517.572
93507.715
93497.858
93488
93478.141
93468.282
93458.422
93448.561
93438.7
93428.839
93418.977
93409.115
93399.252
93389.388
93379.524
93369.66
93359.796
93349.931
93340.066
93330.2
93320.334
93310.468
93300.601
93290.734
93280.867
93271
93261.132
93251.265
93241.397
93231.529
93221.66
93211.791
93201.922
93192.053
93182.185
93172.315
93162.446
93152.577
93142.707
93132.837
93122.968
93113.098
93103.228
93093.358
93083.488
93073.618
93063.748
93053.879
93044.009
93034.139
93024.269
93014.4
93004.53
92994.661
92984.791
92974.922
92965.052
92955.182
92945.312
92935.441
92925.57
92915.7
92905.828
92895.957
92886.086
92876.215
92866.343
92856.472
92846.601
92836.729
92826.857
92816.985
92807.113
92797.24
92787.366
92777.492
92767.617
92757.743
92747.867
92737.992
92728.117
92718.241
92708.365
92698.488
92688.61
92678.732
92668.853
92658.973
92649.092
92639.211
92629.33
92619.448
92609.566
92599.683
92589.8
92579.916
92570.031
92560.145
92550.258
92540.371
92530.483
92520.595
92510.705
92500.816
92490.925
92481.034
92471.142
92461.249
92451.355
92441.46
92431.565
92421.669
92411.773
92401.876
92391.979
92382.08
92372.181
92362.281
92352.38
92342.478
92332.576
92322.674
92312.771
92302.868
92292.964
92283.059
92273.153
92263.247
92253.34
92243.433
92233.525
92223.617
92213.709
92203.8
92193.891
92183.982
92174.072
92164.162
92154.251
92144.339
92134.427
92124.515
92114.603
92104.691
92094.779
92084.867
92074.955
92065.043
92055.13
92045.217
92035.302
92025.388
92015.473
92005.559
91995.646
91985.734
91975.822
91965.909
91955.995
91946.08
91936.165
91926.249
91916.334
91906.419
91896.505
91886.592
91876.68
91866.767
91856.854
91846.94
91837.025
91827.11
91817.195
91807.28
91797.365
91787.451
91777.537
91767.624
91757.711
91747.797
91737.884
91727.969
91718.054
91708.138
91698.222
91688.306
91678.39
91668.474
91658.56
91648.645
91638.731
91628.816
91618.901
91608.985
91599.069
91589.152
91579.234
91569.317
91559.399
91549.482
91539.566
91529.65
91519.733
91509.817
91499.9
91489.983
91480.064
91470.145
91460.226
91450.307
91440.387
91430.469
91420.551
91410.633
91400.716
91390.798
91380.88
91370.962
91361.042
91351.123
91341.202
91331.282
91321.363
91311.444
91301.525
91291.607
91281.689
91271.771
91261.852
91251.933
91242.013
91232.093
91222.173
91212.252
91202.331
91192.412
91182.493
91172.574
91162.656
91152.737
91142.818
91132.897
91122.976
91113.054
91103.132
91093.21
91083.287
91073.365
91063.444
91053.523
91043.601
91033.68
91023.758
91013.835
91003.911
90993.986
90984.06
90974.134
90964.207
90954.28
90944.353
90934.427
90924.501
90914.574
90904.647
90894.719
90884.79
90874.859
90864.928
90854.996
90845.063
90835.13
90825.197
90815.264
90805.331
90795.398
90785.464
90775.531
90765.597
90755.662
90745.726
90735.789
90725.851
90715.913
90705.974
90696.035
90686.097
90676.158
90666.22
90656.281
90646.342
90636.403
90626.464
90616.524
90606.584
90596.643
90586.702
90576.761
90566.82
90556.879
90546.938
90536.997
90527.056
90517.115
90507.173
90497.232
90487.29
90477.348
90467.406
90457.464
90447.522
90437.58
90427.638
90417.696
90407.753
90397.811
90387.868
90377.924
90367.981
90358.038
90348.095
90338.152
90328.208
90318.265
90308.321
90298.377
90288.433
90278.488
90268.543
90258.597
90248.651
90238.705
90228.759
90218.812
90208.866
90198.92
90188.973
90179.026
90169.078
90159.13
90149.181
90139.232
90129.283
90119.334
90109.384
90099.434
90089.485
90079.535
90069.584
90059.634
90049.683
90039.732
90029.78
90019.829
90009.877
89999.926
89989.974
89980.022
89970.069
89960.117
89950.165
89940.212
89930.26
89920.307
89910.355
89900.403
89890.45
89880.497
89870.544
89860.59
89850.637
89840.683
89830.73
89820.777
89810.825
89800.872
89790.918
89780.965
89771.011
89761.057
89751.102
89741.147
89731.192
89721.238
89711.283
89701.328
89691.373
89681.418
89671.462
89661.506
89651.549
89641.592
89631.634
89621.676
89611.718
89601.759
89591.801
89581.842
89571.883
89561.923
89551.963
89542.002
89532.041
89522.079
89512.117
89502.154
89492.191
89482.228
89472.264
89462.301
89452.337
89442.373
89432.408
89422.443
89412.478
89402.512
89392.546
89382.579
89372.613
89362.647
89352.68
89342.714
89332.748
89322.781
89312.814
89302.848
89292.88
89282.913
89272.946
89262.978
89253.01
89243.043
89233.075
89223.107
89213.14
89203.172
89193.204
89183.237
89173.269
89163.301
89153.332
89143.364
89133.395
89123.426
89113.457
89103.488
89093.518
89083.549
89073.578
89063.608
89053.636
89043.665
89033.693
89023.72
89013.747
89003.773
88993.799
88983.824
88973.849
88963.873
88953.896
88943.919
88933.94
88923.961
88913.981
88904.001
88894.02
88884.039
88874.057
88864.075
88854.091
88844.107
88834.122
88824.135
88814.148
88804.16
88794.172
88784.184
88774.195
88764.206
88754.216
88744.226
88734.234
88724.243
88714.25
88704.258
88694.265
88684.273
88674.279
88664.286
88654.292
88644.297
88634.302
88624.306
88614.311
88604.316
88594.321
88584.326
88574.331
88564.336
88554.34
88544.344
88534.348
88524.353
88514.357
88504.361
88494.366
88484.369
88474.372
88464.375
88454.378
88444.38
88434.383
88424.385
88414.388
88404.391
88394.393
88384.395
88374.396
88364.396
88354.396
88344.396
88334.396
88324.396
88314.396
88304.395
88294.393
88284.391
88274.387
88264.383
88254.378
88244.373
88234.367
88224.361
88214.355
88204.348
88194.341
88184.332
88174.323
88164.313
88154.302
88144.291
88134.278
88124.265
88114.251
88104.237
88094.222
88084.206
88074.189
88064.172
88054.153
88044.134
88034.114
88024.093
88014.071
88004.048
87994.025
87984.001
87973.976
87963.951
87953.924
87943.896
87933.867
87923.836
87913.804
87903.77
87893.735
87883.699
87873.66
87863.621
87853.579
87843.535
87833.49
87823.442
87813.391
87803.338
87793.283
87783.224
87773.162
87763.097
87753.028
87742.955
87732.879
87722.798
87712.713
87702.624
87692.529
87682.43
87672.324
87662.213
87652.095
87641.97
87631.839
87621.7
87611.554
87601.4
87591.238
87581.067
87570.886
87560.695
87550.493
87540.28
87530.055
87519.817
87509.567
87499.303
87489.025
87478.731
87468.421
87458.094
87447.749
87437.385
87427.001
87416.597
87406.17
87395.72
87385.245
87374.745
87364.217
87353.661
87343.075
87332.458
87321.808
87311.123
87300.404
87289.646
87278.849
87268.012
87257.131
87246.205
87235.232
87224.211
87213.139
87202.014
87190.835
87179.599
87168.304
87156.948
87145.529
87134.045
87122.493
87110.871
87099.177
87087.409
87075.564
87063.641
87051.637
87039.551
87027.379
87015.119
87002.77
86990.33
86977.797
86965.168
86952.443
86939.619
86926.696
86913.671
86900.543
86887.311
86873.974
86860.532
86846.983
86833.327
86819.565
86805.695
86791.719
86777.637
86763.448
86749.155
86734.759
86720.261
86705.663
86690.967
86676.176
86661.292
86646.318
86631.258
86616.114
86600.891
86585.593
86570.224
86554.788
86539.292
86523.739
86508.135
86492.485
86476.796
86461.072
86445.321
86429.547
86413.758
86397.959
86382.158
86366.361
86350.576
86334.809
86319.066
86303.355
86287.682
86272.052
86256.471
86240.946
86225.482
86210.084
86194.757
86179.506
86164.336
86149.25
86134.255
86119.352
86104.546
86089.841
86075.238
86060.74
86046.348
86032.065
86017.892
86003.829
85989.876
85976.035
85962.305
85948.686
85935.177
85921.775
85908.481
85895.292
85882.206
85869.221
85856.335
85843.544
85830.847
85818.24
85805.72
85793.284
85780.929
85768.652
85756.449
85744.317
85732.253
85720.254
85708.317
85696.439
85684.616
85672.846
85661.127
85649.456
85637.831
85626.249
85614.709
85603.208
85591.744
85580.317
85568.925
85557.565
85546.238
85534.941
85523.673
85512.433
85501.22
85490.034
85478.873
85467.736
85456.624
85445.535
85434.468
85423.423
85412.398
85401.394
85390.409
85379.443
85368.496
85357.565
85346.652
85335.754
85324.872
85314.003
85303.149
85292.308
85281.479
85270.662
85259.856
85249.062
85238.278
85227.504
85216.739
85205.983
85195.234
85184.493
85173.759
85163.032
85152.311
85141.596
85130.887
85120.184
85109.485
85098.79
85088.1
85077.415
85066.733
85056.055
85045.381
85034.71
85024.042
85013.377
85002.714
84992.054
84981.397
84970.741
84960.088
84949.437
84938.787
84928.139
84917.492
84906.846
84896.201
84885.556
84874.913
84864.27
84853.627
84842.985
84832.344
84821.702
84811.06
84800.418
84789.776
84779.134
84768.491
84757.848
84747.203
84736.558
84725.913
84715.267
84704.62
84693.973
84683.326
84672.677
84662.027
84651.375
84640.723
84630.07
84619.416
84608.762
84598.106
84587.45
84576.792
84566.134
84555.474
84544.814
84534.152
84523.489
84512.826
84502.161
84491.496
84480.829
84470.161
84459.493
84448.823
84438.152
84427.481
84416.808
84406.134
84395.459
84384.783
84374.106
84363.428
84352.749
84342.069
84331.388
84320.706
84310.022
84299.338
84288.652
84277.966
84267.278
84256.59
84245.9
84235.209
84224.518
84213.825
84203.131
84192.436
84181.74
84171.043
84160.345
84149.645
84138.945
84128.243
84117.541
84106.837
84096.132
84085.425
84074.718
84064.01
84053.301
84042.59
84031.879
84021.167
84010.454
83999.739
83989.023
83978.306
83967.588
83956.869
83946.149
83935.428
83924.705
83913.982
83903.257
83892.531
83881.805
83871.077
83860.348
83849.619
83838.888
83828.157
83817.426
83806.693
83795.96
83785.227
83774.493
83763.758
83753.022
83742.286
83731.55
83720.814
83710.079
83699.343
83688.609
83677.875
83667.141
83656.408
83645.675
83634.942
83624.21
83613.477
83602.746
83592.015
83581.285
83570.556
83559.827
83549.099
83538.371
83527.642
83516.913
83506.184
83495.454
83484.723
83473.992
83463.26
83452.528
83441.796
83431.063
83420.328
83409.592
83398.855
83388.116
83377.375
83366.634
83355.892
83345.149
83334.406
83323.661
83312.914
83302.166
83291.415
83280.662
83269.909
83259.155
83248.401
83237.647
83226.891
83216.135
83205.376
83194.615
83183.852
83173.088
83162.323
83151.558
83140.793
83130.026
83119.259
83108.489
83097.717
83086.944
83076.169
83065.393
83054.616
83043.839
83033.062
83022.284
83011.505
83000.724
82989.941
82979.157
82968.371
82957.584
82946.797
82936.009
82925.219
82914.428
82903.635
82892.84
82882.043
82871.245
82860.446
82849.647
82838.849
82828.05
82817.251
82806.451
82795.648
82784.842
82774.034
82763.224
82752.413
82741.601
82730.788
82719.975
82709.161
82698.345
82687.529
82676.71
82665.891
82655.07
82644.249
82633.428
82622.605
82611.782
82600.957
82590.129
82579.3
82568.469
82557.636
82546.801
82535.966
82525.13
82514.294
82503.457
82492.619
82481.779
82470.939
82460.097
82449.255
82438.411
82427.565
82416.719
82405.871
82395.021
82384.17
82373.318
82362.465
82351.613
82340.76
82329.909
82319.059
82308.21
82297.363
82286.517
82275.672
82264.829
82253.987
82243.147
82232.31
82221.474
82210.64
82199.806
82188.974
82178.142
82167.311
82156.48
82145.648
82134.816
82123.981
82113.144
82102.305
82091.462
82080.616
82069.768
82058.918
82048.066
82037.213
82026.358
82015.502
82004.645
81993.787
81982.927
81972.067
81961.206
81950.343
81939.478
81928.613
81917.745
81906.876
81896.007
81885.136
81874.264
81863.391
81852.517
81841.641
81830.763
81819.884
81809.003
81798.122
81787.239
81776.356
81765.472
81754.586
81743.699
81732.81
81721.92
81711.029
81700.136
81689.243
81678.348
81667.454
81656.558
81645.662
81634.765
81623.866
81612.965
81602.061
81591.156
81580.249
81569.34
81558.432
81547.522
81536.612
81525.701
81514.79
81503.877
81492.963
81482.05
81471.137
81460.227
81449.318
81438.413
81427.511
81416.616
81405.727
81394.848
81383.98
81373.126
81362.288
81351.468
81340.684
81329.974
81319.747
)
;

boundaryField
{
    leftSide
    {
        type            waveTransmissive;
        gamma           1.4;
        fieldInf        0;
        lInf            1;
        value           uniform 81480.301;
    }
    rightSide
    {
        type            waveTransmissive;
        gamma           1.4;
        fieldInf        0;
        lInf            1;
        value           uniform 81314.667;
    }
    emptywalls
    {
        type            empty;
    }
}


// ************************************************************************* //
