/*--------------------------------*- C++ -*----------------------------------*\
| =========                 |                                                 |
| \\      /  F ield         | OpenFOAM: The Open Source CFD Toolbox           |
|  \\    /   O peration     | Version:  4.x                                   |
|   \\  /    A nd           | Web:      www.OpenFOAM.org                      |
|    \\/     M anipulation  |                                                 |
\*---------------------------------------------------------------------------*/
FoamFile
{
    version     2.0;
    format      ascii;
    class       volScalarField;
    location    "0.48";
    object      T;
}
// * * * * * * * * * * * * * * * * * * * * * * * * * * * * * * * * * * * * * //

dimensions      [0 0 0 1 0 0 0];

internalField   nonuniform List<scalar> 
6273
(
299.999792
299.9997921
299.9997845
299.9997781
299.999772
299.9997694
299.9998021
299.9998019
299.9997967
299.9997928
299.9997891
299.9997864
299.9998121
299.9998143
299.9998151
299.9998184
299.9998207
299.9998211
299.9998285
299.9998339
299.9998423
299.9998548
299.999866
299.9998724
299.999843
299.9998513
299.9998661
299.9998881
299.9999099
299.9999242
299.9998513
299.9998599
299.9998783
299.9999068
299.9999368
299.9999589
299.9994589
299.9994586
299.9994598
299.9994709
299.9994815
299.9994892
299.9994712
299.9994739
299.9994822
299.9995001
299.9995158
299.9995241
299.9994956
299.9995058
299.9995279
299.9995605
299.9995871
299.9996001
299.999538
299.9995549
299.999591
299.9996401
299.9996831
299.9997076
299.9995804
299.9996016
299.9996472
299.9997109
299.9997727
299.9998145
299.9996092
299.9996297
299.9996774
299.9997493
299.9998264
299.9998878
299.9993191
299.9993311
299.9993572
299.9994012
299.9994388
299.9994585
299.9993311
299.9993475
299.999382
299.9994333
299.9994754
299.9994949
299.9993577
299.9993823
299.9994318
299.9994967
299.9995485
299.9995718
299.9994056
299.9994358
299.9994961
299.9995732
299.9996387
299.9996734
299.9994533
299.9994831
299.9995451
299.9996291
299.99971
299.9997648
299.9994836
299.9995077
299.9995627
299.9996478
299.9997421
299.9998196
299.9993622
299.9993882
299.9994369
299.9994986
299.9995385
299.9995442
299.9993703
299.9994003
299.9994549
299.9995208
299.9995635
299.9995696
299.9993868
299.9994213
299.9994847
299.9995583
299.9996078
299.9996195
299.9994169
299.9994517
299.9995171
299.9995945
299.9996539
299.9996793
299.9994461
299.9994753
299.9995324
299.9996073
299.9996767
299.9997213
299.9994598
299.9994795
299.9995232
299.9995913
299.9996661
299.9997299
299.9995648
299.9995917
299.9996342
299.9996749
299.999685
299.9996656
299.9995628
299.999591
299.9996366
299.9996803
299.9996935
299.9996768
299.9995562
299.9995857
299.9996347
299.9996828
299.9997042
299.9996968
299.9995519
299.9995789
299.999625
299.9996745
299.9997065
299.9997149
299.9995475
299.9995669
299.9996024
299.9996484
299.9996901
299.9997171
299.999537
299.9995455
299.999565
299.999602
299.9996517
299.9997006
299.9997908
299.9998073
299.9998308
299.9998463
299.9998382
299.9998068
299.9997784
299.9997959
299.9998218
299.9998407
299.9998356
299.9998086
299.9997552
299.9997732
299.9998019
299.9998248
299.9998261
299.9998102
299.9997337
299.9997496
299.9997746
299.9997982
299.9998083
299.9998044
299.9997198
299.9997279
299.9997417
299.9997592
299.9997752
299.9997869
299.9997081
299.999705
299.9997032
299.9997088
299.9997264
299.9997541
299.9998511
299.9998587
299.9998769
299.9999071
299.9999404
299.9999675
299.9998436
299.9998498
299.9998666
299.9998956
299.9999282
299.9999555
299.9998324
299.9998385
299.999856
299.9998833
299.9999111
299.9999347
299.9998272
299.9998358
299.9998583
299.9998866
299.9999101
299.9999246
299.9998375
299.99985
299.9998791
299.9999103
299.9999321
299.9999414
299.9998643
299.9998799
299.9999129
299.9999464
299.9999689
299.9999795
299.9998914
299.9999055
299.9999357
299.9999679
299.9999936
300.0000118
299.9999008
299.9999113
299.9999361
299.9999657
299.9999944
300.0000193
299.9998898
299.9998968
299.9999136
299.9999403
299.9999718
300.0000013
299.9998678
299.9998706
299.9998807
299.9999046
299.999939
299.9999722
299.9998441
299.9998426
299.999849
299.9998716
299.9999083
299.9999469
299.9998193
299.9998161
299.9998221
299.9998451
299.9998819
299.9999225
299.9996157
299.9996325
299.9996764
299.9997483
299.9998315
299.9999073
299.9996022
299.9996156
299.9996546
299.9997223
299.9998054
299.999887
299.999575
299.9995893
299.99963
299.9996948
299.9997674
299.9998412
299.9995657
299.9995865
299.9996372
299.9997046
299.9997691
299.9998226
299.9995982
299.9996266
299.9996908
299.9997631
299.9998206
299.9998584
299.9996702
299.9997015
299.9997694
299.9998433
299.9998992
299.9999337
299.9997305
299.9997568
299.9998143
299.9998814
299.9999395
299.9999847
299.9997351
299.9997523
299.9997947
299.9998537
299.9999165
299.9999759
299.9996897
299.9996974
299.9997247
299.9997779
299.9998488
299.9999223
299.9996262
299.9996258
299.9996436
299.9996932
299.9997737
299.9998631
299.9995664
299.9995604
299.9995754
299.9996256
299.9997138
299.9998167
299.9995143
299.9995078
299.9995236
299.9995783
299.9996717
299.9997789
299.9994861
299.9995039
299.9995506
299.9996321
299.9997319
299.9998247
299.9994642
299.9994779
299.9995181
299.9995942
299.9996948
299.9997984
299.9994312
299.9994484
299.9994951
299.9995725
299.9996657
299.9997628
299.999434
299.9994586
299.9995177
299.9995994
299.9996831
299.999762
299.9994953
299.9995269
299.9995989
299.9996844
299.9997577
299.9998127
299.9995966
299.9996263
299.9996936
299.9997726
299.9998366
299.999881
299.9996539
299.9996732
299.9997224
299.9997861
299.9998445
299.9998922
299.9996271
299.9996349
299.9996646
299.9997151
299.9997766
299.9998388
299.9995482
299.9995465
299.9995629
299.9996079
299.9996828
299.9997726
299.9994732
299.9994666
299.99948
299.9995271
299.9996191
299.9997399
299.9994235
299.9994165
299.9994323
299.9994877
299.9995933
299.9997305
299.9993906
299.9993859
299.9994051
299.9994681
299.9995797
299.9997176
299.9994492
299.9994617
299.9994924
299.999551
299.9996311
299.9997123
299.9994153
299.9994245
299.9994528
299.9995115
299.9995952
299.9996839
299.9993834
299.9993987
299.9994394
299.9995083
299.9995929
299.999681
299.9994
299.9994226
299.9994775
299.9995561
299.9996368
299.9997124
299.9994842
299.9995117
299.9995761
299.9996564
299.9997275
299.9997869
299.9995941
299.9996141
299.9996635
299.9997257
299.9997797
299.9998255
299.9996342
299.9996389
299.9996603
299.9996982
299.9997403
299.9997822
299.999584
299.9995746
299.9995776
299.9995991
299.9996412
299.9996971
299.9995038
299.9994889
299.9994873
299.9995099
299.999566
299.9996527
299.9994548
299.999441
299.9994432
299.9994741
299.9995479
299.9996569
299.9994454
299.9994353
299.9994412
299.9994796
299.9995644
299.9996815
299.9994587
299.9994527
299.9994599
299.9994973
299.9995765
299.9996865
299.9995109
299.9995107
299.9995186
299.9995477
299.9996022
299.9996672
299.9994668
299.9994664
299.9994758
299.9995091
299.9995705
299.9996434
299.9994353
299.9994426
299.9994666
299.9995138
299.9995793
299.9996558
299.9994566
299.9994713
299.9995102
299.9995721
299.9996387
299.9997113
299.9995451
299.9995625
299.9996073
299.9996687
299.9997282
299.9997919
299.9996401
299.9996463
299.9996704
299.9997112
299.9997537
299.9998082
299.9996521
299.9996409
299.9996394
299.999654
299.9996829
299.9997334
299.9995933
299.9995701
299.9995514
299.999557
299.9995832
299.999644
299.9995507
299.9995244
299.9995031
299.9995091
299.999542
299.9996165
299.9995579
299.9995342
299.9995159
299.9995229
299.9995597
299.9996371
299.9996
299.999581
299.9995656
299.9995714
299.9996018
299.9996619
299.9996465
299.9996299
299.9996101
299.9996045
299.9996191
299.9996604
299.9996841
299.9996724
299.9996569
299.9996548
299.9996724
299.9997177
299.9996431
299.9996307
299.9996157
299.9996164
299.99964
299.999697
299.9996104
299.9996061
299.9996063
299.9996192
299.9996518
299.9997148
299.9996236
299.9996274
299.999643
299.9996744
299.9997168
299.9997851
299.9996893
299.999697
299.9997203
299.9997567
299.9997985
299.9998691
299.9997434
299.9997403
299.9997463
299.9997669
299.9998001
299.9998725
299.9997155
299.9996965
299.9996794
299.9996832
299.9997065
299.999777
299.9996542
299.9996269
299.9995989
299.9995965
299.9996169
299.9996872
299.9996437
299.9996162
299.9995878
299.9995831
299.9996016
299.9996661
299.9996944
299.9996705
299.9996431
299.9996327
299.999642
299.9996814
299.9997573
299.9997358
299.9997062
299.9996855
299.9996778
299.9996881
299.9998013
299.9997792
299.9997419
299.9997077
299.9996833
299.9996724
299.9997951
299.9997935
299.9998007
299.9998251
299.9998615
299.9998979
299.9997758
299.9997769
299.9997848
299.999809
299.9998434
299.9998758
299.9997633
299.9997658
299.9997734
299.9997955
299.9998253
299.999855
299.9997547
299.9997565
299.9997629
299.9997828
299.9998115
299.9998416
299.9997477
299.9997488
299.9997543
299.9997741
299.9998049
299.9998376
299.9997421
299.99974
299.9997445
299.9997662
299.9998002
299.9998369
299.9994691
299.9994647
299.9994822
299.9995405
299.9996342
299.999734
299.9994304
299.9994278
299.9994462
299.9995036
299.9995917
299.9996837
299.9993948
299.9993923
299.99941
299.9994658
299.9995493
299.9996382
299.9993596
299.9993577
299.999376
299.9994334
299.9995217
299.9996162
299.9993279
299.9993274
299.9993488
299.9994135
299.9995126
299.9996188
299.9993069
299.9993055
299.9993313
299.9994041
299.9995124
299.9996282
299.9993649
299.9993619
299.9993819
299.9994454
299.9995528
299.999677
299.9993361
299.9993329
299.9993508
299.9994102
299.9995106
299.9996252
299.9992968
299.9992927
299.9993088
299.9993675
299.9994691
299.9995877
299.9992486
299.9992466
299.9992667
299.9993351
299.9994512
299.9995827
299.9992056
299.9992089
299.9992389
299.9993239
299.9994586
299.9996092
299.9991804
299.9991869
299.9992255
299.9993219
299.9994679
299.999631
299.9994736
299.9994669
299.9994694
299.9994993
299.9995661
299.9996538
299.9994751
299.9994651
299.999459
299.9994786
299.9995368
299.9996194
299.9994534
299.9994403
299.9994305
299.9994524
299.9995192
299.9996118
299.9994151
299.999405
299.9994037
299.9994419
299.9995303
299.9996433
299.9993794
299.9993778
299.9993911
299.9994501
299.9995627
299.9996975
299.9993598
299.9993623
299.9993851
299.9994571
299.9995822
299.9997299
299.9996827
299.9996619
299.9996297
299.9996098
299.9996079
299.9996246
299.999699
299.999673
299.9996292
299.9995957
299.999589
299.9996077
299.9996978
299.999668
299.9996203
299.9995899
299.999591
299.9996229
299.9996849
299.9996586
299.9996204
299.9996065
299.9996287
299.999684
299.9996743
299.9996562
299.9996318
299.9996374
299.9996813
299.9997572
299.9996688
299.999654
299.9996399
299.9996558
299.9997109
299.999797
299.9998289
299.999803
299.999756
299.9997079
299.9996654
299.9996434
299.999846
299.9998162
299.999761
299.9997026
299.9996579
299.9996377
299.999855
299.9998253
299.9997691
299.9997135
299.9996784
299.9996689
299.9998605
299.9998375
299.9997907
299.9997511
299.999735
299.9997408
299.9998675
299.9998524
299.9998215
299.9997989
299.9997982
299.9998168
299.9998717
299.9998598
299.9998404
299.9998258
299.9998302
299.9998558
299.9997738
299.9997884
299.9998137
299.9998469
299.9998872
299.9999245
299.9999356
299.9999128
299.9998825
299.9998745
299.9998914
299.9999075
299.999789
299.9998
299.9998207
299.99985
299.9998872
299.9999236
299.9999359
299.9999156
299.9998883
299.9998815
299.9998963
299.9999091
299.9998229
299.9998296
299.9998437
299.9998668
299.9998985
299.9999315
299.9999427
299.9999256
299.9999025
299.9998964
299.9999052
299.9999098
299.9998747
299.9998762
299.9998808
299.9998937
299.9999168
299.9999458
299.9999579
299.9999453
299.9999244
299.9999145
299.9999137
299.9999092
299.9999285
299.999926
299.9999215
299.999923
299.9999377
299.9999634
299.9999784
299.9999681
299.9999441
299.9999258
299.9999167
299.9999071
299.9999663
299.999963
299.9999539
299.9999471
299.9999561
299.9999817
299.9999995
299.9999865
299.999956
299.9999284
299.9999132
299.9999049
299.9995005
299.9995235
299.9995623
299.9996217
299.9997065
299.9997912
299.9998179
299.9997692
299.9997161
299.9997145
299.9997572
299.99978
299.9995317
299.9995477
299.9995784
299.9996302
299.9997094
299.9997909
299.9998168
299.9997703
299.9997207
299.9997191
299.9997552
299.9997708
299.9996043
299.9996095
299.9996246
299.9996615
299.9997286
299.9998022
299.9998255
299.9997844
299.9997408
299.9997369
299.9997569
299.9997585
299.9997129
299.9997081
299.9997041
299.9997183
299.9997635
299.999826
299.9998498
299.9998177
299.9997758
299.9997617
299.9997619
299.9997487
299.9998274
299.9998182
299.9997955
299.9997856
299.9998091
299.9998617
299.9998891
299.999861
299.9998107
299.9997797
299.9997641
299.9997429
299.9999147
299.9999079
299.9998782
299.9998484
299.9998568
299.9999044
299.9999368
299.9999031
299.9998358
299.9997877
299.9997625
299.9997448
299.9994649
299.9994704
299.9994887
299.9995342
299.9996182
299.9997064
299.9997264
299.9996705
299.9996247
299.9996373
299.9996852
299.9997024
299.9994972
299.9994957
299.9995052
299.9995425
299.9996197
299.9997012
299.9997169
299.9996615
299.999618
299.9996286
299.999669
299.9996806
299.9995702
299.9995576
299.9995516
299.9995725
299.9996336
299.9997043
299.9997159
299.9996639
299.9996227
299.9996268
299.9996502
299.9996509
299.9996741
299.999655
299.9996299
299.9996295
299.9996649
299.9997208
299.9997307
299.9996833
299.9996407
299.9996322
299.9996381
299.9996291
299.9997784
299.999761
299.9997208
299.9996963
299.9997111
299.9997539
299.9997656
299.9997215
299.9996671
299.9996432
299.9996369
299.9996237
299.9998533
299.9998448
299.9998043
299.9997633
299.9997655
299.9998024
299.9998173
299.9997677
299.9996967
299.9996592
299.999645
299.9996362
299.9995285
299.9995104
299.999513
299.9995486
299.9996271
299.9996988
299.999689
299.9996052
299.9995583
299.9995845
299.9996416
299.9996637
299.9995528
299.9995303
299.9995265
299.9995544
299.9996235
299.999686
299.9996693
299.9995848
299.999541
299.9995669
299.9996185
299.9996367
299.9996048
299.9995773
299.9995628
299.9995776
299.9996295
299.9996757
299.9996494
299.9995705
299.9995322
299.9995523
299.9995886
299.9995978
299.9996735
299.9996488
299.9996243
299.9996233
299.9996508
299.9996823
299.9996531
299.999579
299.9995409
299.9995499
299.9995685
299.9995701
299.9997323
299.9997191
299.9996898
299.9996741
299.9996855
299.9997045
299.9996766
299.9996084
299.9995649
299.9995591
299.9995656
299.9995614
299.9997626
299.9997629
299.9997454
299.9997279
299.9997354
299.9997529
299.9997305
299.9996657
299.9996077
299.9995846
299.9995782
299.9995731
299.9996271
299.9996038
299.9996108
299.9996556
299.9997322
299.9997707
299.9997065
299.9995887
299.9995414
299.9995845
299.9996533
299.999678
299.9996413
299.9996174
299.9996206
299.9996573
299.9997217
299.9997478
299.9996769
299.9995631
299.999522
299.9995673
299.9996312
299.9996519
299.9996713
299.9996492
299.9996478
299.9996712
299.9997153
299.9997201
299.999643
299.9995429
299.9995125
299.9995545
299.9996028
299.999614
299.9997058
299.9996913
299.9996883
299.9996998
299.9997225
299.9997149
299.9996397
299.9995496
299.9995225
299.999555
299.9995854
299.9995881
299.9997278
299.9997265
299.9997254
299.9997311
299.999743
299.999729
299.9996595
299.9995804
299.9995534
299.9995688
299.9995828
299.9995737
299.9997306
299.9997467
299.9997627
299.9997814
299.9997964
299.9997824
299.9997212
299.9996527
299.9996163
299.9996079
299.9995981
299.9995811
299.9997666
299.9997473
299.9997571
299.9998033
299.9998684
299.9998712
299.9997629
299.9996285
299.9995942
299.9996642
299.99974
299.9997596
299.9997728
299.9997553
299.9997636
299.9998036
299.9998558
299.9998463
299.9997331
299.9996071
299.9995826
299.9996569
299.999727
299.9997419
299.9997853
299.999774
299.9997818
299.9998114
299.9998413
299.9998124
299.9996973
299.9995928
299.9995832
299.9996567
299.9997107
299.9997162
299.9997953
299.9997941
299.9998052
299.9998274
299.9998407
299.9998006
299.9996915
299.9996029
299.9996004
299.9996658
299.9997032
299.9996965
299.9997942
299.9998072
299.9998277
299.9998498
299.9998547
299.9998139
299.9997144
299.9996428
299.9996437
299.9996867
299.9997024
299.9996788
299.9997833
299.9998191
299.9998633
299.999903
299.9999157
299.9998817
299.9997994
299.9997412
299.9997308
299.9997341
299.999715
299.9996808
299.9999317
299.9999505
299.9999543
299.9999443
299.9999299
299.9999273
299.999937
299.9999432
299.9999459
299.999942
299.9999244
299.9998989
299.9999027
299.9999208
299.999926
299.9999196
299.9999119
299.9999192
299.9999289
299.9999326
299.9999369
299.9999362
299.9999212
299.9998935
299.9998813
299.9998996
299.9999044
299.9998997
299.9999018
299.9999147
299.9999228
299.9999213
299.9999206
299.9999201
299.9999094
299.9998852
299.9998693
299.999888
299.9998929
299.9998917
299.9998979
299.999913
299.9999216
299.9999177
299.9999108
299.9999046
299.9998947
299.9998764
299.9998677
299.9998877
299.9998925
299.9998914
299.9998995
299.9999187
299.99993
299.999923
299.9999088
299.999898
299.999889
299.9998745
299.9998708
299.9998924
299.9998967
299.9998944
299.9999042
299.9999265
299.9999381
299.9999285
299.9999115
299.999899
299.9998894
299.9998764
299.999823
299.9998736
299.9998747
299.9998364
299.9997928
299.9997995
299.9998428
299.9998819
299.9998997
299.9998843
299.999828
299.9997547
299.9997598
299.9998047
299.9998063
299.999781
299.9997644
299.9997888
299.9998253
299.9998486
299.9998636
299.9998575
299.9998098
299.9997299
299.999715
299.9997633
299.9997708
299.9997536
299.9997542
299.9997858
299.9998141
299.9998182
299.9998189
299.9998119
299.9997742
299.9997029
299.9996995
299.9997521
299.9997607
299.9997482
299.9997565
299.9997927
299.9998157
299.9998086
299.999794
299.9997787
299.9997461
299.9996869
299.9997114
299.9997673
299.9997747
299.9997626
299.9997743
299.9998133
299.999833
299.9998157
299.9997891
299.9997673
299.9997363
299.9996849
299.9997286
299.9997873
299.9997936
299.9997787
299.9997898
299.9998293
299.9998481
299.9998273
299.9997953
299.9997689
299.9997372
299.9996893
299.9997896
299.9998482
299.9998379
299.999774
299.9997311
299.9997665
299.9998542
299.999933
299.9999617
299.9999265
299.9998293
299.9997158
299.999723
299.9997733
299.9997655
299.9997232
299.999713
299.9997613
299.9998281
299.9998776
299.9999009
299.9998763
299.9997861
299.9996602
299.9996912
299.9997461
299.9997427
299.9997104
299.9997158
299.9997687
299.9998174
299.9998359
299.9998409
299.9998155
299.9997344
299.9996152
299.9996991
299.9997588
299.999756
299.999731
299.9997422
299.9997891
299.9998197
299.9998196
299.9998056
299.9997729
299.9996983
299.9995908
299.9997403
299.9998059
299.9998027
299.9997723
299.999777
299.9998153
299.999835
299.9998199
299.9997941
299.9997558
299.9996842
299.9995837
299.9997729
299.9998426
299.9998358
299.999797
299.9997964
299.9998311
299.9998477
299.9998277
299.9997956
299.9997529
299.9996808
299.9995829
299.9997412
299.9997807
299.9997641
299.9997146
299.9997223
299.9998124
299.9999427
300.0000291
300.0000391
299.9999665
299.9998334
299.9996949
299.9996994
299.999735
299.999722
299.9996927
299.9997198
299.9998208
299.9999256
299.9999812
299.9999827
299.9999124
299.9997754
299.9996188
299.9996975
299.9997357
299.9997262
299.9997102
299.9997549
299.9998521
299.9999246
299.9999487
299.999932
299.9998539
299.9997167
299.9995624
299.9997421
299.9997859
299.9997786
299.9997696
299.9998113
299.9998874
299.9999312
299.9999305
299.9998944
299.9998107
299.999678
299.9995329
299.9998103
299.9998589
299.9998493
299.9998316
299.9998581
299.9999153
299.9999415
299.9999252
299.9998786
299.9997913
299.9996609
299.9995218
299.999852
299.9999012
299.9998866
299.9998613
299.9998795
299.999928
299.9999483
299.9999266
299.999875
299.9997848
299.9996542
299.9995183
299.9996574
299.9996657
299.999655
299.9996554
299.9997212
299.9998712
300.0000078
300.000062
300.0000422
299.9999421
299.9997975
299.9996651
299.999639
299.9996484
299.99964
299.9996534
299.9997392
299.9998936
300.000006
300.0000384
300.0000073
299.999902
299.9997438
299.9995942
299.9996663
299.9996816
299.9996759
299.9996993
299.9997996
299.99994
300.0000222
300.0000271
299.9999728
299.9998574
299.9996963
299.9995485
299.9997418
299.9997606
299.9997568
299.9997812
299.9998711
299.9999842
300.0000372
300.0000191
299.9999469
299.9998238
299.999665
299.9995269
299.9998261
299.9998484
299.9998408
299.9998541
299.999924
300.0000138
300.0000483
300.0000176
299.9999362
299.9998082
299.999651
299.9995196
299.9998721
299.9998948
299.9998828
299.9998887
299.9999483
300.0000277
300.0000548
300.0000187
299.9999325
299.9998018
299.9996453
299.9995174
299.9996407
299.9996362
299.9996325
299.9996609
299.9997667
299.9999313
300.0000368
300.0000511
300.000004
299.9999098
299.999789
299.9996902
299.9996341
299.9996297
299.9996239
299.9996587
299.9997833
299.99995
300.0000425
300.0000466
299.999992
299.9998869
299.999752
299.9996482
299.9996749
299.9996728
299.9996694
299.9997121
299.9998425
299.9999937
300.0000638
300.000049
299.9999779
299.9998606
299.9997232
299.9996298
299.9997562
299.9997555
299.9997527
299.9997929
299.99991
300.0000352
300.0000821
300.0000508
299.9999658
299.9998412
299.9997066
299.999623
299.999839
299.9998389
299.9998318
299.9998627
299.9999602
300.000061
300.0000932
300.0000525
299.9999595
299.9998301
299.9996986
299.9996232
299.9998815
299.999881
299.9998702
299.9998953
299.9999829
300.0000722
300.0000972
300.0000513
299.9999548
299.9998242
299.9996946
299.9996233
299.9999091
299.9998962
299.9998765
299.9998533
299.9998296
299.9998133
299.9999074
299.999891
299.9998684
299.9998425
299.9998174
299.9997973
299.9999003
299.9998776
299.9998498
299.9998193
299.9997922
299.999771
299.9998948
299.9998698
299.9998393
299.9998052
299.9997751
299.999754
299.9998921
299.999871
299.9998402
299.9998056
299.9997739
299.9997533
299.9998932
299.9998792
299.999853
299.9998193
299.9997875
299.9997673
299.9997652
299.9997186
299.9996607
299.9996011
299.9995469
299.9995123
299.9997483
299.9996961
299.9996334
299.9995708
299.9995159
299.9994792
299.9997237
299.9996627
299.9995918
299.9995232
299.9994667
299.9994314
299.9997079
299.9996443
299.9995699
299.9994959
299.9994367
299.999403
299.9997062
299.9996492
299.9995775
299.9995035
299.9994425
299.9994094
299.9997172
299.9996767
299.9996147
299.9995427
299.9994823
299.9994495
299.9996798
299.9996313
299.9995762
299.9995231
299.9994807
299.9994556
299.9996537
299.9996026
299.999545
299.9994909
299.9994494
299.9994242
299.9996165
299.9995608
299.9994981
299.9994394
299.9993977
299.9993737
299.9995926
299.9995374
299.9994727
299.9994092
299.999365
299.9993415
299.9995921
299.9995449
299.9994834
299.9994201
299.9993743
299.99935
299.9996138
299.9995814
299.9995299
299.9994702
299.9994255
299.9994005
299.9996515
299.9996226
299.9996009
299.9995933
299.9995944
299.9995949
299.999622
299.9995926
299.9995706
299.9995633
299.9995645
299.9995626
299.9995778
299.9995468
299.9995221
299.999511
299.9995094
299.9995055
299.9995485
299.9995186
299.9994926
299.9994776
299.9994729
299.999468
299.9995435
299.9995231
299.9995017
299.9994892
299.9994845
299.9994788
299.9995611
299.9995558
299.999549
299.9995442
299.9995419
299.9995364
299.9996642
299.9996438
299.9996432
299.9996703
299.9997075
299.9997283
299.9996356
299.9996167
299.9996181
299.9996471
299.9996831
299.9996993
299.9995927
299.9995757
299.9995788
299.9996069
299.9996394
299.9996533
299.9995638
299.9995502
299.9995587
299.99959
299.9996233
299.9996379
299.9995561
299.999555
299.9995759
299.9996175
299.9996554
299.9996717
299.9995696
299.9995892
299.999635
299.9996923
299.9997354
299.9997544
299.9997299
299.9997001
299.9996989
299.9997333
299.9997802
299.9998073
299.9997096
299.9996832
299.9996857
299.9997242
299.9997709
299.9997946
299.9996799
299.9996588
299.9996674
299.9997107
299.9997586
299.9997814
299.9996582
299.9996451
299.9996677
299.9997216
299.9997744
299.9997988
299.9996529
299.9996567
299.9996992
299.9997707
299.9998332
299.9998601
299.9996641
299.9996936
299.9997692
299.9998592
299.9999203
299.9999439
299.9999016
299.9998938
299.9998738
299.9998418
299.9998109
299.9997928
299.9999127
299.9999112
299.9998923
299.999862
299.9998345
299.9998205
299.9999295
299.9999236
299.9999048
299.9998783
299.9998585
299.9998504
299.9999419
299.9999323
299.999915
299.9998974
299.9998881
299.9998858
299.999952
299.9999409
299.9999296
299.999922
299.999921
299.9999224
299.9999619
299.9999516
299.9999446
299.9999405
299.9999417
299.9999434
299.9999672
299.9999574
299.9999476
299.9999404
299.9999388
299.9999387
299.999969
299.9999582
299.9999426
299.9999277
299.9999202
299.9999171
299.9999681
299.9999568
299.9999381
299.9999154
299.9999007
299.9998945
299.9999522
299.999945
299.9999269
299.9999006
299.9998816
299.999873
299.9999208
299.9999167
299.9999004
299.9998756
299.999857
299.999848
299.999894
299.9998827
299.9998648
299.9998444
299.9998302
299.999824
299.999747
299.9997203
299.9996687
299.9996008
299.9995453
299.9995169
299.9997822
299.9997648
299.9997143
299.9996528
299.9996085
299.9995884
299.9998202
299.999796
299.9997472
299.9996994
299.999674
299.9996647
299.9998464
299.9998175
299.9997795
299.9997563
299.9997517
299.9997527
299.9998662
299.9998416
299.9998227
299.9998191
299.9998282
299.9998349
299.9998923
299.9998718
299.9998592
299.999858
299.9998659
299.9998722
299.9999227
299.9998934
299.9998688
299.9998558
299.9998522
299.9998535
299.9999493
299.9999113
299.9998686
299.9998329
299.9998148
299.9998093
299.9999569
299.999917
299.9998631
299.9998098
299.9997786
299.9997662
299.9999175
299.9998853
299.9998306
299.9997721
299.9997348
299.9997181
299.9998322
299.9998049
299.9997553
299.9997041
299.9996716
299.9996566
299.9997483
299.9997051
299.9996596
299.9996239
299.9996074
299.9996023
299.9996579
299.9996363
299.999595
299.9995429
299.9995043
299.9994841
299.9997006
299.9996838
299.9996462
299.999606
299.999582
299.9995717
299.999736
299.9997127
299.9996835
299.9996657
299.9996638
299.9996662
299.9997586
299.9997381
299.9997284
299.9997353
299.9997561
299.9997685
299.9997831
299.9997749
299.9997786
299.999802
299.9998293
299.9998434
299.9998264
299.9998167
299.9998161
299.9998307
299.9998455
299.9998534
299.9998959
299.9998608
299.9998378
299.9998251
299.9998185
299.9998161
299.9999761
299.999916
299.9998614
299.9998169
299.9997893
299.9997765
300.0000111
299.9999438
299.9998696
299.9998037
299.9997612
299.9997407
299.9999663
299.9999049
299.9998245
299.9997539
299.9997088
299.9996867
299.9998453
299.9997885
299.9997158
299.9996595
299.9996285
299.9996145
299.9997165
299.9996458
299.9995893
299.9995622
299.999558
299.9995607
299.9996012
299.9996086
299.9996166
299.9996222
299.9996252
299.9996231
299.9996356
299.9996507
299.9996678
299.9996868
299.9997006
299.9997049
299.9996622
299.9996755
299.999704
299.9997409
299.9997716
299.9997837
299.9996878
299.9997017
299.9997407
299.9997947
299.999836
299.9998526
299.9997265
299.9997386
299.9997791
299.999831
299.9998642
299.9998771
299.9997896
299.9997888
299.9998076
299.9998323
299.9998434
299.9998462
299.9998876
299.9998546
299.9998385
299.9998249
299.9998085
299.9997984
299.9999983
299.9999339
299.9998791
299.9998288
299.9997885
299.9997676
300.0000402
299.9999652
299.999886
299.9998146
299.9997625
299.9997362
299.9999896
299.9999136
299.9998247
299.9997505
299.9997029
299.9996801
299.9998528
299.9997793
299.9997013
299.9996489
299.9996236
299.999614
299.9997038
299.9996262
299.9995767
299.9995621
299.9995727
299.999583
299.9996045
299.9996408
299.999709
299.9997767
299.9998205
299.999839
299.9996319
299.999682
299.9997625
299.9998354
299.9998794
299.9998968
299.9996569
299.9997075
299.9997935
299.9998719
299.9999185
299.999936
299.9996877
299.9997308
299.9998135
299.9998924
299.999936
299.9999519
299.9997341
299.9997622
299.999828
299.9998904
299.9999212
299.999932
299.9998086
299.9998128
299.9998427
299.9998697
299.9998785
299.9998798
299.9999093
299.9998809
299.9998703
299.9998596
299.9998438
299.9998342
299.9999986
299.9999436
299.9998983
299.9998556
299.9998207
299.999803
300.0000196
299.9999546
299.9998843
299.9998219
299.9997784
299.9997578
299.9999532
299.9998827
299.9998041
299.9997425
299.9997053
299.9996891
299.9998158
299.9997485
299.9996858
299.9996462
299.999633
299.9996308
299.9996792
299.999617
299.9995861
299.9995866
299.9996039
299.9996146
299.9996876
299.9997447
299.9998416
299.9999327
299.9999822
300
299.9997124
299.9997815
299.9998881
299.9999711
300.0000104
300.0000226
299.9997388
299.9998077
299.9999107
299.9999875
300.0000225
300.0000317
299.9997796
299.9998294
299.9999193
299.99999
300.0000227
300.0000316
299.9998333
299.9998559
299.9999226
299.9999801
300.0000079
300.0000168
299.9998988
299.9998961
299.9999285
299.999963
299.9999806
299.9999866
299.999956
299.9999359
299.9999365
299.9999478
299.999954
299.9999548
299.9999832
299.9999503
299.9999304
299.9999191
299.9999128
299.9999082
299.9999716
299.9999271
299.9998854
299.9998544
299.9998382
299.9998303
299.9999
299.9998505
299.9997974
299.9997622
299.9997466
299.9997404
299.999794
299.9997436
299.9997013
299.9996832
299.9996813
299.9996819
299.9996973
299.9996596
299.9996475
299.9996522
299.9996641
299.9996702
299.9998734
299.9998543
299.9998331
299.9998186
299.9998128
299.9998118
299.9998638
299.9998345
299.999815
299.9998068
299.9998093
299.9998129
299.9998542
299.9998265
299.9998103
299.9998082
299.9998172
299.9998231
299.999851
299.9998276
299.9998168
299.9998192
299.9998295
299.9998343
299.9998541
299.9998365
299.9998291
299.9998311
299.9998389
299.9998421
299.9998592
299.9998435
299.9998354
299.999835
299.9998405
299.9998437
299.999684
299.9996246
299.9995835
299.9995683
299.9995736
299.9995801
299.9996444
299.9995778
299.9995473
299.999547
299.9995684
299.9995842
299.9996218
299.9995616
299.9995388
299.9995492
299.9995813
299.9996014
299.9996162
299.9995651
299.9995489
299.9995642
299.9995964
299.9996155
299.9996246
299.9995806
299.9995665
299.9995789
299.9996066
299.9996242
299.9996333
299.9995907
299.999575
299.9995838
299.999609
299.9996276
299.9996109
299.9995351
299.9995012
299.9995019
299.9995271
299.9995448
299.9995421
299.9994742
299.9994571
299.9994804
299.9995257
299.9995557
299.9995038
299.9994478
299.9994422
299.9994791
299.9995354
299.9995694
299.9994899
299.9994416
299.9994426
299.9994851
299.9995412
299.9995747
299.9994901
299.9994472
299.9994508
299.9994913
299.999544
299.9995763
299.9994935
299.9994524
299.9994557
299.9994938
299.9995445
299.9995756
299.9995809
299.9995158
299.9994964
299.9995194
299.9995613
299.9995874
299.9995016
299.9994527
299.9994582
299.9995109
299.9995764
299.9996141
299.9994567
299.9994221
299.9994454
299.999515
299.9995911
299.9996326
299.9994386
299.999412
299.9994448
299.99952
299.9995979
299.9996402
299.9994348
299.9994131
299.9994497
299.9995244
299.9996018
299.9996435
299.9994352
299.9994155
299.9994523
299.9995258
299.9996019
299.9996404
299.9995699
299.9995341
299.9995363
299.9995715
299.9996137
299.9996371
299.9995108
299.9994914
299.9995235
299.9995863
299.9996488
299.9996799
299.999479
299.9994745
299.9995281
299.9996095
299.9996823
299.9997175
299.9994677
299.9994733
299.9995395
299.9996292
299.999707
299.9997447
299.9994671
299.9994799
299.9995518
299.999645
299.9997256
299.999765
299.9994678
299.9994838
299.9995575
299.9996515
299.9997335
299.9997765
299.9996354
299.9996225
299.9996342
299.9996591
299.9996852
299.9996968
299.9996108
299.9996144
299.9996484
299.9996927
299.9997288
299.9997436
299.9996028
299.9996209
299.9996725
299.9997295
299.9997726
299.99979
299.999604
299.9996337
299.9996954
299.9997603
299.9998087
299.9998285
299.9996102
299.9996472
299.9997144
299.9997838
299.9998359
299.9998581
299.9996132
299.9996534
299.9997224
299.9997935
299.9998478
299.999871
299.99992
299.9999267
299.999939
299.9999462
299.9999426
299.9999256
299.9999101
299.9999186
299.9999312
299.9999407
299.9999381
299.9999226
299.9998953
299.9999033
299.9999178
299.9999287
299.9999282
299.9999168
299.9998847
299.9998908
299.9999014
299.9999106
299.9999121
299.9999056
299.9998845
299.9998845
299.9998851
299.9998867
299.9998876
299.999887
299.9998865
299.9998776
299.9998635
299.9998524
299.9998501
299.9998569
299.9999735
299.999975
299.9999807
299.9999836
299.9999831
299.999977
299.9999684
299.9999715
299.9999768
299.9999808
299.9999804
299.9999745
299.9999647
299.9999668
299.9999725
299.9999763
299.9999762
299.9999713
299.999963
299.9999643
299.9999676
299.99997
299.9999698
299.9999656
299.9999654
299.9999641
299.9999632
299.9999619
299.9999602
299.9999565
299.999968
299.9999623
299.9999548
299.9999468
299.9999414
299.9999399
299.9999935
299.9999924
299.9999948
299.9999958
299.9999963
299.9999946
299.999991
299.9999909
299.9999938
299.9999953
299.9999954
299.9999934
299.9999912
299.9999912
299.9999937
299.9999946
299.9999945
299.9999928
299.9999912
299.9999913
299.9999926
299.9999929
299.9999928
299.9999914
299.9999926
299.9999917
299.9999916
299.9999909
299.9999904
299.9999893
299.9999932
299.9999908
299.9999891
299.9999866
299.9999851
299.9999846
299.9999996
299.9999988
299.9999994
299.9999997
299.9999999
299.9999996
299.9999988
299.9999983
299.9999992
299.9999996
299.9999995
299.999999
299.9999991
299.9999989
299.9999994
299.9999994
299.9999992
299.9999991
299.9999993
299.9999991
299.9999992
299.999999
299.9999991
299.9999993
299.9999996
299.999999
299.9999989
299.9999989
299.9999993
299.9999998
299.9999994
299.9999987
299.9999987
299.9999988
299.9999993
299.9999997
299.9998771
299.9998607
299.9998312
299.9998075
299.9998029
299.999817
299.9998532
299.9998328
299.9997995
299.9997744
299.9997729
299.9997958
299.9998289
299.9998153
299.9997943
299.9997794
299.9997831
299.999818
299.9998363
299.9998317
299.9998287
299.9998328
299.999849
299.9998985
299.9998741
299.9998759
299.9998843
299.9998996
299.9999258
299.9999871
299.9998811
299.9998765
299.9998767
299.9998863
299.9999152
299.9999903
299.9998143
299.9997992
299.9997832
299.9997845
299.9998111
299.9999002
299.9997472
299.9997281
299.9997064
299.9997033
299.9997255
299.999807
299.9997469
299.9997292
299.9997079
299.9997001
299.9997135
299.9997675
299.9998043
299.9997888
299.9997653
299.9997479
299.9997457
299.9997583
299.9998575
299.9998408
299.999811
299.9997837
299.9997635
299.9997521
299.9998864
299.999867
299.9998327
299.9997977
299.9997642
299.99974
299.9999645
299.9999553
299.9999399
299.9999222
299.9999107
299.9999101
299.9999559
299.9999452
299.9999264
299.999903
299.9998877
299.9998894
299.9999503
299.9999432
299.9999295
299.999911
299.999897
299.9999016
299.9999597
299.9999584
299.9999569
299.9999528
299.9999516
299.9999677
299.9999797
299.9999822
299.9999889
299.9999951
300.0000082
300.0000448
299.9999717
299.9999715
299.9999736
299.9999786
299.9999949
300.0000449
299.9999158
299.9999098
299.9999014
299.999898
299.9999093
299.9999649
299.9998666
299.9998588
299.9998472
299.9998394
299.9998465
299.9998922
299.9998697
299.9998632
299.9998514
299.9998396
299.9998406
299.9998629
299.999908
299.9999012
299.9998857
299.9998674
299.9998561
299.9998522
299.9999357
299.9999259
299.9999061
299.9998836
299.9998624
299.9998463
299.9999481
299.9999365
299.9999167
299.9998928
299.9998693
299.9998485
299.9999917
299.9999885
299.9999849
299.9999795
299.9999753
299.9999731
299.9999896
299.9999866
299.9999822
299.9999747
299.9999668
299.9999625
299.99999
299.9999884
299.9999859
299.99998
299.9999728
299.9999727
299.9999955
299.9999968
299.9999996
300.0000001
300.0000027
300.0000182
300.0000049
300.0000079
300.0000154
300.0000216
300.0000366
300.0000751
299.9999997
300.0000012
300.0000062
300.0000119
300.0000308
300.000083
299.999978
299.9999764
299.9999755
299.9999752
299.9999864
300.0000345
299.9999618
299.9999591
299.9999555
299.9999499
299.9999531
299.9999834
299.9999638
299.9999616
299.9999573
299.9999493
299.9999468
299.9999549
299.9999762
299.9999733
299.9999676
299.9999583
299.9999493
299.9999398
299.9999845
299.9999801
299.9999737
299.9999638
299.9999513
299.9999356
299.9999878
299.9999833
299.9999781
299.9999684
299.9999577
299.9999433
299.999999
299.9999985
299.9999985
299.9999985
299.9999985
299.9999983
299.9999986
299.9999984
299.9999985
299.9999982
299.9999976
299.9999974
299.9999989
299.9999988
299.999999
299.999999
299.9999986
300.0000028
299.9999996
299.9999999
300.0000016
300.0000029
300.0000075
300.000032
300.0000006
300.0000011
300.0000031
300.0000065
300.0000204
300.0000743
299.9999998
300.0000001
300.0000019
300.0000061
300.0000238
300.0000923
299.9999973
299.9999969
299.9999977
299.9999997
300.0000125
300.0000713
299.9999955
299.999995
299.999995
299.9999947
299.9999999
300.0000343
299.9999961
299.9999956
299.9999952
299.9999941
299.9999946
300.000005
299.9999979
299.999997
299.9999965
299.9999954
299.9999933
299.9999913
299.9999988
299.9999977
299.9999971
299.9999958
299.9999933
299.9999888
299.9999989
299.999998
299.9999976
299.9999964
299.9999949
299.9999916
299.9999034
299.9998823
299.9998459
299.9998039
299.9997642
299.9997331
299.9999183
299.9998976
299.9998608
299.9998163
299.9997772
299.9997478
299.9999296
299.9999131
299.9998806
299.9998438
299.9998116
299.9997905
299.9999374
299.9999274
299.9999051
299.9998812
299.9998641
299.9998529
299.9999433
299.9999387
299.9999279
299.9999163
299.9999101
299.9999072
299.9999464
299.9999433
299.9999374
299.9999317
299.9999306
299.9999318
299.9999561
299.9999462
299.9999307
299.999908
299.9998863
299.9998643
299.9999653
299.9999594
299.9999484
299.9999303
299.9999109
299.9998918
299.9999716
299.9999695
299.9999618
299.9999493
299.9999374
299.9999245
299.9999735
299.999974
299.999971
299.999965
299.9999595
299.9999524
299.9999742
299.9999764
299.9999771
299.9999759
299.9999745
299.9999713
299.9999742
299.9999762
299.9999786
299.9999794
299.9999799
299.9999793
299.9999902
299.9999875
299.9999842
299.9999765
299.9999679
299.999958
299.9999929
299.9999924
299.9999903
299.9999849
299.9999788
299.9999706
299.9999943
299.9999947
299.9999938
299.9999904
299.9999871
299.9999821
299.9999942
299.9999946
299.9999956
299.9999948
299.9999931
299.99999
299.9999939
299.9999945
299.9999965
299.9999973
299.9999965
299.9999943
299.9999928
299.999993
299.9999947
299.9999958
299.9999956
299.999995
299.9999992
299.9999988
299.9999985
299.9999977
299.9999969
299.9999951
299.9999997
299.9999996
299.9999994
299.9999988
299.999998
299.9999971
300.0000001
299.9999998
299.9999999
299.9999997
299.9999992
299.9999984
300.0000003
299.9999998
300.0000001
300.0000003
300
299.9999994
300.0000005
300.0000001
300.0000004
300.0000008
300.0000005
299.9999998
300.0000006
300.0000001
300.0000001
300.0000003
299.9999997
299.9999996
299.9998996
299.9998812
299.9998837
299.9999143
299.9999593
299.9999463
299.999836
299.9997232
299.9997078
299.9997823
299.9998483
299.9998638
299.999899
299.9998839
299.9998878
299.999917
299.9999533
299.9999302
299.9998166
299.9997121
299.9997052
299.9997825
299.9998423
299.9998533
299.9998987
299.9998908
299.9998985
299.9999252
299.9999466
299.9999074
299.9997928
299.9997063
299.9997109
299.999787
299.9998346
299.9998382
299.999896
299.9998966
299.9999114
299.999937
299.9999469
299.9998995
299.9997921
299.9997186
299.999732
299.9998008
299.9998341
299.9998247
299.9998892
299.9999019
299.9999277
299.9999556
299.9999619
299.9999175
299.9998233
299.9997653
299.9997807
299.9998265
299.9998391
299.9998155
299.9998764
299.9999082
299.9999556
300.0000007
300.0000205
299.9999938
299.9999266
299.9998777
299.9998701
299.9998742
299.9998547
299.9998171
299.9999657
299.9999558
299.9999559
299.9999726
299.9999981
299.9999876
299.9999169
299.9998475
299.9998412
299.9998879
299.9999306
299.9999456
299.999964
299.9999563
299.9999585
299.9999759
299.9999976
299.9999822
299.9999093
299.9998439
299.9998419
299.999889
299.999927
299.999939
299.9999628
299.9999586
299.9999645
299.9999839
299.9999994
299.9999749
299.9998984
299.999841
299.999845
299.9998917
299.9999231
299.9999316
299.9999592
299.9999594
299.9999709
299.9999925
300.0000035
299.9999726
299.9998963
299.9998458
299.9998566
299.999901
299.9999235
299.9999244
299.9999548
299.9999619
299.9999814
300.000007
300.0000171
299.9999853
299.9999139
299.9998738
299.9998904
299.9999237
299.9999328
299.9999239
299.999945
299.9999647
299.9999985
300.0000393
300.0000598
300.0000384
299.9999827
299.9999526
299.9999582
299.9999659
299.9999522
299.9999297
299.999991
299.9999876
299.9999877
299.9999942
300.0000058
300.0000016
299.9999759
299.9999532
299.9999521
299.9999674
299.9999815
299.9999872
299.99999
299.9999877
299.9999888
299.9999963
300.0000068
300.0000003
299.9999736
299.9999518
299.9999517
299.9999666
299.9999792
299.9999847
299.9999904
299.9999893
299.9999925
300.0000025
300.0000117
300.0000007
299.9999717
299.9999508
299.999952
299.999967
299.9999784
299.9999832
299.9999897
299.9999905
299.9999968
300.0000095
300.0000172
300.0000026
299.9999719
299.9999519
299.9999556
299.9999709
299.9999794
299.999981
299.9999894
299.9999931
300.0000049
300.0000224
300.0000325
300.0000184
299.9999871
299.9999683
299.9999733
299.9999842
299.9999861
299.9999824
299.9999863
299.999995
300.000019
300.000052
300.0000748
300.0000712
300.0000448
300.000025
300.0000218
300.0000163
300.0000007
299.9999863
299.9999989
299.9999983
299.9999983
299.9999988
300.0000001
299.9999994
299.9999968
299.9999946
299.999995
299.999997
299.9999986
299.9999993
299.9999986
299.9999983
299.9999984
299.9999993
300.0000006
299.9999997
299.9999966
299.9999943
299.9999946
299.9999965
299.9999979
299.9999988
299.9999989
299.999999
299.9999993
300.0000009
300.0000023
300.0000013
299.9999975
299.9999948
299.9999949
299.9999966
299.9999981
299.9999988
299.9999996
299.9999999
300.0000009
300.0000028
300.0000052
300.0000046
299.9999996
299.9999962
299.9999963
299.999998
299.9999987
299.9999986
300.0000004
300.0000013
300.000005
300.0000111
300.000018
300.0000198
300.0000135
300.0000069
300.0000048
300.0000036
300.0000017
299.9999993
300.0000003
300.0000039
300.0000145
300.0000385
300.0000641
300.0000787
300.0000726
300.000057
300.0000424
300.0000228
300.0000088
300.0000015
299.9998549
299.9999224
300.0000108
300.0000979
300.0001481
300.0001434
300.0000971
300.0000394
299.9999855
299.9999293
299.9998674
299.9998208
299.9998607
299.9999745
300.0001213
300.0002543
300.0003188
300.0003056
300.0002642
300.0002107
300.0001221
300.0000117
299.9998951
299.9998329
299.9999097
300.000073
300.0002315
300.0002851
300.0002897
300.0002854
300.000261
300.0001987
300.0001323
300.0000796
299.9999591
299.9998651
300.00001
300.0001844
300.0002546
300.0002058
300.000209
300.0002517
300.0002322
300.0001515
300.0000913
300.0001013
300.0000598
299.9999316
300.0000971
300.0002446
300.0002305
300.0001346
300.0001242
300.0000959
300.0000822
300.0001177
300.0001278
300.000132
300.0001481
300.0000033
300.000114
300.0002385
300.000202
300.0001328
299.999988
299.9998322
299.9999124
300.0001417
300.0002025
300.0001699
300.0001947
300.0000539
300.0000557
300.0002115
300.0002119
300.0001567
299.9999975
299.9998247
299.9998924
300.0001356
300.000225
300.0002517
300.0002446
300.0000718
299.9999614
300.0001531
300.0002268
300.0001949
300.0001173
300.0000301
300.0000356
300.0001137
300.0001966
300.000284
300.0002305
300.0000504
299.9998689
300.0000286
300.0001821
300.0002166
300.0001764
300.0001514
300.0001657
300.0001604
300.0002065
300.0002417
300.0001368
299.9999968
299.9997966
299.999884
300.0000373
300.0001649
300.000176
300.0001493
300.0001966
300.0002373
300.0002254
300.0001427
300.0000087
299.9999232
299.9997564
299.9997826
299.9998575
299.9999829
300.0000816
300.0001388
300.0001943
300.0001981
300.0001301
300.0000138
299.9999147
299.9998587
299.9997268
299.9997237
299.9997451
299.9998111
299.9999233
300.0000371
300.0000923
300.00008
300.0000282
299.9999472
299.999868
299.9998145
299.9999246
299.9999671
300.0000307
300.0001077
300.0001612
300.0001679
300.0001321
300.0000883
300.0000544
300.0000163
299.9999665
299.9999335
299.9999159
299.9999884
300.0001043
300.0002448
300.0003458
300.0003724
300.0003373
300.0002669
300.0001759
300.0000792
299.999986
299.9999401
299.9999411
300.0000526
300.0002132
300.0003314
300.0003629
300.0003506
300.0003215
300.0002672
300.0002143
300.0001388
300.000022
299.9999585
300.0000291
300.0001768
300.0002994
300.0002557
300.0002241
300.0002571
300.0002371
300.0001647
300.0001474
300.0001909
300.0001072
300.0000029
300.0001306
300.0002852
300.0002987
300.0001521
300.0001252
300.0000969
300.0000843
300.0001204
300.0001388
300.000219
300.0002118
300.0000543
300.0001608
300.0003232
300.000273
300.0001401
299.99999
299.9998376
299.9999143
300.000141
300.0002084
300.0002495
300.0002677
300.0000761
300.0000996
300.0002963
300.0002797
300.0001643
299.9999988
299.9998275
299.9998957
300.0001353
300.000231
300.0003042
300.0002574
300.0000482
300.0000028
300.0001947
300.0002787
300.0002096
300.0001191
300.0000299
300.0000371
300.0001167
300.0002118
300.0003
300.0001687
299.9999886
299.9999179
300.0000394
300.0001855
300.0002427
300.0001891
300.0001567
300.0001703
300.0001744
300.0002366
300.0002084
300.0000263
299.9999294
299.9998615
299.9999061
300.0000086
300.0001671
300.000225
300.0002115
300.0002391
300.0002541
300.0001986
300.0000353
299.9999307
299.9998933
299.9998365
299.9998441
299.9998865
299.9999921
300.0001224
300.0002062
300.0002205
300.0001624
300.0000534
299.9999521
299.9999002
299.9998824
299.9998304
299.9998234
299.9998347
299.9998865
299.9999912
300.0000796
300.0000918
300.0000473
299.9999901
299.9999343
299.9999002
299.9998911
299.9999763
299.999998
300.0000455
300.0001088
300.0001643
300.0001889
300.0001721
300.0001392
300.0001078
300.0000691
300.0000204
299.9999906
299.9999712
300.0000122
300.0000956
300.0002175
300.0003372
300.0003887
300.0003648
300.0002959
300.0002126
300.0001289
300.0000448
299.9999966
299.9999929
300.0000623
300.0001869
300.0003302
300.0003953
300.000378
300.0003452
300.0003085
300.0002626
300.0001854
300.0000764
300.0000096
300.0000658
300.0001767
300.0003033
300.000289
300.0002332
300.0002587
300.0002393
300.0001733
300.0001852
300.0002382
300.0001416
300.0000406
300.0001584
300.0002975
300.0003271
300.0001625
300.000129
300.0001
300.0000886
300.000125
300.0001466
300.0002595
300.000234
300.0000776
300.0001961
300.0003532
300.000298
300.000143
299.9999947
299.9998439
299.999919
300.0001429
300.0002106
300.0002754
300.0002828
300.0000878
300.0001513
300.0003307
300.0003033
300.0001672
300.0000023
299.9998323
299.9999005
300.0001377
300.0002336
300.0003167
300.0002436
300.0000449
300.0000665
300.0002222
300.0002979
300.0002183
300.0001236
300.0000319
300.0000411
300.0001219
300.0002183
300.0002833
300.000106
299.9999726
299.999989
300.0000703
300.0001898
300.0002523
300.0001958
300.0001579
300.0001711
300.0001807
300.0002354
300.0001301
299.9999773
299.9999239
299.9999407
299.9999657
300.0000318
300.0001706
300.0002439
300.0002316
300.0002501
300.0002443
300.0001333
299.9999844
299.9999214
299.9999105
299.9999239
299.9999271
299.9999554
300.0000346
300.0001547
300.0002304
300.000221
300.0001214
300.0000117
299.9999416
299.9999175
299.9999272
299.9999289
299.9999214
299.9999307
299.999972
300.000049
300.0001044
300.0000899
300.0000302
299.9999762
299.9999479
299.9999434
299.9999528
300
300.0000104
300.000041
300.0000937
300.0001574
300.0002039
300.0002034
300.0001682
300.0001264
300.00008
300.0000302
300.0000063
300.0000029
300.0000292
300.000089
300.0001929
300.0003194
300.0004016
300.0003927
300.0003214
300.0002372
300.0001528
300.0000697
300.0000161
300.0000242
300.0000797
300.0001749
300.0003144
300.0004083
300.000419
300.0003929
300.0003567
300.0003067
300.0002223
300.000112
300.0000339
300.0000894
300.0001908
300.0003016
300.0003156
300.000256
300.0002661
300.000248
300.0001986
300.0002534
300.0002907
300.0001846
300.0000667
300.0001786
300.0003214
300.0003599
300.0001902
300.0001398
300.0001107
300.0001008
300.0001361
300.0001704
300.0003256
300.0002774
300.0001082
300.0002303
300.0003984
300.0003488
300.0001546
300.000009
299.9998607
299.9999321
300.0001509
300.0002191
300.0003309
300.0003232
300.0001237
300.0002053
300.0003854
300.0003545
300.0001787
300.0000135
299.999845
299.9999128
300.0001461
300.0002424
300.0003455
300.0002674
300.0000784
300.000125
300.0002745
300.0003391
300.0002394
300.0001345
300.0000401
300.0000527
300.0001346
300.0002322
300.0002764
300.0001193
300.0000009
300.0000449
300.0001271
300.0002199
300.0002765
300.0002122
300.0001639
300.000176
300.0001948
300.0002299
300.0001091
299.9999922
299.9999522
299.9999981
300.0000278
300.0000885
300.0002025
300.0002862
300.0002762
300.0002759
300.0002405
300.000112
299.9999899
299.9999439
299.999945
299.9999844
299.9999904
300.0000213
300.0000994
300.0002108
300.0002761
300.0002424
300.0001288
300.0000166
299.9999583
299.999947
299.9999684
299.9999871
299.9999838
299.9999935
300.0000302
300.000093
300.0001342
300.0001057
300.0000382
299.9999871
299.9999683
299.9999757
299.9999877
299.9997113
299.9996971
299.9997007
299.9997474
299.99987
300.0000013
300.0000533
300.0000388
299.9999935
299.999921
299.9998436
299.9997938
299.9997271
299.9997093
299.9997054
299.9997482
299.9998715
300.0000028
300.0000544
300.0000407
299.9999912
299.9999151
299.9998365
299.9997937
299.9997741
299.9997544
299.9997488
299.9997907
299.9999091
300.0000282
300.0000726
300.0000501
299.9999882
299.9999077
299.9998331
299.999798
299.9998404
299.9998206
299.9998124
299.9998498
299.9999545
300.000054
300.0000875
300.0000552
299.9999853
299.9999002
299.9998289
299.999801
299.9998982
299.9998784
299.9998669
299.9998979
299.9999862
300.0000699
300.0000933
300.0000539
299.999977
299.9998906
299.9998257
299.9998035
299.9999249
299.9999053
299.9998916
299.9999189
299.9999988
300.0000749
300.0000923
300.0000488
299.9999705
299.9998847
299.9998231
299.9998033
299.9998441
299.9998268
299.999827
299.9998636
299.9999554
300.0000381
300.0000548
300.0000249
299.9999856
299.9999483
299.9999222
299.9999131
299.9998727
299.999852
299.9998462
299.9998742
299.999955
300.0000317
300.000052
300.000032
299.9999984
299.9999639
299.9999388
299.9999286
299.999909
299.9998885
299.9998796
299.999903
299.9999728
300.0000408
300.0000596
300.0000395
300.0000034
299.9999702
299.9999457
299.9999364
299.9999407
299.9999214
299.9999112
299.999931
299.999989
300.0000459
300.000061
300.0000396
300.0000021
299.9999686
299.9999461
299.9999396
299.9999627
299.999945
299.9999344
299.9999504
299.9999986
300.0000457
300.0000555
300.0000317
299.9999948
299.9999632
299.9999451
299.9999409
299.9999738
299.9999579
299.9999459
299.9999595
300.0000033
300.0000444
300.0000512
300.0000264
299.9999906
299.9999601
299.999944
299.9999408
299.999946
299.9999338
299.9999326
299.9999555
300.0000081
300.0000502
300.0000442
300.0000118
299.9999859
299.9999752
299.999971
299.999973
299.9999623
299.9999521
299.9999472
299.9999589
299.999997
300.0000314
300.000033
300.0000176
300.0000023
299.999991
299.9999842
299.9999835
299.9999757
299.9999674
299.9999617
299.9999697
299.9999971
300.0000245
300.000029
300.0000192
300.0000066
299.999995
299.9999889
299.9999871
299.999985
299.9999778
299.999973
299.999979
299.9999988
300.0000185
300.0000228
300.000016
300.0000053
299.9999946
299.9999893
299.9999882
299.9999909
299.9999855
299.9999814
299.9999851
299.9999998
300.0000141
300.0000173
300.0000109
300.0000011
299.9999928
299.999989
299.9999884
299.9999937
299.9999889
299.9999842
299.9999867
299.9999996
300.0000118
300.000014
300.0000076
299.9999985
299.9999914
299.9999884
299.9999883
299.999992
299.9999888
299.9999891
300.0000011
300.0000315
300.0000519
300.0000384
300.0000102
299.9999927
299.9999901
299.9999927
299.9999953
299.9999957
299.9999936
299.9999917
299.9999944
300.0000058
300.0000149
300.0000119
300.0000046
299.9999997
299.9999982
299.999998
299.9999982
299.9999978
299.9999962
299.9999943
299.9999952
300.0000006
300.0000051
300.0000047
300.0000029
300.0000008
299.9999998
299.999999
299.9999989
299.9999987
299.9999975
299.9999965
299.999997
299.9999997
300.0000023
300.0000026
300.0000019
300.0000006
299.9999995
299.9999991
299.999999
299.9999995
299.9999991
299.9999985
299.9999984
299.9999999
300.0000017
300.000002
300.0000013
300.0000002
299.9999994
299.9999991
299.9999991
299.9999999
299.9999995
299.9999987
299.9999985
299.9999999
300.0000013
300.0000014
300.0000008
299.9999999
299.9999993
299.999999
299.9999991
299.9998382
299.9998126
299.9998091
299.9998294
299.9998607
299.9998796
299.999826
299.9998053
299.9998075
299.9998341
299.9998671
299.9998833
299.9998097
299.9997964
299.9998083
299.9998436
299.9998794
299.9998953
299.9997959
299.9997916
299.9998195
299.9998679
299.9999079
299.999924
299.9997976
299.9998053
299.9998538
299.999917
299.9999558
299.9999698
299.9998069
299.999841
299.99991
299.9999739
300.0000073
300.0000187
299.9999425
299.9999358
299.9999342
299.9999382
299.9999462
299.9999503
299.9999361
299.9999329
299.9999362
299.9999448
299.9999539
299.9999565
299.9999295
299.9999307
299.9999393
299.9999532
299.9999637
299.999967
299.9999207
299.9999276
299.9999443
299.9999638
299.9999768
299.9999816
299.999921
299.9999321
299.999959
299.9999835
299.9999964
300.0000008
299.9999284
299.9999473
299.9999816
300.0000075
300.0000209
300.0000256
299.999988
299.9999872
299.9999862
299.999987
299.9999894
299.9999899
299.9999861
299.9999863
299.9999875
299.9999894
299.9999913
299.99999
299.9999851
299.9999866
299.9999895
299.9999925
299.9999942
299.9999928
299.999982
299.9999849
299.9999899
299.9999944
299.9999976
299.9999968
299.9999821
299.9999864
299.9999934
299.9999989
300.0000025
300.0000012
299.9999834
299.9999899
299.9999984
300.0000041
300.0000049
300.0000041
299.9999995
299.9999995
299.9999993
299.9999999
300.0000006
300.0000005
299.9999989
299.999999
299.9999992
299.9999997
300.0000001
299.9999993
299.9999991
299.9999992
299.9999997
299.9999998
299.9999997
299.9999998
299.9999991
299.9999994
299.9999996
299.9999998
300.0000002
300.0000002
299.999999
299.9999995
299.9999995
299.9999999
300.0000002
299.9999994
299.9999989
299.9999992
299.9999993
299.9999997
299.9999995
299.9999996
299.9998208
299.9998771
299.9999596
300.0000148
300.0000397
300.0000475
299.9998366
299.9999048
299.9999882
300.0000331
300.0000511
300.0000537
299.999861
299.9999259
300.0000011
300.0000395
300.0000538
300.0000538
299.999905
299.999944
300.0000049
300.000041
300.0000555
300.0000568
299.9999524
299.9999607
300.0000048
300.0000392
300.0000552
300.0000601
299.9999835
299.9999747
300.0000027
300.0000338
300.0000509
300.0000577
299.9999881
299.9999719
299.9999913
300.0000172
300.000033
300.000039
299.9999692
299.9999543
299.9999626
299.9999772
299.9999869
299.99999
299.9999325
299.9999146
299.9999064
299.9999063
299.9999088
299.9999096
299.9998785
299.999854
299.9998337
299.9998261
299.9998251
299.9998247
299.9998183
299.9997951
299.9997806
299.9997765
299.9997778
299.9997779
299.9997831
299.9997704
299.9997657
299.9997666
299.9997701
299.9997703
299.9999345
299.9999656
300.0000038
300.0000276
300.0000348
300.0000372
299.9999415
299.9999804
300.0000198
300.0000356
300.000036
300.0000355
299.999956
299.9999933
300.0000272
300.000038
300.0000348
300.0000319
299.9999832
300.0000025
300.0000298
300.0000394
300.0000376
300.000036
300.0000067
300.0000064
300.0000293
300.0000419
300.0000456
300.0000481
300.0000096
300.0000025
300.0000244
300.0000423
300.0000518
300.0000576
299.9999846
299.9999812
300.0000083
300.0000299
300.0000423
300.0000486
299.999946
299.9999534
299.9999805
299.9999985
300.0000091
300.0000141
299.9999123
299.9999227
299.9999412
299.9999547
299.9999637
299.9999675
299.9998891
299.9998962
299.9999068
299.9999154
299.9999222
299.9999248
299.9998822
299.9998884
299.9998947
299.9999004
299.9999048
299.9999061
299.9998925
299.999898
299.9999013
299.9999038
299.9999058
299.9999058
299.9999857
299.9999948
300.0000048
300.0000068
300.0000063
300.0000065
299.9999879
299.9999996
300.0000091
300.0000083
300.0000068
300.0000063
299.9999949
300.0000055
300.0000109
300.0000085
300.0000065
300.000005
300.0000101
300.000009
300.0000113
300.0000089
300.0000072
300.0000059
300.000021
300.0000103
300.0000115
300.0000109
300.0000108
300.0000106
300.0000164
300.0000042
300.0000095
300.0000127
300.0000146
300.0000157
299.9999863
299.9999843
300.0000008
300.0000095
300.0000136
300.0000152
299.9999469
299.9999655
299.9999887
300.0000001
300.0000054
300.000007
299.9999276
299.999955
299.9999764
299.999987
299.9999921
299.9999937
299.9999308
299.9999545
299.9999704
299.9999783
299.9999823
299.9999832
299.9999466
299.9999619
299.9999707
299.9999761
299.9999788
299.9999793
299.9999631
299.999971
299.9999758
299.9999786
299.9999802
299.99998
300.0000004
299.9999994
300.0000004
299.9999998
299.9999999
300.0000007
300.0000017
300.0000009
300.0000008
299.9999997
300.0000005
300.0000006
300.0000059
300.0000012
300
299.9999996
300.0000005
300.0000001
300.0000174
300.0000027
300.0000001
299.9999999
300.0000002
299.9999998
300.00003
300.0000051
300.0000011
300.0000005
300.0000006
300.0000004
300.0000309
300.0000046
300.0000014
300.000001
300.0000012
300.0000013
300.0000069
299.9999965
299.9999989
300.0000006
300.0000012
300.0000015
299.999975
299.9999888
299.9999965
299.9999993
300.0000005
300.0000009
299.9999639
299.9999875
299.9999959
299.9999985
299.9999995
299.9999998
299.9999758
299.9999906
299.9999958
299.9999979
299.9999988
299.9999989
299.9999867
299.9999941
299.9999968
299.9999981
299.9999986
299.9999986
299.9999939
299.9999966
299.9999979
299.9999985
299.9999987
299.9999988
299.9997756
299.9997735
299.9997776
299.9997843
299.9997896
299.9997898
299.9997848
299.9997913
299.9998044
299.9998155
299.9998223
299.9998223
299.9997945
299.9998096
299.9998297
299.9998456
299.9998556
299.9998572
299.9998032
299.9998237
299.9998484
299.9998696
299.999884
299.9998884
299.9998091
299.9998328
299.999861
299.9998865
299.9999051
299.9999114
299.9998104
299.9998346
299.9998639
299.9998921
299.9999121
299.9999147
299.9999133
299.9999162
299.999918
299.9999174
299.9999166
299.9999149
299.9999283
299.9999315
299.9999335
299.9999318
299.9999296
299.9999274
299.9999371
299.9999417
299.999945
299.9999443
299.999943
299.9999426
299.9999417
299.9999469
299.9999514
299.9999531
299.9999539
299.9999548
299.9999439
299.9999497
299.9999558
299.9999596
299.9999629
299.9999631
299.9999441
299.9999502
299.9999575
299.9999628
299.9999657
299.9999665
299.9999768
299.9999798
299.9999819
299.9999826
299.9999831
299.9999822
299.9999841
299.9999854
299.9999864
299.999986
299.9999861
299.9999852
299.9999875
299.9999886
299.9999895
299.9999892
299.9999897
299.9999894
299.9999888
299.9999898
299.9999909
299.9999912
299.9999926
299.9999915
299.9999892
299.9999905
299.9999923
299.9999935
299.9999952
299.9999932
299.9999891
299.9999905
299.9999927
299.9999932
299.9999939
299.9999926
299.9999972
299.9999982
299.9999987
299.9999988
299.999999
299.9999989
299.9999986
299.9999989
299.9999991
299.999999
299.9999992
299.9999992
299.9999991
299.9999992
299.9999993
299.9999992
299.9999997
299.9999997
299.9999991
299.9999991
299.9999993
299.9999994
300
299.9999997
299.9999992
299.9999994
299.9999999
300.0000001
300.0000008
300.0000004
299.9999992
299.9999995
299.9999999
299.9999999
300.0000004
299.9999987
299.999846
299.9999208
300.0000209
300.0001225
300.0000738
299.9999424
300.0000108
300.0000855
300.0001141
300.0000446
300.0001047
300.0001252
300.0001184
300.0001023
300.0000287
300.0000866
300.0000727
300.0000509
300.0000331
300.0000053
299.9998488
299.9999275
300.0000266
300.0001255
300.000075
299.9999455
300.0000187
300.0000875
300.0001115
300.0000431
300.000106
300.0001268
300.0001185
300.0000965
300.0000237
300.0000831
300.0000686
300.0000447
300.000025
299.9999926
299.9998568
299.999941
300.0000455
300.0001408
300.0000699
299.9999517
300.00003
300.0000931
300.0001122
300.0000423
300.0001103
300.0001315
300.0001199
300.0000943
300.0000247
300.00008
300.0000688
300.0000412
300.0000229
299.9999829
299.9998626
299.9999449
300.0000461
300.0001339
300.0000435
299.9999524
300.0000305
300.0000845
300.0001018
300.0000317
300.0000932
300.0001204
300.0001038
300.0000777
300.0000152
300.0000546
300.000054
300.0000313
300.0000148
299.9999756
299.9998958
299.999992
300.0000941
300.0001882
300.0000995
300.0000067
300.0000858
300.0001378
300.000137
300.0000593
300.0001612
300.0001714
300.0001368
300.0000928
300.00003
300.000109
300.0000758
300.0000458
300.0000212
299.9999985
299.9998512
299.9999277
300.0000415
300.0001384
300.0000564
299.9999171
300.0000297
300.0000809
300.0001046
300.0000454
300.00011
300.0001304
300.0001128
300.0000806
300.0000284
300.0000675
300.0000466
300.0000297
300.0000216
299.9999979
299.9999306
300.0000366
300.0000852
300.0000976
300.0000822
300.0000642
300.0000816
300.0000927
300.0000844
300.0000683
300.0000946
300.0000941
300.000069
300.000054
300.0000517
300.0000785
300.0000354
300.0000336
300.0000404
300.0000564
300.0000289
300.0000804
300.0000945
300.000126
300.0001405
300.0000743
300.0000865
300.000094
300.0000995
300.0001385
300.0001282
300.0001006
300.0000838
300.0000865
300.0001259
300.0000596
300.0000761
300.000096
300.0001139
300.000132
300.0000485
300.0000801
300.0001266
300.0001731
300.0001915
300.0001211
300.0001184
300.0001133
300.0001531
300.0001921
300.0001347
300.000131
300.0001339
300.0001548
300.0001683
300.0001011
300.0001511
300.0001666
300.0001626
300.0001374
300.0000121
300.0001716
300.0001976
300.0001627
300.0001208
300.0000713
300.0000713
300.0000902
300.000102
300.0001719
300.0002107
300.0002017
300.0000089
300.0001574
300.0001888
300.0001764
300.0001615
300.0001467
300.0001575
300.000156
300.0001477
300.0001514
300.000191
300.0001884
299.9999523
300.0000707
300.0001398
300.0001297
300.0000815
300.000044
300.0001044
300.0001571
300.0001777
300.0001814
300.0001665
300.0001277
299.9998691
299.9999383
299.9999879
299.9999824
299.999928
299.999935
300.0000372
300.0001427
300.0001866
300.0001787
300.0001269
300.000058
299.9998446
299.999939
300.0000194
300.0000657
300.0000456
300.0000055
299.99998
299.9999546
299.9999294
299.9998821
299.9998124
299.9997381
299.9999039
300.0000284
300.000121
300.0001656
300.000146
300.0001022
300.0000868
300.0000656
300.0000324
299.9999654
299.9998722
299.9997693
299.9999703
300.0000998
300.0001505
300.0001622
300.0002068
300.000252
300.0002491
300.0001709
300.0000719
299.9999941
299.9999226
299.9998087
300.0000171
300.0001339
300.0001396
300.0001441
300.0001707
300.0002026
300.00019
300.0001266
300.0000878
300.0000372
299.9999621
299.9998522
300.0000109
300.000112
300.0001381
300.0000869
300.0000969
299.9999929
299.9999899
300.0001099
300.0001118
300.0001286
299.9999619
299.999869
299.9999655
300.000066
300.0001591
300.0000654
299.9999048
299.9997802
299.9998541
300.0000774
300.0001733
300.0001837
299.9999757
299.9999072
299.9999211
300.0000458
300.0001784
300.0000822
299.9999061
299.9997762
299.9998393
300.0000645
300.0001804
300.0002269
300.0001079
300.0000273
299.9999092
300.0000765
300.0001964
300.0001351
300.0000703
299.9999446
299.99996
300.0000966
300.0001303
300.0002233
300.0002157
300.0001382
299.9999056
300.0000956
300.0001981
300.0001916
300.0001277
300.0001019
300.0001066
300.000097
300.000134
300.0002053
300.0002225
300.0001649
299.9998711
300.0000309
300.00016
300.0001741
300.0001572
300.0001417
300.0001726
300.0001808
300.0001822
300.000186
300.000177
300.0001197
299.9998129
299.9999132
300.0000195
300.0000656
300.0000228
299.9999853
300.0000875
300.000184
300.0001986
300.0001713
300.0001028
300.0000353
299.9997504
299.9998016
299.9998562
299.9998804
299.9998788
299.999926
300.0000457
300.0001436
300.000162
300.000116
300.0000319
299.9999467
299.9998195
299.9999023
299.9999883
300.0000578
300.0000682
300.0000338
299.9999898
299.9999557
299.9999209
299.9998672
299.9997993
299.9997388
299.9998534
299.9999731
300.0000973
300.0001804
300.0001814
300.0001164
300.000073
300.0000743
300.0000348
299.9999545
299.9998511
299.9997619
299.9999139
300.0000603
300.0001639
300.0001878
300.0002129
300.0002349
300.0002214
300.0001466
300.0000574
299.9999978
299.9999077
299.9997973
299.9999885
300.0001266
300.0001664
300.0001699
300.000201
300.0002486
300.0002314
300.0001465
300.0000704
300.0000206
299.9999651
299.9998521
300.0000216
300.0001301
300.0001603
300.000126
300.0001201
300.0000814
300.000067
300.0001129
300.0001253
300.0000819
299.999983
299.9998958
299.9999984
300.0000715
300.0001581
300.00013
299.999974
299.9998205
299.9998973
300.0001301
300.0002006
300.0001268
299.9999887
299.9999453
299.9999369
300.0000207
300.0001684
300.0001496
299.9999816
299.9998126
299.999878
300.000124
300.0002231
300.000216
300.0001049
300.0000295
299.9998881
300.000032
300.0001813
300.0001846
300.0001085
300.0000163
300.0000214
300.0001088
300.0001845
300.0002418
300.0002051
300.0000949
299.9998487
300.0000032
300.0001655
300.0001995
300.0001672
300.0001468
300.0001608
300.0001458
300.0001776
300.000217
300.000186
300.0000933
299.9997981
299.9999098
300.0000713
300.0001424
300.0001319
300.0001103
300.0001722
300.0002028
300.000201
300.0001727
300.0000943
300.0000256
299.9997541
299.9998076
299.9998947
299.999969
299.9999768
299.9999892
300.0000978
300.0001822
300.0001754
300.0000969
299.9999975
299.9999313
299.9997118
299.999728
299.9997643
299.9998038
299.9998572
299.9999564
300.0000643
300.0001153
300.0001024
300.000027
299.9999292
299.9998508
299.9999747
299.9999588
299.9999415
299.9999315
299.9999448
299.9999812
300.0000176
300.000031
300.0000215
300.0000009
299.9999784
299.9999621
299.9999475
299.9999242
299.9998853
299.9998651
299.9998931
299.9999626
300.000023
300.0000334
300.0000013
299.9999555
299.999915
299.9998825
299.9998866
299.9998676
299.9998398
299.9998349
299.9998712
299.999932
299.9999622
299.9999392
299.9998986
299.9998728
299.9998628
299.9998508
299.9997761
299.9997674
299.9997714
299.9997984
299.99985
299.9998831
299.9998629
299.9998093
299.9997794
299.9997828
299.9998011
299.9998059
299.9997097
299.999711
299.9997383
299.9997914
299.9998466
299.9998529
299.9997973
299.999732
299.9997075
299.9997178
299.999733
299.9997283
299.9997335
299.9997425
299.9997842
299.99985
299.9998999
299.9998885
299.999812
299.9997451
299.9997221
299.9997135
299.9997053
299.9996872
299.9999674
299.9999499
299.9999329
299.9999281
299.9999421
299.999979
300.0000235
300.0000397
300.0000343
300.0000183
300.0000019
299.9999868
299.9999612
299.999938
299.9999017
299.9998863
299.9999127
299.9999802
300.0000477
300.0000787
300.000061
300.0000261
299.9999909
299.9999524
299.999929
299.9999166
299.9998924
299.9998955
299.9999228
299.9999698
300.0000197
300.0000321
300.0000069
299.9999843
299.9999691
299.9999448
299.9998392
299.9998451
299.9998488
299.9998752
299.9999078
299.9999336
299.9999433
299.9999249
299.9999038
299.9999065
299.999916
299.9999075
299.9997571
299.9997779
299.9998103
299.9998535
299.9998862
299.999889
299.9998603
299.9998154
299.9998094
299.9998209
299.9998292
299.9998162
299.9997602
299.9997971
299.9998441
299.9998945
299.9999136
299.9998998
299.9998419
299.9997949
299.9997889
299.999781
299.9997636
299.9997345
300.0000419
300.0000328
300.000023
300.0000029
300.0001022
300.000082
300.0000556
300.0000124
300.000101
300.000083
300.000068
300.0000335
300.0000463
300.0000433
300.000039
300.0000147
299.9999309
299.9999571
299.999964
299.9999384
299.9998893
299.9999046
299.9998849
299.9998319
299.9999139
299.9999219
299.9999405
299.9999689
300.0000003
300.0000109
299.9999913
299.9999691
299.9999599
299.999964
299.999972
299.9999727
299.9997777
299.9997926
299.9998251
299.9998844
299.9999584
299.9999879
299.9999556
299.9999091
299.9998976
299.9999216
299.9999481
299.9999506
299.9996892
299.9996992
299.9997246
299.9997783
299.9998605
299.9999052
299.9998821
299.9998379
299.9998308
299.9998627
299.9998956
299.9999001
299.9996161
299.9996274
299.9996493
299.9996925
299.9997661
299.9998217
299.9998261
299.9997985
299.9997861
299.9997939
299.9998054
299.9998004
299.9995947
299.9996177
299.9996451
299.9996849
299.9997377
299.9997942
299.9998296
299.9998278
299.9998133
299.9997932
299.999769
299.9997421
299.9996639
299.9997057
299.9997398
299.9997661
299.9997933
299.9998364
299.9998951
299.9999265
299.9999196
299.9998781
299.9998249
299.9997747
299.9999221
299.9999355
299.9999462
299.9999822
300.0000089
300.0000166
300.0000021
299.9999766
299.9999615
299.9999612
299.9999707
299.9999753
299.9998151
299.9998336
299.9998664
299.9999287
299.9999939
300.0000275
300.000004
299.9999516
299.9999267
299.9999418
299.9999656
299.9999731
299.9997439
299.9997615
299.9997944
299.9998638
299.9999462
299.9999834
299.9999622
299.9999148
299.9998944
299.9999133
299.9999392
299.999943
299.9996815
299.9997024
299.9997296
299.9997869
299.9998677
299.9999161
299.9999096
299.9998723
299.9998513
299.9998524
299.9998617
299.9998501
299.999625
299.9996622
299.9996999
299.9997493
299.9998104
299.9998642
299.9998814
299.9998637
299.9998524
299.9998362
299.9998095
299.9997743
299.9996696
299.9997214
299.9997617
299.9997991
299.9998279
299.9998697
299.9999081
299.9999244
299.9999356
299.9999009
299.9998505
299.9997914
299.9999623
299.9999733
299.9999754
299.9999623
299.9999429
299.9999372
299.999941
299.9999462
299.9999515
299.9999452
299.9999306
299.9999162
299.9998982
299.999933
299.9999309
299.9998877
299.999832
299.9998221
299.9998562
299.9998949
299.9999127
299.999899
299.9998589
299.9998175
299.9998832
299.999931
299.9999194
299.9998464
299.9997741
299.9997832
299.9998611
299.9999367
299.9999732
299.9999539
299.9998932
299.9998265
299.9998361
299.9998749
299.9998594
299.9997893
299.9997526
299.9998096
299.9999259
300.000029
300.000064
300.0000248
299.9999359
299.9998456
299.9997317
299.9997489
299.9997421
299.9997157
299.9997398
299.999853
299.9999897
300.0000781
300.0000915
300.0000274
299.9999194
299.9998202
299.9996664
299.9996758
299.9996841
299.9997035
299.9997745
299.9999112
300.0000313
300.0000843
300.0000742
300.0000034
299.9998943
299.9997977
299.9999854
299.9999919
299.999988
299.9999765
299.9999574
299.9999456
299.9999479
299.9999541
299.9999573
299.9999495
299.9999368
299.9999271
299.9999609
299.999984
299.9999718
299.9999268
299.9998696
299.9998475
299.999869
299.9999012
299.9999174
299.9999072
299.9998791
299.9998541
299.9999668
300.0000041
299.9999806
299.9999044
299.9998231
299.9998098
299.9998658
299.9999314
299.9999685
299.9999632
299.9999251
299.9998844
299.9999346
299.9999708
299.9999447
299.999869
299.9998055
299.9998214
299.9999128
300.0000152
300.0000648
300.0000525
299.999996
299.9999337
299.9998311
299.9998635
299.9998503
299.9998069
299.9997879
299.9998542
299.9999759
300.0000808
300.0001196
300.0000927
300.0000177
299.9999364
299.9997276
299.9997563
299.9997727
299.999775
299.9997976
299.9998952
300.0000141
300.0000986
300.0001237
300.0000828
299.9999973
299.9999044
299.9999975
299.9999992
299.9999946
299.9999918
299.9999737
299.9999488
299.9999534
299.9999584
299.9999578
299.9999499
299.9999414
299.9999388
300.0000058
300.0000155
299.9999965
299.9999542
299.9998931
299.9998553
299.9998695
299.9999046
299.999915
299.9999075
299.999888
299.9998738
300.000038
300.000065
300.0000372
299.9999634
299.999874
299.999841
299.9998743
299.9999236
299.999955
299.9999544
299.9999329
299.9999084
300.0000269
300.000058
300.0000249
299.9999427
299.9998599
299.9998387
299.9998961
299.99999
300.0000453
300.0000495
300.0000211
299.9999851
299.9999462
299.9999801
299.999966
299.9999061
299.999845
299.9998647
299.9999618
300.0000722
300.0001234
300.0001262
300.0000884
300.0000331
299.9998419
299.9998893
299.9998992
299.9998725
299.9998417
299.9999019
300.0000056
300.0001085
300.0001563
300.0001456
300.0000947
300.0000227
299.999961
299.9999601
299.9999512
299.9999451
299.9999459
299.9998971
299.9999136
299.999907
299.9998943
299.999886
299.9999152
299.9999337
299.9999341
299.9999248
299.9999152
299.9999519
300.0000004
300.0000191
300.0000105
299.9999981
300.0000392
300.0000967
300.0001164
300.0001047
300.0000783
300.0000995
300.0001531
300.000165
300.000145
300.0001058
299.9999646
299.9999638
299.9999604
299.999958
299.9999578
299.9999067
299.9999209
299.9999159
299.999907
299.9998999
299.9999204
299.9999257
299.999921
299.9999164
299.9999168
299.999932
299.9999457
299.9999601
299.9999685
299.9999774
299.9999749
300.0000116
300.0000488
300.0000667
300.0000695
300.0000417
300.0001018
300.0001276
300.0001285
300.000127
299.9999945
299.9999921
299.9999874
299.9999803
299.9999734
299.9999699
299.9999736
299.9999633
299.999945
299.9999285
299.9999525
299.9999596
299.9999543
299.9999362
299.9999245
299.9999409
299.9999573
299.9999587
299.9999456
299.9999419
299.9999525
299.9999612
299.99997
299.9999742
299.9999918
299.9999678
299.9999887
300.0000151
300.0000265
300.000047
299.9999142
299.9999309
299.9999587
299.9999737
299.9999757
299.9999724
299.9999666
299.9999555
299.9999455
299.999931
299.9999195
299.9999157
299.9998159
299.9998734
299.9999413
299.9999742
299.9999708
299.9999493
299.9999242
299.9999012
299.999878
299.9998465
299.9998123
299.999785
299.9998289
299.9999204
300.0000091
300.0000373
300.0000015
299.9999336
299.9998707
299.9998356
299.9998147
299.9997851
299.9997476
299.9997093
299.9998515
299.9999601
300.0000596
300.000087
300.0000294
299.9999169
299.9998167
299.9997566
299.9997241
299.9996979
299.9996687
299.9996384
299.9998275
299.999939
300.0000456
300.000086
300.0000394
299.9999252
299.9998112
299.9997372
299.9996926
299.9996602
299.9996331
299.9996096
299.999804
299.9999065
300.0000063
300.0000587
300.0000407
299.9999623
299.999874
299.9998046
299.9997576
299.9997163
299.9996879
299.9996689
299.9999301
299.9999462
299.9999688
299.9999808
299.9999785
299.9999709
299.9999689
299.9999582
299.9999485
299.9999317
299.9999252
299.9999243
299.9998574
299.9999041
299.999955
299.9999804
299.9999814
299.9999555
299.9999387
299.9999311
299.9999098
299.9998751
299.9998442
299.9998229
299.9998935
299.999961
300.0000212
300.0000417
300.0000167
299.999955
299.9999037
299.9998888
299.9998723
299.9998344
299.9997935
299.9997577
299.9999447
300.000029
300.0000952
300.0001023
300.0000479
299.9999495
299.9998664
299.9998266
299.9997947
299.9997564
299.9997214
299.9996888
299.9999459
300.0000422
300.0001148
300.0001241
300.0000667
299.9999476
299.9998244
299.9997648
299.9997236
299.9996874
299.9996563
299.9996286
299.9999124
300.0000133
300.0000897
300.0001161
300.0000712
299.9999694
299.9998542
299.999796
299.9997596
299.9997166
299.9996883
299.9996638
299.9999417
299.9999557
299.9999738
299.9999791
299.9999676
299.9998808
299.9999177
299.999958
299.9999816
299.9999806
299.9999185
299.9999728
300.0000226
300.0000388
300.0000142
299.9999962
300.0000555
300.0000998
300.0001014
300.0000396
300.0001041
300.0001472
300.000149
300.0000275
300.0001026
300.0001529
300.0001564
299.9999513
299.9999644
299.999974
299.999966
299.9998971
299.9999293
299.9999604
299.9999799
299.9999301
299.9999719
300.0000095
300.0000211
300.0000123
300.0000527
300.0000801
300.0000866
300.0000874
300.0001249
300.0001472
300.0001412
300.0001097
300.0001533
300.0001787
300.0001678
299.9999621
299.9999706
299.9999745
299.9999746
299.9999082
299.9999354
299.9999605
299.999981
299.9999278
299.9999585
299.9999836
299.9999924
299.9999939
300.0000165
300.0000321
300.0000441
300.0000773
300.0000972
300.0001108
300.0001099
300.0001304
300.0001485
300.0001612
300.0001503
299.9999743
299.9999798
299.9999834
299.9999866
299.9999365
299.9999614
299.9999808
299.9999971
299.9999362
299.9999651
299.9999872
300.0000042
299.9999596
299.9999824
300.0000016
300.0000262
300.0000068
300.0000154
300.0000262
300.0000592
300.0000636
300.0000717
300.0000755
300.000074
)
;

boundaryField
{
    inlet
    {
        type            fixedValue;
        value           nonuniform 0();
    }
    outlet
    {
        type            inletOutlet;
        inletValue      uniform 300;
        value           nonuniform List<scalar> 
576
(
300
300
300
300
300
300
300
300
300
300
300
300
300
300
300
300
300
300
300
300
300
300
300
300
300
300
300
300
300
300
300
300
300
300
300
300
300
300
300
300
300
300
300
300
300
300
300
300
300
300
300
300
300
300
300
300
300
300
300
300
300
300
300
300
300
300
300
300
300
300
300
300
300
300
300
300
300
300
300
300
300
300
300
300
300
300
300
300
300
300
300
300
300
300
300
300
300
300
300
300.000032
300.0000744
300.0000923
300.0000713
300.0000344
300.000005
300
300
300
300
300
300
300
300
300
300
300
300
300
300
300
300
300
300
300
300
300
300
300
300
300
300
300
300
300
300
300
300
300
300
300
300
300
300
300
300
300
300
300
300
300
300
300
300
300
300
300
300
300
300
300
300
300
300
300
300
300
300
300.0000385
300
300
300
300
300
300.0000641
300
300
300
300
300
300.0000786
300
300
300
300
300
300.0000726
300
300
300
300
300
300.000057
300
300
300
300
300
300.0000424
300
300
300
300
300
300
300
300
300
300
300
300
300
300
300
300
300
300
300
300.0000029
300.0000241
300.0000895
300.0001786
300.0002303
300.0002053
300.000125
300.0000448
299.9999981
299.9999844
300
300.0000104
300.0000293
300.0000797
300.0001907
300.0003212
300.0003983
300.0003854
300.0002745
300.0001271
300.0000278
299.9999905
299.9999837
300.0000409
300.000089
300.0001748
300.0003015
300.0003597
300.0003487
300.0003544
300.0003389
300.0002199
300.0000885
300.0000213
299.9999935
300.0000938
300.0001929
300.0003144
300.0003154
300.0001901
300.0001546
300.0001787
300.0002393
300.0002765
300.0002025
300.0000993
300.0000301
300.0001574
300.0003194
300.0004083
300.0002559
300.0001398
300.0000089
300.0000134
300.0001345
300.0002122
300.0002862
300.0002108
300.0000929
300.0002039
300.0004016
300.0004189
300.0002662
300.0001107
299.9998607
299.999845
300.0000401
300.0001639
300.0002762
300.0002761
300.0001342
300.0002034
300.0003927
300.0003928
300.000248
300.0001007
299.9999321
299.9999128
300.0000527
300.000176
300.0002759
300.0002424
300.0001057
300.0001682
300.0003214
300.0003565
300.0001985
300.0001361
300.0001508
300.0001461
300.0001346
300.0001948
300.0002404
300.0001288
300.0000382
300.0001264
300.0002372
300.0003066
300.0002534
300.0001704
300.000219
300.0002424
300.0002322
300.0002299
300.0001119
300.0000167
299.9999872
300.00008
300.0001527
300.0002222
300.0002907
300.0003255
300.0003307
300.0003454
300.0002763
300.0001091
299.99999
299.9999583
299.9999682
300.0000302
300.0000698
300.0001119
300.0001846
300.0002773
300.0003231
300.0002673
300.0001192
299.9999922
299.9999439
299.999947
299.9999757
300
300.0000161
300.0000339
300.0000666
300.0001082
300.0001236
300.0000784
300.0000009
299.9999522
299.9999449
299.9999684
300
300
300
300
300
300
300
300
300
300
300
300
300
300
300
300
300
300
300
300.000001
300
300
300
300
300
300.0000315
300
300
300
300
300
300.0000519
300
300
300
300
300
300.0000384
300
300
300
300
300
300.0000102
300
300
300
300
300
299.9999926
300
300
300
300
300
300
300
300
300
300
300
300
300
300
300
300
300
300
300
300
300
300
300
300
300
300
300
300
300
300
300
300
300
300
300
300
300
300
300
300
300
300
300
300
300
300
300
300
300
300
300
300
300
300
300
300
300
300
300
300
300
300
300.0000175
300.00003
300.0000309
300.0000069
299.999975
299.9999639
300
300
300
300
300
300
300
300
300
300
300
300
300
300
300
300
300
300
300
300
300
300
300
300
300
300
300
300
300
300
300
300
300
300
300
300
300
300
300
300
300
300
300
300
300
300
300
300
300
300
300
300
300
300
300
300
300
300
300
300
300
300
300
300
300
300
300
300
300
300
300
300
300
300
300
300
300
300
300
300
300
300
300
300
300
300
300
300
300
300
300
300
300
300
300
300
300
300
300
)
;
    }
    sides
    {
        type            symmetry;
    }
    walls
    {
        type            fixedValue;
        value           uniform 300;
    }
    procBoundary0to1
    {
        type            processor;
        value           nonuniform List<scalar> 
520
(
299.9998442
299.9999134
300.0000141
300.000125
300.0000745
299.9999341
300.0000038
300.0000838
300.0001121
300.0000434
300.0001041
300.0001229
300.0001193
300.0001081
300.0000299
300.0000895
300.0000733
300.0000487
300.0000308
300.0000061
299.9998356
299.9999234
300.0000149
300.0001524
300.0001057
299.9997903
299.9998949
300.0000887
300.0000881
299.9998323
299.9999238
300.0000182
300.0001542
300.000098
299.9997903
299.9998995
300.0000965
300.0000888
299.9998385
299.9999297
300.0000226
300.0001572
300.0001079
299.999797
299.99991
300.0001022
300.0000839
299.9998425
299.9999304
300.0000245
300.0001397
300.0001027
299.9997998
299.9999073
300.0000874
300.0000705
299.9998611
299.9999558
300.0000813
300.0001964
300.0001365
299.9998245
299.9999484
300.0001474
300.0001181
299.9998398
299.9999194
300.0000155
300.0001479
300.0000935
299.9997972
299.9998663
300.0000702
300.000045
299.9998885
300.0000041
300.0001071
300.0001307
300.0001281
299.9998635
300.0000066
300.0000581
300.0000587
299.9999532
300.0000739
300.0001101
300.0001812
300.0001316
299.9999658
300.0000623
300.0001336
300.0000223
300.0000249
300.0000897
300.0001644
300.0001933
300.000147
300.000123
300.0001918
300.0001852
300.0001109
300.000065
300.0000229
300.0000343
300.0000343
300.0001401
300.0002007
300.0001899
300.0001569
300.0001295
300.0000883
300.0000984
300.0000984
300.0001127
300.0001762
300.0001677
300.0001407
300.0001152
300.0001092
300.0001289
300.0001289
300.0000202
300.0000909
300.0001011
300.0000549
299.9999662
299.9999443
300.0000208
300.0000208
299.9999052
299.9999943
300.0000554
300.0000723
300.0000444
300.000022
300.000018
299.9999877
299.9999645
299.9999162
299.9998509
299.999773
299.9999779
300.0000777
300.0001279
300.000147
300.0001487
300.0001641
300.0001661
300.000111
300.0000536
299.9999895
299.9999186
299.999815
300.0000292
300.0001148
300.0001236
300.000151
300.0002142
300.000257
300.0002564
300.0001854
300.0000997
300.0000153
299.9999568
299.9998543
300.000046
300.0001187
300.0001188
300.0001275
300.0001714
300.0001651
300.0001426
300.0001322
300.0000922
300.0000727
299.9999911
299.9998783
300.0000223
300.0001082
300.0001266
300.0000803
300.0000468
299.9999542
299.999951
300.0000605
300.0001238
300.0001509
300.0000237
299.999887
299.9999941
300.0001161
300.0001474
300.0000207
299.9998712
299.9997617
299.9998331
300.0000566
300.0001614
300.0002035
300.0000707
299.9999172
299.9999702
300.0001253
300.0001655
300.0000294
299.9998724
299.9997569
299.9998193
300.0000459
300.0001555
300.0002198
300.0001588
300.0000342
299.9999785
299.9999785
300.0001444
300.0001444
300.0001909
300.0001909
300.0001141
300.0001141
300.0000149
300.0000149
299.999909
299.999909
299.9999308
299.9999308
300.0000503
300.0000503
300.0001199
300.0001199
300.0001988
300.0001988
300.0002042
300.0002042
300.000158
300.000158
299.9999622
299.9999597
299.9999425
299.9999412
299.9999508
299.9999767
300.0000057
300.0000012
299.9999704
299.9999549
299.9999251
299.9999221
299.9999447
299.9999986
300.0000613
300.0000805
299.9999645
299.9999572
299.9999383
299.9999435
299.9999719
300.0000146
300.000055
300.0000699
299.9999114
299.9999252
299.999924
299.9999439
299.9999699
299.9999961
300.0000222
300.0000231
299.999832
299.9998646
299.9998884
299.9999205
299.9999343
299.9999425
299.9999383
299.9999131
299.9998179
299.9998701
299.9999122
299.9999465
299.9999393
299.9999236
299.9998886
299.9998651
300.0000012
300.000014
300.0000235
300.0000276
300.0000193
300.0000805
300.0001026
300.0001071
300.0000876
300.0000582
300.0000699
300.0001384
300.0001567
300.0001464
300.000112
300.0000231
300.0001306
300.0001526
300.0001564
300.0001235
299.9999131
300.0000732
300.0001053
300.0001094
300.0000771
299.9998651
300.0000046
300.0000331
300.0000334
299.9999823
299.9999377
299.99995
299.9999606
299.9999837
300.000001
300.0000056
300.0000075
299.9999875
299.9999718
299.9999705
299.9999717
299.9999683
299.9998523
299.999877
299.9999095
299.9999694
300.0000253
300.0000493
300.0000345
299.9999894
299.9999644
299.9999685
299.9999826
299.9999818
299.9997995
299.9998311
299.9998698
299.9999416
300.000013
300.0000477
300.0000267
299.9999788
299.9999592
299.9999634
299.9999785
299.9999772
299.999756
299.9997926
299.9998273
299.9998954
299.9999701
300.0000145
300.0000031
299.999957
299.9999315
299.9999288
299.9999321
299.9999206
299.9996947
299.9997386
299.9997881
299.9998458
299.9999043
299.9999552
299.9999563
299.9999242
299.9999107
299.9998975
299.9998764
299.9998397
299.9996977
299.9997623
299.9998136
299.9998604
299.9998852
299.9999303
299.9999422
299.9999418
299.9999582
299.9999369
299.9998957
299.9998353
300.0000132
300.0000075
299.9999997
299.999985
299.9999664
299.999945
299.9999507
300.0000414
300.0000304
300.0000114
299.9999727
299.9999105
299.9998662
299.9998734
300.0001095
300.0001056
300.0000667
299.9999985
299.9999157
299.9998642
299.9998751
300.0001248
300.0001306
300.0000971
300.0000212
299.9999279
299.9998863
299.9999175
300.0000809
300.0000943
300.0000691
300.0000008
299.9999129
299.9998795
299.9999455
299.9999805
300.0000138
300.0000121
299.9999671
299.9999004
299.9998981
299.9999983
299.9999507
299.9998734
299.9998751
299.9999175
299.9999455
299.9999983
299.9999616
299.9998959
299.9998947
299.9999251
299.9999332
299.9999798
299.9999977
299.999964
299.9999619
299.9999712
299.9999527
299.9999317
299.9999699
299.9999668
299.9999591
299.999955
299.9999455
299.9999419
299.9999374
299.9999731
299.9999575
299.9999477
299.99993
299.9998943
299.9998736
299.999854
299.9999804
299.9999526
299.999949
299.9999291
299.9998828
299.9998453
299.9998124
300.000064
299.9999906
299.9999273
299.9999081
299.9998832
299.9998316
299.9997952
299.9997655
300.0000779
299.999979
299.9998785
299.9998289
299.9997953
299.9997546
299.999729
299.9996978
300.0001106
299.9999879
299.9998691
299.9998177
299.9997842
299.9997556
299.9997273
299.999698
299.9999699
299.9999697
299.9999731
299.9999796
299.9999804
300.000064
300.000019
300.000064
300.0000779
300.0001106
299.9999697
299.9999796
300.000019
300.0000606
300.0000913
300.0001212
299.9999736
299.9999888
300.0000252
300.0000484
300.0000804
300.0001197
299.9999976
300.0000031
300.0000306
300.0000351
300.0000371
300.0000598
)
;
    }
}


// ************************************************************************* //
