/*--------------------------------*- C++ -*----------------------------------*\
  =========                 |
  \\      /  F ield         | OpenFOAM: The Open Source CFD Toolbox
   \\    /   O peration     | Website:  https://openfoam.org
    \\  /    A nd           | Version:  7
     \\/     M anipulation  |
\*---------------------------------------------------------------------------*/
FoamFile
{
    version     2.0;
    format      ascii;
    class       surfaceScalarField;
    location    "0.00282";
    object      phi;
}
// * * * * * * * * * * * * * * * * * * * * * * * * * * * * * * * * * * * * * //

dimensions      [1 0 -1 0 0 0 0];

internalField   nonuniform List<scalar> 
4999
(
-3.3345563
-3.3336809
-3.3328038
-3.3319254
-3.3310453
-3.3301638
-3.3292806
-3.3283961
-3.3275097
-3.3266219
-3.3257323
-3.3248412
-3.3239483
-3.3230538
-3.3221575
-3.3212596
-3.3203598
-3.3194583
-3.318555
-3.3176499
-3.3167428
-3.315834
-3.3149232
-3.3140106
-3.313096
-3.3121795
-3.311261
-3.3103405
-3.3094179
-3.3084934
-3.3075667
-3.306638
-3.3057072
-3.3047742
-3.3038391
-3.3029018
-3.3019623
-3.3010206
-3.3000767
-3.2991305
-3.2981819
-3.2972311
-3.296278
-3.2953224
-3.2943645
-3.2934043
-3.2924415
-3.2914764
-3.2905087
-3.2895386
-3.288566
-3.2875908
-3.2866131
-3.2856328
-3.2846499
-3.2836644
-3.2826762
-3.2816854
-3.2806919
-3.2796957
-3.2786968
-3.2776951
-3.2766907
-3.2756835
-3.2746735
-3.2736607
-3.272645
-3.2716265
-3.2706051
-3.2695808
-3.2685535
-3.2675234
-3.2664903
-3.2654543
-3.2644152
-3.2633732
-3.2623281
-3.26128
-3.2602289
-3.2591747
-3.2581174
-3.2570571
-3.2559936
-3.254927
-3.2538572
-3.2527844
-3.2517083
-3.2506291
-3.2495467
-3.2484611
-3.2473723
-3.2462802
-3.2451849
-3.2440864
-3.2429847
-3.2418796
-3.2407713
-3.2396597
-3.2385448
-3.2374267
-3.2363052
-3.2351804
-3.2340522
-3.2329208
-3.2317858
-3.2306478
-3.229506
-3.2283614
-3.227213
-3.2260616
-3.2249065
-3.2237485
-3.2225866
-3.2214218
-3.2202532
-3.2190817
-3.2179063
-3.216728
-3.2155459
-3.2143609
-3.213172
-3.2119802
-3.2107845
-3.209586
-3.2083836
-3.2071783
-3.2059692
-3.2047571
-3.2035413
-3.2023225
-3.2010999
-3.1998745
-3.1986452
-3.1974131
-3.1961771
-3.1949383
-3.1936957
-3.1924502
-3.191201
-3.189949
-3.1886932
-3.1874345
-3.1861721
-3.1849069
-3.1836381
-3.1823663
-3.181091
-3.1798128
-3.178531
-3.1772464
-3.1759581
-3.1746671
-3.1733725
-3.1720752
-3.1707743
-3.1694707
-3.1681635
-3.1668537
-3.1655403
-3.1642242
-3.1629047
-3.1615825
-3.1602569
-3.1589287
-3.157597
-3.1562628
-3.1549251
-3.1535849
-3.1522413
-3.1508952
-3.1495458
-3.1481939
-3.1468387
-3.145481
-3.1441201
-3.1427567
-3.1413902
-3.1400212
-3.138649
-3.1372745
-3.1358968
-3.1345168
-3.1331337
-3.1317482
-3.1303598
-3.128969
-3.1275752
-3.1261792
-3.1247802
-3.123379
-3.1219749
-3.1205686
-3.1191594
-3.1177481
-3.116334
-3.1149177
-3.1134986
-3.1120775
-3.1106536
-3.1092276
-3.107799
-3.1063684
-3.1049351
-3.1034998
-3.1020619
-3.1006221
-3.0991797
-3.0977354
-3.0962886
-3.0948399
-3.0933887
-3.0919357
-3.0904803
-3.0890231
-3.0875635
-3.0861021
-3.0846384
-3.083173
-3.0817053
-3.0802359
-3.0787642
-3.0772909
-3.0758154
-3.0743383
-3.072859
-3.0713781
-3.0698951
-3.0684106
-3.066924
-3.0654359
-3.0639457
-3.0624541
-3.0609605
-3.0594654
-3.0579685
-3.0564701
-3.0549698
-3.0534681
-3.0519646
-3.0504597
-3.0489531
-3.0474451
-3.0459353
-3.0444243
-3.0429116
-3.0413976
-3.0398819
-3.038365
-3.0368465
-3.0353268
-3.0338055
-3.032283
-3.030759
-3.0292339
-3.0277072
-3.0261795
-3.0246503
-3.02312
-3.0215882
-3.0200555
-3.0185213
-3.0169861
-3.0154496
-3.0139121
-3.0123732
-3.0108334
-3.0092924
-3.0077503
-3.0062071
-3.0046629
-3.0031176
-3.0015713
-3.0000239
-2.9984757
-2.9969263
-2.995376
-2.9938247
-2.9922725
-2.9907193
-2.9891653
-2.9876103
-2.9860545
-2.9844978
-2.9829402
-2.9813817
-2.9798225
-2.9782624
-2.9767015
-2.9751398
-2.9735774
-2.9720141
-2.9704501
-2.9688854
-2.9673199
-2.9657537
-2.9641868
-2.9626192
-2.961051
-2.959482
-2.9579124
-2.9563421
-2.9547712
-2.9531997
-2.9516275
-2.9500547
-2.9484814
-2.9469075
-2.945333
-2.9437579
-2.9421823
-2.9406061
-2.9390294
-2.9374521
-2.9358744
-2.9342961
-2.9327174
-2.9311382
-2.9295585
-2.9279782
-2.9263976
-2.9248165
-2.923235
-2.921653
-2.9200706
-2.9184877
-2.9169045
-2.9153209
-2.9137369
-2.9121524
-2.9105676
-2.9089824
-2.9073969
-2.905811
-2.9042248
-2.9026382
-2.9010513
-2.8994641
-2.8978765
-2.8962886
-2.8947005
-2.893112
-2.8915233
-2.8899342
-2.888345
-2.8867554
-2.8851656
-2.8835754
-2.8819851
-2.8803945
-2.8788036
-2.8772125
-2.8756212
-2.8740296
-2.8724377
-2.8708456
-2.8692533
-2.8676607
-2.8660679
-2.8644748
-2.8628815
-2.8612879
-2.8596941
-2.8581001
-2.8565057
-2.8549111
-2.8533164
-2.8517213
-2.850126
-2.8485304
-2.8469348
-2.8453389
-2.8437424
-2.8421465
-2.8405492
-2.8389532
-2.8373554
-2.835759
-2.834161
-2.832564
-2.8309658
-2.8293683
-2.82777
-2.8261721
-2.8245736
-2.8229753
-2.8213766
-2.819778
-2.8181791
-2.8165802
-2.8149811
-2.813382
-2.8117827
-2.8101833
-2.8085838
-2.8069842
-2.8053846
-2.8037848
-2.8021849
-2.800585
-2.7989849
-2.7973848
-2.7957846
-2.7941843
-2.7925839
-2.7909835
-2.7893829
-2.7877823
-2.7861816
-2.7845809
-2.7829801
-2.7813791
-2.7797782
-2.7781771
-2.7765761
-2.7749749
-2.7733737
-2.7717723
-2.7701711
-2.7685696
-2.7669682
-2.7653666
-2.7637651
-2.7621634
-2.7605617
-2.7589599
-2.7573581
-2.7557562
-2.7541544
-2.7525524
-2.7509504
-2.7493483
-2.7477462
-2.746144
-2.7445418
-2.7429396
-2.7413373
-2.7397349
-2.7381325
-2.7365301
-2.7349276
-2.7333251
-2.7317225
-2.7301199
-2.7285172
-2.7269145
-2.7253118
-2.723709
-2.7221062
-2.7205034
-2.7189005
-2.7172975
-2.7156946
-2.7140915
-2.7124885
-2.7108854
-2.7092823
-2.7076791
-2.7060759
-2.7044727
-2.7028694
-2.7012661
-2.6996627
-2.6980594
-2.6964559
-2.6948525
-2.693249
-2.6916455
-2.6900419
-2.6884383
-2.6868347
-2.685231
-2.6836273
-2.6820236
-2.6804199
-2.6788161
-2.6772123
-2.6756084
-2.6740045
-2.6724006
-2.6707967
-2.6691927
-2.6675887
-2.6659846
-2.6643806
-2.6627765
-2.6611723
-2.6595681
-2.6579639
-2.6563597
-2.6547554
-2.6531511
-2.6515468
-2.6499424
-2.6483379
-2.6467334
-2.6451289
-2.6435243
-2.6419197
-2.640315
-2.6387103
-2.6371055
-2.6355006
-2.6338957
-2.6322907
-2.6306856
-2.6290805
-2.6274753
-2.62587
-2.6242647
-2.6226592
-2.6210537
-2.6194481
-2.6178425
-2.6162367
-2.6146309
-2.613025
-2.611419
-2.6098129
-2.6082068
-2.6066006
-2.6049943
-2.6033879
-2.6017815
-2.600175
-2.5985684
-2.5969618
-2.595355
-2.5937483
-2.5921414
-2.5905346
-2.5889276
-2.5873206
-2.5857135
-2.5841064
-2.5824993
-2.5808921
-2.5792848
-2.5776775
-2.5760701
-2.5744627
-2.5728553
-2.5712478
-2.5696403
-2.5680327
-2.5664251
-2.5648175
-2.5632098
-2.561602
-2.5599942
-2.5583864
-2.5567786
-2.5551707
-2.5535627
-2.5519547
-2.5503467
-2.5487387
-2.5471306
-2.5455224
-2.5439143
-2.542306
-2.5406978
-2.5390895
-2.5374812
-2.5358728
-2.5342644
-2.5326559
-2.5310474
-2.5294389
-2.5278303
-2.5262217
-2.524613
-2.5230043
-2.5213956
-2.5197868
-2.518178
-2.5165691
-2.5149602
-2.5133512
-2.5117423
-2.5101332
-2.5085242
-2.506915
-2.5053059
-2.5036967
-2.5020875
-2.5004782
-2.4988689
-2.4972595
-2.4956501
-2.4940407
-2.4924312
-2.4908216
-2.4892121
-2.4876025
-2.4859928
-2.4843831
-2.4827734
-2.4811636
-2.4795538
-2.4779439
-2.476334
-2.4747241
-2.4731141
-2.471504
-2.469894
-2.4682838
-2.4666737
-2.4650635
-2.4634532
-2.4618429
-2.4602326
-2.4586222
-2.4570118
-2.4554014
-2.4537909
-2.4521803
-2.4505697
-2.4489591
-2.4473484
-2.4457377
-2.444127
-2.4425162
-2.4409053
-2.4392945
-2.4376835
-2.4360726
-2.4344616
-2.4328505
-2.4312394
-2.4296283
-2.4280171
-2.4264059
-2.4247947
-2.4231834
-2.421572
-2.4199607
-2.4183492
-2.4167378
-2.4151263
-2.4135148
-2.4119032
-2.4102916
-2.4086799
-2.4070682
-2.4054564
-2.4038447
-2.4022328
-2.4006209
-2.399009
-2.3973971
-2.3957851
-2.394173
-2.3925609
-2.3909487
-2.3893365
-2.3877243
-2.3861119
-2.3844996
-2.3828871
-2.3812746
-2.3796621
-2.3780495
-2.3764368
-2.374824
-2.3732112
-2.3715983
-2.3699853
-2.3683723
-2.3667592
-2.365146
-2.3635327
-2.3619194
-2.360306
-2.3586925
-2.3570789
-2.3554652
-2.3538515
-2.3522376
-2.3506237
-2.3490098
-2.3473957
-2.3457815
-2.3441673
-2.342553
-2.3409386
-2.3393242
-2.3377097
-2.3360951
-2.3344804
-2.3328657
-2.3312509
-2.329636
-2.3280211
-2.3264061
-2.324791
-2.3231759
-2.3215607
-2.3199455
-2.3183302
-2.3167148
-2.3150994
-2.3134839
-2.3118684
-2.3102529
-2.3086372
-2.3070216
-2.3054059
-2.3037901
-2.3021743
-2.3005584
-2.2989425
-2.2973266
-2.2957106
-2.2940946
-2.2924785
-2.2908624
-2.2892462
-2.28763
-2.2860137
-2.2843974
-2.2827811
-2.2811647
-2.2795483
-2.2779318
-2.2763153
-2.2746988
-2.2730822
-2.2714655
-2.2698489
-2.2682321
-2.2666154
-2.2649986
-2.2633817
-2.2617649
-2.2601479
-2.258531
-2.256914
-2.2552969
-2.2536798
-2.2520627
-2.2504455
-2.2488283
-2.2472111
-2.2455938
-2.2439764
-2.2423591
-2.2407416
-2.2391242
-2.2375067
-2.2358892
-2.2342716
-2.232654
-2.2310363
-2.2294186
-2.2278009
-2.2261831
-2.2245653
-2.2229474
-2.2213295
-2.2197116
-2.2180936
-2.2164756
-2.2148575
-2.2132394
-2.2116213
-2.2100031
-2.2083849
-2.2067666
-2.2051484
-2.20353
-2.2019116
-2.2002932
-2.1986748
-2.1970563
-2.1954378
-2.1938192
-2.1922006
-2.190582
-2.1889633
-2.1873446
-2.1857258
-2.184107
-2.1824882
-2.1808693
-2.1792504
-2.1776314
-2.1760125
-2.1743934
-2.1727744
-2.1711553
-2.1695362
-2.167917
-2.1662978
-2.1646785
-2.1630593
-2.1614399
-2.1598206
-2.1582012
-2.1565817
-2.1549623
-2.1533427
-2.1517232
-2.1501036
-2.1484839
-2.1468643
-2.1452445
-2.1436248
-2.1420049
-2.1403851
-2.1387652
-2.1371452
-2.1355252
-2.1339051
-2.132285
-2.1306649
-2.1290447
-2.1274244
-2.1258041
-2.1241837
-2.1225632
-2.1209427
-2.1193222
-2.1177016
-2.1160809
-2.1144601
-2.1128393
-2.1112185
-2.1095975
-2.1079765
-2.1063555
-2.1047343
-2.1031131
-2.1014919
-2.0998706
-2.0982492
-2.0966277
-2.0950062
-2.0933846
-2.091763
-2.0901412
-2.0885195
-2.0868976
-2.0852757
-2.0836538
-2.0820318
-2.0804097
-2.0787876
-2.0771654
-2.0755431
-2.0739209
-2.0722985
-2.0706761
-2.0690537
-2.0674312
-2.0658086
-2.064186
-2.0625634
-2.0609407
-2.059318
-2.0576952
-2.0560724
-2.0544496
-2.0528267
-2.0512038
-2.0495808
-2.0479578
-2.0463348
-2.0447117
-2.0430886
-2.0414655
-2.0398423
-2.0382191
-2.0365959
-2.0349726
-2.0333493
-2.031726
-2.0301027
-2.0284793
-2.0268559
-2.0252324
-2.023609
-2.0219855
-2.0203619
-2.0187384
-2.0171148
-2.0154912
-2.0138676
-2.0122439
-2.0106203
-2.0089966
-2.0073728
-2.0057491
-2.0041253
-2.0025015
-2.0008777
-1.9992538
-1.99763
-1.9960061
-1.9943822
-1.9927582
-1.9911343
-1.9895103
-1.9878863
-1.9862622
-1.9846382
-1.9830141
-1.98139
-1.9797659
-1.9781418
-1.9765176
-1.9748934
-1.9732692
-1.971645
-1.9700208
-1.9683965
-1.9667723
-1.965148
-1.9635236
-1.9618993
-1.960275
-1.9586506
-1.9570262
-1.9554018
-1.9537774
-1.9521529
-1.9505285
-1.948904
-1.9472795
-1.945655
-1.9440305
-1.9424059
-1.9407814
-1.9391568
-1.9375322
-1.9359076
-1.934283
-1.9326584
-1.9310337
-1.929409
-1.9277844
-1.9261597
-1.9245349
-1.9229102
-1.9212855
-1.9196607
-1.918036
-1.9164112
-1.9147864
-1.9131616
-1.9115368
-1.9099119
-1.9082871
-1.9066622
-1.9050373
-1.9034124
-1.9017875
-1.9001626
-1.8985376
-1.8969127
-1.8952877
-1.8936627
-1.8920377
-1.8904127
-1.8887876
-1.8871626
-1.8855375
-1.8839124
-1.8822873
-1.8806621
-1.879037
-1.8774118
-1.8757866
-1.8741613
-1.8725361
-1.8709108
-1.8692855
-1.8676601
-1.8660347
-1.8644093
-1.8627839
-1.8611584
-1.8595329
-1.8579074
-1.8562818
-1.8546562
-1.8530306
-1.8514049
-1.8497792
-1.8481535
-1.8465277
-1.8449019
-1.843276
-1.8416501
-1.8400242
-1.8383982
-1.8367722
-1.8351462
-1.8335201
-1.831894
-1.8302678
-1.8286416
-1.8270154
-1.8253891
-1.8237628
-1.8221364
-1.8205101
-1.8188836
-1.8172572
-1.8156307
-1.8140042
-1.8123776
-1.810751
-1.8091244
-1.8074978
-1.8058711
-1.8042444
-1.8026177
-1.8009909
-1.7993641
-1.7977373
-1.7961105
-1.7944836
-1.7928567
-1.7912298
-1.7896029
-1.7879759
-1.786349
-1.784722
-1.7830949
-1.7814679
-1.7798409
-1.7782138
-1.7765867
-1.7749596
-1.7733325
-1.7717053
-1.7700782
-1.768451
-1.7668238
-1.7651966
-1.7635694
-1.7619421
-1.7603149
-1.7586876
-1.7570603
-1.755433
-1.7538057
-1.7521784
-1.7505511
-1.7489237
-1.7472964
-1.745669
-1.7440416
-1.7424142
-1.7407868
-1.7391593
-1.7375319
-1.7359044
-1.734277
-1.7326495
-1.731022
-1.7293944
-1.7277669
-1.7261394
-1.7245118
-1.7228842
-1.7212567
-1.7196291
-1.7180014
-1.7163738
-1.7147462
-1.7131185
-1.7114908
-1.7098632
-1.7082355
-1.7066077
-1.70498
-1.7033523
-1.7017245
-1.7000967
-1.6984689
-1.6968411
-1.6952133
-1.6935855
-1.6919576
-1.6903298
-1.6887019
-1.687074
-1.6854461
-1.6838182
-1.6821902
-1.6805623
-1.6789343
-1.6773063
-1.6756783
-1.6740503
-1.6724222
-1.6707942
-1.6691661
-1.667538
-1.6659099
-1.6642818
-1.6626537
-1.6610255
-1.6593974
-1.6577692
-1.656141
-1.6545128
-1.6528846
-1.6512563
-1.649628
-1.6479998
-1.6463715
-1.6447431
-1.6431148
-1.6414864
-1.6398581
-1.6382297
-1.6366013
-1.6349728
-1.6333444
-1.6317159
-1.6300874
-1.6284589
-1.6268303
-1.6252018
-1.6235732
-1.6219446
-1.620316
-1.6186873
-1.6170586
-1.6154299
-1.6138012
-1.6121724
-1.6105436
-1.6089148
-1.607286
-1.6056571
-1.6040282
-1.6023992
-1.6007702
-1.5991412
-1.5975122
-1.5958831
-1.594254
-1.5926248
-1.5909956
-1.5893664
-1.5877371
-1.5861078
-1.5844785
-1.5828491
-1.5812196
-1.5795902
-1.5779606
-1.5763311
-1.5747015
-1.5730718
-1.5714421
-1.5698124
-1.5681826
-1.5665528
-1.5649229
-1.5632929
-1.561663
-1.5600329
-1.5584029
-1.5567728
-1.5551426
-1.5535124
-1.5518821
-1.5502518
-1.5486215
-1.5469911
-1.5453607
-1.5437302
-1.5420996
-1.5404691
-1.5388385
-1.5372078
-1.5355771
-1.5339463
-1.5323156
-1.5306847
-1.5290539
-1.527423
-1.525792
-1.524161
-1.52253
-1.5208989
-1.5192678
-1.5176367
-1.5160055
-1.5143743
-1.512743
-1.5111118
-1.5094805
-1.5078491
-1.5062177
-1.5045863
-1.5029548
-1.5013234
-1.4996919
-1.4980603
-1.4964287
-1.4947971
-1.4931655
-1.4915338
-1.4899021
-1.4882704
-1.4866386
-1.4850069
-1.483375
-1.4817432
-1.4801113
-1.4784794
-1.4768475
-1.4752155
-1.4735836
-1.4719516
-1.4703195
-1.4686875
-1.4670554
-1.4654232
-1.4637911
-1.4621589
-1.4605267
-1.4588945
-1.4572622
-1.4556299
-1.4539976
-1.4523653
-1.4507329
-1.4491005
-1.4474681
-1.4458357
-1.4442032
-1.4425707
-1.4409382
-1.4393056
-1.437673
-1.4360404
-1.4344078
-1.4327751
-1.4311424
-1.4295097
-1.427877
-1.4262442
-1.4246114
-1.4229786
-1.4213457
-1.4197128
-1.4180799
-1.416447
-1.414814
-1.413181
-1.411548
-1.409915
-1.4082819
-1.4066488
-1.4050157
-1.4033825
-1.4017494
-1.4001162
-1.3984829
-1.3968497
-1.3952164
-1.3935831
-1.3919497
-1.3903163
-1.3886829
-1.3870495
-1.3854161
-1.3837826
-1.3821491
-1.3805156
-1.378882
-1.3772484
-1.3756148
-1.3739812
-1.3723475
-1.3707138
-1.3690801
-1.3674463
-1.3658125
-1.3641787
-1.3625449
-1.360911
-1.3592771
-1.3576432
-1.3560093
-1.3543753
-1.3527413
-1.3511072
-1.3494732
-1.3478391
-1.346205
-1.3445708
-1.3429366
-1.3413024
-1.3396681
-1.3380338
-1.3363995
-1.3347652
-1.3331308
-1.3314963
-1.3298619
-1.3282274
-1.3265928
-1.3249583
-1.3233237
-1.321689
-1.3200543
-1.3184196
-1.3167848
-1.31515
-1.3135152
-1.3118803
-1.3102454
-1.3086104
-1.3069754
-1.3053403
-1.3037052
-1.30207
-1.3004348
-1.2987996
-1.2971643
-1.295529
-1.2938936
-1.2922581
-1.2906227
-1.2889871
-1.2873515
-1.2857159
-1.2840802
-1.2824445
-1.2808087
-1.2791729
-1.277537
-1.2759011
-1.2742652
-1.2726291
-1.2709931
-1.2693569
-1.2677208
-1.2660846
-1.2644483
-1.262812
-1.2611756
-1.2595392
-1.2579028
-1.2562663
-1.2546297
-1.2529932
-1.2513565
-1.2497198
-1.2480831
-1.2464463
-1.2448095
-1.2431727
-1.2415358
-1.2398989
-1.2382619
-1.2366249
-1.2349878
-1.2333507
-1.2317136
-1.2300764
-1.2284392
-1.226802
-1.2251647
-1.2235274
-1.22189
-1.2202526
-1.2186152
-1.2169777
-1.2153402
-1.2137027
-1.2120651
-1.2104276
-1.2087899
-1.2071523
-1.2055146
-1.2038769
-1.2022391
-1.2006013
-1.1989635
-1.1973257
-1.1956878
-1.1940499
-1.192412
-1.190774
-1.1891361
-1.1874981
-1.18586
-1.1842219
-1.1825839
-1.1809457
-1.1793076
-1.1776694
-1.1760312
-1.174393
-1.1727547
-1.1711164
-1.1694781
-1.1678398
-1.1662014
-1.164563
-1.1629246
-1.1612862
-1.1596477
-1.1580092
-1.1563707
-1.1547321
-1.1530936
-1.151455
-1.1498164
-1.1481777
-1.1465391
-1.1449004
-1.1432616
-1.1416229
-1.1399841
-1.1383453
-1.1367065
-1.1350677
-1.1334288
-1.1317899
-1.130151
-1.128512
-1.1268731
-1.1252341
-1.1235951
-1.121956
-1.120317
-1.1186779
-1.1170387
-1.1153996
-1.1137604
-1.1121213
-1.110482
-1.1088428
-1.1072035
-1.1055643
-1.1039249
-1.1022856
-1.1006462
-1.0990069
-1.0973674
-1.095728
-1.0940885
-1.092449
-1.0908095
-1.08917
-1.0875304
-1.0858908
-1.0842512
-1.0826115
-1.0809719
-1.0793321
-1.0776924
-1.0760526
-1.0744129
-1.072773
-1.0711332
-1.0694933
-1.0678534
-1.0662134
-1.0645735
-1.0629335
-1.0612934
-1.0596533
-1.0580132
-1.0563731
-1.0547329
-1.0530927
-1.0514525
-1.0498122
-1.0481719
-1.0465315
-1.0448912
-1.0432507
-1.0416103
-1.0399698
-1.0383292
-1.0366887
-1.035048
-1.0334074
-1.0317667
-1.030126
-1.0284852
-1.0268444
-1.0252035
-1.0235626
-1.0219217
-1.0202807
-1.0186397
-1.0169986
-1.0153575
-1.0137163
-1.0120752
-1.0104339
-1.0087926
-1.0071513
-1.00551
-1.0038685
-1.0022271
-1.0005856
-0.99894408
-0.9973025
-0.99566089
-0.99401923
-0.99237753
-0.99073579
-0.98909401
-0.9874522
-0.98581034
-0.98416844
-0.9825265
-0.98088452
-0.97924251
-0.97760045
-0.97595836
-0.97431623
-0.97267406
-0.97103186
-0.96938962
-0.96774735
-0.96610504
-0.9644627
-0.96282032
-0.96117792
-0.95953548
-0.957893
-0.9562505
-0.95460797
-0.9529654
-0.95132281
-0.94968018
-0.94803753
-0.94639485
-0.94475214
-0.9431094
-0.94146664
-0.93982385
-0.93818104
-0.9365382
-0.93489534
-0.93325246
-0.93160955
-0.92996662
-0.92832367
-0.92668069
-0.9250377
-0.92339468
-0.92175164
-0.92010859
-0.91846551
-0.91682242
-0.91517931
-0.91353618
-0.91189303
-0.91024986
-0.90860667
-0.90696346
-0.90532024
-0.903677
-0.90203374
-0.90039047
-0.89874718
-0.89710389
-0.89546057
-0.89381725
-0.89217391
-0.89053056
-0.8888872
-0.88724382
-0.88560044
-0.88395704
-0.88231363
-0.88067021
-0.87902678
-0.87738334
-0.87573988
-0.87409642
-0.87245295
-0.87080947
-0.86916598
-0.86752248
-0.86587898
-0.86423547
-0.86259195
-0.86094842
-0.85930489
-0.85766136
-0.85601781
-0.85437426
-0.85273071
-0.85108715
-0.84944358
-0.84780002
-0.84615645
-0.84451287
-0.8428693
-0.84122572
-0.83958214
-0.83793856
-0.83629498
-0.83465139
-0.83300781
-0.83136422
-0.82972064
-0.82807706
-0.82643347
-0.8247899
-0.82314632
-0.82150275
-0.81985918
-0.81821561
-0.81657204
-0.81492848
-0.81328492
-0.81164136
-0.80999781
-0.80835425
-0.80671071
-0.80506716
-0.80342362
-0.80178009
-0.80013656
-0.79849304
-0.79684953
-0.79520602
-0.79356252
-0.79191903
-0.79027554
-0.78863207
-0.78698859
-0.78534513
-0.78370166
-0.78205821
-0.78041476
-0.77877132
-0.77712788
-0.77548445
-0.77384103
-0.77219761
-0.77055421
-0.76891081
-0.76726741
-0.76562402
-0.76398064
-0.76233726
-0.76069389
-0.75905052
-0.75740716
-0.75576381
-0.75412046
-0.75247712
-0.75083377
-0.74919044
-0.7475471
-0.74590377
-0.74426045
-0.74261712
-0.7409738
-0.73933049
-0.73768717
-0.73604387
-0.73440056
-0.73275726
-0.73111396
-0.72947066
-0.72782737
-0.72618407
-0.72454078
-0.72289749
-0.7212542
-0.71961091
-0.71796762
-0.71632434
-0.71468106
-0.71303778
-0.71139451
-0.70975123
-0.70810797
-0.7064647
-0.70482144
-0.70317818
-0.70153492
-0.69989167
-0.69824843
-0.69660518
-0.69496195
-0.69331872
-0.6916755
-0.69003229
-0.68838908
-0.68674589
-0.68510271
-0.68345954
-0.68181639
-0.68017324
-0.67853011
-0.67688699
-0.67524389
-0.6736008
-0.67195773
-0.67031468
-0.66867165
-0.66702864
-0.66538566
-0.6637427
-0.66209977
-0.66045687
-0.658814
-0.65717115
-0.65552834
-0.65388556
-0.65224282
-0.65060012
-0.64895745
-0.64731483
-0.64567225
-0.64402971
-0.64238722
-0.64074478
-0.63910239
-0.63746005
-0.63581776
-0.63417553
-0.63253336
-0.63089125
-0.6292492
-0.62760722
-0.62596531
-0.62432347
-0.6226817
-0.62104
-0.61939839
-0.61775685
-0.61611539
-0.61447402
-0.61283274
-0.61119155
-0.60955045
-0.60790944
-0.60626854
-0.60462773
-0.60298703
-0.60134644
-0.59970595
-0.59806558
-0.59642532
-0.59478519
-0.59314517
-0.59150528
-0.58986551
-0.58822587
-0.58658637
-0.584947
-0.58330777
-0.58166869
-0.58002975
-0.57839096
-0.57675232
-0.57511384
-0.57347552
-0.57183736
-0.57019936
-0.56856154
-0.56692388
-0.56528641
-0.56364911
-0.56201199
-0.56037506
-0.55873832
-0.55710177
-0.55546542
-0.55382927
-0.55219332
-0.55055757
-0.54892204
-0.54728671
-0.54565161
-0.54401672
-0.54238206
-0.54074762
-0.53911342
-0.53747944
-0.53584571
-0.53421221
-0.53257896
-0.53094596
-0.52931321
-0.52768071
-0.52604847
-0.52441649
-0.52278477
-0.52115333
-0.51952215
-0.51789125
-0.51626063
-0.51463029
-0.51300024
-0.51137047
-0.50974099
-0.50811181
-0.50648293
-0.50485435
-0.50322607
-0.5015981
-0.49997044
-0.49834309
-0.49671606
-0.49508935
-0.49346297
-0.4918369
-0.49021117
-0.48858577
-0.4869607
-0.48533598
-0.48371159
-0.48208754
-0.48046385
-0.4788405
-0.4772175
-0.47559486
-0.47397257
-0.47235064
-0.47072908
-0.46910787
-0.46748703
-0.46586656
-0.46424646
-0.46262673
-0.46100738
-0.4593884
-0.4577698
-0.45615158
-0.45453374
-0.45291628
-0.45129921
-0.44968253
-0.44806623
-0.44645032
-0.4448348
-0.44321968
-0.44160495
-0.43999061
-0.43837666
-0.43676312
-0.43514997
-0.43353722
-0.43192487
-0.43031291
-0.42870136
-0.4270902
-0.42547945
-0.4238691
-0.42225915
-0.4206496
-0.41904045
-0.41743171
-0.41582336
-0.41421542
-0.41260788
-0.41100074
-0.409394
-0.40778766
-0.40618172
-0.40457618
-0.40297103
-0.40136629
-0.39976193
-0.39815798
-0.39655442
-0.39495124
-0.39334846
-0.39174607
-0.39014407
-0.38854245
-0.38694122
-0.38534038
-0.38373991
-0.38213983
-0.38054013
-0.3789408
-0.37734185
-0.37574327
-0.37414507
-0.37254723
-0.37094977
-0.36935266
-0.36775592
-0.36615954
-0.36456352
-0.36296785
-0.36137254
-0.35977758
-0.35818296
-0.35658869
-0.35499475
-0.35340116
-0.35180791
-0.35021499
-0.3486224
-0.34703013
-0.3454382
-0.34384658
-0.34225528
-0.3406643
-0.33907363
-0.33748328
-0.33589322
-0.33430348
-0.33271403
-0.33112488
-0.32953603
-0.32794747
-0.3263592
-0.32477121
-0.3231835
-0.32159607
-0.32000892
-0.31842203
-0.31683543
-0.31524908
-0.31366299
-0.31207716
-0.31049158
-0.30890625
-0.30732117
-0.30573633
-0.30415173
-0.30256736
-0.30098323
-0.29939933
-0.29781565
-0.29623219
-0.29464895
-0.29306593
-0.29148312
-0.28990051
-0.28831811
-0.28673592
-0.28515392
-0.28357212
-0.2819905
-0.28040908
-0.27882784
-0.27724678
-0.2756659
-0.27408519
-0.27250465
-0.27092428
-0.26934407
-0.26776402
-0.26618413
-0.26460439
-0.2630248
-0.26144535
-0.25986604
-0.25828687
-0.25670783
-0.25512893
-0.25355015
-0.25197149
-0.25039296
-0.24881454
-0.24723624
-0.24565804
-0.24407996
-0.24250197
-0.24092409
-0.23934631
-0.23776861
-0.23619102
-0.2346135
-0.23303608
-0.23145873
-0.22988147
-0.22830428
-0.22672716
-0.22515011
-0.22357313
-0.2219962
-0.22041934
-0.21884253
-0.21726577
-0.21568907
-0.2141124
-0.21253578
-0.2109592
-0.20938265
-0.20780613
-0.20622964
-0.20465317
-0.20307673
-0.2015003
-0.19992389
-0.19834749
-0.1967711
-0.19519471
-0.19361833
-0.19204195
-0.19046556
-0.18888916
-0.18731275
-0.18573633
-0.18415989
-0.18258342
-0.18100694
-0.17943043
-0.17785389
-0.17627731
-0.1747007
-0.17312405
-0.17154736
-0.16997063
-0.16839384
-0.166817
-0.1652401
-0.16366314
-0.16208612
-0.16050902
-0.15893186
-0.15735461
-0.15577728
-0.15419986
-0.15262235
-0.15104475
-0.14946704
-0.14788923
-0.14631132
-0.14473328
-0.14315513
-0.14157686
-0.13999847
-0.13841994
-0.13684128
-0.13526249
-0.13368355
-0.13210446
-0.13052522
-0.12894582
-0.12736626
-0.12578653
-0.12420663
-0.12262656
-0.1210463
-0.11946585
-0.11788522
-0.11630438
-0.11472335
-0.1131421
-0.11156065
-0.10997897
-0.10839708
-0.10681495
-0.10523259
-0.10364999
-0.10206715
-0.10048406
-0.098900708
-0.097317097
-0.095733219
-0.094149068
-0.092564639
-0.090979926
-0.089394923
-0.087809626
-0.086224029
-0.084638127
-0.083051916
-0.081465391
-0.079878548
-0.078291383
-0.076703889
-0.075116064
-0.0735279
-0.071939391
-0.07035053
-0.068761311
-0.067171726
-0.065581769
-0.063991432
-0.06240071
-0.060809598
-0.059218091
-0.057626184
-0.056033873
-0.054441154
-0.052848022
-0.051254471
-0.049660498
-0.048066097
-0.046471262
-0.04487599
-0.043280275
-0.041684112
-0.040087497
-0.038490425
-0.036892891
-0.035294891
-0.033696419
-0.032097473
-0.030498046
-0.028898136
-0.027297736
-0.025696844
-0.024095455
-0.022493565
-0.020891169
-0.019288265
-0.017684847
-0.016080913
-0.014476457
-0.012871478
-0.01126597
-0.0096599305
-0.0080533561
-0.0064462431
-0.0048385882
-0.0032303881
-0.0016216392
-1.233775e-05
0.0015975123
0.003207921
0.0048188905
0.006430423
0.0080425212
0.0096551875
0.011268424
0.012882234
0.014496619
0.016111581
0.017727122
0.019343245
0.020959951
0.022577242
0.02419512
0.025813587
0.027432644
0.029052292
0.030672533
0.032293367
0.033914798
0.035536824
0.037159447
0.038782669
0.040406489
0.042030909
0.043655928
0.045281548
0.046907768
0.048534589
0.050162011
0.051790034
0.053418658
0.055047883
0.056677708
0.058308134
0.059939161
0.06157079
0.063203019
0.064835847
0.066469276
0.068103302
0.069737925
0.071373141
0.073008946
0.074645339
0.076282316
0.077919874
0.079558011
0.081196726
0.082836017
0.084475884
0.086116325
0.087757339
0.089398924
0.09104108
0.092683804
0.094327092
0.095970944
0.097615356
0.099260324
0.10090585
0.10255192
0.10419854
0.1058457
0.10749341
0.10914165
0.11079042
0.11243972
0.11408955
0.1157399
0.11739077
0.11904216
0.12069405
0.12234645
0.12399935
0.12565275
0.12730665
0.12896103
0.1306159
0.13227125
0.13392707
0.13558337
0.13724014
0.13889736
0.14055505
0.14221319
0.14387178
0.14553082
0.14719029
0.1488502
0.15051054
0.15217131
0.15383249
0.1554941
0.15715611
0.15881853
0.16048135
0.16214456
0.16380816
0.16547214
0.1671365
0.16880124
0.17046634
0.1721318
0.17379762
0.17546379
0.1771303
0.17879716
0.18046436
0.18213188
0.18379974
0.18546792
0.18713641
0.18880522
0.19047434
0.19214377
0.19381349
0.19548351
0.19715382
0.19882441
0.20049529
0.20216644
0.20383786
0.20550954
0.20718149
0.2088537
0.21052616
0.21219886
0.21387181
0.21554499
0.21721841
0.21889206
0.22056594
0.22224003
0.22391434
0.22558886
0.22726358
0.22893851
0.23061364
0.23228896
0.23396448
0.23564018
0.23731606
0.23899212
0.24066836
0.24234477
0.24402135
0.24569809
0.247375
0.24905206
0.25072928
0.25240665
0.25408418
0.25576184
0.25743965
0.25911761
0.26079569
0.26247391
0.26415226
0.26583074
0.26750935
0.26918807
0.27086692
0.27254588
0.27422495
0.27590414
0.27758343
0.27926283
0.28094234
0.28262194
0.28430164
0.28598144
0.28766134
0.28934132
0.2910214
0.29270156
0.29438181
0.29606215
0.29774257
0.29942307
0.30110366
0.30278432
0.30446505
0.30614587
0.30782675
0.30950771
0.31118874
0.31286984
0.31455101
0.31623224
0.31791354
0.3195949
0.32127632
0.32295781
0.32463935
0.32632095
0.32800261
0.32968433
0.3313661
0.33304792
0.33472979
0.33641172
0.3380937
0.33977573
0.34145781
0.34313994
0.34482212
0.34650434
0.34818661
0.34986893
0.35155129
0.35323369
0.35491614
0.35659863
0.35828116
0.35996372
0.36164633
0.36332898
0.36501167
0.36669439
0.36837715
0.37005994
0.37174277
0.37342564
0.37510853
0.37679146
0.37847442
0.38015742
0.38184044
0.38352349
0.38520657
0.38688968
0.38857281
0.39025597
0.39193916
0.39362237
0.3953056
0.39698885
0.39867213
0.40035543
0.40203874
0.40372208
0.40540543
0.40708881
0.4087722
0.4104556
0.41213903
0.41382246
0.41550591
0.41718938
0.41887285
0.42055634
0.42223983
0.42392334
0.42560685
0.42729037
0.4289739
0.43065744
0.43234099
0.43402454
0.4357081
0.43739166
0.43907523
0.44075881
0.44244238
0.44412596
0.44580954
0.44749313
0.44917671
0.4508603
0.45254388
0.45422746
0.45591105
0.45759463
0.4592782
0.46096178
0.46264535
0.46432891
0.46601248
0.46769603
0.46937958
0.47106312
0.47274666
0.47443019
0.47611371
0.47779722
0.47948072
0.48116421
0.48284769
0.48453116
0.48621463
0.48789808
0.48958152
0.49126495
0.49294836
0.49463177
0.49631516
0.49799854
0.49968191
0.50136526
0.5030486
0.50473193
0.50641523
0.50809853
0.50978181
0.51146507
0.51314832
0.51483155
0.51651476
0.51819796
0.51988113
0.52156429
0.52324744
0.52493057
0.52661367
0.52829676
0.52997983
0.53166288
0.53334591
0.53502893
0.53671192
0.53839489
0.54007785
0.54176078
0.5434437
0.54512659
0.54680946
0.54849231
0.55017514
0.55185794
0.55354073
0.55522349
0.55690623
0.55858895
0.56027165
0.56195432
0.56363697
0.5653196
0.56700221
0.56868479
0.57036736
0.5720499
0.57373241
0.57541491
0.57709738
0.57877983
0.58046226
0.58214467
0.58382706
0.58550943
0.58719177
0.5888741
0.5905564
0.59223868
0.59392094
0.59560317
0.59728539
0.59896759
0.60064976
0.60233191
0.60401405
0.60569616
0.60737826
0.60906033
0.61074239
0.61242442
0.61410644
0.61578844
0.61747042
0.61915239
0.62083433
0.62251626
0.62419818
0.62588007
0.62756195
0.62924382
0.63092567
0.6326075
0.63428932
0.63597113
0.63765292
0.63933469
0.64101645
0.6426982
0.64437993
0.64606165
0.64774336
0.64942506
0.65110674
0.65278842
0.65447008
0.65615173
0.65783337
0.659515
0.66119661
0.66287822
0.66455982
0.6662414
0.66792299
0.66960455
0.67128612
0.67296767
0.67464921
0.67633075
0.67801227
0.6796938
0.6813753
0.68305681
0.68473831
0.6864198
0.68810129
0.68978277
0.69146425
0.69314572
0.69482718
0.69650865
0.6981901
0.69987155
0.70155299
0.70323442
0.70491585
0.70659727
0.70827868
0.7099601
0.7116415
0.71332289
0.71500428
0.71668566
0.71836704
0.72004841
0.72172977
0.72341113
0.72509249
0.72677383
0.72845517
0.7301365
0.73181782
0.73349914
0.73518044
0.73686174
0.73854303
0.74022431
0.74190558
0.74358684
0.7452681
0.74694934
0.74863058
0.75031181
0.75199303
0.75367425
0.75535545
0.75703664
0.75871783
0.760399
0.76208017
0.76376132
0.76544247
0.76712361
0.76880473
0.77048585
0.77216695
0.77384804
0.77552912
0.77721019
0.77889124
0.78057229
0.78225332
0.78393434
0.78561536
0.78729636
0.78897734
0.79065832
0.79233928
0.79402024
0.79570118
0.7973821
0.79906302
0.80074393
0.80242482
0.8041057
0.80578657
0.80746742
0.80914826
0.81082908
0.8125099
0.81419069
0.81587148
0.81755226
0.81923302
0.82091376
0.8225945
0.82427522
0.82595592
0.82763662
0.8293173
0.83099797
0.83267862
0.83435926
0.83603989
0.8377205
0.8394011
0.84108169
0.84276226
0.84444282
0.84612336
0.84780389
0.84948442
0.85116492
0.85284542
0.85452589
0.85620636
0.85788682
0.85956725
0.86124768
0.86292809
0.86460848
0.86628885
0.86796921
0.86964956
0.87132989
0.8730102
0.8746905
0.87637078
0.87805105
0.87973131
0.88141154
0.88309177
0.88477198
0.88645218
0.88813236
0.88981252
0.89149267
0.89317281
0.89485293
0.89653303
0.89821311
0.89989318
0.90157324
0.90325327
0.90493329
0.9066133
0.90829329
0.90997326
0.91165322
0.91333315
0.91501307
0.91669298
0.91837287
0.92005274
0.92173259
0.92341242
0.92509225
0.92677205
0.92845183
0.9301316
0.93181135
0.93349108
0.9351708
0.93685049
0.93853017
0.94020983
0.94188947
0.94356911
0.94524871
0.9469283
0.94860787
0.95028743
0.95196698
0.95364651
0.95532601
0.95700549
0.95868496
0.96036441
0.96204384
0.96372324
0.96540262
0.96708198
0.96876133
0.97044066
0.97211997
0.97379925
0.97547849
0.97715772
0.97883694
0.98051614
0.98219532
0.98387446
0.98555357
0.98723267
0.98891176
0.99059083
0.99226988
0.99394889
0.99562788
0.99730684
0.99898581
1.0006648
1.0023437
1.0040226
1.0057014
1.0073803
1.0090591
1.0107379
1.0124167
1.0140955
1.0157742
1.0174529
1.0191316
1.0208103
1.022489
1.0241676
1.0258463
1.0275249
1.0292034
1.030882
1.0325606
1.0342391
1.0359177
1.0375962
1.0392747
1.0409532
1.0426317
1.0443102
1.0459887
1.0476673
1.0493458
1.0510243
1.0527027
1.0543811
1.0560595
1.057738
1.0594165
1.0610951
1.0627736
1.0644521
1.0661306
1.0678091
1.0694877
1.0711662
1.0728448
1.0745233
1.0762018
1.0778803
1.0795587
1.0812372
1.0829158
1.0845944
1.0862731
1.0879518
1.0896304
1.091309
1.0929874
1.0946658
1.0963441
1.0980226
1.0997012
1.1013798
1.1030584
1.1047369
1.1064152
1.1080933
1.1097712
1.1114489
1.1131267
1.1148046
1.1164827
1.1181609
1.1198392
1.1215174
1.1231954
1.124873
1.1265503
1.1282274
1.1299043
1.1315814
1.1332588
1.1349365
1.1366145
1.1382928
1.139971
1.1416489
1.1433264
1.1450034
1.14668
1.1483565
1.1500332
1.1517103
1.1533882
1.1550666
1.1567454
1.1584241
1.1601024
1.16178
1.163457
1.1651337
1.1668106
1.1684883
1.1701672
1.1718472
1.1735278
1.1752084
1.1768878
1.1785652
1.1802405
1.1819137
1.1835859
1.1852584
1.1869328
1.18861
1.1902894
1.1919689
1.1936456
1.195315
1.1969658
1.1985657
1.2000222
1.20108
1.2010302
1.1999806
1.1987581
1.197351
1.1958111
1.194189
1.1925327
1.190887
1.189292
1.1877833
1.1863912
1.1851399
1.184048
1.1831285
1.1823899
1.1818361
1.1814677
1.1812823
1.1812747
1.1814376
1.1817619
1.1822371
1.1828517
1.1835936
1.1844508
1.1854113
1.1864636
1.187597
1.1888014
1.1900679
1.1913882
1.1927547
1.1941608
1.1956007
1.1970689
1.198561
1.2000728
1.201601
1.2031426
1.2046952
1.2062569
1.2078258
1.2094005
1.2109799
1.212563
1.214149
1.2157371
1.2173268
1.2189174
1.2205084
1.2220998
1.2236925
1.2252886
1.2268855
1.2284824
1.2300792
1.231676
1.2332727
1.2348695
1.2364662
1.2380629
1.2396597
1.2412565
1.2428534
1.2444504
1.2460476
1.2476448
1.2492422
1.2508398
1.2524375
1.2540355
1.2556336
1.257232
1.2588306
1.2604296
1.2620288
1.2636283
1.2652281
1.2668283
1.2684288
1.2700297
1.2716309
1.2732326
1.2748346
1.2764371
1.27804
1.2796434
1.2812471
1.2828514
1.2844562
1.2860614
1.2876671
1.2892734
1.2908802
1.2924875
1.2940955
1.295704
1.2973131
1.2989228
1.3005332
1.3021443
1.303756
1.3053685
1.3069818
1.3085958
1.3102106
1.3118262
1.3134427
1.3150601
1.3166784
1.3182977
1.319918
1.3215392
1.3231616
1.3247851
1.3264097
1.3280354
1.3296624
1.3312906
1.3329201
1.334551
1.3361832
1.3378168
1.3394518
1.3410884
1.3427264
1.3443661
1.3460073
1.3476502
1.3492948
1.3509412
1.3525893
1.3542392
1.355891
1.3575447
1.3592004
1.360858
1.3625177
1.3641795
1.3658434
1.3675094
1.3691777
1.3708482
1.372521
1.3741961
1.3758736
1.3775535
1.3792359
1.3809207
1.3826081
1.384298
1.3859905
1.3876856
1.3893834
1.391084
1.3927872
1.3944932
1.396202
1.3979136
1.3996281
1.4013454
1.4030656
1.4047887
1.4065148
1.4082438
1.4099758
1.4117108
1.4134488
1.4151898
1.4169338
1.4186809
1.4204309
1.4221841
1.4239402
1.4256994
1.4274617
1.429227
1.4309953
1.4327666
1.4345409
1.4363181
1.4380984
1.4398816
1.4416677
1.4434567
1.4452486
1.4470433
1.4488408
1.4506411
1.4524441
1.4542498
1.4560582
1.4578691
1.4596826
1.4614986
1.4633171
1.4651379
1.4669611
1.4687865
1.4706142
1.472444
1.4742759
1.4761098
1.4779456
1.4797833
1.4816228
1.483464
1.4853068
1.4871512
1.488997
1.4908443
1.4926928
1.4945425
1.4963934
1.4982452
1.500098
1.5019517
1.5038061
1.5056612
1.5075168
1.5093729
1.5112293
1.513086
1.5149429
1.5167999
1.5186568
1.5205136
1.5223702
1.5242265
1.5260823
1.5279376
1.5297922
1.5316462
1.5334993
1.5353515
1.5372027
1.5390529
1.5409018
1.5427495
1.5445959
1.5464408
1.5482842
1.5501259
1.5519661
1.5538044
1.5556409
1.5574755
1.5593081
1.5611387
1.5629672
1.5647935
1.5666175
1.5684392
1.5702586
1.5720756
1.5738901
1.575702
1.5775114
1.5793183
1.5811224
1.5829239
1.5847226
1.5865186
1.5883118
1.5901022
1.5918898
1.5936745
1.5954563
1.5972352
1.5990112
1.6007843
1.6025544
1.6043216
1.6060859
1.6078472
1.6096056
1.611361
1.6131136
1.6148631
1.6166098
1.6183536
1.6200945
1.6218325
1.6235677
1.6253001
1.6270296
1.6287564
1.6304804
1.6322017
1.6339202
1.6356362
1.6373494
1.6390601
1.6407682
1.6424737
1.6441767
1.6458773
1.6475755
1.6492712
1.6509646
1.6526557
1.6543445
1.6560311
1.6577155
1.6593977
1.6610778
1.6627558
1.6644319
1.6661059
1.667778
1.6694482
1.6711165
1.672783
1.6744477
1.6761107
1.6777719
1.6794316
1.6810896
1.682746
1.6844009
1.6860542
1.6877061
1.6893566
1.6910057
1.6926534
1.6942999
1.695945
1.6975889
1.6992315
1.700873
1.7025133
1.7041526
1.7057907
1.7074278
1.7090638
1.7106989
1.712333
1.7139661
1.7155984
1.7172297
1.7188602
1.7204899
1.7221188
1.7237469
1.7253742
1.7270008
1.7286267
1.7302519
1.7318764
1.7335003
1.7351236
1.7367462
1.7383683
1.7399898
1.7416108
1.7432312
1.7448511
1.7464706
1.7480895
1.749708
1.751326
1.7529437
1.7545608
1.7561776
1.757794
1.7594101
1.7610257
1.762641
1.764256
1.7658707
1.767485
1.7690991
1.7707128
1.7723263
1.7739395
1.7755524
1.7771651
1.7787776
1.7803898
1.7820018
1.7836136
1.7852252
1.7868366
1.7884478
1.7900588
1.7916696
1.7932803
1.7948908
1.7965012
1.7981114
1.7997215
1.8013314
1.8029412
1.8045508
1.8061604
1.8077698
1.8093791
1.8109884
1.8125975
1.8142065
1.8158154
1.8174242
1.819033
1.8206416
1.8222502
1.8238587
1.8254672
1.8270755
1.8286838
1.8302921
1.8319003
1.8335084
1.8351164
1.8367245
1.8383324
1.8399403
1.8415482
1.843156
1.8447638
1.8463715
1.8479792
1.8495869
1.8511945
1.8528021
1.8544096
1.8560171
1.8576246
1.859232
1.8608394
1.8624468
1.8640542
1.8656615
1.8672688
1.8688761
1.8704833
1.8720905
1.8736977
1.8753049
1.876912
1.8785192
1.8801262
1.8817333
1.8833404
1.8849474
1.8865544
1.8881613
1.8897683
1.8913752
1.8929821
1.894589
1.8961959
1.8978027
1.8994095
1.9010163
1.9026231
1.9042298
1.9058365
1.9074432
1.9090499
1.9106565
1.9122631
1.9138697
1.9154763
1.9170828
1.9186893
1.9202958
1.9219022
1.9235086
1.925115
1.9267214
1.9283277
1.929934
1.9315403
1.9331465
1.9347527
1.9363589
1.9379651
1.9395712
1.9411772
1.9427833
1.9443893
1.9459953
1.9476012
1.9492071
1.950813
1.9524188
1.9540246
1.9556303
1.957236
1.9588416
1.9604473
1.9620528
1.9636584
1.9652638
1.9668693
1.9684747
1.97008
1.9716853
1.9732906
1.9748958
1.9765009
1.978106
1.9797111
1.9813161
1.982921
1.9845259
1.9861307
1.9877355
1.9893403
1.9909449
1.9925496
1.9941541
1.9957586
1.9973631
1.9989674
2.0005718
2.002176
2.0037802
2.0053844
2.0069885
2.0085925
2.0101965
2.0118004
2.0134042
2.015008
2.0166117
2.0182154
2.019819
2.0214226
2.023026
2.0246295
2.0262328
2.0278361
2.0294394
2.0310425
2.0326457
2.0342487
2.0358517
2.0374547
2.0390576
2.0406604
2.0422632
2.0438659
2.0454685
2.0470711
2.0486737
2.0502762
2.0518786
2.053481
2.0550834
2.0566856
2.0582879
2.0598901
2.0614922
2.0630943
2.0646964
2.0662984
2.0679004
2.0695023
2.0711042
2.072706
2.0743078
2.0759095
2.0775113
2.0791129
2.0807146
2.0823162
2.0839178
2.0855193
2.0871208
2.0887223
2.0903237
2.0919251
2.0935265
2.0951279
2.0967292
2.0983305
2.0999318
2.101533
2.1031342
2.1047354
2.1063366
2.1079377
2.1095389
2.1111399
2.112741
2.1143421
2.1159431
2.1175441
2.1191451
2.1207461
2.122347
2.1239479
2.1255489
2.1271498
2.1287506
2.1303515
2.1319523
2.1335532
2.135154
2.1367547
2.1383555
2.1399563
2.141557
2.1431577
2.1447585
2.1463592
2.1479598
2.1495605
2.1511611
2.1527618
2.1543624
2.155963
2.1575636
2.1591641
2.1607647
2.1623652
2.1639657
2.1655662
2.1671667
2.1687672
2.1703676
2.171968
2.1735684
2.1751688
2.1767692
2.1783696
2.1799699
2.1815702
2.1831705
2.1847708
2.1863711
2.1879713
2.1895715
2.1911717
2.1927719
2.194372
2.1959721
2.1975722
2.1991723
2.2007723
2.2023724
2.2039724
2.2055723
2.2071722
2.2087722
2.210372
2.2119719
2.2135717
2.2151715
2.2167712
2.2183709
2.2199706
2.2215702
2.2231698
2.2247694
2.2263689
2.2279684
2.2295678
2.2311672
2.2327665
2.2343658
2.235965
2.2375642
2.2391634
2.2407625
2.2423615
2.2439605
2.2455595
2.2471584
2.2487572
2.250356
2.2519547
2.2535534
2.255152
2.2567505
2.258349
2.2599474
2.2615457
2.263144
2.2647423
2.2663404
2.2679385
2.2695365
2.2711345
2.2727324
2.2743302
2.275928
2.2775257
2.2791233
2.2807208
2.2823183
2.2839157
2.285513
2.2871103
2.2887075
2.2903047
2.2919017
2.2934987
2.2950956
2.2966925
2.2982893
2.299886
2.3014826
2.3030792
2.3046757
2.3062722
2.3078685
2.3094649
2.3110611
2.3126573
2.3142534
2.3158495
2.3174454
2.3190414
2.3206372
2.322233
2.3238288
2.3254245
2.3270201
2.3286156
2.3302112
2.3318066
2.333402
2.3349973
2.3365926
2.3381878
2.339783
2.3413781
2.3429732
2.3445682
2.3461631
2.347758
2.3493529
2.3509477
2.3525424
2.3541371
2.3557318
2.3573264
2.3589209
2.3605154
2.3621099
2.3637043
2.3652986
2.3668929
2.3684872
2.3700814
2.3716756
2.3732697
2.3748638
2.3764578
2.3780518
2.3796457
2.3812396
2.3828335
2.3844273
2.386021
2.3876148
2.3892084
2.3908021
2.3923956
2.3939892
2.3955827
2.3971761
2.3987695
2.4003629
2.4019562
2.4035495
2.4051428
2.406736
2.4083291
2.4099222
2.4115153
2.4131084
2.4147013
2.4162943
2.4178872
2.4194801
2.4210729
2.4226657
2.4242585
2.4258512
2.4274439
2.4290365
2.4306291
2.4322217
2.4338142
2.4354067
2.4369992
2.4385916
2.4401839
2.4417763
2.4433686
2.4449609
2.4465531
2.4481453
2.4497374
2.4513296
2.4529217
2.4545137
2.4561057
2.4576977
2.4592897
2.4608816
2.4624734
2.4640653
2.4656571
2.4672489
2.4688406
2.4704323
2.472024
2.4736156
2.4752072
2.4767987
2.4783902
2.4799817
2.4815731
2.4831645
2.4847559
2.4863472
2.4879385
2.4895298
2.491121
2.4927121
2.4943032
2.4958943
2.4974854
2.4990763
2.5006673
2.5022582
2.503849
2.5054399
2.5070306
2.5086213
2.510212
2.5118026
2.5133932
2.5149837
2.5165742
2.5181646
2.519755
2.5213453
2.5229356
2.5245258
2.526116
2.5277061
2.5292962
2.5308862
2.5324762
2.5340661
2.5356559
2.5372457
2.5388355
2.5404252
2.5420148
2.5436044
2.5451939
2.5467834
2.5483728
2.5499622
2.5515515
2.5531408
2.55473
2.5563192
2.5579083
2.5594974
2.5610864
2.5626754
2.5642643
2.5658532
2.567442
2.5690308
2.5706196
2.5722083
2.5737969
2.5753856
2.5769741
2.5785627
2.5801512
2.5817396
2.5833281
2.5849164
2.5865048
2.5880931
2.5896814
2.5912696
2.5928578
2.594446
2.5960341
2.5976223
2.5992103
2.6007984
2.6023864
2.6039744
2.6055624
2.6071503
2.6087382
2.6103261
2.611914
2.6135018
2.6150896
2.6166774
2.6182651
2.6198528
2.6214405
2.6230282
2.6246158
2.6262034
2.627791
2.6293786
2.6309661
2.6325536
2.6341411
2.6357285
2.637316
2.6389034
2.6404907
2.6420781
2.6436654
2.6452527
2.6468399
2.6484271
2.6500143
2.6516015
2.6531887
2.6547758
2.6563628
2.6579499
2.6595369
2.6611239
2.6627109
2.6642978
2.6658847
2.6674715
2.6690584
2.6706451
2.6722319
2.6738186
2.6754053
2.676992
2.6785786
2.6801652
2.6817517
2.6833382
2.6849247
2.6865111
2.6880975
2.6896839
2.6912702
2.6928565
2.6944427
2.6960289
2.6976151
2.6992012
2.7007872
2.7023733
2.7039592
2.7055452
2.707131
2.7087169
2.7103027
2.7118884
2.7134741
2.7150597
2.7166453
2.7182308
2.7198163
2.7214017
2.7229871
2.7245724
2.7261577
2.7277428
2.729328
2.730913
2.732498
2.734083
2.7356678
2.7372526
2.7388374
2.740422
2.7420066
2.7435911
2.7451756
2.7467599
2.7483442
2.7499284
2.7515126
2.7530966
2.7546806
2.7562645
2.7578483
2.759432
2.7610157
2.7625992
2.7641827
2.7657661
2.7673494
2.7689326
2.7705157
2.7720987
2.7736817
2.7752646
2.7768473
2.77843
2.7800126
2.7815952
2.7831776
2.7847599
2.7863422
2.7879244
2.7895065
2.7910885
2.7926704
2.7942523
2.795834
2.7974157
2.7989973
2.8005789
2.8021603
2.8037417
2.805323
2.8069043
2.8084854
2.8100665
2.8116475
2.8132285
2.8148094
2.8163902
2.817971
2.8195517
2.8211323
2.8227129
2.8242934
2.8258738
2.8274542
2.8290345
2.8306148
2.832195
2.8337752
2.8353552
2.8369353
2.8385153
2.8400952
2.8416751
2.8432549
2.8448347
2.8464144
2.847994
2.8495736
2.8511532
2.8527327
2.8543122
2.8558916
2.8574709
2.8590502
2.8606295
2.8622086
2.8637878
2.8653669
2.8669459
2.8685249
2.8701039
2.8716828
2.8732616
2.8748404
2.8764191
2.8779978
2.8795765
2.881155
2.8827336
2.8843121
2.8858905
2.8874689
2.8890472
2.8906255
2.8922037
2.8937819
2.89536
2.8969381
2.8985162
2.9000941
2.9016721
2.9032499
2.9048278
2.9064055
2.9079832
2.9095609
2.9111385
2.9127161
2.9142936
2.915871
2.9174485
2.9190258
2.9206031
2.9221803
2.9237575
2.9253347
2.9269118
2.9284888
2.9300658
2.9316427
2.9332196
2.9347964
2.9363732
2.9379499
2.9395265
2.9411031
2.9426797
2.9442561
2.9458326
2.9474089
2.9489852
2.9505615
2.9521377
2.9537138
2.9552899
2.9568659
2.9584418
2.9600177
2.9615935
2.9631692
2.9647449
2.9663205
2.967896
2.9694715
2.9710469
2.9726222
2.9741975
2.9757726
2.9773477
2.9789227
2.9804977
2.9820725
2.9836473
2.985222
2.9867966
2.9883711
2.9899456
2.9915199
2.9930942
2.9946683
2.9962424
2.9978164
2.9993903
3.0009641
3.0025378
3.0041114
3.0056849
3.0072584
3.0088317
3.0104049
3.0119781
3.0135511
3.015124
3.0166969
3.0182696
3.0198423
3.0214148
3.0229873
3.0245597
3.0261319
3.0277041
3.0292762
3.0308482
3.0324201
3.0339919
3.0355637
3.0371353
3.0387069
3.0402784
3.0418498
3.0434211
3.0449924
3.0465635
3.0481346
3.0497056
3.0512766
3.0528474
3.0544182
3.055989
3.0575597
3.0591303
3.0607008
3.0622713
3.0638417
3.065412
3.0669823
3.0685525
3.0701227
3.0716928
3.0732629
3.0748328
3.0764028
3.0779727
3.0795425
3.0811123
3.082682
3.0842516
3.0858212
3.0873908
3.0889603
3.0905297
3.0920991
3.0936685
3.0952377
3.096807
3.0983762
3.0999453
3.1015144
3.1030834
3.1046523
3.1062213
3.1077901
3.1093589
3.1109277
3.1124964
3.114065
3.1156336
3.1172022
3.1187707
3.1203391
3.1219075
3.1234758
3.1250441
3.1266123
3.1281805
3.1297486
3.1313167
3.1328847
3.1344526
3.1360205
3.1375884
3.1391562
3.1407239
3.1422916
3.1438592
3.1454268
3.1469943
3.1485617
3.1501291
3.1516965
3.1532638
3.154831
3.1563982
3.1579653
3.1595324
3.1610994
3.1626664
3.1642333
3.1658001
3.1673669
3.1689337
3.1705004
3.172067
3.1736335
3.1752001
3.1767665
3.1783329
3.1798992
3.1814655
3.1830317
3.1845979
3.1861639
3.18773
3.1892959
3.1908618
3.1924277
3.1939935
3.1955592
3.1971248
3.1986904
3.2002559
3.2018213
3.2033867
3.2049519
3.2065172
3.2080823
3.2096474
3.2112123
3.2127772
3.214342
3.2159068
3.2174714
3.219036
3.2206004
3.2221649
3.2237291
3.2252934
3.2268574
3.2284215
3.2299853
3.2315493
3.2331128
3.2346766
3.2362399
3.2378036
3.2393665
3.2409301
3.2424928
3.2440562
3.2456187
3.2471819
3.2487442
3.2503072
3.2518693
3.253432
3.2549941
3.2565565
3.2581184
3.2596804
3.2612424
3.2628042
3.2643659
3.2659275
3.2674891
3.2690505
3.2706119
3.2721731
3.2737344
3.2752955
3.2768565
3.2784175
3.2799784
3.2815392
3.2830999
3.2846606
3.2862212
3.2877818
3.2893422
3.2909026
3.292463
3.2940233
3.2955835
3.2971437
3.2987038
3.3002638
3.3018238
3.3033837
3.3049436
3.3065034
3.3080632
3.3096229
3.3111825
3.3127421
3.3143017
3.3158612
3.3174206
3.31898
3.3205393
3.3220986
3.3236578
3.325217
3.3267761
3.3283352
3.3298942
3.3314531
3.333012
3.3345709
3.3361297
3.3376884
3.3392471
3.3408058
3.3423644
3.3439229
3.3454814
3.3470399
3.3485983
3.3501566
3.3517149
3.3532731
3.3548313
3.3563894
3.3579475
3.3595055
3.3610635
3.3626214
3.3641793
3.3657371
3.3672949
3.3688526
3.3704103
3.3719679
3.3735255
3.375083
3.3766405
3.3781979
3.3797553
3.3813126
3.3828698
3.3844271
3.3859842
3.3875414
3.3890984
3.3906555
3.3922124
3.3937694
3.3953262
3.3968831
3.3984398
3.3999965
3.4015532
3.4031098
3.4046664
3.4062229
3.4077794
3.4093358
3.4108922
3.4124485
3.4140048
3.415561
3.4171171
3.4186732
3.4202292
3.4217852
3.4233411
3.424897
3.4264527
3.4280085
3.4295641
3.4311197
3.4326752
3.4342307
3.4357861
3.4373414
3.4388966
3.4404517
3.4420068
3.4435618
3.4451167
3.4466715
3.4482262
3.4497808
3.4513353
3.4528898
3.4544441
3.4559984
3.4575525
3.4591066
3.4606605
3.4622144
3.4637681
3.4653218
3.4668753
3.4684288
3.4699821
3.4715354
3.4730885
3.4746416
3.4761945
3.4777474
3.4793002
3.4808529
3.4824054
3.4839579
3.4855104
3.4870627
3.488615
3.4901671
3.4917192
3.4932712
3.4948232
3.496375
3.4979268
3.4994786
3.5010302
3.5025818
3.5041334
3.5056848
3.5072362
3.5087876
3.5103389
3.5118901
3.5134412
3.5149923
3.5165434
3.5180944
3.5196453
3.5211962
3.522747
3.5242977
3.5258484
3.527399
3.5289496
3.5305002
3.5320506
3.533601
3.5351514
3.5367017
3.5382519
3.5398021
3.5413522
3.5429022
3.5444522
3.5460021
3.547552
3.5491018
3.5506516
3.5522013
3.5537509
3.5553005
3.55685
3.5583995
3.5599489
3.5614982
3.5630475
3.5645967
3.5661459
3.567695
3.5692441
3.5707931
3.572342
3.5738909
3.5754397
3.5769885
3.5785372
3.5800859
3.5816345
3.5831831
3.5847316
3.5862801
3.5878285
3.5893768
3.5909251
3.5924734
3.5940216
3.5955698
3.5971179
3.5986659
3.600214
3.6017619
3.6033099
3.6048578
3.6064056
3.6079534
3.6095012
3.6110489
3.6125966
3.6141442
3.6156918
3.6172393
3.6187868
3.6203343
3.6218817
3.6234291
3.6249764
3.6265237
3.628071
3.6296182
3.6311654
3.6327125
3.6342596
3.6358066
3.6373536
3.6389005
3.6404474
3.6419943
3.643541
3.6450878
3.6466344
3.648181
3.6497276
3.651274
3.6528204
3.6543667
3.655913
3.6574591
3.6590052
3.6605512
3.6620972
3.663643
3.6651887
3.6667343
3.6682799
3.6698253
3.6713707
3.6729159
3.6744611
3.6760061
3.6775511
3.6790959
3.6806407
3.6821853
3.6837299
3.6852744
3.6868188
3.688363
3.6899073
3.6914514
3.6929954
3.6945394
3.6960833
3.6976271
3.6991709
3.7007146
3.7022582
3.7038018
3.7053454
3.7068888
3.7084323
3.7099756
3.711519
3.7130622
3.7146055
3.7161487
3.7176919
3.719235
3.7207781
3.7223211
3.7238641
3.7254071
3.72695
3.7284929
3.7300357
3.7315785
3.7331213
3.734664
3.7362067
3.7377494
3.739292
3.7408346
3.7423772
3.7439197
3.7454621
3.7470046
3.7485469
3.7500893
3.7516316
3.7531739
3.7547161
3.7562583
3.7578004
3.7593425
3.7608846
3.7624266
3.7639686
3.7655106
3.7670525
3.7685943
3.7701362
3.7716779
3.7732197
3.7747614
3.776303
3.7778446
3.7793862
3.7809277
3.7824692
3.7840107
3.7855521
3.7870934
3.7886348
3.790176
3.7917173
3.7932585
3.7947996
3.7963407
3.7978818
3.7994228
3.8009638
3.8025047
3.8040456
3.8055864
3.8071273
3.808668
3.8102087
3.8117494
3.81329
3.8148306
3.8163711
3.8179116
3.819452
3.8209924
3.8225328
3.8240731
3.8256133
3.8271535
3.8286937
3.8302338
3.8317738
3.8333138
3.8348538
3.8363937
3.8379336
3.8394734
3.8410132
3.8425529
3.8440925
3.8456321
3.8471717
3.8487112
3.8502506
3.85179
3.8533293
3.8548686
3.8564078
3.8579469
3.8594859
3.8610249
3.8625638
3.8641027
3.8656414
3.8671801
3.8687187
3.8702572
3.8717956
3.8733339
3.8748721
3.8764101
3.8779481
3.879486
3.8810237
3.8825613
3.8840988
3.8856361
3.8871734
3.8887104
3.8902474
3.8917842
3.8933209
3.8948574
3.8963939
3.8979301
3.8994663
3.9010023
3.9025383
3.9040741
3.9056098
3.9071453
3.9086808
3.9102162
3.9117515
3.9132867
3.9148218
3.9163568
3.9178917
3.9194266
3.9209614
3.9224961
3.9240307
3.9255653
3.9270998
3.9286342
3.9301686
3.9317029
3.9332371
3.9347713
3.9363055
3.9378395
3.9393735
3.9409075
3.9424414
3.9439752
3.9455089
3.9470426
3.9485763
3.9501099
3.9516434
3.9531769
3.9547103
3.9562436
3.9577769
3.9593102
3.9608433
3.9623764
3.9639095
3.9654425
3.9669754
3.9685083
3.9700411
3.9715739
3.9731065
3.9746392
3.9761718
3.9777043
3.9792367
3.9807691
3.9823014
3.9838337
3.9853659
3.9868981
3.9884302
3.9899622
3.9914942
3.9930261
3.9945579
3.9960897
3.9976215
3.9991531
4.0006847
4.0022163
4.0037478
4.0052792
4.0068106
4.0083419
4.0098731
4.0114043
4.0129354
4.0144665
4.0159975
4.0175284
4.0190593
4.0205901
4.0221209
4.0236516
4.0251822
4.0267128
4.0282433
4.0297737
4.0313041
4.0328344
4.0343646
4.0358948
4.0374249
4.038955
4.040485
4.0420149
4.0435448
4.0450746
4.0466043
4.048134
4.0496636
4.0511931
4.0527225
4.0542519
4.0557812
4.0573104
4.0588395
4.0603685
4.0618975
4.0634263
4.064955
4.0664836
4.0680121
4.0695404
4.0710686
4.0725966
4.0741245
4.0756523
4.0771798
4.0787072
4.0802344
4.0817615
4.0832883
4.084815
4.0863415
4.0878679
4.0893941
4.0909201
4.092446
4.0939717
4.0954973
4.0970227
4.0985481
4.1000733
4.1015985
4.1031235
4.1046484
4.1061733
4.1076981
4.1092227
4.1107473
4.1122719
4.1137963
4.1153207
4.116845
4.1183692
4.1198933
4.1214174
4.1229413
4.1244652
4.125989
4.1275127
4.1290362
4.1305597
4.1320831
4.1336064
4.1351296
4.1366527
4.1381757
4.1396986
4.1412213
4.142744
4.1442665
4.1457889
4.1473113
4.1488334
4.1503555
4.1518774
4.1533992
4.1549209
4.1564424
4.1579638
4.159485
4.1610061
4.1625271
4.1640479
4.1655685
4.167089
4.1686093
4.1701295
4.1716495
4.1731693
4.174689
4.1762084
4.1777277
4.1792468
4.1807658
4.1822845
4.183803
4.1853213
4.1868394
4.1883573
4.189875
4.1913924
4.1929097
4.1944267
4.1959434
4.1974599
4.1989762
4.2004922
4.202008
4.2035235
4.2050387
4.2065537
4.2080684
4.2095828
4.211097
4.2126108
4.2141244
4.2156376
4.2171506
4.2186632
4.2201756
4.2216876
4.2231994
4.2247107
4.2262218
4.2277326
4.229243
4.230753
4.2322628
4.2337721
4.2352812
4.2367898
4.2382982
4.2398061
4.2413137
4.2428209
4.2443278
4.2458343
4.2473404
4.2488461
4.2503515
4.2518564
4.253361
4.2548652
4.256369
4.2578724
4.2593754
4.2608781
4.2623803
4.2638821
4.2653836
4.2668847
4.2683853
4.2698856
4.2713855
4.2728849
4.274384
4.2758826
4.2773809
4.2788788
4.2803763
4.2818733
4.28337
4.2848663
4.2863622
4.2878577
4.2893528
4.2908475
4.2923418
4.2938357
4.2953293
4.2968224
4.2983152
4.2998075
4.3012996
4.3027911
4.3042824
4.3057732
4.3072638
4.3087539
4.3102436
4.311733
4.3132221
4.3147107
4.316199
4.317687
4.3191746
4.3206618
4.3221488
4.3236353
4.3251216
4.3266074
4.328093
4.3295782
4.3310631
4.3325477
4.3340319
4.3355158
4.3369994
4.3384826
4.3399657
4.3414481
4.3429308
4.3444123
4.3458946
4.3473754
4.3488573
4.3503373
4.3518187
4.3532981
4.3547789
4.3562578
4.3577381
4.3592165
4.3606962
4.362174
4.3636533
4.3651306
4.3666093
4.3680861
4.3695644
4.3710407
4.3725185
4.3739944
4.3754717
4.3769472
4.378424
4.3798991
4.3813754
4.3828501
4.3843259
4.3858003
4.3872757
4.3887497
4.3902246
4.3916982
4.3931728
4.3946461
4.3961201
4.3975932
4.3990667
4.4005396
4.4020125
4.4034853
4.4049578
4.4064302
4.4079024
4.4093744
4.4108463
4.412318
4.4137896
4.415261
4.4167322
4.4182033
4.4196742
4.421145
4.4226157
4.4240862
4.4255565
4.4270267
4.4284967
4.4299667
4.4314364
4.4329061
4.4343755
4.4358449
4.4373141
4.4387832
4.4402521
4.441721
4.4431896
4.4446582
4.4461266
4.4475949
4.4490631
4.4505311
4.4519991
4.4534668
4.4549345
4.4564021
4.4578695
4.4593368
4.4608039
4.462271
4.4637379
4.4652047
4.4666714
4.4681379
4.4696044
4.4710707
4.4725369
4.474003
4.4754689
4.4769348
4.4784005
4.4798661
4.4813316
4.482797
4.4842622
4.4857273
4.4871923
4.4886572
4.490122
4.4915867
4.4930512
4.4945156
4.4959799
4.4974441
4.4989081
4.5003721
4.5018359
4.5032996
4.5047632
4.5062267
4.50769
4.5091532
4.5106163
4.5120793
4.5135422
4.5150049
4.5164676
4.5179301
4.5193925
4.5208547
4.5223169
4.5237789
4.5252408
4.5267026
4.5281642
4.5296258
4.5310872
4.5325485
4.5340097
4.5354707
4.5369317
4.5383925
4.5398532
4.5413138
4.5427742
4.5442346
4.5456948
4.5471549
)
;

boundaryField
{
    leftSide
    {
        type            calculated;
        value           uniform 3.3354307;
    }
    rightSide
    {
        type            calculated;
        value           uniform 4.5486149;
    }
    emptywalls
    {
        type            empty;
        value           nonuniform 0();
    }
}


// ************************************************************************* //
