/*--------------------------------*- C++ -*----------------------------------*\
  =========                 |
  \\      /  F ield         | OpenFOAM: The Open Source CFD Toolbox
   \\    /   O peration     | Website:  https://openfoam.org
    \\  /    A nd           | Version:  7
     \\/     M anipulation  |
\*---------------------------------------------------------------------------*/
FoamFile
{
    version     2.0;
    format      ascii;
    class       volScalarField;
    location    "0.00203";
    object      Uy;
}
// * * * * * * * * * * * * * * * * * * * * * * * * * * * * * * * * * * * * * //

dimensions      [0 1 -1 0 0 0 0];

internalField   nonuniform List<scalar> 
5000
(
7.5044076e-21
1.00805e-20
0
0
-4.6903996e-21
5.1147339e-36
4.4728767e-21
0
0
-4.7537183e-21
-9.4019329e-21
4.6421301e-21
4.61104e-21
-4.6264051e-21
0
-4.6786109e-21
-1.0293596e-50
4.6732832e-21
0
4.6193637e-21
-4.5931616e-21
-4.5682885e-21
9.1088737e-21
-4.5685121e-21
-4.5921947e-21
-3.7945147e-35
4.5987458e-21
4.5907205e-21
-9.1418919e-21
7.8776093e-35
-7.8986094e-35
4.4797571e-21
8.8591394e-21
-8.8079352e-21
7.1848809e-35
-3.5338751e-34
-1.511711e-34
8.8759468e-21
-8.6404033e-21
-8.6124526e-21
8.6435845e-21
-2.94913e-34
-8.5206279e-21
4.2610049e-21
1.2756473e-20
-4.2083524e-21
-4.1711699e-21
-2.8303562e-34
-8.1360983e-21
0
3.9733538e-21
5.6666093e-37
-3.9696023e-21
7.8206468e-21
-1.3473804e-34
-7.609268e-21
3.7737755e-21
-1.2965919e-34
-3.7314244e-21
0
3.5472746e-21
1.1609059e-34
9.4800049e-37
3.4043019e-21
-3.4490404e-21
1.1852148e-34
3.2893768e-21
-3.1685646e-21
-3.1045874e-21
3.1390657e-21
3.1653025e-21
-3.1487854e-21
-3.0900685e-21
6.0174219e-21
2.934962e-21
-2.8544914e-21
0
2.7703738e-21
-3.9127198e-37
-2.7144075e-21
2.6449732e-21
-7.0515113e-37
6.8497367e-37
2.4872632e-21
2.5720662e-21
9.0396858e-35
-2.4924323e-21
0
-1.9327755e-21
-2.1446372e-34
-7.8602894e-35
2.3479839e-21
2.3951818e-21
-4.800403e-21
-1.6420893e-34
2.303166e-21
0
0
-2.198614e-21
-1.6056986e-34
4.7542088e-21
-2.377643e-21
-4.6637785e-21
0
2.3167454e-21
2.3951819e-21
-2.4747855e-21
-2.4944401e-21
0
0
2.1880688e-21
2.2094199e-21
0
-2.5480668e-21
9.0955965e-35
2.6319746e-21
-2.6197681e-21
7.2609948e-37
-8.7927799e-35
3.5858016e-51
5.3518248e-21
-1.1722276e-36
-2.7433853e-21
0
-2.6371814e-21
2.6617217e-21
2.7620344e-21
-5.6740604e-21
-2.8399432e-21
5.6193721e-21
2.7754515e-21
-2.7752084e-21
-2.8385831e-21
-2.8831243e-21
0
2.8648533e-21
2.7994185e-21
-2.7737032e-21
-9.8222944e-35
2.9206888e-21
-2.9662107e-21
-2.9342631e-21
0
2.8115623e-21
2.8043334e-21
-2.8958681e-21
2.9640797e-21
-1.6911929e-36
-2.9585738e-21
2.9252506e-21
-2.916267e-21
2.052558e-34
2.9922287e-21
-2.9985122e-21
2.9600305e-21
2.9373619e-21
-2.9662454e-21
0
0
-3.0141443e-21
-2.968247e-21
2.9620463e-21
3.0315774e-21
-3.0932626e-21
-2.133046e-34
3.0172304e-21
-2.9510504e-21
-2.959946e-21
0
3.1343091e-21
3.1391719e-21
0
-3.0104359e-21
-2.9731855e-21
0
3.1291732e-21
6.6207703e-34
-3.1560223e-21
3.0898006e-21
3.0359643e-21
-3.0504228e-21
-2.1640638e-34
2.1965342e-34
1.3503012e-36
3.0924378e-21
-3.0328105e-21
-4.2270065e-34
2.1531972e-34
-2.1917785e-34
3.1594461e-21
0
0
-3.0419949e-21
-3.0995111e-21
0
0
3.0338161e-21
-2.1238949e-51
-3.0312376e-21
0
3.0784856e-21
-3.0075164e-21
-8.1929519e-34
5.9326383e-21
-3.0068509e-21
-6.2644416e-34
-4.2415408e-37
-2.9210385e-21
2.8958396e-21
-4.1377298e-37
-4.0562858e-34
2.0161457e-34
-2.8559387e-21
0
2.854447e-21
1.9909768e-34
7.8827714e-34
2.753878e-21
0
-2.7467701e-21
-2.8217802e-21
0
0
0
2.6268193e-21
1.8133033e-34
-2.7002062e-21
0
0
2.7097819e-21
2.6444222e-21
-2.6245668e-21
-2.6713627e-21
0
2.7147296e-21
2.6771256e-21
-2.6147648e-21
-2.6063711e-21
0
2.721649e-21
-7.5486689e-34
-1.8401966e-34
2.5576518e-21
-2.5271923e-21
-2.5900789e-21
0
2.7190928e-21
-3.7397015e-34
2.618597e-21
3.5203683e-34
-5.0037256e-21
2.5353625e-21
-3.61172e-34
-9.1062798e-34
-1.7753675e-34
-2.4831402e-21
2.4040998e-21
2.4007163e-21
0
-2.5084391e-21
-2.4574284e-21
0
2.2105421e-21
2.1898747e-21
-4.5676384e-21
-2.3437567e-21
2.3272059e-21
2.2651542e-21
6.08864e-34
-2.1747853e-21
2.1939272e-21
-1.5269324e-34
-2.1436596e-21
2.0459719e-21
-1.4019967e-34
1.4435516e-34
-6.0411472e-37
-1.4606709e-34
2.0254118e-21
0
0
-1.9886846e-21
-2.0926275e-21
0
0
0
0
1.8627429e-21
1.3769397e-34
-4.1790494e-21
9.026534e-37
2.0895436e-21
2.0423503e-21
-2.7831059e-34
-2.7325249e-34
-2.7736683e-37
-1.9818194e-21
-2.0609415e-21
-2.1205595e-21
4.2647105e-21
6.3081068e-21
-2.05989e-21
-4.0424411e-21
0
1.9663268e-21
2.0157552e-21
-2.0980992e-21
6.049277e-37
-8.7257747e-37
5.4701911e-37
1.8556747e-21
1.9067984e-21
-2.024121e-21
-4.129246e-21
2.0172851e-21
6.5182055e-51
1.7938856e-21
4.9254447e-34
-3.7155151e-21
0
0
3.6649452e-21
-9.6734102e-34
-3.4534067e-21
0
1.7772231e-21
1.738686e-21
-1.6830527e-21
2.4085588e-37
-2.4074612e-34
2.4413151e-37
1.6514525e-21
-1.5885282e-21
-1.6196797e-21
0
1.7111629e-21
-2.2347667e-34
-1.4626543e-21
2.965385e-21
-4.5101285e-34
-1.73366e-21
-4.8586281e-34
-3.3739535e-21
3.1824266e-21
1.5075641e-21
-1.5327901e-21
-2.3417996e-37
-1.7020653e-21
0
0
1.4070161e-21
-2.0379643e-34
-3.2224005e-21
2.3628653e-37
4.940865e-21
-1.6136212e-21
-1.5598829e-21
2.9458222e-21
-1.3607252e-21
1.2755951e-21
2.658101e-21
-1.4453144e-21
-1.4956213e-21
-1.444983e-21
1.3046056e-21
1.5989747e-50
-1.0289147e-21
1.0867636e-21
-1.2180246e-21
1.2795744e-21
3.4386895e-34
3.0284122e-37
8.623846e-22
-1.6736001e-21
9.6241609e-22
3.0006412e-34
-3.1283186e-34
-1.0825189e-21
-1.7715768e-21
1.9943864e-21
1.949828e-34
-4.9328567e-34
2.7692944e-34
-2.0891209e-21
2.1361046e-21
-2.8857662e-34
-1.7252274e-21
0
0
6.7716146e-22
-1.2309726e-34
-9.4748092e-22
-9.1414004e-22
8.9224959e-22
2.8444657e-21
-1.0078495e-21
-9.7164771e-22
-2.2638384e-37
-6.4588966e-22
0
1.8333384e-21
2.0249932e-21
-9.8671127e-22
-1.6600795e-21
-6.2215788e-22
1.076114e-21
1.3156009e-21
-1.6277512e-21
-1.7539765e-21
0
1.1610907e-21
-2.8198937e-22
-5.7475124e-22
4.8041202e-22
6.0737746e-22
-9.3018047e-38
9.0168134e-35
4.4567092e-22
-1.5318293e-23
1.4072773e-22
3.7766672e-23
-2.9748416e-35
-3.7607823e-38
-4.0404226e-35
-3.4156545e-22
3.2838443e-22
-5.0471322e-35
2.2542575e-35
4.2539785e-35
-5.7369973e-23
2.3625619e-22
-4.7482804e-35
-6.3123605e-35
3.0912988e-38
9.7029715e-22
3.1945599e-22
-1.2477199e-23
3.7722456e-22
-3.1816812e-35
-2.384204e-22
5.4989587e-23
-1.2892905e-22
9.8586848e-23
-2.1388038e-22
-7.0580894e-23
6.9643219e-35
-2.8084611e-22
0
0
2.0190056e-22
0
5.6397614e-23
-6.5461108e-22
-1.3469628e-37
1.9966714e-34
0
1.3276716e-22
-6.3708906e-23
-2.975414e-22
1.6903681e-21
1.0378477e-21
-7.5252114e-22
0
0
6.2283516e-22
-2.8992198e-34
-1.0681665e-21
0
0
5.8064422e-22
-3.6875519e-34
-1.471246e-21
0
0
0
0
0
0
0
0
-5.4257338e-21
-1.2063886e-33
1.9556434e-21
-1.8437418e-21
1.8418898e-21
-2.3978056e-21
9.5423637e-34
4.1210518e-21
1.0944218e-33
3.3861742e-21
0
0
-3.2972011e-21
-1.1107264e-33
5.0100082e-21
0
0
0
0
0
0
0
-1.5469388e-20
5.9649218e-33
1.3886858e-20
-7.0994264e-21
-1.108931e-36
-8.9148601e-21
5.3194941e-33
1.9317922e-20
9.7883042e-21
-2.5610902e-50
-3.4682847e-20
0
2.2505933e-20
0
0
-2.6926571e-20
4.1222891e-33
4.5119968e-20
-1.4623631e-20
-1.4901747e-20
1.5534856e-20
-1.6699556e-20
1.8262014e-20
5.4349195e-33
-1.99953e-20
1.9981671e-20
0
2.1531223e-20
-2.2869639e-20
-4.8383278e-20
2.5148732e-20
2.5738016e-20
2.6469577e-20
2.764877e-20
-5.8122119e-20
-3.0352772e-20
3.1310141e-20
0
-3.3205587e-20
3.4808029e-20
3.6635295e-20
-1.1503838e-19
-1.1247582e-35
8.0607779e-20
-4.1195161e-20
-5.9174095e-33
-4.452893e-20
1.3270496e-35
9.7715361e-20
-5.0650875e-20
0
1.4778673e-32
7.8076226e-36
5.7221077e-20
-5.9679193e-20
1.7199309e-32
8.8474062e-33
9.294186e-36
6.7359406e-20
-6.9889676e-20
1.2798071e-49
2.0986039e-32
1.1100648e-35
1.6059459e-19
1.1439513e-32
-8.5070349e-20
0
0
9.4685249e-20
4.0633097e-32
-1.0045717e-19
1.0337958e-19
-1.4804637e-32
6.7289941e-49
1.5826473e-32
-1.1779079e-19
-1.2156782e-19
-1.7392473e-32
1.2936878e-19
0
0
-1.4188468e-19
1.4627129e-19
-1.2563618e-31
-1.5584648e-19
1.6094503e-19
0
-1.7114505e-19
-1.7630501e-19
1.8174637e-19
1.8758735e-19
0
-1.9994392e-19
-2.0599486e-19
4.2394519e-19
2.1820939e-19
-2.2499401e-19
-2.3232308e-19
-3.3273205e-32
-2.4735652e-19
-7.0697838e-32
5.2375889e-19
0
0
0
-2.9524615e-19
-3.042114e-19
0
3.2228341e-19
4.5938937e-32
-3.4114273e-19
0
0
3.7205966e-19
5.3092329e-32
-5.4539103e-32
4.046597e-19
-4.1603091e-19
1.7800219e-31
4.3987631e-19
0
4.6457393e-19
6.6251864e-32
-4.9008782e-19
5.0336097e-19
-5.1697861e-19
-5.308653e-19
5.4496641e-19
0
-5.7389659e-19
-5.8882737e-19
6.0408113e-19
6.1961242e-19
0
6.5137168e-19
-6.6764905e-19
-6.8427075e-19
7.0125427e-19
1.4370972e-18
-4.0878678e-31
-2.2614138e-18
8.7479276e-49
7.9015128e-19
1.6178126e-18
-4.5936632e-31
-1.6946352e-18
8.668238e-19
-8.8658353e-19
9.0670532e-19
9.2723356e-19
-1.8962291e-18
0
0
2.0244388e-18
-8.4975231e-48
-2.1126991e-18
0
0
2.2503159e-18
-9.1164968e-48
-2.3451209e-18
0
0
2.491093e-18
1.2705239e-18
-2.5916974e-18
-1.321501e-18
0
2.7475441e-18
-7.777036e-31
-2.8543438e-18
1.454169e-18
0
-1.5089629e-18
1.5369843e-18
-2.2246438e-34
-1.5942525e-18
1.623233e-18
-1.6523301e-18
-1.6815999e-18
1.7111675e-18
1.7411353e-18
-4.9191653e-31
-1.8022634e-18
1.8332539e-18
5.1771085e-31
-1.8957408e-18
1.9273049e-18
-1.9592042e-18
-1.9914855e-18
2.024107e-18
2.056971e-18
-5.8035269e-31
-2.1232169e-18
2.1566834e-18
-3.1128484e-34
-2.2245816e-18
2.2589446e-18
-2.2934931e-18
-2.328215e-18
2.3631534e-18
4.796714e-18
-1.352349e-30
-4.9391557e-18
2.5055466e-18
-3.6120136e-34
-5.1562175e-18
-7.4313211e-34
2.6513735e-18
0
-2.7253379e-18
0
2.8003483e-18
0
0
0
2.9523054e-18
-1.8461125e-48
-3.0291193e-18
0
-3.1070006e-18
8.7360372e-31
3.185154e-18
0
0
0
3.342816e-18
-9.3929782e-31
-3.4225573e-18
0
-3.5024653e-18
-9.8319501e-31
3.5827808e-18
0
-3.6634298e-18
3.7037718e-18
-2.0804157e-30
-3.7846238e-18
3.8252207e-18
0
3.9065551e-18
1.0960462e-30
-3.987716e-18
0
-4.0689752e-18
4.1096782e-18
2.3049395e-30
-4.190955e-18
2.3494135e-30
6.0709792e-34
-1.1981447e-30
6.1861976e-34
4.3935811e-18
0
-4.474218e-18
1.2529405e-30
1.2640997e-30
1.9240525e-48
1.2869766e-30
0
9.4287868e-18
1.3201264e-30
-4.7937468e-18
4.8331986e-18
-1.3522977e-30
-4.9116244e-18
-4.9506687e-18
-1.3855113e-30
1.3962756e-30
-5.0669426e-18
5.1053566e-18
5.1436201e-18
0
5.2195844e-18
-1.459823e-30
-5.2946338e-18
0
0
0
1.0885642e-17
-6.0858459e-30
-1.1030518e-17
0
0
0
0
0
0
0
1.159198e-17
-3.2393771e-30
-1.1727325e-17
-5.8970683e-18
5.9301184e-18
5.9628203e-18
-1.665605e-30
-3.3439282e-30
-6.0592432e-18
6.0908469e-18
-6.1221283e-18
-6.1530661e-18
6.1836604e-18
6.2139126e-18
-3.4657903e-30
-6.2733543e-18
-6.302563e-18
1.7563283e-30
6.3601481e-18
6.3885006e-18
-6.4164499e-18
-6.4439331e-18
6.4709756e-18
-6.4976681e-18
0
6.550246e-18
6.5760733e-18
-1.831224e-30
-6.6264248e-18
6.650921e-18
-6.6750325e-18
-6.6988122e-18
6.7222748e-18
-6.7453944e-18
-1.8793717e-30
6.7903929e-18
6.8122045e-18
9.7111124e-34
-1.37092e-17
-3.8172764e-30
6.8955926e-18
6.915504e-18
0
-6.953972e-18
0
0
0
-7.0259121e-18
-7.0428549e-18
7.0593953e-18
7.0755555e-18
0
-7.106613e-18
1.9784875e-30
7.1357466e-18
0
0
-7.1765076e-18
3.9905975e-30
7.2015417e-18
0
0
-7.2356447e-18
4.0222181e-30
7.256413e-18
0
-7.2752639e-18
2.0226246e-30
-2.0239117e-30
2.0271669e-30
7.3079265e-18
0
7.3215467e-18
-4.0663738e-30
-7.3334197e-18
0
-7.3437145e-18
7.3481351e-18
7.3520627e-18
-1.4711185e-17
-2.0454727e-30
1.4723076e-17
-2.0447981e-30
-7.3656679e-18
0
0
-7.3684774e-18
2.0450721e-30
7.3682786e-18
0
-7.3662137e-18
7.3645256e-18
7.3624279e-18
-7.3599307e-18
0
7.353702e-18
-7.3499411e-18
-4.0774461e-30
4.0748821e-30
-7.3361041e-18
6.1046801e-30
-7.3248909e-18
7.3186858e-18
-2.0293788e-30
4.0569384e-30
1.4595255e-17
-2.0221571e-30
-7.2815565e-18
0
0
0
1.4489687e-17
7.2347021e-18
-1.4448359e-17
-7.213282e-18
0
0
-7.178368e-18
-6.0567418e-49
7.1533007e-18
0
1.4253611e-17
7.1130108e-18
-1.4197742e-17
-7.0844032e-18
0
1.4108987e-17
2.0006131e-33
-2.1069663e-17
1.9437347e-30
1.3981253e-17
-6.9738769e-18
-3.9544984e-33
6.9394653e-18
-1.9230244e-30
-3.8301598e-30
-6.8854811e-18
0
-6.8480597e-18
3.7915496e-30
1.3619058e-17
-6.7898305e-18
1.1271421e-29
6.7496091e-18
-1.3458236e-17
9.5331769e-34
6.6873805e-18
0
0
0
6.6009307e-18
-6.5787381e-18
-1.3112625e-17
6.5336605e-18
1.8079184e-30
1.7996699e-30
6.4644683e-18
0
-6.4173162e-18
9.0856176e-34
1.2738742e-17
-6.3451387e-18
-3.5066928e-30
6.296157e-18
6.2713971e-18
-3.4708143e-30
-1.2442762e-17
0
-6.1707845e-18
-6.145264e-18
0
6.0937828e-18
6.0678485e-18
-6.0418015e-18
0
5.9893544e-18
0
0
-5.9098103e-18
4.8991985e-30
5.856333e-18
0
0
-5.7754179e-18
-5.7482872e-18
5.7211018e-18
5.6938636e-18
-5.666566e-18
-5.6391985e-18
1.1223523e-17
5.5842726e-18
-1.5437889e-30
-5.5292061e-18
3.0522638e-30
3.0369534e-30
-5.4464049e-18
5.4187264e-18
-5.3910228e-18
5.3633143e-18
4.5494156e-33
-5.3079146e-18
1.0560441e-17
5.2525186e-18
5.224803e-18
-1.0394166e-17
-1.0338755e-17
5.1416988e-18
-5.1140504e-18
5.0864331e-18
-2.8094803e-30
-1.0062547e-17
5.0037243e-18
-1.3810863e-30
1.3748673e-30
4.9213042e-18
0
0
-4.8393167e-18
-4.8120829e-18
0
4.7577833e-18
4.7307288e-18
0
4.6768103e-18
-1.2911981e-30
-4.6231567e-18
4.5964434e-18
-1.2676459e-30
-4.5432445e-18
0
-4.4903347e-18
-2.4784951e-30
4.4377641e-18
-4.4116184e-18
1.2159125e-30
4.3595774e-18
4.3336797e-18
1.1955985e-30
-4.2821663e-18
0
4.2310416e-18
-4.2056154e-18
1.1881074e-33
-2.3075473e-30
-4.1299175e-18
4.1048944e-18
0
8.1102763e-18
-8.9487188e-30
-4.0057701e-18
-2.2098942e-30
-7.9136593e-18
7.8650269e-18
7.8165884e-18
-7.768348e-18
-7.720316e-18
-3.8362511e-18
0
3.7887552e-18
7.530316e-18
-5.3172199e-34
3.7182669e-18
-3.694978e-18
-3.6717931e-18
3.6487097e-18
-7.2514573e-18
7.2057e-18
5.962649e-30
-7.1147683e-18
7.0695912e-18
-1.9495969e-30
3.4899228e-18
-3.4676472e-18
-3.4454699e-18
3.4233781e-18
9.4352586e-31
6.7589007e-18
-6.7152577e-18
-6.6718212e-18
6.628591e-18
9.1386966e-31
3.2713308e-18
-1.8049015e-30
-3.2286836e-18
-8.9020071e-31
-4.0565987e-48
-3.1653829e-18
-6.2889258e-18
3.1236217e-18
8.986678e-48
3.0821632e-18
5.0999202e-30
-3.0410199e-18
6.0411421e-18
-1.6653389e-30
-5.9598011e-18
-9.7274242e-49
2.9395107e-18
0
0
2.8794704e-18
-2.8595952e-18
-5.6795661e-18
0
0
0
2.7611931e-18
2.7417051e-18
0
-2.7028945e-18
2.6835749e-18
4.4374532e-30
-5.2902468e-18
0
0
0
2.5688803e-18
2.5499481e-18
-2.5310717e-18
2.5122484e-18
1.3847764e-30
-4.9494926e-18
0
0
4.8377094e-18
-6.8221227e-34
-2.3818302e-18
2.3633808e-18
-2.3449753e-18
2.3266189e-18
-1.2819449e-30
-4.5801028e-18
0
0
2.2355061e-18
2.2174101e-18
0
0
-2.163384e-18
-2.1454543e-18
0
2.1097247e-18
2.0919277e-18
-2.074171e-18
2.0564517e-18
2.0387696e-18
-2.0211294e-18
-2.0035371e-18
1.1029418e-30
1.9684938e-18
-1.9510323e-18
-5.3664989e-31
1.9162261e-18
0
1.8815953e-18
-1.0351209e-30
-1.8471502e-18
1.829997e-18
-1.0065505e-30
-1.7958338e-18
0
1.7618474e-18
-4.8452931e-31
-2.4556913e-34
1.7112163e-18
-1.6944531e-18
-1.6777426e-18
0
3.288915e-18
-1.808126e-30
-1.6113677e-18
-2.2665045e-34
-3.1570363e-18
3.1243691e-18
3.0918064e-18
-3.0593467e-18
-1.5134971e-18
0
2.9626554e-18
-2.4397218e-30
-2.8988695e-18
0
2.835571e-18
7.7864235e-31
-1.3863772e-18
-3.8063771e-31
-2.7105118e-18
2.6796155e-18
3.3080216e-30
-2.6182253e-18
2.5877322e-18
-7.0958927e-31
-2.5271896e-18
-1.2485793e-18
2.4672862e-18
1.2187826e-18
-2.4079942e-18
2.3785767e-18
2.9339452e-30
-2.3202251e-18
2.2913064e-18
-3.1413408e-31
1.1169917e-18
-1.2236328e-30
-3.265988e-18
5.964978e-31
2.1213476e-18
-1.0468179e-18
-2.0661102e-18
1.0193836e-18
-5.58439e-31
9.9230747e-19
1.0872927e-30
-9.656056e-19
1.9048012e-18
-7.8219961e-31
1.0284329e-30
-5.0671414e-31
-9.0050873e-19
0
-8.7517063e-19
-8.6266016e-19
0
0
0
0
0
7.8963274e-19
7.7782651e-19
0
-7.5453299e-19
7.4304498e-19
1.2187991e-30
-1.4407621e-18
0
0
0
6.762971e-19
6.6555453e-19
-6.5492093e-19
-6.4439265e-19
1.2679372e-18
1.0390478e-30
-1.2268656e-18
0
1.1866788e-18
9.719276e-31
-5.7369034e-19
5.6402423e-19
-5.5446132e-19
5.4500395e-19
2.9733104e-31
-1.0528533e-18
0
0
4.9938047e-19
4.9057137e-19
0
4.7327165e-19
1.3210107e-34
4.5641622e-19
-4.4814806e-19
-1.3199473e-18
0
-8.4790859e-19
-8.3219275e-19
0
1.2021135e-18
7.8632948e-19
-7.714501e-19
3.7838317e-19
3.7113969e-19
-1.0919953e-18
-3.5696132e-19
-4.974173e-35
-3.4319037e-19
3.3645072e-19
3.2980558e-19
3.2325568e-19
3.0832207e-49
3.1044822e-19
3.0418941e-19
-2.9802456e-19
0
-5.7194775e-19
-5.6017433e-19
0
2.6858611e-19
5.2593652e-19
1.4286177e-31
2.5200015e-19
4.933005e-19
-4.8277558e-19
-4.7242019e-19
-2.311151e-19
-2.261032e-19
0
2.163326e-19
6.3471582e-19
-2.0689128e-19
-2.3731898e-47
5.9329133e-19
-3.8663334e-19
-1.8894712e-19
-1.8465425e-19
-3.6087602e-19
3.5259622e-19
1.7223354e-19
-1.6824301e-19
-1.6432336e-19
-1.6047105e-19
4.7005975e-19
1.5297261e-19
-4.4798975e-19
-1.4575686e-19
1.4225008e-19
2.7761628e-19
-1.3543173e-19
1.3212085e-19
-2.145702e-31
2.0934284e-31
3.6770325e-19
-1.1949829e-19
-1.1648917e-19
-2.2708966e-19
-1.1066404e-19
2.1568832e-19
2.9865749e-35
1.023666e-19
-9.9699621e-20
-2.9125673e-19
2.8359122e-19
9.2034087e-20
-2.6877898e-19
0
2.5459198e-19
8.256783e-20
-2.4094744e-19
7.8112168e-20
1.5191994e-19
4.0996893e-32
-7.9703633e-32
-6.9796759e-20
0
-1.3181059e-19
-1.2803978e-19
6.2178642e-20
6.0382187e-20
1.1725829e-19
-5.6917034e-20
-5.5242019e-20
1.0720431e-19
0
-1.0087421e-19
-9.7829094e-20
4.7430744e-20
9.1966395e-20
-2.473853e-32
-4.3182982e-20
8.3661557e-20
-4.0513325e-20
1.3065549e-31
7.5961921e-20
-3.6763205e-20
0
-6.8837224e-20
0
7.148516e-32
3.1120994e-20
6.0155193e-20
-8.7185787e-20
7.9791354e-36
5.422726e-20
0
-5.0532859e-20
-2.4377989e-20
4.7030093e-20
-2.5179311e-32
-2.1867025e-20
4.216033e-20
-2.0312809e-20
3.2570804e-32
3.7663759e-20
-1.812427e-20
1.7438442e-20
-3.3550236e-20
-4.8410819e-20
0
4.471197e-20
2.8628356e-20
-4.1221716e-20
-2.6371474e-20
1.2648729e-20
2.4258929e-20
-1.1626956e-20
-1.1138986e-20
2.1329581e-20
-1.020543e-20
-1.9523721e-20
9.334782e-21
-1.2680302e-36
1.7045027e-20
1.6263228e-20
-2.3257924e-20
7.3877334e-21
1.1722041e-32
-2.0112651e-20
0
1.8196598e-20
1.1511585e-20
-5.4567959e-21
-5.1706379e-21
-4.8983517e-21
0
-4.3898677e-21
2.3000322e-33
7.8049178e-21
-2.0367623e-33
-3.4488302e-21
0
-3.0410481e-21
5.6994119e-21
7.9828072e-21
-4.9521353e-21
-6.8953519e-21
-2.1296842e-21
1.9711099e-21
3.6446258e-21
-1.6784251e-21
1.535727e-21
1.3960356e-21
-2.5247981e-21
2.272651e-21
1.0194862e-21
-2.7324276e-21
-1.6098085e-21
6.9900057e-22
1.7866068e-21
-1.1040234e-33
9.0050823e-34
3.2225619e-22
2.7267926e-34
1.7025391e-22
-9.4090679e-23
-1.9956539e-23
4.9497105e-23
-1.1365433e-22
-1.7065254e-22
6.6534507e-22
-2.7239813e-22
-6.4740346e-22
1.1207478e-21
1.1949268e-37
-4.6217568e-22
9.9562871e-22
5.3003505e-22
0
-5.932445e-22
-6.2307913e-22
-1.2993502e-21
6.7100226e-22
-2.2933305e-33
-2.1163595e-21
7.2139298e-22
7.3681161e-22
7.532216e-22
-7.6638419e-22
-7.728005e-22
2.3277429e-21
-7.7875183e-22
-1.5621788e-21
-1.3057777e-33
-7.8667491e-22
1.5715288e-21
2.3444786e-21
4.3006222e-34
-4.2619622e-34
-1.0838769e-37
-7.5629884e-22
-1.4899952e-21
-7.3057525e-22
2.1429637e-21
-7.7613972e-34
-1.3759415e-21
0
0
6.4490259e-22
-3.453248e-34
3.3283235e-34
5.7952972e-22
-1.1254083e-21
-5.4584381e-22
-5.8267591e-34
4.9918075e-22
1.4156023e-21
4.4565648e-22
0
0
0
-1.0612719e-21
-6.5127401e-22
8.8773075e-22
-2.9630508e-34
-4.8049471e-22
0
0
3.290733e-22
-2.9934014e-34
-1.1629333e-34
1.5417217e-22
-5.1591137e-23
-5.2362833e-23
2.8231226e-24
-3.1516121e-23
-1.8273301e-22
-8.6547073e-23
0
0
0
5.6783499e-22
4.384197e-22
-7.3260651e-22
5.8618422e-34
2.8320086e-22
-4.3347568e-38
3.3116281e-22
-7.1930585e-22
4.2646427e-34
4.0201811e-22
-8.3373197e-22
0
2.5194133e-34
9.5498209e-22
1.003027e-21
-1.55751e-21
-1.0602747e-21
5.3996006e-22
3.0657142e-34
-5.6911623e-22
1.7653801e-21
1.2110865e-21
-6.1566923e-22
-6.2026105e-22
6.2518267e-22
6.3297468e-22
-6.4456374e-22
-6.5817547e-22
3.7071989e-34
-3.7179844e-34
-6.6768383e-22
0
-6.6890699e-22
1.3490345e-21
2.0451881e-21
-1.3687753e-21
-1.3589462e-21
-6.7079492e-22
7.3692265e-34
1.3198528e-21
-6.5923027e-22
6.5944433e-22
6.5387812e-22
-1.2820588e-21
1.2517598e-21
6.1316206e-22
-6.0376162e-22
-1.1954878e-21
-5.9228407e-22
1.16084e-21
-3.1108502e-34
5.3871863e-22
5.1924951e-22
-1.5101217e-21
4.9075714e-22
4.7911999e-22
-1.3897318e-21
6.2589209e-38
1.2420912e-21
3.8872743e-22
-1.0987953e-21
3.46711e-22
9.5708505e-50
5.1236097e-34
5.6422434e-22
-5.0659361e-22
-4.4917548e-22
1.9780197e-22
-1.9304507e-34
-3.0274598e-22
1.2620719e-22
2.9013317e-22
6.4883197e-23
-3.3419373e-23
0
2.0115924e-23
8.9255948e-23
-1.0410048e-38
-3.1885749e-22
-1.4122387e-22
3.5049698e-22
-2.9158418e-38
-4.5884924e-22
5.0407069e-22
-4.6454873e-34
-6.2287648e-22
1.0419032e-21
7.663668e-22
0
0
-4.6810214e-22
-1.4762562e-21
-5.1904509e-22
1.6463549e-21
-6.4439224e-34
-1.2252026e-21
1.2853655e-21
1.3396572e-21
-6.952921e-22
-1.4407265e-21
7.4536122e-22
7.7033049e-22
-2.3865231e-21
-8.2089946e-22
-1.4089151e-33
4.8314999e-34
8.9471693e-22
-9.1554459e-22
1.8684416e-21
2.8600597e-21
0
-2.9697498e-21
-2.0257038e-21
3.1057673e-21
-2.9906191e-37
-1.0648888e-21
2.1511737e-21
-1.0837604e-21
-1.0955023e-21
-1.2403838e-33
1.1400094e-21
2.3100028e-21
-1.1623506e-21
-2.3367322e-21
-2.3388694e-21
1.3002023e-33
1.1848741e-21
-1.203494e-21
2.4328208e-21
3.6625574e-21
0
-3.6582483e-21
-2.4314303e-21
3.6671133e-21
-1.3680625e-33
-1.2378647e-21
1.2382331e-21
1.2312675e-21
-6.7721997e-34
-2.4322733e-21
6.7895684e-34
2.4565423e-21
-1.3613292e-33
-1.3548413e-33
-2.4101709e-21
-3.5646308e-21
2.3669658e-21
-1.3213464e-33
-3.9698624e-33
1.1857361e-21
1.1749936e-21
2.3121305e-21
-3.4095896e-21
-1.1282906e-21
2.2601844e-21
-2.2583455e-21
-6.3735489e-37
3.3241601e-21
1.0892434e-21
-1.0697585e-21
-3.1721548e-21
3.5093861e-33
2.0965219e-21
1.0377564e-21
-2.0464297e-21
-3.010041e-21
2.952158e-21
9.7225112e-22
1.074011e-33
9.6015753e-22
-1.8921329e-21
5.1493904e-34
-9.0533911e-22
8.8537095e-22
-2.9139565e-33
-2.6148465e-21
2.6048832e-21
2.5759167e-21
0
0
0
-7.8836198e-22
-2.3344314e-21
-7.7119292e-22
-8.4818957e-34
-7.5540933e-22
2.23176e-21
7.2978819e-22
-7.1517766e-22
-7.0123173e-22
-6.8843612e-22
1.3565546e-21
-6.7152754e-22
6.6605362e-22
-2.1930973e-33
-1.2953205e-21
1.907732e-21
1.2502544e-21
0
-1.2194766e-21
-6.7044801e-34
5.9737126e-22
-1.7699699e-21
-5.826521e-22
5.766238e-22
0
0
5.5854595e-22
1.1020376e-21
-1.2106294e-33
-1.0840779e-21
-5.413711e-22
5.3937101e-22
-5.3424895e-22
5.2790582e-22
9.1823778e-51
-8.658548e-34
1.5626853e-21
0
0
-1.0353703e-21
-1.0213689e-21
-5.0637956e-22
5.6136887e-34
1.5267903e-21
-5.6953e-34
-1.0292226e-21
0
1.0225638e-21
5.1115106e-22
-1.0264522e-21
5.161673e-22
5.1624159e-22
-1.5357079e-21
5.0762135e-22
-1.6853619e-33
-1.0180936e-21
1.5523188e-21
1.0527365e-21
0
0
0
-1.5486882e-21
-1.0322652e-21
1.5603116e-21
1.0542435e-21
0
-1.0761741e-21
5.9878208e-34
5.3853013e-22
-1.0721242e-21
5.3393305e-22
-5.3280361e-22
-5.335238e-22
1.6133378e-21
-1.0889051e-21
-1.0984011e-21
5.483339e-22
-5.4267418e-22
1.0746175e-21
1.602899e-21
0
-1.6307295e-21
-1.1037685e-21
5.5420468e-22
5.484801e-22
-6.0036129e-34
5.346178e-22
-1.7734403e-33
-5.3634534e-22
-3.0173289e-34
-1.736672e-52
5.4820153e-22
0
5.3230664e-22
-1.0517234e-21
-1.5690798e-21
1.5781038e-21
1.5945139e-21
0
-1.0673119e-21
-1.0527286e-21
1.0356458e-21
-5.1084901e-22
-5.0615217e-22
1.5160713e-21
-1.0155288e-21
-1.0207505e-21
5.1032345e-22
1.0099423e-21
4.9568105e-22
-1.4618437e-21
-4.8041402e-22
-7.9332897e-34
9.5417056e-22
2.7241713e-37
-1.4371632e-21
9.4761877e-22
1.3937141e-21
4.5582643e-22
-1.3464964e-21
-8.8859193e-22
1.3299416e-21
-9.8492973e-34
-8.8488107e-22
-4.3753223e-22
2.3811049e-34
8.4036044e-22
-4.583071e-34
4.0767723e-22
4.0538428e-22
-1.2136073e-21
-4.0193984e-22
-4.3973538e-34
7.7594466e-22
-1.265431e-33
-1.1229843e-21
7.4301437e-22
-4.1123465e-34
-4.0751039e-34
-7.9675945e-34
-3.4977797e-22
1.0284465e-21
-3.3929268e-22
-5.6480471e-34
-1.1277565e-33
-9.9920452e-22
3.217132e-22
6.2067809e-22
-3.3696114e-34
3.0246432e-22
3.053238e-22
-6.140997e-22
-6.0509943e-22
3.22318e-34
8.3110208e-22
-2.9789064e-34
-2.663438e-22
5.383441e-22
-2.7201477e-22
-2.7089361e-22
1.4612344e-34
-1.3938459e-34
2.402262e-22
-4.6842844e-22
2.3362386e-22
-7.8772257e-34
-7.9365228e-34
7.0782482e-22
-4.5607699e-22
6.1612599e-38
4.1491906e-22
-2.0319886e-22
-6.1136481e-22
-2.0653122e-22
6.2301591e-22
-2.2721839e-34
-1.9695826e-22
3.7452674e-22
-3.6011837e-22
-8.8734003e-34
1.7882932e-22
-1.8098395e-22
1.813204e-22
-3.5600703e-22
1.711018e-22
4.9197176e-22
0
0
-3.2155438e-22
-4.6088673e-38
3.223367e-22
-1.5686263e-22
-4.5241662e-22
-1.4656606e-22
4.3852007e-22
4.2246254e-38
1.6834864e-34
3.0574203e-22
-4.5212722e-22
-7.2794775e-34
1.4157392e-22
-1.4100358e-22
-1.4392931e-22
1.6498743e-34
1.5216805e-22
-3.049694e-22
2.9844744e-22
-4.8635966e-34
-2.9254216e-22
4.5030993e-22
3.1156001e-22
-1.6071918e-22
-4.8877168e-22
-1.6261555e-22
1.6301244e-22
0
-1.718492e-22
1.777423e-22
5.4359455e-22
1.0069577e-34
-3.6451409e-22
1.8731292e-22
1.9646698e-22
-4.1474459e-22
2.1628872e-22
-2.1954629e-22
-4.3461064e-22
6.4934101e-22
-7.3877597e-34
5.1877248e-34
4.9764427e-22
-5.2427871e-22
-2.7105332e-22
-2.7510755e-22
-3.0708666e-34
2.7958652e-22
-5.7363441e-22
5.957358e-22
9.3495977e-22
0
-3.3790101e-22
1.9312148e-34
1.0112472e-37
-1.085692e-21
-3.6850001e-22
1.1323507e-21
-3.891703e-22
7.8666776e-50
1.2571436e-21
-4.331566e-22
-1.3300094e-21
-4.5001667e-22
9.1458503e-22
-4.6679858e-22
4.7894573e-22
-1.646638e-33
-1.0227934e-21
1.5769158e-21
5.9415224e-34
-2.4071461e-33
1.100879e-21
-1.1211272e-21
-6.3624254e-34
5.8905844e-22
-1.2098302e-21
-6.1710205e-22
0
0
1.2867342e-21
-1.4514754e-33
-3.7876881e-37
-7.5365219e-34
-6.8890711e-22
-6.9755081e-22
7.055438e-22
7.1370619e-22
-1.4481313e-21
1.4704744e-21
-8.265126e-34
-1.5016646e-21
1.5113466e-21
2.5283479e-33
-8.4820609e-34
7.750647e-22
-1.572097e-21
7.9240541e-22
-1.7647795e-33
-1.589056e-21
0
1.5879792e-21
8.0367875e-22
-1.6281116e-21
-8.1933893e-22
8.1915933e-22
-1.3612194e-33
-8.1264169e-22
0
0
1.6323968e-21
1.6369246e-21
0
-1.6193612e-21
-8.0116606e-22
7.9209559e-22
-7.8943989e-22
7.9163591e-22
0
-1.5643122e-21
0
0
7.4349464e-22
-8.1719209e-34
-7.3448854e-22
0
7.22513e-22
3.9303264e-34
-6.9104731e-22
0
1.3175306e-21
1.3020098e-21
-6.4482402e-22
-7.0451153e-34
6.1904213e-22
-1.2023659e-21
-1.164621e-21
1.1284626e-21
1.5616972e-37
1.1913469e-33
1.4836795e-37
-1.0075955e-21
4.8345454e-22
-5.1438396e-34
4.4488151e-22
-4.2850309e-22
-1.2361486e-21
1.1813621e-21
3.7307978e-22
-3.512828e-22
-3.6715524e-34
-3.1234031e-22
5.899339e-22
5.5180864e-22
-5.0829384e-22
-7.7023861e-34
-2.0957765e-22
-1.9109813e-22
3.50276e-22
-1.5870419e-22
1.5448375e-34
-6.4504449e-35
9.1944232e-23
1.4054967e-22
-1.057936e-22
-7.5944021e-23
0
4.8445471e-24
-1.6631321e-35
7.0997907e-23
6.0097365e-35
-2.1033238e-22
-1.7048379e-22
0
2.3841814e-22
3.0196476e-34
1.4997199e-22
1.6178989e-22
-5.2112661e-22
1.0380455e-34
4.0519374e-22
-2.188652e-22
-4.6316289e-22
2.3966366e-22
4.921665e-22
2.5382637e-22
0
-5.5343094e-22
2.8935699e-22
8.9158654e-22
-2.9994761e-22
-3.0149796e-22
-6.0953789e-22
-3.1072763e-22
6.3820002e-22
3.2707802e-22
3.3013529e-22
-3.6419159e-34
-3.2472474e-22
-3.2305064e-22
-6.4766216e-22
-3.2689799e-22
0
0
0
6.2894109e-22
6.158361e-22
-6.0726786e-22
-3.3507156e-34
-3.3367179e-34
3.2778402e-34
6.3247456e-34
-5.4429313e-22
0
5.0273373e-22
2.4473085e-22
-2.39268e-22
2.3077604e-22
2.1739977e-22
0
0
-3.4674818e-22
5.4454677e-34
3.4424731e-34
-2.8621187e-22
2.5179471e-22
2.1234327e-22
0
-1.4258446e-22
6.626881e-35
1.0287759e-22
-8.1171646e-23
-2.5470028e-35
9.5042974e-25
0
8.5677977e-23
5.9432389e-23
-1.4342563e-22
8.1782423e-23
2.0927713e-34
-2.2253113e-22
2.6344719e-22
3.0700444e-22
0
0
0
-4.4525367e-22
-4.6885845e-22
4.9405428e-22
0
-5.6075371e-22
0
-3.2112603e-22
6.7774526e-22
3.5121251e-22
-3.5948552e-22
7.3787063e-22
3.8086112e-22
-7.9189744e-22
-4.149678e-22
-4.8217203e-34
4.4954436e-22
-1.018773e-33
2.6435148e-37
9.4521269e-22
0
-4.9166081e-22
-1.0113076e-21
-5.2030898e-22
0
0
0
-5.5029759e-22
1.1101627e-21
5.6021921e-22
-5.6725353e-22
-5.7654418e-22
5.8566037e-22
5.9101355e-22
-1.1846845e-21
0
1.1869208e-21
1.188189e-21
0
0
-1.2172135e-21
-6.7454013e-34
-6.0476089e-22
-6.0091483e-22
5.9743047e-22
-5.9703897e-22
5.9975127e-22
1.2017328e-21
5.9807011e-22
0
-1.1730165e-21
-6.4416586e-34
5.7683423e-22
-5.7512706e-22
-5.724934e-22
-1.1328681e-21
1.1160441e-21
5.4950142e-22
-1.5420632e-37
5.3848051e-22
-1.0665766e-21
5.2483243e-22
-5.1465201e-22
-1.6873698e-50
4.9331098e-22
-9.751416e-22
9.6810185e-22
9.5429298e-22
0
-4.512337e-22
-8.7461623e-22
2.3663753e-34
4.1970627e-22
4.1508152e-22
-8.1700271e-22
-7.9662979e-22
3.8536393e-22
7.4435777e-22
7.210912e-22
-3.5066874e-22
-6.8353116e-22
3.3228975e-22
-3.213827e-22
5.1577175e-34
2.9924958e-22
-5.8042041e-22
5.6262751e-22
3.0059792e-34
-1.4338142e-33
4.9142579e-22
-4.7047732e-22
-1.0087984e-33
2.2039261e-22
-4.2510861e-22
2.0192294e-22
-5.3668665e-38
7.8320926e-34
1.6693953e-22
-3.2092436e-22
3.4493323e-34
-8.2915893e-35
1.412965e-22
-3.7170785e-38
-2.391987e-22
2.1981402e-22
5.8188766e-38
-4.2925528e-34
1.8393152e-22
-1.7454126e-22
-1.8176347e-34
1.502371e-22
-6.6770101e-23
-5.7818421e-23
-5.0517258e-23
4.6231681e-23
-4.9081858e-35
-8.5146135e-23
0
0
5.2447844e-23
5.5598691e-39
-3.2887228e-23
1.6313294e-23
-1.8743671e-35
1.5997986e-23
2.7186382e-35
-1.2476668e-23
0
-3.0701901e-26
2.93746e-24
3.3740621e-24
-7.9079649e-36
1.100514e-24
4.7982617e-24
-3.7176123e-24
2.0317298e-36
-2.9123138e-24
0
0
-9.6755046e-25
2.2628713e-36
-2.1412875e-24
-4.260335e-24
-3.4994126e-23
5.0382954e-23
1.7040274e-23
-2.3735664e-23
6.022281e-24
1.0094546e-35
1.3073927e-23
-1.2976187e-38
-1.0335076e-34
3.5683398e-23
-7.2802469e-23
-3.4166244e-23
0
-3.1833498e-23
3.5977599e-23
4.2991097e-23
5.0678515e-23
-1.2689881e-34
6.8441287e-35
-7.0827107e-35
-1.2681975e-22
6.2080862e-23
1.0502673e-34
-1.3595115e-22
1.0736838e-38
8.3424065e-23
1.7919661e-22
1.8516347e-22
-1.8375841e-22
-1.0002749e-34
-9.0944513e-23
-9.5857875e-23
2.0660358e-22
-2.2161113e-22
-1.1630583e-22
3.5463362e-22
2.3353248e-22
-1.1551793e-22
-2.3482296e-22
-1.2268049e-22
1.2984302e-22
2.7303169e-22
-2.8066248e-22
-4.1934926e-22
1.3645963e-22
1.3481762e-22
2.7488211e-22
1.4382356e-22
-3.0321258e-22
-1.5793916e-22
-1.612953e-22
3.2128679e-22
1.5713958e-22
-3.0911987e-22
3.1007028e-22
-8.4941458e-51
4.6505807e-38
3.372432e-22
-3.4444064e-22
-5.8123713e-34
-1.9510114e-34
-5.8954006e-34
-5.2658872e-52
-5.3155507e-22
-1.9495879e-34
1.7463932e-22
3.5136217e-22
3.5815572e-22
-3.6814835e-22
-4.1895737e-34
-1.9134047e-22
-6.3577645e-34
1.8817736e-22
-3.7210651e-22
0
1.875257e-22
-2.1136829e-34
1.9365849e-22
3.9293716e-22
-3.9722431e-22
-4.0010815e-22
0
3.9646926e-22
-4.3567063e-34
-3.9156612e-22
3.9564878e-22
2.2428219e-34
-2.0675059e-22
-1.1662367e-34
-5.9720224e-38
2.072064e-22
-2.0465635e-22
-2.0447919e-22
2.0687715e-22
-2.3469624e-34
2.1589188e-22
-7.2898265e-34
2.4359312e-34
4.3700687e-22
-4.3577719e-22
-4.3670296e-22
0
4.4451301e-22
-5.0038884e-34
-4.5722114e-22
4.619568e-22
4.6332616e-22
-2.3107574e-22
-4.6182508e-22
-1.2894553e-34
-3.3401898e-38
-1.3267822e-34
-6.8952807e-38
-2.4387869e-22
4.8625927e-22
4.8514684e-22
-4.8753185e-22
-2.7421925e-34
5.0281394e-22
-5.0965229e-22
-5.1146474e-22
0
5.0872541e-22
-7.2691588e-38
2.8766355e-34
2.9276646e-34
-5.9157766e-34
5.3198361e-22
-5.2867327e-22
4.3982963e-51
5.2984228e-22
-8.0612917e-22
-5.4669489e-22
2.7552519e-22
0
5.4222035e-22
-8.9800756e-34
3.0048379e-34
5.4867214e-22
0
0
-8.3373524e-22
-2.7305757e-22
2.6919288e-22
-2.6848839e-22
2.7110434e-22
-2.7515011e-22
-6.1660961e-34
2.7717123e-22
2.7359042e-22
2.6965584e-22
-2.6695456e-22
0
0
-5.2655002e-22
2.6097338e-22
7.7383882e-22
0
-2.5499151e-22
-5.0865313e-22
-3.56596e-38
-2.4372346e-22
-5.2424404e-34
1.3107107e-37
-2.2824563e-22
6.8602577e-22
5.0801908e-34
-1.2524481e-33
4.3588369e-22
-4.1572702e-22
-1.9899436e-22
1.9346486e-22
1.9091183e-22
-3.7866397e-22
-3.1034765e-34
5.4127575e-22
-3.4277942e-22
5.3640353e-34
1.5175562e-22
-2.8891265e-22
1.390241e-22
-1.3440231e-22
-2.1476843e-34
1.2155126e-22
-2.2311663e-22
1.9979643e-22
-5.0564145e-38
-6.2520457e-34
-4.2117468e-38
-4.5386114e-34
1.2117846e-22
-5.0066099e-23
-8.1889993e-35
2.3954339e-23
-2.7842953e-23
-1.360713e-23
9.2292531e-25
2.5316272e-35
1.9195451e-23
3.7841636e-35
-4.8922991e-23
3.4183055e-38
1.3466076e-22
-1.4660065e-22
-2.701504e-34
3.0670307e-34
-1.1802748e-34
2.7101454e-34
-2.7065621e-22
0
0
1.5800138e-22
3.3513467e-22
-1.7978499e-22
4.29908e-34
4.5796348e-34
7.190247e-34
4.4678165e-22
-2.3117474e-22
2.6699327e-34
2.5176371e-22
-2.6370511e-22
3.0356177e-34
2.8027705e-22
0
0
0
-6.2931503e-22
-6.509894e-22
6.6436226e-22
3.3497959e-22
-3.3762099e-22
6.8545371e-22
-7.0203587e-22
-1.4482224e-21
7.4577483e-22
7.566354e-22
-1.1338276e-21
3.7620001e-33
7.5506139e-22
8.4819874e-34
-3.8918218e-22
-7.9584119e-22
8.0998765e-22
4.0637579e-22
-8.0596617e-22
-3.9938585e-22
0
0
4.0231952e-22
-4.0609829e-22
-8.1894032e-22
1.2292772e-21
8.1201993e-22
-8.0111147e-22
3.960452e-22
-3.9337019e-22
2.6124202e-33
3.9210251e-22
-7.8486693e-22
7.8237233e-22
-8.5838494e-34
-7.5907012e-22
7.4541827e-22
3.6712189e-22
-7.2557016e-22
3.5938053e-22
7.1252362e-22
-7.0454104e-22
-6.9242205e-22
0
6.6056512e-22
-3.2270181e-22
-6.3135981e-22
3.0919276e-22
-3.0287554e-22
5.911289e-22
-9.5464946e-34
9.2202152e-34
5.3434455e-22
5.7322831e-34
-2.4987556e-22
-4.8411277e-22
4.6642551e-22
2.2252111e-22
-4.2167161e-22
-3.9901136e-22
3.7806279e-22
1.7965081e-22
-3.4183921e-22
0
-1.5038291e-22
2.7728071e-22
2.5443885e-22
-2.3331798e-22
-1.070989e-22
1.9552207e-22
1.7504047e-22
0
0
-5.4061234e-23
-8.8566371e-23
-3.5746309e-23
5.4824153e-23
3.5793203e-23
-1.4214916e-23
-8.9309855e-36
-2.9658151e-23
4.958286e-23
-7.4442301e-35
-4.1537908e-23
1.4951443e-22
1.177599e-22
-2.0501859e-22
2.5912416e-34
1.7394393e-22
-2.8661466e-22
1.0347747e-22
-3.6935606e-34
3.9320116e-34
1.2516307e-22
-1.3227467e-22
1.3929099e-22
-2.9236036e-22
-3.0541884e-22
3.1672669e-22
-3.6188459e-34
-1.1142896e-33
3.4307206e-22
0
0
-1.8462034e-22
-4.1862663e-34
3.8346166e-22
-3.8880223e-22
-1.9685573e-22
5.9772335e-22
-4.0332655e-22
1.2319253e-51
-1.3732855e-33
-4.1590816e-22
-4.6551822e-34
-2.1139076e-22
0
4.3165558e-22
4.3659839e-22
-4.4128935e-22
-9.8940564e-34
4.4962772e-22
-4.5361374e-22
-1.0163027e-33
-5.1275999e-34
2.328497e-22
-1.5629403e-33
7.7496041e-52
2.3731694e-22
-7.1453831e-22
4.7731556e-22
4.7733377e-22
-4.7621884e-22
2.6305357e-34
2.3493722e-22
0
0
-4.4836783e-22
4.8592976e-34
-4.7218485e-34
-1.1905019e-50
-4.3815726e-34
-3.7664761e-22
3.5711771e-22
5.045134e-22
-1.5734395e-22
-1.4628125e-22
1.351856e-22
0
1.1357723e-22
-2.0667745e-22
3.1192864e-34
-5.6477267e-34
-1.5383551e-22
-1.561099e-34
-6.5228232e-23
0
1.2129836e-22
1.2318391e-22
0
0
0
-1.790561e-22
-1.0181254e-22
2.3043008e-22
2.5788983e-22
-2.8414957e-22
4.9255668e-34
1.5223602e-22
-4.5128421e-22
2.8282507e-22
2.7256038e-22
-1.3702804e-22
0
0
0
-8.1650451e-23
-4.0904489e-35
-3.2181934e-23
7.1176214e-23
1.0425185e-22
-1.3351363e-22
-3.4017385e-22
1.2012673e-22
4.9176012e-23
-3.0180187e-23
-3.3336006e-23
2.8184299e-23
0
2.6173985e-22
-6.2922608e-34
-4.7845614e-22
1.3941493e-21
9.049486e-22
-9.8027673e-22
1.1429451e-33
9.33589e-22
-1.1723564e-21
-1.768947e-22
0
0
0
-7.6792222e-21
-1.0386163e-32
1.0028143e-20
0
-6.0655825e-21
4.6105463e-22
8.9309917e-33
6.7852979e-21
-3.4779804e-20
1.7781972e-32
1.9112777e-20
3.9590427e-20
4.7675697e-36
-1.8049211e-20
-7.1975106e-21
-9.0314767e-32
-1.7995831e-31
4.3738935e-47
-3.9115814e-31
-3.2982484e-19
0
-5.4258585e-19
1.7351979e-19
-8.1896274e-36
2.4406182e-20
-5.3038829e-20
-2.0131797e-47
1.1772371e-20
0
4.3345513e-21
1.3640886e-20
8.1300744e-21
-8.0898505e-21
-9.9468884e-37
5.3699701e-21
0
0
-1.1326908e-21
1.0088385e-21
-2.4603226e-21
3.6186295e-33
3.4852319e-21
0
0
-2.3816747e-21
8.8172061e-22
-3.9115569e-33
-3.3218356e-22
-6.4624441e-34
-5.8686101e-24
0
0
-1.7002173e-22
1.8684021e-34
-1.5481051e-22
-2.7957645e-22
0
0
0
2.7544509e-22
2.3323423e-22
0
-3.9229929e-22
3.3818044e-21
7.8714386e-22
9.5624592e-22
-1.6949776e-22
3.426033e-22
1.4261271e-22
-1.7067156e-22
-4.2363744e-22
4.8501961e-22
5.2816062e-22
-8.5575073e-22
-6.1671777e-22
0
0
3.0346239e-22
-6.6429576e-34
-2.9464135e-22
5.7008659e-22
5.4516557e-22
0
0
0
-4.8442072e-22
-1.0585052e-33
4.7216818e-22
2.3520738e-22
-4.7103276e-22
1.5779943e-33
-1.5945425e-33
-4.8605807e-22
-5.5011975e-34
2.5316659e-22
5.1820002e-22
0
0
0
-5.6988881e-22
-5.8344071e-22
0
6.092283e-22
-6.8979253e-34
3.1625692e-22
-2.1416892e-33
-6.5255639e-22
6.607995e-22
3.3389243e-22
3.3675036e-22
-3.3894618e-22
-3.4047369e-22
3.4136829e-22
3.4168158e-22
-3.4146137e-22
-1.0222751e-21
-3.3963848e-22
0
3.3643802e-22
4.7533797e-38
3.3239282e-22
6.6041724e-22
-6.5597821e-22
-3.2577927e-22
3.2361801e-22
-3.2153658e-22
3.1955786e-22
9.5308491e-22
3.2817173e-52
-9.4303967e-22
3.1285784e-22
-1.0373715e-33
-7.3334652e-52
3.0899137e-22
-3.0783924e-22
3.0671682e-22
-6.1119476e-22
6.7597948e-34
3.0325874e-22
-6.0397391e-22
3.0061356e-22
5.9823152e-22
-5.9494834e-22
-1.3131404e-33
8.8110518e-22
-5.8309482e-22
-1.4165232e-51
-1.9096633e-33
-2.8394742e-22
5.6206191e-22
-5.5584928e-22
6.0976377e-34
2.711535e-22
-2.8928826e-51
2.6366039e-22
-5.1930447e-22
-5.1094888e-22
0
4.9326473e-22
4.839655e-22
2.3719659e-22
-4.645872e-22
-6.8190039e-22
2.2224594e-22
6.5147207e-22
-9.4166723e-34
-2.0690146e-22
-2.2393647e-34
-4.3628565e-34
-1.9119667e-22
1.8582909e-22
-1.2013919e-33
-5.2437599e-22
1.6909736e-22
-3.6257045e-34
-1.5728252e-22
0
2.8961339e-22
2.7566626e-22
0
0
0
1.0668103e-22
3.3222024e-34
-1.0343745e-34
-1.7294833e-22
-4.0273329e-51
-7.2547388e-34
-6.5504396e-23
1.7385394e-22
-1.000046e-22
-4.1876962e-23
1.0173963e-22
-2.9670973e-35
-2.0227192e-23
0
0
-1.1363498e-24
-1.3243434e-35
2.8087261e-35
3.876458e-23
-5.2240729e-23
1.4636168e-34
3.9892268e-23
1.0421973e-34
-1.2008054e-34
-1.2266397e-22
1.5252549e-34
1.6906632e-34
8.3686578e-23
-9.1379963e-23
6.6374754e-34
3.2636572e-22
-1.1833402e-22
2.8398277e-34
1.3720797e-22
0
-3.0632636e-22
-3.2144286e-22
1.6846802e-22
-1.956155e-34
-1.838916e-22
3.8330386e-22
1.3285599e-33
-4.1461702e-22
4.3063656e-22
-2.2364817e-22
1.5473469e-33
2.4119892e-22
1.1124416e-33
5.1912642e-22
-5.3544355e-22
-5.5098776e-22
0
0
0
6.1322885e-22
1.3954077e-33
-6.4349968e-22
6.5840197e-22
6.7312963e-22
0
-7.0199379e-22
7.949351e-34
3.6489916e-22
-3.7158784e-22
-3.7809075e-22
-7.6879457e-22
8.6715847e-34
3.9643358e-22
-4.0216445e-22
9.0522978e-34
-9.1708817e-34
8.3604592e-22
8.4568183e-22
9.4917312e-34
4.3174152e-22
0
0
-8.8643509e-22
-8.9310659e-22
0
9.0518333e-22
1.0112115e-33
-9.1609023e-22
0
-4.6389547e-22
9.3443436e-22
-1.5681451e-33
-4.7433372e-22
1.4242277e-21
-9.4510125e-22
3.1358649e-33
1.4077636e-21
-4.6713556e-22
-9.2991196e-22
4.6273181e-22
2.0441925e-33
-9.1550744e-22
4.5519529e-22
-4.5256452e-22
4.4988127e-22
1.340985e-21
-8.8759879e-22
-4.40635e-22
-4.3662499e-22
4.3106428e-22
3.1467573e-51
-4.1966305e-22
4.1400822e-22
-8.1669674e-22
-8.0559648e-22
1.192293e-21
1.5691548e-21
-3.8738629e-22
1.2750038e-33
3.7860233e-22
0
0
-3.6901658e-22
8.1511061e-34
3.6584964e-22
-7.2957499e-22
-7.2741832e-22
0
0
3.6466737e-22
-8.0353476e-34
-7.209003e-22
3.5911465e-22
1.0732236e-21
-7.1404514e-22
2.3756977e-33
-1.1869783e-33
-3.5664138e-22
1.0710643e-21
-3.5744546e-22
-7.156181e-22
0
0
0
7.1575758e-22
7.1543241e-22
0
-7.1517613e-22
-1.0726025e-21
7.1509382e-22
-1.1908188e-33
-7.1541071e-22
3.5783499e-22
-3.5799421e-22
3.9766294e-34
1.0749912e-21
-1.0189151e-37
-7.1731136e-22
0
7.1789344e-22
7.1819183e-22
0
-3.5947039e-22
7.9887717e-34
-7.201691e-22
-7.2107452e-22
3.6111423e-22
0
0
3.6358302e-22
-3.6448901e-22
-3.667005e-22
7.3889533e-22
7.391671e-22
-7.3656174e-22
3.6736112e-33
1.101172e-21
-3.6605825e-22
4.0541119e-34
-3.6426993e-22
-7.2664566e-22
0
0
0
7.1937034e-22
7.1768695e-22
-1.0742347e-21
-7.1487865e-22
7.9298494e-34
7.1351159e-22
5.9623213e-52
-7.1009397e-22
3.5550954e-22
0
-3.5987349e-22
-6.8952246e-52
3.5340685e-22
3.5080206e-22
1.016423e-51
-3.4896539e-22
6.9789446e-22
6.9733634e-22
0
-3.4533063e-22
7.6649163e-34
-3.4469824e-22
-6.8505499e-22
6.8251201e-22
3.4193559e-22
-3.40407e-22
-6.7032986e-22
-3.2953945e-22
9.7554127e-22
-7.121078e-34
-9.4800431e-22
6.2319804e-22
9.2226541e-22
0
-2.9955001e-22
-5.9220809e-22
-2.9300035e-22
5.8106875e-22
-1.2818386e-33
-2.8576412e-22
5.610553e-22
-2.7428226e-22
-5.3711136e-22
5.2577803e-22
1.1410756e-33
-7.5326159e-22
-2.4548959e-22
7.208444e-22
-7.6610254e-53
-4.7731822e-22
2.3501874e-22
4.5227971e-22
-9.6418471e-34
-2.1012548e-22
5.8299445e-38
-2.0069104e-22
3.8652339e-22
3.6647691e-22
0
-3.2809487e-22
6.8092613e-34
4.0547911e-38
2.947645e-34
2.4602913e-22
-2.2727523e-22
-3.1495519e-22
-1.3234329e-51
9.2601928e-23
0
0
-7.6230965e-23
1.3673103e-22
-2.0413333e-34
3.6121693e-34
9.4656991e-23
9.0295509e-35
3.3961986e-23
0
-4.060921e-23
-2.6392411e-23
0
0
0
-3.3757915e-23
-1.6055564e-34
-1.3598554e-34
3.6566136e-23
-2.7330056e-34
-1.0960045e-51
8.3485876e-23
-1.4071365e-22
5.4724213e-23
1.1881332e-22
-6.5507014e-35
-1.9279596e-52
-6.2025437e-23
0
7.214955e-23
-7.8921976e-23
-8.6349379e-23
-9.266717e-23
-1.9840622e-22
2.1123852e-22
-2.4811094e-34
-1.1789338e-22
3.734799e-22
1.344357e-22
-1.470868e-22
-1.5774765e-22
-1.8760835e-34
3.7025196e-22
-2.2439227e-34
-2.1710741e-22
-4.6339448e-22
-2.4461157e-22
-2.8091943e-34
-2.5440701e-22
0
5.0511523e-22
5.5873032e-22
0
0
0
-8.404052e-22
-4.1047017e-33
1.5718484e-21
6.4779609e-34
-1.8713174e-21
6.3287442e-22
-4.1703942e-33
-6.3072756e-22
1.8743418e-21
-7.1543748e-34
-6.3882592e-22
-1.3236082e-21
-6.9134258e-22
1.4331575e-21
-7.3775028e-22
-1.5880616e-33
4.2727044e-37
-2.131914e-37
-3.475468e-33
-1.564961e-21
1.427005e-21
-1.3891747e-33
-5.6899805e-22
1.2915466e-21
6.6941193e-22
-1.1938771e-21
-5.0851018e-22
9.7306527e-22
3.9945272e-22
0
-4.4954023e-22
-2.702973e-22
-1.7593524e-23
1.6871148e-34
5.6896825e-23
0
0
-3.9972059e-22
-4.8913736e-22
4.8983894e-22
6.530649e-38
-4.4117345e-22
0
4.1769742e-22
7.7197226e-51
-5.9621414e-22
-1.9538693e-22
1.9303676e-22
-4.2532224e-34
3.8160069e-22
5.7197492e-22
0
-1.9226161e-22
4.3078425e-34
-1.9634132e-22
-3.9840248e-22
0
2.067657e-22
4.2279801e-22
2.1645829e-22
-6.5433199e-22
-6.780931e-50
2.0238059e-22
4.7217734e-34
-2.1740476e-22
1.2755529e-33
3.5805104e-22
-4.1644087e-22
-2.1648348e-22
1.6865438e-22
2.8973828e-22
-3.8498008e-22
-2.1581976e-22
4.7748931e-22
1.2108648e-22
0
0
-1.5895785e-22
2.4071316e-34
1.5487895e-22
-4.1435005e-22
-3.3106142e-22
0
0
0
0
2.1999655e-22
-3.1634712e-38
-5.3532731e-22
3.675744e-22
3.7228659e-22
0
-1.7047181e-22
3.9634968e-34
-1.2911117e-22
-2.4235661e-22
0
0
0
2.4399798e-22
3.219884e-22
0
-2.9954698e-22
-3.782807e-22
-1.4784398e-22
5.2288463e-22
3.2323165e-22
-2.7232105e-22
-1.4332461e-22
3.3974157e-22
1.7073829e-22
-4.4243029e-22
-1.4477105e-22
1.6779196e-22
3.4738995e-22
3.151247e-22
0
-1.7316933e-22
7.9953402e-34
1.6829986e-22
-3.3182917e-22
-3.6305251e-22
0
0
0
3.8895152e-22
8.9688834e-34
-3.9279677e-22
-1.9730704e-22
4.2098937e-22
5.6929645e-52
2.8506557e-33
-5.789689e-51
-2.2904302e-22
2.3641389e-22
-2.3445071e-22
0
5.000009e-22
2.5788775e-22
3.6575794e-38
2.6099259e-22
0
0
-5.6551811e-22
-8.596377e-22
5.9594448e-22
-1.024294e-33
-9.3026487e-22
3.139178e-22
3.2447034e-22
6.6941702e-22
-1.505493e-33
-6.857742e-22
0
0
0
0
0
0
0
-4.0333136e-22
-4.1055009e-22
1.2641723e-21
8.5900038e-22
-4.3371695e-22
4.3983554e-22
-8.9949714e-22
-4.5840533e-22
4.6333948e-22
-9.3669627e-22
-4.7651923e-22
0
0
4.9581324e-22
5.575016e-34
1.1334105e-33
1.0344105e-21
5.7919062e-34
-5.2661643e-22
1.0670068e-21
1.1990833e-33
-5.4471591e-22
1.0982213e-21
-5.5442154e-22
-1.6797577e-21
-5.6461185e-22
0
0
5.7720115e-22
-6.4532366e-34
-5.8461821e-22
5.8764529e-22
5.90722e-22
0
5.9649069e-22
1.1971232e-21
-6.0036741e-22
-1.2045332e-21
0
1.2109459e-21
1.3464646e-33
-1.8209535e-21
-6.0768369e-22
6.0823979e-22
8.6445472e-38
6.0793292e-22
6.0744086e-22
-4.0296516e-52
-6.7320853e-34
-1.2100612e-21
-6.0345695e-22
0
1.8007846e-21
5.9827218e-22
-1.7874721e-21
1.3171648e-33
1.1810841e-21
6.5268516e-34
-5.8455802e-22
0
0
5.7393271e-22
1.1402417e-21
-5.6590315e-22
-1.6845186e-21
-5.57184e-22
0
0
5.4322043e-22
-1.1948336e-33
-5.330784e-22
5.2799504e-22
5.2276296e-22
5.173599e-22
5.1180065e-22
5.0621327e-22
-5.0064939e-22
-9.9004638e-22
0
9.6701769e-22
9.5531463e-22
-9.4360877e-22
-1.3978956e-21
5.1094071e-34
-5.043668e-34
4.9776374e-34
4.4248257e-22
4.3662863e-22
4.3083419e-22
-8.5017377e-22
-4.1936363e-22
-4.1365856e-22
-4.0798831e-22
8.0477222e-22
3.9687881e-22
0
-3.8610768e-22
1.2683607e-33
4.170481e-34
4.1118313e-34
3.6539219e-22
3.6045124e-22
7.1122552e-22
-3.508832e-22
-6.9253139e-22
0
-3.3735714e-22
-3.3307887e-22
0
3.2488041e-22
-7.1260952e-34
-4.5069927e-38
-4.4547922e-38
-3.099153e-22
3.0647199e-22
9.0949658e-22
-6.6613356e-34
-5.9379424e-22
0
0
5.7680264e-22
5.7156852e-22
0
-5.6182101e-22
-2.7864726e-22
2.7646894e-22
-2.7439577e-22
-5.4488457e-22
2.7058439e-22
2.6880286e-22
-2.671124e-22
-5.3104726e-22
-2.6401846e-22
2.6258215e-22
2.6122369e-22
2.5994912e-22
0
0
-2.565094e-22
-7.6327463e-52
2.5452029e-22
-2.5360092e-22
2.5272702e-22
2.5189843e-22
-2.5111071e-22
0
-2.4963456e-22
-2.4894019e-22
0
2.476206e-22
2.7422762e-34
-2.4636433e-22
0
0
2.4453349e-22
4.8784457e-22
8.103828e-34
-2.4267524e-22
0
0
2.406932e-22
-2.3999177e-22
2.3926726e-22
7.1555522e-22
-4.7548782e-22
-7.1082856e-22
-2.3611421e-22
0
4.6874767e-22
2.3346078e-22
-2.3252015e-22
-4.6310773e-22
-2.3056142e-22
4.5909943e-22
2.2852484e-22
0
0
0
-2.2474908e-22
-3.1842237e-38
-7.4440284e-34
-2.2282198e-22
4.4399193e-22
2.2084012e-22
-2.1923853e-22
0
2.1565302e-22
2.1383177e-22
-2.1180143e-22
-2.0969239e-22
-2.0758608e-22
-2.0544584e-22
6.0981904e-22
1.1432538e-50
-3.9772874e-22
3.9328972e-22
4.3174613e-34
-3.8443475e-22
-9.4896302e-52
1.8783267e-22
1.8567339e-22
-1.8354531e-22
1.8145464e-22
5.3822091e-22
-3.5481778e-22
-5.2640312e-22
-1.7359085e-22
0
3.4011582e-22
1.6841707e-22
-1.6687006e-22
-1.6542458e-22
3.6428152e-34
1.6287192e-22
0
0
0
0
0
0
0
-1.584667e-22
1.5873257e-22
1.5921861e-22
-3.1987816e-22
5.2628957e-53
1.6214463e-22
3.2731283e-22
7.3475546e-34
-5.0259403e-22
1.1948633e-52
2.4514836e-38
3.5086256e-22
-1.7658321e-50
-5.4668689e-22
1.8612821e-22
1.9038271e-22
-1.9501006e-22
2.0002873e-22
2.0545827e-22
-2.1132148e-22
4.352854e-22
-2.2444808e-22
7.717553e-34
7.1888178e-22
-4.9613104e-22
-7.7134907e-22
-2.6681761e-22
0
0
3.0026955e-22
3.1303292e-22
-3.2669543e-22
-3.7896456e-34
3.5697343e-22
0
0
0
0
0
0
0
1.060915e-21
-5.6009964e-22
-1.776359e-21
6.2678278e-22
-9.4416744e-38
7.0533067e-22
-1.6656591e-33
7.0961482e-33
8.5259e-22
-1.8234031e-21
-9.7577594e-22
0
0
1.0798841e-21
1.1577987e-21
-1.065737e-21
1.2018801e-33
-1.2535178e-50
1.2523789e-33
2.2351158e-21
-2.2721804e-33
1.1828473e-33
2.2406236e-21
-1.2372879e-21
-3.7858492e-21
-1.2388839e-21
0
0
1.3211349e-21
4.5089193e-21
-1.365309e-21
-2.4532238e-21
3.7635576e-21
-3.0846108e-33
-3.2236495e-21
0
0
0
0
3.4463644e-21
4.3909479e-33
-6.3934334e-21
4.2444777e-21
2.1543776e-21
-6.9615943e-21
2.4552167e-21
2.4302264e-21
2.7431376e-33
-7.4408598e-50
-5.8751151e-21
-3.1274766e-21
0
9.9762131e-21
3.4190239e-21
-7.2424848e-21
-3.8995056e-21
9.1746988e-33
-1.4531184e-49
1.7641094e-49
9.3604399e-21
5.5031856e-33
5.6816074e-33
1.0616222e-20
6.2303513e-33
-1.1873429e-20
-1.2396698e-20
-6.4047908e-21
0
7.0358808e-21
1.060384e-36
-7.8368646e-21
8.1204416e-21
8.4166303e-21
0
0
0
-1.0224021e-20
2.3541144e-32
1.1048034e-20
2.3219229e-20
-1.2243442e-20
8.5486069e-32
1.3336592e-20
-2.775434e-20
-1.4559059e-20
1.5301771e-20
1.5952292e-20
3.6789136e-32
3.4631232e-20
-1.820254e-20
-3.8217757e-20
0
-2.0687632e-20
-2.1601469e-20
2.2649802e-20
2.3722483e-20
0
-2.5811563e-20
5.979421e-32
2.811621e-20
0
3.0708345e-20
-3.2095448e-20
-3.350468e-20
3.4955288e-20
0
-3.8063422e-20
-3.9716691e-20
0
4.3318618e-20
-5.0197916e-32
-4.7127964e-20
0
0
5.3489335e-20
5.5834885e-20
-5.8268809e-20
6.0773985e-20
1.8996959e-19
-6.5943459e-20
3.0520392e-31
1.4344145e-19
0
-1.561683e-19
-1.6259239e-19
-8.4593657e-20
-8.8116942e-20
0
9.5855799e-20
9.9894979e-20
0
0
-1.1270029e-19
-1.173682e-19
1.222452e-19
1.273072e-19
0
0
0
0
-1.5545338e-19
-1.6176063e-19
3.3671895e-19
1.7518959e-19
-1.8219883e-19
0
-1.9698748e-19
-2.0490327e-19
-4.2621385e-19
-2.2152558e-19
-2.5558548e-31
-2.3923219e-19
7.4606593e-19
-5.7150391e-48
-5.3724585e-19
5.5807403e-19
-6.4359709e-31
6.6848222e-31
6.2538604e-19
3.6047282e-31
-3.3712366e-19
3.5001503e-19
3.6341073e-19
0
-7.8310879e-19
-1.2187939e-18
-4.2148329e-19
0
9.0740579e-19
4.7066879e-19
-4.881389e-19
0
-5.2471735e-19
-1.5461125e-34
5.63969e-19
0
0
0
0
0
-6.9783383e-19
-7.2277351e-19
1.4969991e-18
7.7502112e-19
-8.0236371e-19
0
8.5960769e-19
1.7791128e-18
-9.2043534e-19
-1.904559e-18
-9.8510748e-19
2.0378478e-18
3.5094222e-30
-3.2687083e-18
1.1264637e-18
1.1644612e-18
-1.2035923e-18
1.2438714e-18
3.8559133e-18
-2.0789051e-48
-1.3717098e-18
1.4167714e-18
1.4631329e-18
-4.5324195e-18
-3.1195763e-18
1.787449e-30
-1.6617719e-18
0
1.7694231e-18
1.8254299e-18
0
-1.9419317e-18
-4.0050144e-18
2.0646553e-18
-9.4531378e-30
4.8713761e-30
4.5215052e-18
0
0
0
2.5460731e-18
-2.6218005e-18
1.1987483e-29
2.7787282e-18
-5.7200213e-18
2.9432383e-18
6.0568553e-18
-6.2311165e-18
-3.2046166e-18
-4.6833865e-34
4.5287091e-48
1.0451647e-17
-3.5811671e-18
-1.1041594e-17
1.1345911e-17
3.8855335e-18
-1.1973874e-17
9.1016352e-30
8.418919e-18
6.1416742e-34
-4.4363752e-18
-4.5531938e-18
-1.3279548e-33
9.5875309e-18
9.8349574e-18
-5.0434581e-18
-1.5515227e-17
-5.302374e-18
0
0
5.708289e-18
5.8482549e-18
-5.9905965e-18
2.724625e-29
-6.2823586e-18
2.8562556e-29
1.9750189e-17
1.3474863e-17
-7.6541725e-30
-1.4105076e-17
-7.213529e-18
1.475357e-17
5.0245149e-29
-2.3130394e-17
1.5760392e-17
8.0524697e-18
-2.4680765e-17
9.3315922e-30
-9.527656e-30
8.7631696e-18
8.9461057e-18
-1.8262149e-17
-9.3180552e-18
0
0
9.8906825e-18
5.7328007e-33
1.1414121e-29
2.0959323e-17
-2.3713131e-29
-1.0880869e-17
1.1083853e-17
-1.2530146e-29
1.2760321e-29
-1.1701477e-17
-1.1910058e-17
-1.7223387e-33
-1.2330866e-17
0
0
1.2970023e-17
-1.4637227e-29
-1.3400517e-17
1.3616826e-17
3.0718992e-29
1.4051093e-17
2.853771e-17
1.4486924e-17
-1.4705222e-17
-2.9847308e-17
0
-1.536044e-17
3.115711e-17
1.5796355e-17
-1.6013755e-17
3.6041595e-29
3.6514838e-29
3.3324887e-17
-1.687708e-17
-3.4181453e-17
0
-1.7514643e-17
3.9359226e-29
1.7933276e-17
0
0
0
0
-1.895014e-17
-2.7210193e-33
1.9342497e-17
3.9070185e-17
-5.6062202e-33
-1.9912499e-17
4.0194136e-17
-2.0278723e-17
-6.1372041e-17
2.0632816e-17
-9.2386856e-29
-4.1947558e-17
2.1139034e-17
2.3650002e-29
7.1466799e-29
4.798964e-29
-2.1762686e-17
0
4.4100876e-17
6.6563726e-17
-2.2320981e-17
-6.734868e-17
-2.5063278e-29
2.2692846e-17
0
0
4.6043058e-17
-5.1329222e-29
-4.6430953e-17
4.6609365e-17
-5.1929769e-29
-2.3467089e-17
-2.3540119e-17
-2.360763e-17
2.3669585e-17
0
-2.3776604e-17
4.7643029e-17
2.3860607e-17
-4.7787708e-17
-2.3921243e-17
-3.4024699e-33
4.7916689e-17
5.3219582e-29
-2.397148e-17
2.3968423e-17
4.7917867e-17
-2.3943433e-17
-4.7843775e-17
4.7788619e-17
-2.3860707e-17
-7.1463274e-17
2.3775478e-17
2.3723886e-17
0
0
-2.3533493e-17
5.209114e-29
2.3377218e-17
2.3290404e-17
3.296616e-33
-2.3099679e-17
2.299588e-17
2.5404283e-29
-2.2771722e-17
0
-2.2525957e-17
2.4858852e-29
2.2259209e-17
-2.2118181e-17
-2.197217e-17
4.3642534e-17
6.4996706e-17
-2.1505177e-17
-4.26804e-17
2.1170747e-17
-2.0996925e-17
-4.1637697e-17
2.0636633e-17
4.0900803e-17
-2.0260275e-17
-2.0066377e-17
3.9737662e-17
1.9667764e-17
1.9463306e-17
-2.1376635e-29
-5.7134283e-17
-1.8830945e-17
1.8614278e-17
0
0
-1.794855e-17
1.7721867e-17
1.7493034e-17
-1.7262192e-17
0
3.3590084e-17
-7.3541524e-29
-3.2643108e-17
1.6082787e-17
1.5842859e-17
-1.5601911e-17
1.7054211e-29
1.872718e-46
1.6517019e-29
4.6995915e-47
1.4386747e-17
3.1400821e-29
-2.7796692e-17
0
-1.3410221e-17
1.316658e-17
-2.8697511e-29
-2.334774e-47
1.2438806e-17
-3.659302e-17
-1.1957469e-17
2.3436614e-17
1.1480294e-17
1.1243534e-17
-1.1008132e-17
-1.0774194e-17
2.1083648e-17
1.1449839e-29
1.0082169e-17
-4.376808e-29
6.4149321e-29
2.0885801e-29
-1.837134e-17
0
8.7501536e-18
-8.53584e-18
8.3239141e-18
8.1144421e-18
-1.5814978e-17
0
1.5002737e-17
-1.6213326e-29
-1.4211913e-17
-6.9123847e-18
-3.6472136e-47
1.3067464e-17
6.3487275e-18
-1.2333292e-17
-5.9875124e-18
-6.4506585e-30
1.1276383e-17
5.4680515e-18
-1.0601901e-17
0
-4.9759131e-18
4.817992e-18
4.6631449e-18
-9.0227537e-18
-1.2399509e-33
5.9928327e-34
-4.074547e-18
3.9350806e-18
3.7986705e-18
0
-3.5349684e-18
-3.783974e-30
6.566648e-18
3.1619834e-18
-3.0436055e-18
2.9281637e-18
1.7116933e-46
-8.117912e-18
2.8862037e-30
2.4951783e-18
2.3939914e-18
4.5911409e-18
-2.199879e-18
-4.2137586e-18
0
0
-1.8436619e-18
3.9103342e-30
-1.8658807e-30
-3.560096e-30
1.5281148e-18
1.4552863e-18
1.5373321e-30
-2.6331934e-18
-4.994429e-47
-1.6867109e-34
-1.2499497e-30
2.1318108e-18
1.1196308e-30
-9.532045e-19
-8.9986124e-19
8.484629e-19
7.9896495e-19
-1.5026461e-18
1.5664105e-30
-1.4686792e-30
-6.8738148e-31
5.7844299e-19
0
0
0
0
3.9890698e-19
3.6744556e-19
-3.3736612e-19
3.0863217e-19
4.1254714e-47
-7.6517539e-19
2.3013881e-19
2.0640781e-19
2.0407085e-31
-1.6234663e-19
-1.4194736e-19
2.4518626e-19
1.1573343e-31
-1.73762e-19
-7.0450842e-20
5.4923312e-20
4.027374e-20
0
0
2.0976247e-21
-7.7460595e-21
3.5920519e-20
2.8041136e-20
-4.1693534e-32
-1.5944052e-48
-5.4813133e-20
-1.2500734e-19
-3.0946692e-31
2.2887041e-19
-8.2347803e-20
-8.7906296e-20
1.8613849e-19
-2.1698758e-31
-1.1327953e-31
-1.504221e-35
6.1438868e-49
1.248112e-31
-1.151278e-19
0
-1.1959471e-19
-1.2140208e-19
1.2292191e-19
1.2413134e-19
-2.5015335e-19
2.7931242e-31
1.2635056e-19
-1.2666161e-19
1.2675013e-19
-2.8114839e-31
1.2636509e-19
1.2593148e-19
-2.5070541e-19
-2.7677011e-31
-1.2379103e-19
3.4905691e-35
1.2171877e-19
1.2052824e-19
1.1925589e-19
-1.1790602e-19
-1.1648268e-19
-1.1499205e-19
2.26877e-19
1.1182526e-19
-3.3047677e-19
-2.4082356e-31
2.1342065e-19
-2.0989059e-19
-2.2900977e-31
2.0268397e-19
-1.9899769e-19
-2.7748979e-35
2.8727896e-19
-9.3889395e-20
-9.2021394e-20
9.015262e-20
8.8286354e-20
8.6429044e-20
-8.4584805e-20
-1.6551117e-19
-1.1502664e-35
1.5829387e-19
-7.7365683e-20
-2.2678202e-19
7.3832342e-20
1.4418622e-19
0
6.8721192e-20
7.4469738e-32
-6.5463599e-20
6.3871437e-20
1.7708604e-35
-1.2154254e-19
5.926796e-20
5.7798107e-20
-5.6359397e-20
0
5.3550611e-20
5.2182872e-20
-5.0853255e-20
-9.9125051e-20
-4.8301794e-20
9.4132542e-20
4.5859621e-20
-4.4686765e-20
0
-4.2442544e-20
4.1365061e-20
4.0312656e-20
-3.9281163e-20
0
3.727905e-20
3.6325048e-20
-7.0814277e-20
-3.4515414e-20
3.3642847e-20
0
3.1967067e-20
-4.4293591e-36
-3.0396006e-20
-2.9647702e-20
2.8921268e-20
-1.2527843e-31
-8.2521415e-20
2.9767952e-32
5.2291796e-20
2.5511433e-20
2.4903726e-20
-2.4309449e-20
-2.3723727e-20
2.3150212e-20
2.259325e-20
-2.2054849e-20
-6.4607441e-20
2.1035864e-20
4.1104446e-20
0
-3.9232196e-20
-7.0408e-49
5.6113182e-20
-1.826514e-20
-1.7851651e-20
1.745903e-20
-1.7072598e-20
-2.3715671e-36
3.2621515e-20
6.8387614e-50
-4.6795624e-20
-6.7786822e-32
2.9870085e-20
0
-1.4284948e-20
-1.3962251e-20
0
1.3347773e-20
1.3066491e-20
1.279154e-20
1.2514622e-20
-1.2240386e-20
-1.1980045e-20
0
1.1491204e-20
-1.1253544e-20
-3.3051879e-20
1.1967179e-32
1.0539554e-20
1.0302267e-20
-1.00782e-20
2.1914904e-32
1.9341311e-20
9.4713087e-21
9.2686575e-21
-1.8139967e-20
-2.6638579e-20
1.931433e-32
2.5564944e-20
8.3488018e-21
-1.1614011e-36
-2.6613102e-32
-7.8048284e-21
-7.6296664e-21
-1.6577137e-32
7.3114862e-21
-7.1726668e-21
1.5599773e-32
1.3730438e-20
1.9084657e-36
-1.9723691e-20
-4.2899354e-32
1.2622654e-20
0
-6.0570945e-21
5.9187068e-21
1.1554474e-20
-5.637197e-21
-5.504487e-21
5.3798878e-21
-1.0529134e-20
-5.1616633e-21
1.5159092e-20
1.0957283e-32
-9.644045e-21
-6.7035941e-37
-5.128194e-33
-4.5250305e-21
4.4211817e-21
-4.3108355e-21
4.1994623e-21
8.1837774e-21
-3.9895942e-21
0
3.8103252e-21
-3.74734e-21
-3.6717377e-21
7.1595858e-21
3.7666318e-51
-3.414008e-21
3.3471882e-21
-3.6346146e-33
3.1862538e-21
-8.802592e-37
-9.0337764e-21
3.2535797e-33
-3.1666356e-33
2.7834368e-21
2.7352671e-21
-8.0569999e-21
5.8145422e-33
-1.6951324e-32
-2.4752157e-21
4.8491911e-21
-2.6571638e-33
-4.6912938e-21
4.5486611e-21
4.4046158e-21
-2.1360801e-21
2.0731167e-21
2.0069237e-21
-1.9559036e-21
-1.9384416e-21
0
1.8779204e-21
-4.0457935e-33
-3.544956e-21
-5.5432868e-51
1.7098187e-21
-3.3216393e-21
-3.5523338e-33
3.08315e-21
0
0
1.3621158e-21
-1.355139e-21
-1.3937263e-21
2.7704883e-21
-1.4662478e-33
2.7841616e-33
-1.3335211e-33
-1.1948827e-21
-1.2227708e-21
4.0483762e-33
1.1667429e-21
-2.2393572e-21
-1.0780496e-21
3.1191585e-21
-2.2176579e-33
-2.8161894e-21
8.922717e-22
-2.0219947e-33
-9.6283903e-22
1.9213533e-21
-2.0041545e-33
8.3605744e-22
1.6115856e-21
-1.6654159e-21
-8.3735027e-22
1.5741505e-21
7.3436927e-22
-6.8762812e-22
-6.2420211e-22
0
0
0
6.7595878e-22
8.7237958e-38
-5.1311574e-22
-9.0275523e-22
1.0789982e-33
1.147306e-21
-1.1632184e-21
-2.2333958e-33
1.3038331e-21
-3.7627481e-22
-3.0783218e-22
6.1279529e-22
-4.3873139e-34
1.0512992e-33
-4.8389926e-34
-1.3249794e-37
1.9870508e-22
-1.8956934e-22
-2.7516771e-22
3.3834517e-22
-2.8917925e-22
-6.6565635e-49
5.2937139e-35
9.3850741e-35
5.8987414e-23
-1.7410022e-22
-3.0124419e-22
5.5701764e-34
-3.5720874e-22
7.1525545e-22
-2.3836898e-22
-1.3152319e-22
2.0306779e-22
-2.579269e-22
-9.6800063e-22
0
-5.5133694e-22
-4.7747558e-22
4.3831073e-22
8.0500151e-22
-3.8377911e-22
-4.0649471e-22
1.1148493e-21
1.0622963e-37
-7.7558983e-22
6.7333768e-22
-5.7004598e-22
-5.9685083e-22
7.0614712e-22
1.6106298e-21
2.217876e-37
-2.0586021e-21
7.2918246e-34
6.4963772e-22
0
0
1.7286335e-21
-3.6093038e-33
-7.4310956e-22
1.4399585e-21
-7.7459573e-22
-1.7113514e-21
0
0
0
0
1.5799502e-21
-2.4459026e-37
-1.8296278e-21
1.7962618e-21
2.4637346e-37
-8.4667712e-22
1.6674222e-21
-8.3194806e-22
-1.8281233e-21
-2.040311e-21
-1.0359354e-21
9.7617283e-22
9.2565843e-22
1.8903801e-21
-9.7427285e-22
-9.7512224e-22
1.8936345e-21
9.5955831e-22
-1.0444862e-21
2.2672319e-33
1.8741271e-21
-9.1866212e-22
-1.8539243e-21
-9.8745963e-22
-1.0958535e-21
0
1.9248976e-21
9.6367794e-22
-9.8884782e-22
-1.0137965e-21
2.1165993e-21
1.1451519e-21
-2.2021254e-21
1.009539e-21
1.1155391e-33
-1.0194141e-21
0
0
0
0
2.0952094e-21
-2.3651525e-33
-2.2260581e-21
0
-1.2123436e-21
1.2654671e-33
4.6668631e-37
1.106077e-21
2.2580834e-21
-3.5406774e-21
-2.5171182e-21
2.4644179e-21
1.1546431e-21
1.1341125e-21
-1.1509392e-21
-1.1876964e-21
2.5287741e-21
3.0232258e-33
1.2690641e-21
-2.5886391e-33
7.9119583e-33
5.417116e-33
-2.4905732e-21
-1.2950054e-21
1.3743337e-21
3.9541827e-21
1.2318986e-21
-2.4851221e-21
-2.5701727e-21
0
-1.3500641e-21
1.4991485e-33
1.3735219e-21
1.4300467e-21
-1.5475501e-33
1.4640558e-33
-2.6135355e-21
-1.3241867e-21
4.1453057e-21
-1.4664173e-21
1.4213911e-21
1.3372323e-21
-2.670311e-21
0
-1.4147807e-21
1.4875193e-21
-3.3010898e-33
6.2232662e-33
-6.0619397e-33
-1.3901676e-21
4.2392643e-21
-6.4982403e-50
-3.0655936e-21
0
-1.410878e-21
-4.6580009e-33
2.8557564e-21
-6.9396857e-51
-1.5508757e-21
1.5198003e-21
-1.4143145e-21
-1.4069196e-21
1.4579268e-21
0
1.5128836e-21
-1.5427083e-21
-1.5974076e-21
-2.2216042e-37
1.6507339e-33
1.4741059e-21
-1.492294e-21
1.7107957e-33
-5.3742206e-33
-1.7603406e-33
1.5031741e-21
1.4886494e-21
3.3583204e-33
-3.127104e-21
-2.3181745e-37
4.8373976e-21
-3.4182886e-33
-3.0357854e-21
0
0
-1.6648615e-21
1.6095994e-21
1.5203507e-21
-3.0589217e-21
3.4998354e-33
-1.809267e-33
-1.6669259e-21
1.6460383e-21
1.6038859e-21
0
0
0
1.617637e-21
1.589162e-21
-1.6237073e-21
1.6917129e-21
7.3871379e-33
-4.7451301e-21
-1.7331285e-33
1.5898111e-21
1.6226843e-21
3.3158729e-21
-1.7052548e-21
-1.6683309e-21
-1.7515805e-33
-3.1145151e-21
3.1720717e-21
1.606636e-21
-4.9281134e-21
3.6550596e-50
1.6506852e-21
1.5623759e-21
1.5529381e-21
-3.1661293e-21
-1.6052032e-21
-1.8194482e-33
-1.8791405e-33
1.6311618e-21
3.0826125e-21
1.0267069e-32
-4.6978576e-21
1.6055393e-21
-3.1627552e-51
-3.2839166e-21
1.5793687e-21
-3.423413e-33
-6.8307485e-52
4.4944366e-37
-1.6408506e-21
1.6138211e-21
1.5306586e-21
0
1.5228109e-21
1.5431188e-21
-1.5579431e-21
1.5747002e-21
-5.8162138e-50
-4.9285988e-21
1.5762782e-21
1.4872566e-21
1.6539113e-33
3.0291849e-21
-1.5363249e-21
-1.5436286e-21
5.2143292e-33
-3.2074713e-21
-1.5706175e-21
1.5065384e-21
1.4926259e-21
0
0
1.59517e-21
1.5713576e-21
-3.0075136e-21
-1.4825301e-21
1.6683675e-33
-4.3631882e-37
1.576383e-21
3.2299149e-21
6.9698622e-33
-4.5018519e-21
1.4942876e-21
1.5156251e-21
-3.0869034e-21
3.5159331e-33
1.8159147e-33
5.3511914e-33
1.7047833e-33
-1.5249572e-21
1.549309e-21
1.5766268e-21
1.5915293e-21
-1.6138754e-21
3.6590744e-33
1.6397205e-21
-1.598217e-21
0
0
-1.628589e-21
2.3846911e-37
1.6615698e-21
3.2196563e-21
3.5415664e-33
-1.6091743e-21
3.3028971e-21
-1.7127827e-21
-3.4068538e-21
0
0
-1.6244997e-21
-1.8428299e-33
3.3917861e-21
1.7360552e-21
-3.5458268e-21
-1.720665e-21
1.649343e-21
0
1.6849502e-21
3.4459962e-21
-1.761325e-21
-3.5853332e-21
3.5169655e-21
-3.7790521e-33
-5.1024901e-21
1.7230964e-21
1.7573305e-21
-1.7931097e-21
-1.785483e-21
-1.7466531e-21
1.7234794e-21
1.7311869e-21
1.7507483e-21
1.785862e-21
0
1.8052034e-21
-1.7260232e-21
-3.4626755e-21
0
3.6651979e-21
4.0745097e-33
-3.6473786e-21
0
-1.8237579e-21
1.8233495e-21
5.4644735e-21
-2.0220579e-33
-3.6429149e-21
8.0865442e-33
3.6417135e-21
-3.6421932e-21
-3.6429402e-21
3.6442382e-21
1.8232196e-21
-1.824845e-21
4.0569727e-33
-1.5264548e-51
-3.669789e-21
2.0435942e-33
5.5414857e-21
1.0553769e-36
-3.7350474e-21
0
0
-1.8758638e-21
1.8814315e-21
1.8835253e-21
-1.8807951e-21
-1.8790422e-21
-1.8801755e-21
1.8785446e-21
1.8740102e-21
0
-1.8769175e-21
1.8776543e-21
5.6049216e-21
-2.0704363e-33
-3.7489045e-21
-1.8775053e-21
-1.8642831e-21
9.6972787e-52
1.8745979e-21
-1.8766393e-21
-1.8601234e-21
3.7191015e-21
5.6314779e-21
-1.8757791e-21
-5.5768383e-21
6.2019837e-33
-4.1714701e-33
2.0776171e-33
1.8606285e-21
1.8727936e-21
1.8835771e-21
-1.8691937e-21
6.3959348e-51
-5.3524225e-37
-3.7779654e-21
4.1565069e-33
5.6140495e-21
-8.4035941e-33
-3.7902938e-21
0
1.8780986e-21
3.7954642e-21
1.8991667e-21
-3.7710257e-21
-3.7780938e-21
-1.9055543e-21
3.8070177e-21
1.8919583e-21
-3.7969181e-21
1.9128289e-21
-1.9080214e-21
-1.8975258e-21
5.717216e-21
-3.7408398e-51
-3.8231477e-21
3.8041379e-21
-1.9118198e-21
-3.8462287e-21
1.9142033e-21
0
-1.9161143e-21
1.9262622e-21
1.9159643e-21
-3.8146276e-21
4.2595323e-33
1.9266055e-21
-1.9153692e-21
5.0734265e-52
-1.9193114e-21
-4.2721527e-33
3.8216216e-21
0
1.9192493e-21
-1.9210492e-21
-1.905837e-21
1.9032297e-21
-1.9173498e-21
-6.3880474e-33
3.8035856e-21
4.2183842e-33
4.2517188e-33
3.830675e-21
-1.8992691e-21
-5.6898189e-21
2.1213645e-33
-2.1206427e-33
-1.8953159e-21
1.8934454e-21
1.9061583e-21
0
-1.8934875e-21
6.3031898e-33
3.8092966e-21
2.1140133e-33
-1.8913227e-21
3.7818872e-21
1.2672875e-32
-3.8064046e-21
0
0
-1.9007873e-21
1.902486e-21
1.8935678e-21
-3.7833448e-21
4.218647e-33
-4.2252328e-33
-2.1066619e-33
3.7898342e-21
-3.8002606e-21
-1.9038615e-21
3.8041992e-21
3.7984981e-21
8.4385043e-33
-5.7098216e-21
1.90422e-21
4.2219621e-33
-1.8989448e-21
5.7038711e-21
1.9042244e-21
-3.8056055e-21
2.1078544e-33
3.7947232e-21
-3.8022738e-21
-1.9033662e-21
1.9003002e-21
-3.7908353e-21
-1.8961271e-21
1.900641e-21
-2.1108845e-33
-8.4215492e-33
3.7869649e-21
4.2108421e-33
2.1091005e-33
2.1070347e-33
-1.8935794e-21
-1.8931888e-21
2.1057126e-33
3.7950594e-21
3.7892585e-21
-1.8925638e-21
-5.6813149e-21
1.8949814e-21
1.8937895e-21
-3.7840592e-21
4.2002987e-33
2.6898949e-37
4.2018116e-33
8.0627927e-37
-4.2007557e-33
1.8914793e-21
0
3.7819321e-21
1.890555e-21
-5.6707236e-21
-1.8898957e-21
-2.6852439e-37
-2.0977849e-33
3.7786197e-21
2.6847371e-37
-1.8890574e-21
1.8888704e-21
3.7774384e-21
-1.8886407e-21
-1.8887117e-21
-2.0967424e-33
1.889188e-21
-8.3916848e-33
-3.7798909e-21
0
0
0
0
-1.8931501e-21
-2.1031477e-33
1.8948883e-21
3.7917574e-21
-9.7425536e-52
-1.8981374e-21
-1.89943e-21
-4.2209992e-33
5.7073077e-21
1.9042351e-21
-3.8124418e-21
-5.7250457e-21
1.9106063e-21
1.913024e-21
-1.9156175e-21
-1.9183776e-21
-1.9212505e-21
0
3.8535095e-21
5.7875388e-21
-1.9313778e-21
-3.8669192e-21
0
0
0
0
3.8888565e-21
-8.6445137e-33
-3.8973913e-21
3.901588e-21
4.3370716e-33
-1.95492e-21
-1.9569601e-21
-1.9589951e-21
1.9610318e-21
1.9630917e-21
-1.9651489e-21
-3.9343686e-21
1.9690784e-21
1.9702739e-21
-1.9708194e-21
-4.377393e-33
3.9432496e-21
4.3784638e-33
-1.9716996e-21
1.9714873e-21
-1.9711503e-21
-1.9706988e-21
1.9701401e-21
0
-1.9687888e-21
-1.9680435e-21
3.9345687e-21
1.9665466e-21
-1.9658743e-21
-1.965318e-21
-1.9649404e-21
1.9649702e-21
1.9657232e-21
1.9665244e-21
1.9698895e-21
-1.9754378e-21
-1.9835984e-21
0
0
0
4.0500962e-21
5.6817442e-37
-3.9401226e-21
0
-1.8597946e-21
-1.6340243e-21
)
;

boundaryField
{
    leftSide
    {
        type            calculated;
        value           uniform 7.523089e-21;
    }
    rightSide
    {
        type            calculated;
        value           uniform -1.634742e-21;
    }
    emptywalls
    {
        type            empty;
    }
}


// ************************************************************************* //
