/*--------------------------------*- C++ -*----------------------------------*\
  =========                 |
  \\      /  F ield         | OpenFOAM: The Open Source CFD Toolbox
   \\    /   O peration     | Website:  https://openfoam.org
    \\  /    A nd           | Version:  7
     \\/     M anipulation  |
\*---------------------------------------------------------------------------*/
FoamFile
{
    version     2.0;
    format      ascii;
    class       volScalarField;
    location    "0.00295";
    object      Ux;
}
// * * * * * * * * * * * * * * * * * * * * * * * * * * * * * * * * * * * * * //

dimensions      [0 1 -1 0 0 0 0];

internalField   nonuniform List<scalar> 
5000
(
22.934326
22.934326
22.934326
22.934325
22.934325
22.934324
22.934324
22.934324
22.934323
22.934323
22.934323
22.934323
22.934323
22.934323
22.934322
22.934322
22.934322
22.934321
22.934321
22.934321
22.93432
22.93432
22.93432
22.93432
22.934319
22.934319
22.934319
22.934319
22.934318
22.934318
22.934318
22.934318
22.934317
22.934317
22.934317
22.934316
22.934316
22.934316
22.934316
22.934315
22.934315
22.934315
22.934315
22.934314
22.934314
22.934314
22.934314
22.934313
22.934313
22.934313
22.934312
22.934312
22.934312
22.934311
22.934311
22.934311
22.934311
22.934311
22.93431
22.93431
22.93431
22.934309
22.934309
22.934309
22.934309
22.934309
22.934308
22.934308
22.934308
22.934307
22.934307
22.934307
22.934307
22.934306
22.934306
22.934306
22.934306
22.934305
22.934305
22.934305
22.934305
22.934304
22.934304
22.934304
22.934304
22.934303
22.934303
22.934303
22.934303
22.934302
22.934302
22.934302
22.934302
22.934301
22.934301
22.934301
22.9343
22.9343
22.9343
22.9343
22.9343
22.934299
22.934299
22.934299
22.934299
22.934298
22.934298
22.934298
22.934298
22.934297
22.934297
22.934297
22.934297
22.934296
22.934296
22.934296
22.934296
22.934295
22.934295
22.934295
22.934295
22.934294
22.934294
22.934294
22.934294
22.934293
22.934293
22.934293
22.934293
22.934292
22.934292
22.934292
22.934292
22.934291
22.934291
22.934291
22.934291
22.934291
22.93429
22.93429
22.93429
22.934289
22.934289
22.934289
22.934289
22.934288
22.934288
22.934288
22.934288
22.934287
22.934287
22.934287
22.934287
22.934286
22.934286
22.934286
22.934286
22.934285
22.934285
22.934285
22.934285
22.934284
22.934284
22.934284
22.934284
22.934283
22.934283
22.934283
22.934283
22.934282
22.934282
22.934282
22.934282
22.934281
22.934281
22.934281
22.934281
22.934281
22.93428
22.93428
22.93428
22.93428
22.934279
22.934279
22.934279
22.934279
22.934278
22.934278
22.934278
22.934278
22.934277
22.934277
22.934277
22.934277
22.934276
22.934276
22.934276
22.934276
22.934275
22.934275
22.934275
22.934275
22.934274
22.934274
22.934274
22.934274
22.934274
22.934273
22.934273
22.934273
22.934272
22.934272
22.934272
22.934272
22.934272
22.934271
22.934271
22.934271
22.934271
22.93427
22.93427
22.93427
22.93427
22.934269
22.934269
22.934269
22.934269
22.934268
22.934268
22.934268
22.934268
22.934267
22.934267
22.934267
22.934267
22.934266
22.934266
22.934266
22.934266
22.934266
22.934265
22.934265
22.934265
22.934265
22.934264
22.934264
22.934264
22.934264
22.934263
22.934263
22.934263
22.934263
22.934262
22.934262
22.934262
22.934262
22.934261
22.934261
22.934261
22.934261
22.934261
22.93426
22.93426
22.93426
22.93426
22.934259
22.934259
22.934259
22.934259
22.934258
22.934258
22.934258
22.934258
22.934258
22.934257
22.934257
22.934257
22.934257
22.934256
22.934256
22.934256
22.934256
22.934255
22.934255
22.934255
22.934255
22.934255
22.934254
22.934254
22.934254
22.934254
22.934253
22.934253
22.934253
22.934253
22.934253
22.934252
22.934252
22.934252
22.934252
22.934251
22.934251
22.934251
22.934251
22.93425
22.93425
22.93425
22.93425
22.93425
22.934249
22.934249
22.934249
22.934249
22.934248
22.934248
22.934248
22.934248
22.934248
22.934247
22.934247
22.934247
22.934247
22.934246
22.934246
22.934246
22.934246
22.934246
22.934245
22.934245
22.934245
22.934245
22.934245
22.934244
22.934244
22.934244
22.934244
22.934243
22.934243
22.934243
22.934243
22.934243
22.934242
22.934242
22.934242
22.934242
22.934241
22.934241
22.934241
22.934241
22.934241
22.93424
22.93424
22.93424
22.93424
22.93424
22.934239
22.934239
22.934239
22.934239
22.934239
22.934238
22.934238
22.934238
22.934238
22.934237
22.934237
22.934237
22.934237
22.934237
22.934236
22.934236
22.934236
22.934236
22.934236
22.934235
22.934235
22.934235
22.934235
22.934235
22.934234
22.934234
22.934234
22.934234
22.934234
22.934233
22.934233
22.934233
22.934233
22.934232
22.934232
22.934232
22.934232
22.934232
22.934231
22.934231
22.934231
22.934231
22.934231
22.93423
22.93423
22.93423
22.93423
22.93423
22.934229
22.934229
22.934229
22.934229
22.934229
22.934228
22.934228
22.934228
22.934228
22.934228
22.934227
22.934227
22.934227
22.934227
22.934227
22.934226
22.934226
22.934226
22.934226
22.934226
22.934225
22.934225
22.934225
22.934225
22.934225
22.934224
22.934224
22.934224
22.934224
22.934224
22.934224
22.934223
22.934223
22.934223
22.934223
22.934222
22.934222
22.934222
22.934222
22.934222
22.934222
22.934221
22.934221
22.934221
22.934221
22.934221
22.93422
22.93422
22.93422
22.93422
22.93422
22.934219
22.934219
22.934219
22.934219
22.934219
22.934218
22.934218
22.934218
22.934218
22.934218
22.934217
22.934217
22.934217
22.934217
22.934217
22.934217
22.934216
22.934216
22.934216
22.934216
22.934216
22.934215
22.934215
22.934215
22.934215
22.934215
22.934214
22.934214
22.934214
22.934214
22.934214
22.934213
22.934213
22.934213
22.934213
22.934213
22.934212
22.934212
22.934212
22.934212
22.934212
22.934212
22.934211
22.934211
22.934211
22.934211
22.934211
22.93421
22.93421
22.93421
22.93421
22.93421
22.934209
22.934209
22.934209
22.934209
22.934209
22.934209
22.934208
22.934208
22.934208
22.934208
22.934208
22.934207
22.934207
22.934207
22.934207
22.934207
22.934207
22.934206
22.934206
22.934206
22.934206
22.934206
22.934205
22.934205
22.934205
22.934205
22.934205
22.934204
22.934204
22.934204
22.934204
22.934204
22.934204
22.934203
22.934203
22.934203
22.934203
22.934203
22.934203
22.934202
22.934202
22.934202
22.934202
22.934202
22.934201
22.934201
22.934201
22.934201
22.934201
22.9342
22.9342
22.9342
22.9342
22.9342
22.9342
22.934199
22.934199
22.934199
22.934199
22.934199
22.934198
22.934198
22.934198
22.934198
22.934198
22.934198
22.934197
22.934197
22.934197
22.934197
22.934197
22.934197
22.934196
22.934196
22.934196
22.934196
22.934196
22.934195
22.934195
22.934195
22.934195
22.934195
22.934195
22.934194
22.934194
22.934194
22.934194
22.934194
22.934194
22.934193
22.934193
22.934193
22.934193
22.934193
22.934192
22.934192
22.934192
22.934192
22.934192
22.934192
22.934191
22.934191
22.934191
22.934191
22.934191
22.93419
22.93419
22.93419
22.93419
22.93419
22.93419
22.934189
22.934189
22.934189
22.934189
22.934189
22.934189
22.934188
22.934188
22.934188
22.934188
22.934188
22.934187
22.934187
22.934187
22.934187
22.934187
22.934187
22.934186
22.934186
22.934186
22.934186
22.934186
22.934186
22.934185
22.934185
22.934185
22.934185
22.934185
22.934184
22.934184
22.934184
22.934184
22.934184
22.934184
22.934183
22.934183
22.934183
22.934183
22.934183
22.934182
22.934182
22.934182
22.934182
22.934182
22.934182
22.934181
22.934181
22.934181
22.934181
22.934181
22.93418
22.93418
22.93418
22.93418
22.93418
22.93418
22.934179
22.934179
22.934179
22.934179
22.934179
22.934179
22.934178
22.934178
22.934178
22.934178
22.934178
22.934177
22.934177
22.934177
22.934177
22.934177
22.934177
22.934176
22.934176
22.934176
22.934176
22.934176
22.934176
22.934175
22.934175
22.934175
22.934175
22.934175
22.934174
22.934174
22.934174
22.934174
22.934174
22.934174
22.934173
22.934173
22.934173
22.934173
22.934173
22.934172
22.934172
22.934172
22.934172
22.934172
22.934172
22.934171
22.934171
22.934171
22.934171
22.934171
22.934171
22.93417
22.93417
22.93417
22.93417
22.93417
22.93417
22.934169
22.934169
22.934169
22.934169
22.934169
22.934169
22.934168
22.934168
22.934168
22.934168
22.934168
22.934168
22.934167
22.934167
22.934167
22.934167
22.934167
22.934167
22.934166
22.934166
22.934166
22.934166
22.934166
22.934166
22.934165
22.934165
22.934165
22.934165
22.934165
22.934165
22.934164
22.934164
22.934164
22.934164
22.934164
22.934164
22.934163
22.934163
22.934163
22.934163
22.934163
22.934163
22.934162
22.934162
22.934162
22.934162
22.934162
22.934162
22.934162
22.934161
22.934161
22.934161
22.934161
22.934161
22.934161
22.934161
22.93416
22.93416
22.93416
22.93416
22.93416
22.93416
22.934159
22.934159
22.934159
22.934159
22.934159
22.934159
22.934159
22.934158
22.934158
22.934158
22.934158
22.934158
22.934158
22.934158
22.934157
22.934157
22.934157
22.934157
22.934157
22.934157
22.934157
22.934156
22.934156
22.934156
22.934156
22.934156
22.934156
22.934156
22.934155
22.934155
22.934155
22.934155
22.934155
22.934155
22.934155
22.934154
22.934154
22.934154
22.934154
22.934154
22.934154
22.934154
22.934154
22.934153
22.934153
22.934153
22.934153
22.934153
22.934153
22.934153
22.934152
22.934152
22.934152
22.934152
22.934152
22.934152
22.934152
22.934151
22.934151
22.934151
22.934151
22.934151
22.934151
22.934151
22.934151
22.93415
22.93415
22.93415
22.93415
22.93415
22.93415
22.93415
22.93415
22.934149
22.934149
22.934149
22.934149
22.934149
22.934149
22.934149
22.934148
22.934148
22.934148
22.934148
22.934148
22.934148
22.934148
22.934148
22.934147
22.934147
22.934147
22.934147
22.934147
22.934147
22.934147
22.934147
22.934146
22.934146
22.934146
22.934146
22.934146
22.934146
22.934146
22.934145
22.934145
22.934145
22.934145
22.934145
22.934145
22.934145
22.934145
22.934144
22.934144
22.934144
22.934144
22.934144
22.934144
22.934144
22.934144
22.934143
22.934143
22.934143
22.934143
22.934143
22.934143
22.934143
22.934143
22.934142
22.934142
22.934142
22.934142
22.934142
22.934142
22.934142
22.934142
22.934141
22.934141
22.934141
22.934141
22.934141
22.934141
22.934141
22.93414
22.93414
22.93414
22.93414
22.93414
22.93414
22.93414
22.93414
22.934139
22.934139
22.934139
22.934139
22.934139
22.934139
22.934139
22.934139
22.934138
22.934138
22.934138
22.934138
22.934138
22.934138
22.934138
22.934137
22.934137
22.934137
22.934137
22.934137
22.934137
22.934137
22.934136
22.934136
22.934136
22.934136
22.934136
22.934136
22.934136
22.934136
22.934135
22.934135
22.934135
22.934135
22.934135
22.934135
22.934135
22.934134
22.934134
22.934134
22.934134
22.934134
22.934134
22.934134
22.934134
22.934133
22.934133
22.934133
22.934133
22.934133
22.934133
22.934133
22.934132
22.934132
22.934132
22.934132
22.934132
22.934132
22.934132
22.934131
22.934131
22.934131
22.934131
22.934131
22.934131
22.934131
22.93413
22.93413
22.93413
22.93413
22.93413
22.93413
22.93413
22.93413
22.934129
22.934129
22.934129
22.934129
22.934129
22.934129
22.934129
22.934128
22.934128
22.934128
22.934128
22.934128
22.934128
22.934128
22.934127
22.934127
22.934127
22.934127
22.934127
22.934127
22.934127
22.934127
22.934126
22.934126
22.934126
22.934126
22.934126
22.934126
22.934126
22.934125
22.934125
22.934125
22.934125
22.934125
22.934125
22.934125
22.934124
22.934124
22.934124
22.934124
22.934124
22.934124
22.934124
22.934124
22.934123
22.934123
22.934123
22.934123
22.934123
22.934123
22.934123
22.934122
22.934122
22.934122
22.934122
22.934122
22.934122
22.934122
22.934122
22.934121
22.934121
22.934121
22.934121
22.934121
22.934121
22.934121
22.934121
22.93412
22.93412
22.93412
22.93412
22.93412
22.93412
22.93412
22.934119
22.934119
22.934119
22.934119
22.934119
22.934119
22.934119
22.934119
22.934118
22.934118
22.934118
22.934118
22.934118
22.934118
22.934118
22.934118
22.934118
22.934117
22.934117
22.934117
22.934117
22.934117
22.934117
22.934117
22.934117
22.934116
22.934116
22.934116
22.934116
22.934116
22.934116
22.934116
22.934116
22.934115
22.934115
22.934115
22.934115
22.934115
22.934115
22.934115
22.934115
22.934115
22.934114
22.934114
22.934114
22.934114
22.934114
22.934114
22.934114
22.934114
22.934114
22.934113
22.934113
22.934113
22.934113
22.934113
22.934113
22.934113
22.934113
22.934113
22.934112
22.934112
22.934112
22.934112
22.934112
22.934112
22.934112
22.934112
22.934112
22.934111
22.934111
22.934111
22.934111
22.934111
22.934111
22.934111
22.934111
22.934111
22.93411
22.93411
22.93411
22.93411
22.93411
22.93411
22.93411
22.93411
22.93411
22.934109
22.934109
22.934109
22.934109
22.934109
22.934109
22.934109
22.934109
22.934109
22.934109
22.934108
22.934108
22.934108
22.934108
22.934108
22.934108
22.934108
22.934108
22.934108
22.934107
22.934107
22.934107
22.934107
22.934107
22.934107
22.934107
22.934107
22.934107
22.934107
22.934106
22.934106
22.934106
22.934106
22.934106
22.934106
22.934106
22.934106
22.934106
22.934105
22.934105
22.934105
22.934105
22.934105
22.934105
22.934105
22.934105
22.934105
22.934105
22.934104
22.934104
22.934104
22.934104
22.934104
22.934104
22.934104
22.934104
22.934104
22.934103
22.934103
22.934103
22.934103
22.934103
22.934103
22.934103
22.934103
22.934103
22.934103
22.934102
22.934102
22.934102
22.934102
22.934102
22.934102
22.934102
22.934102
22.934102
22.934101
22.934101
22.934101
22.934101
22.934101
22.934101
22.934101
22.934101
22.934101
22.934101
22.9341
22.9341
22.9341
22.9341
22.9341
22.9341
22.9341
22.9341
22.9341
22.934099
22.934099
22.934099
22.934099
22.934099
22.934099
22.934099
22.934099
22.934099
22.934099
22.934098
22.934098
22.934098
22.934098
22.934098
22.934098
22.934098
22.934098
22.934098
22.934097
22.934097
22.934097
22.934097
22.934097
22.934097
22.934097
22.934097
22.934097
22.934097
22.934096
22.934096
22.934096
22.934096
22.934096
22.934096
22.934096
22.934096
22.934096
22.934096
22.934095
22.934095
22.934095
22.934095
22.934095
22.934095
22.934095
22.934095
22.934095
22.934095
22.934094
22.934094
22.934094
22.934094
22.934094
22.934094
22.934094
22.934094
22.934094
22.934094
22.934093
22.934093
22.934093
22.934093
22.934093
22.934093
22.934093
22.934093
22.934093
22.934093
22.934093
22.934092
22.934092
22.934092
22.934092
22.934092
22.934092
22.934092
22.934092
22.934092
22.934092
22.934092
22.934091
22.934091
22.934091
22.934091
22.934091
22.934091
22.934091
22.934091
22.934091
22.934091
22.934091
22.93409
22.93409
22.93409
22.93409
22.93409
22.93409
22.93409
22.93409
22.93409
22.93409
22.93409
22.934089
22.934089
22.934089
22.934089
22.934089
22.934089
22.934089
22.934089
22.934089
22.934089
22.934089
22.934089
22.934088
22.934088
22.934088
22.934088
22.934088
22.934088
22.934088
22.934088
22.934088
22.934088
22.934088
22.934088
22.934087
22.934087
22.934087
22.934087
22.934087
22.934087
22.934087
22.934087
22.934087
22.934087
22.934087
22.934087
22.934087
22.934086
22.934086
22.934086
22.934086
22.934086
22.934086
22.934086
22.934086
22.934086
22.934086
22.934086
22.934086
22.934085
22.934085
22.934085
22.934085
22.934085
22.934085
22.934085
22.934085
22.934085
22.934085
22.934085
22.934085
22.934085
22.934084
22.934084
22.934084
22.934084
22.934084
22.934084
22.934084
22.934084
22.934084
22.934084
22.934084
22.934084
22.934084
22.934083
22.934083
22.934083
22.934083
22.934083
22.934083
22.934083
22.934083
22.934083
22.934083
22.934083
22.934083
22.934083
22.934082
22.934082
22.934082
22.934082
22.934082
22.934082
22.934082
22.934082
22.934082
22.934082
22.934082
22.934082
22.934082
22.934082
22.934081
22.934081
22.934081
22.934081
22.934081
22.934081
22.934081
22.934081
22.934081
22.934081
22.934081
22.934081
22.934081
22.934081
22.93408
22.93408
22.93408
22.93408
22.93408
22.93408
22.93408
22.93408
22.93408
22.93408
22.93408
22.93408
22.93408
22.93408
22.934079
22.934079
22.934079
22.934079
22.934079
22.934079
22.934079
22.934079
22.934079
22.934079
22.934079
22.934079
22.934079
22.934079
22.934079
22.934078
22.934078
22.934078
22.934078
22.934078
22.934078
22.934078
22.934078
22.934078
22.934078
22.934078
22.934078
22.934078
22.934078
22.934078
22.934078
22.934077
22.934077
22.934077
22.934077
22.934077
22.934077
22.934077
22.934077
22.934077
22.934077
22.934077
22.934077
22.934077
22.934077
22.934077
22.934077
22.934076
22.934076
22.934076
22.934076
22.934076
22.934076
22.934076
22.934076
22.934076
22.934076
22.934076
22.934076
22.934076
22.934076
22.934076
22.934076
22.934076
22.934075
22.934075
22.934075
22.934075
22.934075
22.934075
22.934075
22.934075
22.934075
22.934075
22.934075
22.934075
22.934075
22.934075
22.934075
22.934075
22.934075
22.934074
22.934074
22.934074
22.934074
22.934074
22.934074
22.934074
22.934074
22.934074
22.934074
22.934074
22.934074
22.934074
22.934074
22.934074
22.934074
22.934073
22.934073
22.934073
22.934073
22.934073
22.934073
22.934073
22.934073
22.934073
22.934073
22.934073
22.934073
22.934073
22.934073
22.934073
22.934073
22.934073
22.934072
22.934072
22.934072
22.934072
22.934072
22.934072
22.934072
22.934072
22.934072
22.934072
22.934072
22.934072
22.934072
22.934072
22.934072
22.934072
22.934071
22.934071
22.934071
22.934071
22.934071
22.934071
22.934071
22.934071
22.934071
22.934071
22.934071
22.934071
22.934071
22.934071
22.934071
22.934071
22.93407
22.93407
22.93407
22.93407
22.93407
22.93407
22.93407
22.93407
22.93407
22.93407
22.93407
22.93407
22.93407
22.93407
22.93407
22.93407
22.93407
22.934069
22.934069
22.934069
22.934069
22.934069
22.934069
22.934069
22.934069
22.934069
22.934069
22.934069
22.934069
22.934069
22.934069
22.934069
22.934069
22.934068
22.934068
22.934068
22.934068
22.934068
22.934068
22.934068
22.934068
22.934068
22.934068
22.934068
22.934068
22.934068
22.934068
22.934068
22.934068
22.934068
22.934068
22.934067
22.934067
22.934067
22.934067
22.934067
22.934067
22.934067
22.934067
22.934067
22.934067
22.934067
22.934067
22.934067
22.934067
22.934067
22.934067
22.934067
22.934066
22.934066
22.934066
22.934066
22.934066
22.934066
22.934066
22.934066
22.934066
22.934066
22.934066
22.934066
22.934066
22.934066
22.934066
22.934066
22.934066
22.934066
22.934065
22.934065
22.934065
22.934065
22.934065
22.934065
22.934065
22.934065
22.934065
22.934065
22.934065
22.934065
22.934065
22.934065
22.934065
22.934065
22.934065
22.934065
22.934064
22.934064
22.934064
22.934064
22.934064
22.934064
22.934064
22.934064
22.934064
22.934064
22.934064
22.934064
22.934064
22.934064
22.934064
22.934064
22.934064
22.934064
22.934063
22.934063
22.934063
22.934063
22.934063
22.934063
22.934063
22.934063
22.934063
22.934063
22.934063
22.934063
22.934063
22.934063
22.934063
22.934063
22.934062
22.934062
22.934062
22.934062
22.934062
22.934062
22.934062
22.934062
22.934062
22.934062
22.934062
22.934062
22.934062
22.934062
22.934062
22.934061
22.934061
22.934061
22.934061
22.934061
22.934061
22.934061
22.934061
22.934061
22.934061
22.934061
22.934061
22.934061
22.93406
22.93406
22.93406
22.93406
22.93406
22.93406
22.93406
22.93406
22.93406
22.93406
22.93406
22.934059
22.934059
22.934059
22.934059
22.934059
22.934059
22.934059
22.934059
22.934059
22.934059
22.934058
22.934058
22.934058
22.934058
22.934058
22.934058
22.934058
22.934058
22.934058
22.934057
22.934057
22.934057
22.934057
22.934057
22.934057
22.934057
22.934057
22.934057
22.934056
22.934056
22.934056
22.934056
22.934056
22.934056
22.934056
22.934055
22.934055
22.934055
22.934055
22.934055
22.934055
22.934055
22.934054
22.934054
22.934054
22.934054
22.934054
22.934054
22.934053
22.934053
22.934053
22.934053
22.934053
22.934053
22.934052
22.934052
22.934052
22.934052
22.934052
22.934051
22.934051
22.934051
22.934051
22.934051
22.93405
22.93405
22.93405
22.93405
22.93405
22.934049
22.934049
22.934049
22.934049
22.934048
22.934048
22.934048
22.934048
22.934047
22.934047
22.934047
22.934047
22.934046
22.934046
22.934046
22.934046
22.934045
22.934045
22.934045
22.934045
22.934044
22.934044
22.934044
22.934043
22.934043
22.934043
22.934042
22.934042
22.934042
22.934041
22.934041
22.934041
22.93404
22.93404
22.93404
22.934039
22.934039
22.934039
22.934038
22.934038
22.934037
22.934037
22.934037
22.934036
22.934036
22.934035
22.934035
22.934035
22.934034
22.934034
22.934033
22.934033
22.934032
22.934032
22.934031
22.934031
22.93403
22.93403
22.934029
22.934029
22.934028
22.934028
22.934027
22.934026
22.934026
22.934025
22.934025
22.934024
22.934023
22.934023
22.934022
22.934021
22.934021
22.93402
22.934019
22.934019
22.934018
22.934017
22.934016
22.934015
22.934015
22.934014
22.934013
22.934012
22.934011
22.93401
22.934009
22.934008
22.934007
22.934006
22.934005
22.934004
22.934003
22.934002
22.934001
22.934
22.933999
22.933998
22.933996
22.933995
22.933994
22.933993
22.933991
22.93399
22.933988
22.933987
22.933986
22.933984
22.933982
22.933981
22.933979
22.933978
22.933976
22.933974
22.933972
22.93397
22.933969
22.933967
22.933965
22.933963
22.933961
22.933958
22.933956
22.933954
22.933952
22.933949
22.933947
22.933944
22.933942
22.933939
22.933937
22.933934
22.933931
22.933928
22.933925
22.933922
22.933919
22.933916
22.933913
22.933909
22.933906
22.933902
22.933899
22.933895
22.933891
22.933887
22.933884
22.933879
22.933875
22.933871
22.933867
22.933862
22.933857
22.933853
22.933848
22.933843
22.933838
22.933833
22.933827
22.933822
22.933816
22.93381
22.933804
22.933798
22.933792
22.933786
22.933779
22.933773
22.933766
22.933759
22.933752
22.933744
22.933737
22.933729
22.933721
22.933713
22.933705
22.933696
22.933687
22.933678
22.933669
22.93366
22.93365
22.933641
22.933631
22.93362
22.93361
22.933599
22.933588
22.933577
22.933565
22.933553
22.933541
22.933529
22.933516
22.933503
22.93349
22.933476
22.933462
22.933448
22.933434
22.933419
22.933403
22.933388
22.933372
22.933356
22.933339
22.933322
22.933304
22.933286
22.933268
22.93325
22.933231
22.933211
22.933191
22.933171
22.93315
22.933129
22.933107
22.933085
22.933062
22.933039
22.933015
22.932991
22.932966
22.93294
22.932915
22.932888
22.932861
22.932834
22.932805
22.932777
22.932747
22.932717
22.932687
22.932655
22.932623
22.932591
22.932557
22.932523
22.932489
22.932453
22.932417
22.93238
22.932343
22.932304
22.932265
22.932225
22.932184
22.932143
22.9321
22.932057
22.932013
22.931968
22.931922
22.931875
22.931827
22.931778
22.931729
22.931678
22.931626
22.931574
22.93152
22.931465
22.931409
22.931353
22.931295
22.931236
22.931175
22.931114
22.931052
22.930988
22.930923
22.930857
22.93079
22.930722
22.930652
22.930581
22.930509
22.930435
22.93036
22.930284
22.930206
22.930127
22.930047
22.929965
22.929881
22.929796
22.92971
22.929622
22.929533
22.929442
22.929349
22.929255
22.929159
22.929062
22.928963
22.928862
22.928759
22.928655
22.928549
22.928442
22.928332
22.928221
22.928107
22.927992
22.927875
22.927757
22.927636
22.927513
22.927388
22.927262
22.927133
22.927002
22.926869
22.926734
22.926597
22.926458
22.926317
22.926173
22.926027
22.925879
22.925729
22.925576
22.925421
22.925264
22.925104
22.924942
22.924778
22.924611
22.924442
22.92427
22.924096
22.923919
22.923739
22.923557
22.923373
22.923186
22.922996
22.922803
22.922608
22.92241
22.922209
22.922005
22.921799
22.92159
22.921378
22.921163
22.920945
22.920724
22.9205
22.920274
22.920044
22.919811
22.919575
22.919336
22.919094
22.918849
22.918601
22.91835
22.918095
22.917837
22.917576
22.917311
22.917044
22.916773
22.916498
22.916221
22.91594
22.915655
22.915367
22.915076
22.914781
22.914482
22.91418
22.913875
22.913566
22.913253
22.912937
22.912617
22.912294
22.911967
22.911636
22.911301
22.910963
22.910621
22.910275
22.909925
22.909572
22.909215
22.908853
22.908488
22.908119
22.907746
22.90737
22.906989
22.906604
22.906216
22.905823
22.905426
22.905025
22.904621
22.904212
22.903799
22.903382
22.90296
22.902535
22.902106
22.901672
22.901234
22.900792
22.900346
22.899895
22.899441
22.898982
22.898518
22.898051
22.897579
22.897103
22.896622
22.896137
22.895648
22.895155
22.894657
22.894154
22.893648
22.893137
22.892621
22.892101
22.891577
22.891048
22.890515
22.889977
22.889435
22.888888
22.888337
22.887781
22.887221
22.886656
22.886087
22.885513
22.884935
22.884352
22.883764
22.883172
22.882576
22.881974
22.881369
22.880758
22.880143
22.879524
22.8789
22.878271
22.877638
22.877
22.876357
22.87571
22.875058
22.874401
22.87374
22.873074
22.872404
22.871729
22.871049
22.870365
22.869676
22.868982
22.868284
22.867581
22.866873
22.866161
22.865444
22.864722
22.863996
22.863265
22.862529
22.861789
22.861044
22.860294
22.85954
22.858781
22.858017
22.857249
22.856476
22.855699
22.854916
22.85413
22.853338
22.852542
22.851741
22.850936
22.850126
22.849311
22.848491
22.847667
22.846839
22.846006
22.845168
22.844325
22.843478
22.842626
22.84177
22.840909
22.840044
22.839174
22.838299
22.83742
22.836536
22.835648
22.834755
22.833857
22.832955
22.832049
22.831138
22.830222
22.829302
22.828377
22.827448
22.826515
22.825576
22.824634
22.823687
22.822735
22.821779
22.820819
22.819854
22.818885
22.817911
22.816933
22.815951
22.814964
22.813973
22.812977
22.811977
22.810973
22.809965
22.808952
22.807935
22.806913
22.805888
22.804858
22.803823
22.802785
22.801743
22.800696
22.799645
22.79859
22.79753
22.796467
22.795399
22.794328
22.793252
22.792172
22.791089
22.790001
22.788909
22.787813
22.786713
22.78561
22.784502
22.783391
22.782275
22.781156
22.780033
22.778906
22.777775
22.776641
22.775502
22.77436
22.773215
22.772065
22.770913
22.769756
22.768596
22.767432
22.766265
22.765094
22.76392
22.762742
22.761561
22.760377
22.759189
22.757998
22.756803
22.755606
22.754405
22.753201
22.751993
22.750783
22.749569
22.748353
22.747133
22.745911
22.744685
22.743457
22.742226
22.740992
22.739755
22.738515
22.737273
22.736028
22.73478
22.73353
22.732277
22.731022
22.729764
22.728504
22.727242
22.725977
22.72471
22.72344
22.722169
22.720895
22.719619
22.718342
22.717062
22.71578
22.714497
22.713211
22.711924
22.710635
22.709344
22.708052
22.706758
22.705462
22.704165
22.702867
22.701567
22.700266
22.698964
22.69766
22.696355
22.69505
22.693743
22.692435
22.691126
22.689817
22.688506
22.687195
22.685883
22.68457
22.683257
22.681944
22.680629
22.679315
22.678
22.676685
22.675369
22.674054
22.672738
22.671423
22.670107
22.668791
22.667476
22.666161
22.664846
22.663531
22.662217
22.660903
22.65959
22.658277
22.656965
22.655654
22.654343
22.653034
22.651725
22.650417
22.64911
22.647804
22.6465
22.645196
22.643894
22.642594
22.641294
22.639996
22.6387
22.637405
22.636112
22.63482
22.63353
22.632243
22.630956
22.629672
22.62839
22.62711
22.625832
22.624557
22.623284
22.622013
22.620744
22.619478
22.618214
22.616953
22.615694
22.614438
22.613185
22.611935
22.610688
22.609443
22.608201
22.606963
22.605727
22.604495
22.603265
22.602039
22.600817
22.599597
22.598381
22.597168
22.595959
22.594754
22.593552
22.592353
22.591159
22.589967
22.58878
22.587597
22.586418
22.585242
22.584071
22.582903
22.581739
22.58058
22.579425
22.578274
22.577127
22.575985
22.574847
22.573713
22.572584
22.571459
22.570338
22.569222
22.568111
22.567004
22.565902
22.564804
22.563711
22.562623
22.56154
22.560461
22.559388
22.558319
22.557255
22.556196
22.555142
22.554093
22.553049
22.552009
22.550975
22.549947
22.548923
22.547905
22.546891
22.545883
22.54488
22.543882
22.542889
22.541901
22.54092
22.539943
22.538972
22.538006
22.537045
22.53609
22.53514
22.534195
22.533256
22.532322
22.531394
22.530471
22.529554
22.528643
22.527736
22.526835
22.52594
22.52505
22.524166
22.523288
22.522414
22.521547
22.520685
22.519828
22.518978
22.518132
22.517293
22.516458
22.51563
22.514807
22.513989
22.513177
22.512371
22.51157
22.510775
22.509986
22.509202
22.508423
22.50765
22.506883
22.506121
22.505365
22.504614
22.503869
22.503129
22.502395
22.501667
22.500943
22.500226
22.499514
22.498807
22.498106
22.49741
22.49672
22.496035
22.495355
22.494681
22.494012
22.493349
22.492691
22.492039
22.491391
22.490749
22.490113
22.489481
22.488855
22.488234
22.487619
22.487008
22.486403
22.485803
22.485208
22.484618
22.484034
22.483454
22.48288
22.482311
22.481746
22.481187
22.480633
22.480084
22.479539
22.479
22.478466
22.477936
22.477411
22.476892
22.476377
22.475867
22.475361
22.474861
22.474365
22.473873
22.473387
22.472905
22.472428
22.471955
22.471488
22.471024
22.470565
22.470111
22.469661
22.469216
22.468775
22.468338
22.467906
22.467479
22.467055
22.466636
22.466221
22.465811
22.465404
22.465002
22.464604
22.464211
22.463821
22.463436
22.463054
22.462677
22.462303
22.461934
22.461569
22.461207
22.460849
22.460495
22.460144
22.459797
22.459453
22.459113
22.458776
22.458444
22.458115
22.45779
22.457471
22.457155
22.456844
22.456537
22.456233
22.455932
22.455633
22.455338
22.455046
22.454757
22.454472
22.454191
22.453913
22.453637
22.453364
22.453096
22.452829
22.452569
22.452315
22.452067
22.451826
22.451595
22.451378
22.451195
22.451163
22.450932
22.450348
22.450037
22.449883
22.449676
22.449427
22.449199
22.448983
22.448764
22.448547
22.448336
22.448127
22.447922
22.447721
22.447524
22.447329
22.447138
22.446949
22.446764
22.446581
22.4464
22.446221
22.446044
22.44587
22.445697
22.445525
22.445356
22.445188
22.445023
22.444859
22.444697
22.444537
22.444378
22.444222
22.444068
22.443915
22.443765
22.443617
22.44347
22.443325
22.443182
22.443042
22.442903
22.442765
22.44263
22.442496
22.442364
22.442234
22.442106
22.441979
22.441854
22.44173
22.441603
22.441484
22.441371
22.441256
22.441139
22.441026
22.440914
22.440804
22.440695
22.440588
22.440482
22.440377
22.440274
22.440173
22.440073
22.439974
22.439877
22.439781
22.439686
22.439593
22.439501
22.43941
22.439321
22.439233
22.439146
22.439061
22.438976
22.438893
22.438811
22.438731
22.438651
22.438573
22.438495
22.438419
22.438344
22.43827
22.438197
22.438125
22.438055
22.437985
22.437916
22.437849
22.437782
22.437716
22.437652
22.437588
22.437525
22.437464
22.437403
22.437343
22.437284
22.437226
22.437168
22.437112
22.437056
22.437002
22.436948
22.436895
22.436843
22.436791
22.436741
22.436691
22.436642
22.436594
22.436546
22.436499
22.436453
22.436408
22.436363
22.436319
22.436276
22.436234
22.436192
22.436151
22.43611
22.43607
22.436031
22.435992
22.435954
22.435917
22.43588
22.435844
22.435808
22.435773
22.435739
22.435705
22.435672
22.435639
22.435607
22.435575
22.435544
22.435513
22.435483
22.435454
22.435424
22.435396
22.435368
22.43534
22.435313
22.435286
22.435259
22.435234
22.435208
22.435183
22.435159
22.435134
22.435111
22.435087
22.435064
22.435042
22.43502
22.434998
22.434977
22.434956
22.434935
22.434915
22.434895
22.434876
22.434856
22.434838
22.434819
22.434801
22.434783
22.434766
22.434748
22.434731
22.434715
22.434699
22.434683
22.434667
22.434652
22.434637
22.434622
22.434607
22.434593
22.434579
22.434565
22.434552
22.434539
22.434526
22.434513
22.434501
22.434488
22.434477
22.434465
22.434453
22.434442
22.434431
22.43442
22.43441
22.434399
22.434389
22.434379
22.434369
22.43436
22.434351
22.434341
22.434333
22.434324
22.434315
22.434307
22.434299
22.434291
22.434283
22.434275
22.434268
22.43426
22.434253
22.434246
22.434239
22.434233
22.434226
22.43422
22.434214
22.434208
22.434202
22.434196
22.43419
22.434185
22.43418
22.434175
22.43417
22.434165
22.43416
22.434155
22.434151
22.434146
22.434142
22.434138
22.434134
22.43413
22.434126
22.434123
22.434119
22.434116
22.434112
22.434109
22.434106
22.434103
22.4341
22.434097
22.434095
22.434092
22.43409
22.434087
22.434085
22.434083
22.434081
22.434079
22.434077
22.434075
22.434073
22.434072
22.43407
22.434069
22.434067
22.434066
22.434065
22.434064
22.434063
22.434062
22.434061
22.43406
22.434059
22.434059
22.434058
22.434058
22.434057
22.434057
22.434057
22.434056
22.434056
22.434056
22.434056
22.434056
22.434056
22.434057
22.434057
22.434057
22.434057
22.434058
22.434058
22.434059
22.43406
22.43406
22.434061
22.434062
22.434063
22.434064
22.434065
22.434066
22.434067
22.434068
22.434069
22.43407
22.434072
22.434073
22.434074
22.434076
22.434077
22.434079
22.43408
22.434082
22.434084
22.434085
22.434087
22.434089
22.434091
22.434093
22.434095
22.434097
22.434099
22.434101
22.434103
22.434105
22.434107
22.434109
22.434112
22.434114
22.434116
22.434119
22.434121
22.434124
22.434126
22.434129
22.434131
22.434134
22.434136
22.434139
22.434142
22.434144
22.434147
22.43415
22.434153
22.434155
22.434158
22.434161
22.434164
22.434167
22.43417
22.434173
22.434176
22.434179
22.434182
22.434185
22.434188
22.434191
22.434194
22.434198
22.434201
22.434204
22.434207
22.434211
22.434214
22.434217
22.43422
22.434224
22.434227
22.434231
22.434234
22.434237
22.434241
22.434244
22.434248
22.434251
22.434255
22.434258
22.434262
22.434265
22.434269
22.434272
22.434276
22.434279
22.434283
22.434286
22.43429
22.434293
22.434297
22.434301
22.434304
22.434308
22.434311
22.434315
22.434319
22.434322
22.434326
22.434329
22.434333
22.434337
22.43434
22.434344
22.434348
22.434351
22.434355
22.434358
22.434362
22.434366
22.434369
22.434373
22.434377
22.43438
22.434384
22.434387
22.434391
22.434395
22.434398
22.434402
22.434405
22.434409
22.434412
22.434416
22.43442
22.434423
22.434427
22.43443
22.434434
22.434437
22.434441
22.434444
22.434447
22.434451
22.434454
22.434458
22.434461
22.434465
22.434468
22.434471
22.434475
22.434478
22.434481
22.434485
22.434488
22.434491
22.434495
22.434498
22.434501
22.434504
22.434508
22.434511
22.434514
22.434517
22.43452
22.434523
22.434527
22.43453
22.434533
22.434536
22.434539
22.434542
22.434545
22.434548
22.434551
22.434554
22.434557
22.434559
22.434562
22.434565
22.434568
22.434571
22.434574
22.434576
22.434579
22.434582
22.434585
22.434587
22.43459
22.434593
22.434595
22.434598
22.4346
22.434603
22.434605
22.434608
22.43461
22.434613
22.434615
22.434618
22.43462
22.434622
22.434625
22.434627
22.434629
22.434632
22.434634
22.434636
22.434639
22.434641
22.434643
22.434645
22.434647
22.434649
22.434651
22.434653
22.434655
22.434657
22.434659
22.434661
22.434663
22.434665
22.434667
22.434669
22.434671
22.434673
22.434675
22.434677
22.434678
22.43468
22.434682
22.434684
22.434685
22.434687
22.434689
22.43469
22.434692
22.434693
22.434695
22.434696
22.434698
22.434699
22.434701
22.434702
22.434704
22.434705
22.434707
22.434708
22.434709
22.434711
22.434712
22.434713
22.434715
22.434716
22.434717
22.434718
22.43472
22.434721
22.434722
22.434723
22.434724
22.434725
22.434727
22.434728
22.434729
22.43473
22.434731
22.434732
22.434733
22.434734
22.434735
22.434736
22.434737
22.434738
22.434739
22.43474
22.43474
22.434741
22.434742
22.434743
22.434744
22.434745
22.434745
22.434746
22.434747
22.434748
22.434748
22.434749
22.43475
22.434751
22.434751
22.434752
22.434753
22.434753
22.434754
22.434754
22.434755
22.434756
22.434756
22.434757
22.434757
22.434758
22.434758
22.434759
22.434759
22.43476
22.43476
22.434761
22.434761
22.434762
22.434762
22.434763
22.434763
22.434764
22.434764
22.434764
22.434765
22.434765
22.434766
22.434766
22.434766
22.434767
22.434767
22.434767
22.434768
22.434768
22.434768
22.434768
22.434769
22.434769
22.434769
22.43477
22.43477
22.43477
22.43477
22.434771
22.434771
22.434771
22.434771
22.434772
22.434772
22.434772
22.434772
22.434772
22.434773
22.434773
22.434773
22.434773
22.434773
22.434773
22.434774
22.434774
22.434774
22.434774
22.434774
22.434774
22.434774
22.434774
22.434775
22.434775
22.434775
22.434775
22.434775
22.434775
22.434775
22.434775
22.434775
22.434775
22.434775
22.434775
22.434776
22.434776
22.434776
22.434776
22.434776
22.434776
22.434776
22.434776
22.434776
22.434776
22.434776
22.434776
22.434776
22.434776
22.434776
22.434776
22.434776
22.434776
22.434776
22.434776
22.434776
22.434776
22.434776
22.434776
22.434776
22.434776
22.434776
22.434776
22.434776
22.434776
22.434776
22.434776
22.434776
22.434776
22.434776
22.434776
22.434776
22.434776
22.434776
22.434776
22.434776
22.434776
22.434776
22.434776
22.434776
22.434776
22.434776
22.434776
22.434776
22.434775
22.434775
22.434775
22.434775
22.434775
22.434775
22.434775
22.434775
22.434775
22.434775
22.434775
22.434775
22.434775
22.434775
22.434775
22.434775
22.434775
22.434775
22.434774
22.434774
22.434774
22.434774
22.434774
22.434774
22.434774
22.434774
22.434774
22.434774
22.434774
22.434774
22.434774
22.434774
22.434773
22.434773
22.434773
22.434773
22.434773
22.434773
22.434773
22.434773
22.434773
22.434773
22.434773
22.434773
22.434773
22.434772
22.434772
22.434772
22.434772
22.434772
22.434772
22.434772
22.434772
22.434772
22.434772
22.434772
22.434772
22.434772
22.434771
22.434771
22.434771
22.434771
22.434771
22.434771
22.434771
22.434771
22.434771
22.434771
22.434771
22.43477
22.43477
22.43477
22.43477
22.43477
22.43477
22.43477
22.43477
22.43477
22.43477
22.43477
22.43477
22.434769
22.434769
22.434769
22.434769
22.434769
22.434769
22.434769
22.434769
22.434769
22.434769
22.434769
22.434769
22.434768
22.434768
22.434768
22.434768
22.434768
22.434768
22.434768
22.434768
22.434768
22.434768
22.434768
22.434767
22.434767
22.434767
22.434767
22.434767
22.434767
22.434767
22.434767
22.434767
22.434767
22.434767
22.434766
22.434766
22.434766
22.434766
22.434766
22.434766
22.434766
22.434766
22.434766
22.434766
22.434765
22.434765
22.434765
22.434765
22.434765
22.434765
22.434765
22.434765
22.434765
22.434765
22.434765
22.434764
22.434764
22.434764
22.434764
22.434764
22.434764
22.434764
22.434764
22.434764
22.434764
22.434763
22.434763
22.434763
22.434763
22.434763
22.434763
22.434763
22.434763
22.434763
22.434763
22.434763
22.434762
22.434762
22.434762
22.434762
22.434762
22.434762
22.434762
22.434762
22.434762
22.434762
22.434762
22.434761
22.434761
22.434761
22.434761
22.434761
22.434761
22.434761
22.434761
22.434761
22.434761
22.434761
22.43476
22.43476
22.43476
22.43476
22.43476
22.43476
22.43476
22.43476
22.43476
22.43476
22.43476
22.434759
22.434759
22.434759
22.434759
22.434759
22.434759
22.434759
22.434759
22.434759
22.434759
22.434759
22.434758
22.434758
22.434758
22.434758
22.434758
22.434758
22.434758
22.434758
22.434758
22.434758
22.434757
22.434757
22.434757
22.434757
22.434757
22.434757
22.434757
22.434757
22.434757
22.434757
22.434757
22.434756
22.434756
22.434756
22.434756
22.434756
22.434756
22.434756
22.434756
22.434756
22.434756
22.434756
22.434755
22.434755
22.434755
22.434755
22.434755
22.434755
22.434755
22.434755
22.434755
22.434755
22.434754
22.434754
22.434754
22.434754
22.434754
22.434754
22.434754
22.434754
22.434754
22.434754
22.434753
22.434753
22.434753
22.434753
22.434753
22.434753
22.434753
22.434753
22.434753
22.434753
22.434753
22.434752
22.434752
22.434752
22.434752
22.434752
22.434752
22.434752
22.434752
22.434752
22.434752
22.434751
22.434751
22.434751
22.434751
22.434751
22.434751
22.434751
22.434751
22.434751
22.434751
22.43475
22.43475
22.43475
22.43475
22.43475
22.43475
22.43475
22.43475
22.43475
22.43475
22.43475
22.434749
22.434749
22.434749
22.434749
22.434749
22.434749
22.434749
22.434749
22.434749
22.434749
22.434748
22.434748
22.434748
22.434748
22.434748
22.434748
22.434748
22.434748
22.434748
22.434748
22.434747
22.434747
22.434747
22.434747
22.434747
22.434747
22.434747
22.434747
22.434747
22.434747
22.434747
22.434746
22.434746
22.434746
22.434746
22.434746
22.434746
22.434746
22.434746
22.434746
22.434746
22.434745
22.434745
22.434745
22.434745
22.434745
22.434745
22.434745
22.434745
22.434745
22.434745
22.434744
22.434744
22.434744
22.434744
22.434744
22.434744
22.434744
22.434744
22.434744
22.434743
22.434743
22.434743
22.434743
22.434743
22.434743
22.434743
22.434743
22.434743
22.434743
22.434742
22.434742
22.434742
22.434742
22.434742
22.434742
22.434742
22.434742
22.434742
22.434742
22.434741
22.434741
22.434741
22.434741
22.434741
22.434741
22.434741
22.434741
22.434741
22.434741
22.43474
22.43474
22.43474
22.43474
22.43474
22.43474
22.43474
22.43474
22.43474
22.43474
22.434739
22.434739
22.434739
22.434739
22.434739
22.434739
22.434739
22.434739
22.434739
22.434738
22.434738
22.434738
22.434738
22.434738
22.434738
22.434738
22.434738
22.434738
22.434738
22.434737
22.434737
22.434737
22.434737
22.434737
22.434737
22.434737
22.434737
22.434737
22.434737
22.434736
22.434736
22.434736
22.434736
22.434736
22.434736
22.434736
22.434736
22.434736
22.434735
22.434735
22.434735
22.434735
22.434735
22.434735
22.434735
22.434735
22.434735
22.434734
22.434734
22.434734
22.434734
22.434734
22.434734
22.434734
22.434734
22.434734
22.434733
22.434733
22.434733
22.434733
22.434733
22.434733
22.434733
22.434733
22.434733
22.434732
22.434732
22.434732
22.434732
22.434732
22.434732
22.434732
22.434732
22.434732
22.434731
22.434731
22.434731
22.434731
22.434731
22.434731
22.434731
22.434731
22.434731
22.434731
22.43473
22.43473
22.43473
22.43473
22.43473
22.43473
22.43473
22.43473
22.43473
22.434729
22.434729
22.434729
22.434729
22.434729
22.434729
22.434729
22.434729
22.434729
22.434728
22.434728
22.434728
22.434728
22.434728
22.434728
22.434728
22.434728
22.434728
22.434727
22.434727
22.434727
22.434727
22.434727
22.434727
22.434727
22.434727
22.434726
22.434726
22.434726
22.434726
22.434726
22.434726
22.434726
22.434726
22.434726
22.434725
22.434725
22.434725
22.434725
22.434725
22.434725
22.434725
22.434725
22.434725
22.434724
22.434724
22.434724
22.434724
22.434724
22.434724
22.434724
22.434724
22.434724
22.434723
22.434723
22.434723
22.434723
22.434723
22.434723
22.434723
22.434723
22.434723
22.434722
22.434722
22.434722
22.434722
22.434722
22.434722
22.434722
22.434722
22.434722
22.434721
22.434721
22.434721
22.434721
22.434721
22.434721
22.434721
22.434721
22.434721
22.43472
22.43472
22.43472
22.43472
22.43472
22.43472
22.43472
22.43472
22.434719
22.434719
22.434719
22.434719
22.434719
22.434719
22.434719
22.434719
22.434719
22.434718
22.434718
22.434718
22.434718
22.434718
22.434718
22.434718
22.434718
22.434718
22.434717
22.434717
22.434717
22.434717
22.434717
22.434717
22.434717
22.434717
22.434716
22.434716
22.434716
22.434716
22.434716
22.434716
22.434716
22.434716
22.434716
22.434715
22.434715
22.434715
22.434715
22.434715
22.434715
22.434715
22.434715
22.434714
22.434714
22.434714
22.434714
22.434714
22.434714
22.434714
22.434714
22.434714
22.434713
22.434713
22.434713
22.434713
22.434713
22.434713
22.434713
22.434713
22.434713
22.434712
22.434712
22.434712
22.434712
22.434712
22.434712
22.434712
22.434712
22.434712
22.434711
22.434711
22.434711
22.434711
22.434711
22.434711
22.434711
22.434711
22.434711
22.43471
22.43471
22.43471
22.43471
22.43471
22.43471
22.43471
22.43471
22.43471
22.434709
22.434709
22.434709
22.434709
22.434709
22.434709
22.434709
22.434709
22.434709
22.434708
22.434708
22.434708
22.434708
22.434708
22.434708
22.434708
22.434708
22.434708
22.434707
22.434707
22.434707
22.434707
22.434707
22.434707
22.434707
22.434707
22.434707
22.434706
22.434706
22.434706
22.434706
22.434706
22.434706
22.434706
22.434706
22.434706
22.434705
22.434705
22.434705
22.434705
22.434705
22.434705
22.434705
22.434705
22.434704
22.434704
22.434704
22.434704
22.434704
22.434704
22.434704
22.434704
22.434704
22.434703
22.434703
22.434703
22.434703
22.434703
22.434703
22.434703
22.434703
22.434703
22.434703
22.434702
22.434702
22.434702
22.434702
22.434702
22.434702
22.434702
22.434702
22.434702
22.434701
22.434701
22.434701
22.434701
22.434701
22.434701
22.434701
22.434701
22.434701
22.4347
22.4347
22.4347
22.4347
22.4347
22.4347
22.4347
22.4347
22.434699
22.434699
22.434699
22.434699
22.434699
22.434699
22.434699
22.434699
22.434698
22.434698
22.434698
22.434698
22.434698
22.434698
22.434698
22.434698
22.434698
22.434697
22.434697
22.434697
22.434697
22.434697
22.434697
22.434697
22.434697
22.434697
22.434696
22.434696
22.434696
22.434696
22.434696
22.434696
22.434696
22.434696
22.434696
22.434695
22.434695
22.434695
22.434695
22.434695
22.434695
22.434695
22.434695
22.434694
22.434694
22.434694
22.434694
22.434694
22.434694
22.434694
22.434694
22.434693
22.434693
22.434693
22.434693
22.434693
22.434693
22.434693
22.434693
22.434692
22.434692
22.434692
22.434692
22.434692
22.434692
22.434692
22.434692
22.434692
22.434691
22.434691
22.434691
22.434691
22.434691
22.434691
22.434691
22.43469
22.43469
22.43469
22.43469
22.43469
22.43469
22.43469
22.43469
22.434689
22.434689
22.434689
22.434689
22.434689
22.434689
22.434689
22.434688
22.434688
22.434688
22.434688
22.434688
22.434688
22.434688
22.434688
22.434687
22.434687
22.434687
22.434687
22.434687
22.434687
22.434687
22.434687
22.434686
22.434686
22.434686
22.434686
22.434686
22.434686
22.434686
22.434685
22.434685
22.434685
22.434685
22.434685
22.434685
22.434685
22.434685
22.434684
22.434684
22.434684
22.434684
22.434684
22.434684
22.434684
22.434683
22.434683
22.434683
22.434683
22.434683
22.434683
22.434683
22.434682
22.434682
22.434682
22.434682
22.434682
22.434682
22.434682
22.434681
22.434681
22.434681
22.434681
22.434681
22.434681
22.434681
22.434681
22.43468
22.43468
22.43468
22.43468
22.43468
22.43468
22.43468
22.434679
22.434679
22.434679
22.434679
22.434679
22.434679
22.434679
22.434678
22.434678
22.434678
22.434678
22.434678
22.434678
22.434678
22.434677
22.434677
22.434677
22.434677
22.434677
22.434677
22.434677
22.434676
22.434676
22.434676
22.434676
22.434676
22.434676
22.434676
22.434675
22.434675
22.434675
22.434675
22.434675
22.434675
22.434675
22.434674
22.434674
22.434674
22.434674
22.434674
22.434674
22.434674
22.434673
22.434673
22.434673
22.434673
22.434673
22.434673
22.434673
22.434672
22.434672
22.434672
22.434672
22.434672
22.434672
22.434672
22.434671
22.434671
22.434671
22.434671
22.434671
22.434671
22.43467
22.43467
22.43467
22.43467
22.43467
22.43467
22.43467
22.434669
22.434669
22.434669
22.434669
22.434669
22.434669
22.434669
22.434669
22.434668
22.434668
22.434668
22.434668
22.434668
22.434668
22.434668
22.434667
22.434667
22.434667
22.434667
22.434667
22.434667
22.434667
22.434666
22.434666
22.434666
22.434666
22.434666
22.434666
22.434666
22.434665
22.434665
22.434665
22.434665
22.434665
22.434665
22.434664
22.434664
22.434664
22.434664
22.434664
22.434664
22.434664
22.434663
22.434663
22.434663
22.434663
22.434663
22.434663
22.434663
22.434662
22.434662
22.434662
22.434662
22.434662
22.434662
22.434662
22.434662
22.434662
22.434661
22.434661
22.434661
22.434661
22.434661
22.434661
22.434661
22.43466
22.43466
22.43466
22.43466
22.43466
22.43466
22.43466
22.43466
22.434659
22.434659
22.434659
22.434659
22.434659
22.434659
22.434659
22.434658
22.434658
22.434658
22.434658
22.434658
22.434658
22.434658
22.434657
22.434657
22.434657
22.434657
22.434657
22.434657
22.434657
22.434656
22.434656
22.434656
22.434656
22.434656
22.434656
22.434656
22.434655
22.434655
22.434655
22.434655
22.434655
22.434655
22.434655
22.434655
22.434654
22.434654
22.434654
22.434654
22.434654
22.434654
22.434654
22.434654
22.434653
22.434653
22.434653
22.434653
22.434653
22.434653
22.434653
22.434653
22.434652
22.434652
22.434652
22.434652
22.434652
22.434652
22.434652
22.434651
22.434651
22.434651
22.434651
22.434651
22.434651
22.434651
22.434651
22.43465
22.43465
22.43465
22.43465
22.43465
22.43465
22.43465
22.434649
22.434649
22.434649
22.434649
22.434649
22.434649
22.434649
22.434648
22.434648
22.434648
22.434648
22.434648
22.434648
22.434648
22.434648
22.434647
22.434647
22.434647
22.434647
22.434647
22.434647
22.434647
22.434646
22.434646
22.434646
22.434646
22.434646
22.434646
22.434646
22.434645
22.434645
22.434645
22.434645
22.434645
22.434645
22.434645
22.434644
22.434644
22.434644
22.434644
22.434644
22.434644
22.434644
22.434643
22.434643
22.434643
22.434643
22.434643
22.434643
22.434643
22.434642
22.434642
22.434642
22.434642
22.434642
22.434642
22.434642
22.434641
22.434641
22.434641
22.434641
22.434641
22.434641
22.434641
22.434641
22.43464
22.43464
22.43464
22.43464
22.43464
22.43464
22.43464
22.434639
22.434639
22.434639
22.434639
22.434639
22.434639
22.434639
22.434638
22.434638
22.434638
22.434638
22.434638
22.434638
22.434638
22.434637
22.434637
22.434637
22.434637
22.434637
22.434637
22.434636
22.434636
22.434636
22.434636
22.434636
22.434636
22.434635
22.434635
22.434635
22.434635
22.434635
22.434635
22.434634
22.434634
22.434634
22.434634
22.434634
22.434634
22.434633
22.434633
22.434633
22.434633
22.434633
22.434633
22.434633
22.434632
22.434632
22.434632
22.434632
22.434632
22.434632
22.434631
22.434631
22.434631
22.434631
22.434631
22.434631
22.434631
22.43463
22.43463
22.43463
22.43463
22.43463
22.43463
22.434629
22.434629
22.434629
22.434629
22.434629
22.434629
22.434629
22.434628
22.434628
22.434628
22.434628
22.434628
22.434628
22.434627
22.434627
22.434627
22.434627
22.434627
22.434627
22.434627
22.434626
22.434626
22.434626
22.434626
22.434626
22.434626
22.434626
22.434625
22.434625
22.434625
22.434625
22.434625
22.434625
22.434624
22.434624
22.434624
22.434624
22.434624
22.434624
22.434623
22.434623
22.434623
22.434623
22.434623
22.434623
22.434623
22.434622
22.434622
22.434622
22.434622
22.434622
22.434622
22.434621
22.434621
22.434621
22.434621
22.434621
22.434621
22.43462
22.43462
22.43462
22.43462
22.43462
22.43462
22.434619
22.434619
22.434619
22.434619
22.434619
22.434619
22.434618
22.434618
22.434618
22.434618
22.434618
22.434618
22.434617
22.434617
22.434617
22.434617
22.434617
22.434617
22.434617
22.434616
22.434616
22.434616
22.434616
22.434616
22.434615
22.434615
22.434615
22.434615
22.434615
22.434615
22.434614
22.434614
22.434614
22.434614
22.434614
22.434614
22.434613
22.434613
22.434613
22.434613
22.434613
22.434613
22.434612
22.434612
22.434612
22.434612
22.434612
22.434612
22.434611
22.434611
22.434611
22.434611
22.434611
22.434611
22.43461
22.43461
22.43461
22.43461
22.43461
22.43461
22.434609
22.434609
22.434609
22.434609
22.434609
22.434609
22.434608
22.434608
22.434608
22.434608
22.434608
22.434607
22.434607
22.434607
22.434607
22.434607
22.434607
22.434606
22.434606
22.434606
22.434606
22.434606
22.434606
22.434605
22.434605
22.434605
22.434605
22.434605
22.434605
22.434604
22.434604
22.434604
22.434604
22.434604
22.434603
22.434603
22.434603
22.434603
22.434603
22.434603
22.434602
22.434602
22.434602
22.434602
22.434602
22.434601
22.434601
22.434601
22.434601
22.434601
22.434601
22.4346
22.4346
22.4346
22.4346
22.4346
22.4346
22.434599
22.434599
22.434599
22.434599
22.434599
22.434599
22.434598
22.434598
22.434598
22.434598
22.434598
22.434598
22.434597
22.434597
22.434597
22.434597
22.434597
22.434597
22.434596
22.434596
22.434596
22.434596
22.434596
22.434595
22.434595
22.434595
22.434595
22.434595
22.434594
22.434594
22.434594
22.434594
22.434594
22.434593
22.434593
)
;

boundaryField
{
    leftSide
    {
        type            calculated;
        value           uniform 22.934326;
    }
    rightSide
    {
        type            calculated;
        value           uniform 22.434593;
    }
    emptywalls
    {
        type            empty;
    }
}


// ************************************************************************* //
