/*--------------------------------*- C++ -*----------------------------------*\
  =========                 |
  \\      /  F ield         | OpenFOAM: The Open Source CFD Toolbox
   \\    /   O peration     | Website:  https://openfoam.org
    \\  /    A nd           | Version:  7
     \\/     M anipulation  |
\*---------------------------------------------------------------------------*/
FoamFile
{
    version     2.0;
    format      ascii;
    class       volScalarField;
    location    "0.00216";
    object      p;
}
// * * * * * * * * * * * * * * * * * * * * * * * * * * * * * * * * * * * * * //

dimensions      [1 -1 -2 0 0 0 0];

internalField   nonuniform List<scalar> 
5000
(
109813.05
109813.05
109813.05
109813.05
109813.05
109813.05
109813.05
109813.05
109813.05
109813.05
109813.05
109813.05
109813.05
109813.05
109813.05
109813.05
109813.05
109813.05
109813.05
109813.05
109813.05
109813.06
109813.06
109813.06
109813.06
109813.06
109813.06
109813.06
109813.06
109813.06
109813.06
109813.06
109813.06
109813.06
109813.06
109813.06
109813.06
109813.06
109813.06
109813.06
109813.06
109813.06
109813.06
109813.07
109813.07
109813.07
109813.07
109813.07
109813.07
109813.07
109813.07
109813.07
109813.07
109813.07
109813.07
109813.07
109813.07
109813.07
109813.07
109813.07
109813.07
109813.07
109813.07
109813.07
109813.07
109813.07
109813.08
109813.08
109813.08
109813.08
109813.08
109813.08
109813.08
109813.08
109813.08
109813.08
109813.08
109813.08
109813.08
109813.08
109813.08
109813.08
109813.08
109813.08
109813.08
109813.08
109813.08
109813.08
109813.08
109813.08
109813.09
109813.09
109813.09
109813.09
109813.09
109813.09
109813.09
109813.09
109813.09
109813.09
109813.09
109813.09
109813.09
109813.09
109813.09
109813.09
109813.09
109813.09
109813.09
109813.09
109813.09
109813.09
109813.09
109813.09
109813.09
109813.1
109813.1
109813.1
109813.1
109813.1
109813.1
109813.1
109813.1
109813.1
109813.1
109813.1
109813.1
109813.1
109813.1
109813.1
109813.1
109813.1
109813.1
109813.1
109813.1
109813.1
109813.1
109813.1
109813.1
109813.1
109813.1
109813.11
109813.11
109813.11
109813.11
109813.11
109813.11
109813.11
109813.11
109813.11
109813.11
109813.11
109813.11
109813.11
109813.11
109813.11
109813.11
109813.11
109813.11
109813.11
109813.11
109813.11
109813.11
109813.11
109813.11
109813.11
109813.11
109813.11
109813.12
109813.12
109813.12
109813.12
109813.12
109813.12
109813.12
109813.12
109813.12
109813.12
109813.12
109813.12
109813.12
109813.12
109813.12
109813.12
109813.12
109813.12
109813.12
109813.12
109813.12
109813.12
109813.12
109813.12
109813.12
109813.12
109813.12
109813.12
109813.13
109813.13
109813.13
109813.13
109813.13
109813.13
109813.13
109813.13
109813.13
109813.13
109813.13
109813.13
109813.13
109813.13
109813.13
109813.13
109813.13
109813.13
109813.13
109813.13
109813.13
109813.13
109813.13
109813.13
109813.13
109813.13
109813.13
109813.13
109813.14
109813.14
109813.14
109813.14
109813.14
109813.14
109813.14
109813.14
109813.14
109813.14
109813.14
109813.14
109813.14
109813.14
109813.14
109813.14
109813.14
109813.14
109813.14
109813.14
109813.14
109813.14
109813.14
109813.14
109813.14
109813.14
109813.14
109813.14
109813.14
109813.15
109813.15
109813.15
109813.15
109813.15
109813.15
109813.15
109813.15
109813.15
109813.15
109813.15
109813.15
109813.15
109813.15
109813.15
109813.15
109813.15
109813.15
109813.15
109813.15
109813.15
109813.15
109813.15
109813.15
109813.15
109813.15
109813.15
109813.15
109813.15
109813.16
109813.16
109813.16
109813.16
109813.16
109813.16
109813.16
109813.16
109813.16
109813.16
109813.16
109813.16
109813.16
109813.16
109813.16
109813.16
109813.16
109813.16
109813.16
109813.16
109813.16
109813.16
109813.16
109813.16
109813.16
109813.16
109813.16
109813.16
109813.16
109813.17
109813.17
109813.17
109813.17
109813.17
109813.17
109813.17
109813.17
109813.17
109813.17
109813.17
109813.17
109813.17
109813.17
109813.17
109813.17
109813.17
109813.17
109813.17
109813.17
109813.17
109813.17
109813.17
109813.17
109813.17
109813.17
109813.17
109813.17
109813.17
109813.17
109813.17
109813.18
109813.18
109813.18
109813.18
109813.18
109813.18
109813.18
109813.18
109813.18
109813.18
109813.18
109813.18
109813.18
109813.18
109813.18
109813.18
109813.18
109813.18
109813.18
109813.18
109813.18
109813.18
109813.18
109813.18
109813.18
109813.18
109813.18
109813.18
109813.18
109813.18
109813.18
109813.18
109813.18
109813.18
109813.19
109813.19
109813.19
109813.19
109813.19
109813.19
109813.19
109813.19
109813.19
109813.19
109813.19
109813.19
109813.19
109813.19
109813.19
109813.19
109813.19
109813.19
109813.19
109813.19
109813.19
109813.19
109813.19
109813.19
109813.19
109813.19
109813.19
109813.19
109813.19
109813.19
109813.19
109813.19
109813.19
109813.19
109813.19
109813.19
109813.19
109813.19
109813.19
109813.2
109813.2
109813.2
109813.2
109813.2
109813.2
109813.2
109813.2
109813.2
109813.2
109813.2
109813.2
109813.2
109813.2
109813.2
109813.2
109813.2
109813.2
109813.2
109813.2
109813.2
109813.2
109813.2
109813.2
109813.2
109813.2
109813.2
109813.2
109813.2
109813.2
109813.2
109813.2
109813.2
109813.2
109813.2
109813.2
109813.2
109813.2
109813.2
109813.2
109813.2
109813.2
109813.2
109813.2
109813.2
109813.2
109813.2
109813.2
109813.2
109813.2
109813.21
109813.21
109813.21
109813.21
109813.21
109813.21
109813.21
109813.21
109813.21
109813.21
109813.21
109813.21
109813.21
109813.21
109813.21
109813.21
109813.21
109813.21
109813.21
109813.21
109813.21
109813.21
109813.21
109813.21
109813.21
109813.21
109813.21
109813.21
109813.21
109813.21
109813.21
109813.21
109813.21
109813.21
109813.21
109813.21
109813.21
109813.21
109813.21
109813.21
109813.21
109813.21
109813.21
109813.21
109813.21
109813.21
109813.21
109813.21
109813.21
109813.21
109813.21
109813.21
109813.21
109813.21
109813.21
109813.21
109813.21
109813.21
109813.21
109813.21
109813.21
109813.21
109813.21
109813.21
109813.21
109813.21
109813.21
109813.21
109813.21
109813.21
109813.21
109813.21
109813.21
109813.21
109813.21
109813.21
109813.21
109813.21
109813.21
109813.21
109813.21
109813.21
109813.21
109813.21
109813.21
109813.21
109813.21
109813.22
109813.22
109813.22
109813.22
109813.22
109813.22
109813.22
109813.22
109813.22
109813.22
109813.22
109813.22
109813.22
109813.22
109813.22
109813.22
109813.22
109813.22
109813.22
109813.22
109813.22
109813.22
109813.22
109813.22
109813.22
109813.22
109813.22
109813.22
109813.22
109813.22
109813.22
109813.22
109813.22
109813.22
109813.22
109813.22
109813.22
109813.22
109813.22
109813.22
109813.22
109813.22
109813.22
109813.22
109813.22
109813.22
109813.22
109813.22
109813.22
109813.22
109813.22
109813.22
109813.22
109813.22
109813.22
109813.22
109813.22
109813.22
109813.22
109813.22
109813.22
109813.22
109813.22
109813.22
109813.22
109813.22
109813.22
109813.22
109813.22
109813.22
109813.22
109813.22
109813.22
109813.22
109813.22
109813.22
109813.22
109813.22
109813.22
109813.22
109813.22
109813.22
109813.22
109813.22
109813.22
109813.22
109813.22
109813.22
109813.22
109813.22
109813.22
109813.22
109813.22
109813.22
109813.22
109813.22
109813.22
109813.22
109813.22
109813.22
109813.22
109813.22
109813.22
109813.22
109813.22
109813.22
109813.22
109813.22
109813.22
109813.22
109813.22
109813.22
109813.22
109813.22
109813.22
109813.22
109813.22
109813.22
109813.22
109813.22
109813.22
109813.21
109813.21
109813.21
109813.21
109813.21
109813.21
109813.21
109813.21
109813.21
109813.21
109813.21
109813.21
109813.21
109813.21
109813.21
109813.21
109813.21
109813.21
109813.21
109813.21
109813.21
109813.21
109813.21
109813.21
109813.21
109813.21
109813.21
109813.21
109813.21
109813.21
109813.21
109813.21
109813.21
109813.21
109813.21
109813.2
109813.2
109813.2
109813.2
109813.2
109813.2
109813.2
109813.2
109813.2
109813.2
109813.2
109813.2
109813.2
109813.2
109813.19
109813.19
109813.19
109813.19
109813.19
109813.19
109813.19
109813.19
109813.19
109813.19
109813.18
109813.18
109813.18
109813.18
109813.18
109813.18
109813.18
109813.17
109813.17
109813.17
109813.17
109813.17
109813.16
109813.16
109813.16
109813.16
109813.16
109813.15
109813.15
109813.15
109813.15
109813.14
109813.14
109813.14
109813.13
109813.13
109813.13
109813.12
109813.12
109813.12
109813.11
109813.11
109813.1
109813.1
109813.1
109813.09
109813.09
109813.08
109813.08
109813.07
109813.06
109813.06
109813.05
109813.05
109813.04
109813.03
109813.03
109813.02
109813.01
109813.01
109813
109812.99
109812.98
109812.97
109812.96
109812.96
109812.95
109812.94
109812.93
109812.92
109812.91
109812.89
109812.88
109812.87
109812.86
109812.85
109812.83
109812.82
109812.81
109812.79
109812.78
109812.76
109812.75
109812.73
109812.71
109812.7
109812.68
109812.66
109812.64
109812.62
109812.6
109812.58
109812.56
109812.54
109812.52
109812.49
109812.47
109812.45
109812.42
109812.39
109812.37
109812.34
109812.31
109812.28
109812.25
109812.22
109812.19
109812.16
109812.12
109812.09
109812.05
109812.01
109811.98
109811.94
109811.9
109811.86
109811.81
109811.77
109811.73
109811.68
109811.63
109811.59
109811.54
109811.48
109811.43
109811.38
109811.32
109811.27
109811.21
109811.15
109811.09
109811.02
109810.96
109810.89
109810.83
109810.76
109810.69
109810.61
109810.54
109810.46
109810.38
109810.3
109810.22
109810.14
109810.05
109809.96
109809.87
109809.78
109809.68
109809.59
109809.49
109809.39
109809.28
109809.18
109809.07
109808.96
109808.84
109808.73
109808.61
109808.49
109808.36
109808.24
109808.11
109807.98
109807.84
109807.71
109807.57
109807.42
109807.28
109807.13
109806.98
109806.82
109806.67
109806.51
109806.34
109806.17
109806
109805.83
109805.65
109805.47
109805.29
109805.1
109804.91
109804.72
109804.52
109804.32
109804.12
109803.91
109803.7
109803.48
109803.26
109803.04
109802.81
109802.58
109802.35
109802.11
109801.87
109801.62
109801.37
109801.12
109800.86
109800.6
109800.33
109800.06
109799.78
109799.5
109799.22
109798.93
109798.64
109798.34
109798.04
109797.74
109797.43
109797.11
109796.79
109796.47
109796.14
109795.81
109795.47
109795.13
109794.78
109794.43
109794.07
109793.71
109793.35
109792.97
109792.6
109792.22
109791.83
109791.44
109791.05
109790.65
109790.24
109789.83
109789.42
109789
109788.57
109788.14
109787.7
109787.26
109786.82
109786.37
109785.91
109785.45
109784.98
109784.51
109784.04
109783.55
109783.07
109782.57
109782.08
109781.57
109781.07
109780.55
109780.04
109779.51
109778.98
109778.45
109777.91
109777.36
109776.82
109776.26
109775.7
109775.13
109774.56
109773.99
109773.41
109772.82
109772.23
109771.63
109771.03
109770.42
109769.81
109769.19
109768.57
109767.94
109767.31
109766.67
109766.03
109765.38
109764.73
109764.07
109763.4
109762.73
109762.06
109761.38
109760.7
109760.01
109759.32
109758.62
109757.92
109757.21
109756.5
109755.78
109755.06
109754.33
109753.6
109752.86
109752.12
109751.38
109750.63
109749.87
109749.11
109748.35
109747.58
109746.81
109746.03
109745.25
109744.46
109743.67
109742.88
109742.08
109741.28
109740.47
109739.66
109738.85
109738.03
109737.2
109736.38
109735.55
109734.71
109733.87
109733.03
109732.19
109731.34
109730.48
109729.63
109728.77
109727.9
109727.04
109726.17
109725.29
109724.42
109723.54
109722.65
109721.77
109720.88
109719.98
109719.09
109718.19
109717.29
109716.38
109715.48
109714.57
109713.65
109712.74
109711.82
109710.9
109709.98
109709.05
109708.12
109707.19
109706.26
109705.33
109704.39
109703.45
109702.51
109701.57
109700.62
109699.68
109698.73
109697.78
109696.83
109695.87
109694.92
109693.96
109693
109692.04
109691.08
109690.12
109689.16
109688.19
109687.23
109686.26
109685.29
109684.32
109683.35
109682.38
109681.41
109680.44
109679.46
109678.49
109677.51
109676.54
109675.56
109674.59
109673.61
109672.64
109671.66
109670.68
109669.7
109668.73
109667.75
109666.77
109665.8
109664.82
109663.84
109662.87
109661.89
109660.91
109659.94
109658.96
109657.99
109657.01
109656.04
109655.07
109654.1
109653.13
109652.15
109651.19
109650.22
109649.25
109648.28
109647.32
109646.35
109645.39
109644.43
109643.47
109642.51
109641.55
109640.59
109639.64
109638.69
109637.73
109636.78
109635.83
109634.89
109633.94
109633
109632.06
109631.12
109630.18
109629.24
109628.31
109627.38
109626.45
109625.52
109624.6
109623.67
109622.75
109621.83
109620.92
109620
109619.09
109618.18
109617.28
109616.37
109615.47
109614.57
109613.68
109612.78
109611.89
109611
109610.12
109609.23
109608.35
109607.48
109606.6
109605.73
109604.86
109604
109603.14
109602.28
109601.42
109600.57
109599.72
109598.87
109598.03
109597.18
109596.35
109595.51
109594.68
109593.85
109593.03
109592.21
109591.39
109590.57
109589.76
109588.95
109588.15
109587.35
109586.55
109585.75
109584.96
109584.17
109583.39
109582.61
109581.83
109581.06
109580.29
109579.52
109578.76
109578
109577.24
109576.49
109575.74
109574.99
109574.25
109573.51
109572.78
109572.05
109571.32
109570.59
109569.87
109569.16
109568.44
109567.73
109567.03
109566.32
109565.63
109564.93
109564.24
109563.55
109562.86
109562.18
109561.51
109560.83
109560.16
109559.5
109558.83
109558.17
109557.52
109556.86
109556.22
109555.57
109554.93
109554.29
109553.66
109553.03
109552.4
109551.77
109551.15
109550.54
109549.92
109549.31
109548.71
109548.1
109547.5
109546.91
109546.32
109545.73
109545.14
109544.56
109543.98
109543.4
109542.83
109542.26
109541.7
109541.14
109540.58
109540.02
109539.47
109538.92
109538.38
109537.84
109537.3
109536.76
109536.23
109535.7
109535.17
109534.65
109534.13
109533.62
109533.1
109532.59
109532.09
109531.58
109531.08
109530.59
109530.09
109529.6
109529.11
109528.63
109528.15
109527.67
109527.19
109526.72
109526.25
109525.79
109525.32
109524.86
109524.4
109523.95
109523.5
109523.05
109522.6
109522.16
109521.72
109521.28
109520.85
109520.42
109519.99
109519.56
109519.14
109518.72
109518.31
109517.89
109517.48
109517.07
109516.67
109516.26
109515.86
109515.46
109515.07
109514.68
109514.29
109513.9
109513.52
109513.14
109512.76
109512.38
109512.01
109511.64
109511.27
109510.9
109510.54
109510.18
109509.82
109509.47
109509.12
109508.77
109508.42
109508.08
109507.73
109507.4
109507.06
109506.72
109506.39
109506.06
109505.74
109505.41
109505.09
109504.77
109504.46
109504.14
109503.83
109503.52
109503.21
109502.91
109502.61
109502.31
109502.01
109501.72
109501.43
109501.14
109500.85
109500.56
109500.28
109500
109499.72
109499.45
109499.18
109498.91
109498.64
109498.37
109498.11
109497.85
109497.59
109497.33
109497.08
109496.83
109496.58
109496.33
109496.08
109495.84
109495.6
109495.36
109495.13
109494.89
109494.66
109494.43
109494.21
109493.98
109493.76
109493.54
109493.32
109493.1
109492.89
109492.68
109492.47
109492.26
109492.06
109491.85
109491.65
109491.45
109491.26
109491.06
109490.87
109490.68
109490.49
109490.31
109490.12
109489.94
109489.76
109489.58
109489.41
109489.23
109489.06
109488.89
109488.72
109488.56
109488.39
109488.23
109488.07
109487.91
109487.75
109487.6
109487.45
109487.3
109487.15
109487
109486.85
109486.71
109486.57
109486.43
109486.29
109486.15
109486.02
109485.89
109485.76
109485.63
109485.5
109485.37
109485.25
109485.13
109485.01
109484.89
109484.77
109484.65
109484.54
109484.43
109484.32
109484.21
109484.1
109483.99
109483.89
109483.78
109483.68
109483.58
109483.48
109483.39
109483.29
109483.2
109483.1
109483.01
109482.92
109482.83
109482.74
109482.66
109482.57
109482.49
109482.41
109482.33
109482.25
109482.17
109482.09
109482.02
109481.94
109481.87
109481.8
109481.73
109481.66
109481.59
109481.52
109481.46
109481.39
109481.33
109481.26
109481.2
109481.14
109481.08
109481.02
109480.97
109480.91
109480.85
109480.8
109480.75
109480.69
109480.64
109480.59
109480.54
109480.49
109480.45
109480.4
109480.35
109480.31
109480.26
109480.22
109480.18
109480.14
109480.1
109480.06
109480.02
109479.98
109479.94
109479.9
109479.87
109479.83
109479.8
109479.76
109479.73
109479.7
109479.66
109479.63
109479.6
109479.57
109479.54
109479.51
109479.48
109479.46
109479.43
109479.4
109479.38
109479.35
109479.33
109479.3
109479.28
109479.26
109479.23
109479.21
109479.19
109479.17
109479.15
109479.13
109479.11
109479.09
109479.07
109479.05
109479.03
109479.02
109479
109478.98
109478.97
109478.95
109478.93
109478.92
109478.91
109478.89
109478.88
109478.86
109478.85
109478.84
109478.82
109478.81
109478.8
109478.79
109478.78
109478.77
109478.75
109478.74
109478.73
109478.72
109478.71
109478.7
109478.69
109478.69
109478.68
109478.67
109478.66
109478.65
109478.64
109478.64
109478.63
109478.62
109478.62
109478.61
109478.6
109478.6
109478.59
109478.58
109478.58
109478.57
109478.57
109478.56
109478.56
109478.55
109478.55
109478.54
109478.54
109478.53
109478.53
109478.52
109478.52
109478.52
109478.51
109478.51
109478.51
109478.5
109478.5
109478.5
109478.49
109478.49
109478.49
109478.48
109478.48
109478.48
109478.48
109478.47
109478.47
109478.47
109478.47
109478.46
109478.46
109478.46
109478.46
109478.46
109478.45
109478.45
109478.45
109478.45
109478.45
109478.45
109478.45
109478.44
109478.44
109478.44
109478.44
109478.44
109478.44
109478.44
109478.44
109478.44
109478.43
109478.43
109478.43
109478.43
109478.43
109478.43
109478.43
109478.43
109478.43
109478.43
109478.43
109478.43
109478.43
109478.43
109478.43
109478.43
109478.42
109478.42
109478.42
109478.42
109478.42
109478.42
109478.42
109478.42
109478.42
109478.42
109478.42
109478.42
109478.42
109478.42
109478.42
109478.42
109478.42
109478.42
109478.42
109478.42
109478.42
109478.42
109478.42
109478.42
109478.42
109478.42
109478.42
109478.42
109478.42
109478.42
109478.42
109478.42
109478.42
109478.42
109478.42
109478.42
109478.42
109478.42
109478.42
109478.42
109478.42
109478.42
109478.42
109478.42
109478.42
109478.42
109478.42
109478.42
109478.42
109478.42
109478.42
109478.42
109478.42
109478.42
109478.42
109478.42
109478.42
109478.42
109478.42
109478.42
109478.42
109478.42
109478.42
109478.42
109478.42
109478.42
109478.42
109478.42
109478.42
109478.42
109478.42
109478.42
109478.42
109478.42
109478.42
109478.42
109478.42
109478.42
109478.42
109478.42
109478.42
109478.42
109478.42
109478.42
109478.42
109478.42
109478.42
109478.42
109478.42
109478.42
109478.42
109478.42
109478.42
109478.42
109478.42
109478.42
109478.42
109478.42
109478.42
109478.42
109478.42
109478.42
109478.42
109478.42
109478.42
109478.42
109478.42
109478.42
109478.42
109478.42
109478.42
109478.42
109478.42
109478.42
109478.42
109478.42
109478.42
109478.42
109478.42
109478.42
109478.42
109478.42
109478.42
109478.42
109478.42
109478.42
109478.42
109478.42
109478.42
109478.42
109478.42
109478.42
109478.42
109478.42
109478.42
109478.42
109478.42
109478.42
109478.42
109478.42
109478.42
109478.42
109478.42
109478.42
109478.42
109478.42
109478.42
109478.42
109478.42
109478.42
109478.42
109478.42
109478.42
109478.42
109478.42
109478.42
109478.42
109478.42
109478.42
109478.42
109478.42
109478.42
109478.42
109478.42
109478.42
109478.42
109478.42
109478.42
109478.42
109478.42
109478.42
109478.42
109478.42
109478.42
109478.42
109478.42
109478.42
109478.42
109478.42
109478.42
109478.42
109478.42
109478.42
109478.42
109478.42
109478.42
109478.42
109478.42
109478.42
109478.42
109478.42
109478.42
109478.42
109478.42
109478.42
109478.42
109478.42
109478.42
109478.42
109478.42
109478.42
109478.42
109478.42
109478.42
109478.42
109478.42
109478.42
109478.42
109478.42
109478.42
109478.42
109478.42
109478.42
109478.42
109478.42
109478.42
109478.42
109478.42
109478.42
109478.42
109478.42
109478.42
109478.42
109478.42
109478.42
109478.42
109478.42
109478.42
109478.42
109478.42
109478.42
109478.42
109478.42
109478.42
109478.42
109478.42
109478.42
109478.42
109478.42
109478.42
109478.42
109478.42
109478.42
109478.42
109478.42
109478.42
109478.42
109478.42
109478.42
109478.42
109478.42
109478.42
109478.42
109478.42
109478.42
109478.42
109478.42
109478.42
109478.42
109478.42
109478.42
109478.42
109478.42
109478.42
109478.42
109478.42
109478.42
109478.42
109478.42
109478.42
109478.42
109478.42
109478.42
109478.42
109478.42
109478.42
109478.42
109478.42
109478.42
109478.42
109478.42
109478.42
109478.42
109478.42
109478.42
109478.42
109478.42
109478.42
109478.42
109478.42
109478.42
109478.42
109478.42
109478.42
109478.42
109478.42
109478.42
109478.42
109478.42
109478.43
109478.43
109478.43
109478.43
109478.43
109478.43
109478.43
109478.43
109478.43
109478.43
109478.43
109478.43
109478.43
109478.43
109478.43
109478.43
109478.43
109478.43
109478.43
109478.43
109478.43
109478.43
109478.43
109478.43
109478.43
109478.43
109478.43
109478.43
109478.43
109478.43
109478.43
109478.43
109478.43
109478.43
109478.43
109478.43
109478.43
109478.43
109478.43
109478.43
109478.43
109478.43
109478.43
109478.43
109478.43
109478.43
109478.43
109478.43
109478.43
109478.43
109478.43
109478.43
109478.43
109478.43
109478.43
109478.43
109478.43
109478.43
109478.43
109478.43
109478.43
109478.43
109478.43
109478.43
109478.43
109478.43
109478.43
109478.43
109478.43
109478.43
109478.43
109478.43
109478.43
109478.43
109478.43
109478.43
109478.43
109478.43
109478.43
109478.43
109478.43
109478.43
109478.43
109478.43
109478.43
109478.43
109478.43
109478.43
109478.43
109478.43
109478.43
109478.43
109478.43
109478.43
109478.43
109478.43
109478.43
109478.43
109478.43
109478.43
109478.43
109478.43
109478.43
109478.43
109478.43
109478.43
109478.43
109478.43
109478.43
109478.43
109478.43
109478.43
109478.43
109478.43
109478.43
109478.43
109478.43
109478.43
109478.43
109478.43
109478.43
109478.43
109478.43
109478.43
109478.43
109478.43
109478.43
109478.43
109478.43
109478.43
109478.43
109478.43
109478.43
109478.43
109478.43
109478.43
109478.43
109478.43
109478.43
109478.43
109478.43
109478.43
109478.43
109478.43
109478.43
109478.43
109478.43
109478.43
109478.43
109478.43
109478.43
109478.43
109478.43
109478.43
109478.43
109478.43
109478.43
109478.43
109478.43
109478.43
109478.43
109478.43
109478.43
109478.43
109478.43
109478.43
109478.43
109478.43
109478.43
109478.43
109478.43
109478.43
109478.43
109478.43
109478.43
109478.43
109478.43
109478.43
109478.43
109478.43
109478.43
109478.43
109478.43
109478.43
109478.43
109478.43
109478.43
109478.43
109478.43
109478.43
109478.43
109478.43
109478.43
109478.43
109478.43
109478.43
109478.43
109478.43
109478.43
109478.43
109478.43
109478.43
109478.43
109478.43
109478.43
109478.43
109478.43
109478.43
109478.43
109478.43
109478.43
109478.43
109478.43
109478.43
109478.43
109478.43
109478.43
109478.43
109478.43
109478.43
109478.43
109478.43
109478.43
109478.43
109478.43
109478.43
109478.43
109478.43
109478.43
109478.43
109478.43
109478.43
109478.43
109478.43
109478.43
109478.43
109478.43
109478.43
109478.43
109478.43
109478.43
109478.43
109478.43
109478.43
109478.43
109478.43
109478.43
109478.43
109478.43
109478.43
109478.43
109478.43
109478.43
109478.43
109478.43
109478.43
109478.43
109478.43
109478.43
109478.43
109478.43
109478.43
109478.43
109478.43
109478.43
109478.43
109478.43
109478.43
109478.43
109478.43
109478.43
109478.43
109478.43
109478.43
109478.43
109478.44
109478.44
109478.44
109478.44
109478.44
109478.44
109478.44
109478.44
109478.44
109478.44
109478.44
109478.44
109478.44
109478.44
109478.44
109478.44
109478.44
109478.44
109478.44
109478.44
109478.44
109478.44
109478.44
109478.44
109478.44
109478.44
109478.44
109478.44
109478.44
109478.44
109478.44
109478.44
109478.44
109478.44
109478.44
109478.44
109478.44
109478.44
109478.44
109478.44
109478.44
109478.44
109478.44
109478.44
109478.44
109478.44
109478.44
109478.44
109478.44
109478.44
109478.44
109478.44
109478.44
109478.44
109478.44
109478.44
109478.44
109478.44
109478.44
109478.44
109478.44
109478.44
109478.44
109478.44
109478.44
109478.44
109478.44
109478.44
109478.44
109478.44
109478.44
109478.44
109478.44
109478.44
109478.44
109478.44
109478.44
109478.44
109478.44
109478.44
109478.44
109478.44
109478.44
109478.44
109478.44
109478.44
109478.44
109478.44
109478.44
109478.44
109478.44
109478.44
109478.44
109478.44
109478.44
109478.44
109478.44
109478.44
109478.44
109478.44
109478.44
109478.44
109478.43
109478.43
109478.43
109478.43
109478.43
109478.43
109478.43
109478.43
109478.43
109478.43
109478.43
109478.43
109478.43
109478.43
109478.43
109478.43
109478.43
109478.43
109478.43
109478.43
109478.43
109478.43
109478.43
109478.43
109478.43
109478.43
109478.43
109478.43
109478.43
109478.43
109478.43
109478.43
109478.43
109478.43
109478.43
109478.43
109478.43
109478.43
109478.43
109478.43
109478.43
109478.43
109478.43
109478.43
109478.43
109478.43
109478.43
109478.43
109478.43
109478.43
109478.43
109478.43
109478.44
109478.44
109478.44
109478.44
109478.44
109478.44
109478.44
109478.44
109478.44
109478.44
109478.44
109478.44
109478.44
109478.44
109478.44
109478.44
109478.44
109478.44
109478.44
109478.44
109478.44
109478.44
109478.44
109478.44
109478.44
109478.44
109478.44
109478.44
109478.44
109478.44
109478.44
109478.44
109478.44
109478.44
109478.44
109478.44
109478.44
109478.44
109478.44
109478.44
109478.44
109478.44
109478.44
109478.44
109478.44
109478.44
109478.44
109478.44
109478.44
109478.44
109478.44
109478.44
109478.44
109478.44
109478.44
109478.44
109478.44
109478.44
109478.44
109478.44
109478.44
109478.44
109478.44
109478.44
109478.44
109478.44
109478.44
109478.44
109478.44
109478.44
109478.44
109478.44
109478.44
109478.44
109478.44
109478.44
109478.44
109478.44
109478.44
109478.44
109478.44
109478.44
109478.44
109478.44
109478.44
109478.44
109478.44
109478.44
109478.44
109478.44
109478.44
109478.44
109478.44
109478.44
109478.44
109478.44
109478.44
109478.44
109478.44
109478.44
109478.44
109478.44
109478.44
109478.44
109478.44
109478.44
109478.44
109478.44
109478.44
109478.44
109478.44
109478.44
109478.44
109478.44
109478.44
109478.44
109478.44
109478.44
109478.44
109478.44
109478.44
109478.44
109478.44
109478.44
109478.44
109478.44
109478.44
109478.44
109478.44
109478.44
109478.44
109478.44
109478.44
109478.44
109478.44
109478.44
109478.44
109478.44
109478.44
109478.44
109478.44
109478.44
109478.44
109478.44
109478.44
109478.44
109478.44
109478.44
109478.44
109478.44
109478.44
109478.44
109478.44
109478.44
109478.44
109478.44
109478.44
109478.44
109478.44
109478.44
109478.44
109478.44
109478.44
109478.44
109478.44
109478.44
109478.44
109478.44
109478.44
109478.44
109478.44
109478.44
109478.44
109478.44
109478.44
109478.44
109478.44
109478.44
109478.44
109478.44
109478.44
109478.44
109478.44
109478.44
109478.44
109478.44
109478.44
109478.44
109478.44
109478.44
109478.44
109478.44
109478.44
109478.44
109478.44
109478.44
109478.44
109478.44
109478.44
109478.44
109478.44
109478.44
109478.44
109478.44
109478.44
109478.44
109478.44
109478.44
109478.44
109478.44
109478.44
109478.44
109478.44
109478.44
109478.44
109478.44
109478.44
109478.44
109478.44
109478.44
109478.44
109478.44
109478.44
109478.44
109478.44
109478.44
109478.44
109478.44
109478.44
109478.44
109478.44
109478.44
109478.44
109478.44
109478.44
109478.44
109478.44
109478.44
109478.44
109478.44
109478.44
109478.44
109478.44
109478.44
109478.44
109478.44
109478.44
109478.44
109478.44
109478.44
109478.44
109478.44
109478.44
109478.44
109478.44
109478.44
109478.44
109478.44
109478.44
109478.44
109478.44
109478.44
109478.44
109478.44
109478.44
109478.44
109478.44
109478.44
109478.44
109478.44
109478.44
109478.44
109478.44
109478.44
109478.44
109478.44
109478.44
109478.44
109478.44
109478.44
109478.44
109478.44
109478.44
109478.44
109478.44
109478.44
109478.44
109478.44
109478.44
109478.44
109478.44
109478.44
109478.44
109478.44
109478.44
109478.44
109478.44
109478.44
109478.44
109478.44
109478.44
109478.44
109478.44
109478.44
109478.44
109478.44
109478.44
109478.44
109478.44
109478.44
109478.44
109478.44
109478.44
109478.44
109478.44
109478.44
109478.44
109478.44
109478.44
109478.44
109478.44
109478.44
109478.44
109478.44
109478.44
109478.44
109478.44
109478.44
109478.44
109478.44
109478.44
109478.44
109478.43
109478.43
109478.43
109478.43
109478.44
109478.44
109478.45
109478.45
109478.46
109478.47
109478.49
109478.39
109478.42
109478.43
109478.43
109478.43
109478.44
109478.44
109478.44
109478.44
109478.44
109478.44
109478.44
109478.44
109478.44
109478.44
109478.44
109478.44
109478.44
109478.44
109478.44
109478.44
109478.44
109478.44
109478.44
109478.44
109478.44
109478.44
109478.44
109478.44
109478.44
109478.44
109478.44
109478.44
109478.44
109478.44
109478.44
109478.44
109478.44
109478.44
109478.44
109478.44
109478.44
109478.44
109478.44
109478.44
109478.44
109478.44
109478.44
109478.44
109478.44
109478.44
109478.44
109478.44
109478.44
109478.44
109478.44
109478.44
109478.44
109478.44
109478.44
109478.44
109478.44
109478.44
109478.44
109478.44
109478.44
109478.44
109478.44
109478.44
109478.44
109478.44
109478.44
109478.44
109478.44
109478.44
109478.44
109478.44
109478.44
109478.44
109478.44
109478.44
109478.44
109478.44
109478.44
109478.44
109478.44
109478.44
109478.44
109478.44
109478.44
109478.44
109478.44
109478.44
109478.44
109478.44
109478.44
109478.44
109478.44
109478.44
109478.44
109478.44
109478.44
109478.44
109478.44
109478.44
109478.44
109478.44
109478.44
109478.44
109478.44
109478.44
109478.44
109478.44
109478.44
109478.44
109478.44
109478.44
109478.44
109478.44
109478.44
109478.44
109478.44
109478.44
109478.44
109478.44
109478.44
109478.44
109478.44
109478.44
109478.44
109478.44
109478.44
109478.44
109478.44
109478.44
109478.44
109478.44
109478.44
109478.44
109478.44
109478.44
109478.44
109478.44
109478.44
109478.44
109478.44
109478.44
109478.44
109478.44
109478.44
109478.44
109478.44
109478.44
109478.44
109478.44
109478.44
109478.44
109478.44
109478.44
109478.44
109478.44
109478.44
109478.44
109478.44
109478.44
109478.44
109478.44
109478.44
109478.44
109478.44
109478.44
109478.44
109478.44
109478.44
109478.44
109478.44
109478.44
109478.44
109478.44
109478.44
109478.44
109478.44
109478.44
109478.44
109478.44
109478.44
109478.44
109478.44
109478.44
109478.44
109478.44
109478.44
109478.44
109478.44
109478.44
109478.44
109478.44
109478.44
109478.44
109478.44
109478.44
109478.44
109478.44
109478.44
109478.44
109478.44
109478.44
109478.44
109478.44
109478.44
109478.44
109478.44
109478.44
109478.44
109478.44
109478.44
109478.44
109478.44
109478.44
109478.44
109478.44
109478.44
109478.44
109478.44
109478.44
109478.44
109478.44
109478.44
109478.44
109478.44
109478.44
109478.44
109478.44
109478.44
109478.44
109478.44
109478.44
109478.44
109478.44
109478.44
109478.44
109478.44
109478.44
109478.44
109478.44
109478.44
109478.44
109478.44
109478.44
109478.44
109478.44
109478.44
109478.44
109478.44
109478.44
109478.44
109478.44
109478.44
109478.44
109478.44
109478.44
109478.44
109478.44
109478.44
109478.44
109478.44
109478.44
109478.44
109478.44
109478.44
109478.44
109478.44
109478.44
109478.44
109478.44
109478.44
109478.44
109478.44
109478.44
109478.44
109478.44
109478.44
109478.44
109478.44
109478.44
109478.44
109478.44
109478.44
109478.44
109478.44
109478.44
109478.44
109478.44
109478.44
109478.44
109478.44
109478.44
109478.44
109478.44
109478.44
109478.44
109478.44
109478.44
109478.44
109478.44
109478.44
109478.44
109478.44
109478.44
109478.44
109478.44
109478.44
109478.44
109478.44
109478.44
109478.44
109478.44
109478.44
109478.44
109478.44
109478.44
109478.44
109478.44
109478.44
109478.44
109478.44
109478.44
109478.44
109478.44
109478.44
109478.44
109478.44
109478.44
109478.44
109478.44
109478.44
109478.44
109478.44
109478.44
109478.44
109478.44
109478.44
109478.44
109478.44
109478.44
109478.44
109478.44
109478.44
109478.44
109478.44
109478.44
109478.44
109478.44
109478.44
109478.44
109478.44
109478.44
109478.44
109478.44
109478.44
109478.44
109478.44
109478.44
109478.44
109478.44
109478.44
109478.44
109478.44
109478.44
109478.44
109478.44
109478.44
109478.44
109478.44
109478.44
109478.44
109478.44
109478.44
109478.44
109478.44
109478.44
109478.44
109478.44
109478.44
109478.44
109478.44
109478.44
109478.44
109478.44
109478.44
109478.44
109478.44
109478.44
109478.44
109478.44
109478.44
109478.44
109478.44
109478.44
109478.44
109478.44
109478.44
109478.44
109478.44
109478.44
109478.44
109478.44
109478.44
109478.44
109478.44
109478.44
109478.44
109478.44
109478.44
109478.44
109478.44
109478.44
109478.44
109478.44
109478.44
109478.44
109478.44
109478.44
109478.44
109478.44
109478.44
109478.44
109478.44
109478.44
109478.44
109478.44
109478.44
109478.44
109478.44
109478.44
109478.44
109478.44
109478.44
109478.44
109478.44
109478.44
109478.44
109478.44
109478.44
109478.44
109478.44
109478.44
109478.44
109478.44
109478.44
109478.44
109478.44
109478.44
109478.44
109478.44
109478.44
109478.44
109478.44
109478.44
109478.44
109478.44
109478.44
109478.44
109478.44
109478.44
109478.44
109478.44
109478.44
109478.44
109478.44
109478.44
109478.44
109478.44
109478.44
109478.44
109478.43
109478.43
109478.43
109478.43
109478.43
109478.43
109478.43
109478.43
109478.43
109478.43
109478.43
109478.43
109478.43
109478.43
109478.43
109478.43
109478.43
109478.43
109478.43
109478.43
109478.43
109478.43
109478.43
109478.43
109478.43
109478.43
109478.43
109478.43
109478.43
109478.43
109478.43
109478.43
109478.43
109478.43
109478.43
109478.43
109478.43
109478.43
109478.43
109478.43
109478.43
109478.43
109478.43
109478.43
109478.43
109478.43
109478.43
109478.43
109478.43
109478.43
109478.43
109478.43
109478.43
109478.43
109478.43
109478.43
109478.43
109478.43
109478.43
109478.43
109478.43
109478.43
109478.43
109478.43
109478.43
109478.43
109478.43
109478.43
109478.43
109478.43
109478.43
109478.43
109478.43
109478.43
109478.43
109478.43
109478.43
109478.43
109478.43
109478.43
109478.43
109478.43
109478.43
109478.43
109478.43
109478.43
109478.43
109478.43
109478.43
109478.43
109478.43
109478.43
109478.43
109478.43
109478.43
109478.43
109478.43
109478.43
109478.43
109478.43
109478.43
109478.43
109478.43
109478.43
109478.43
109478.43
109478.43
109478.43
109478.43
109478.43
109478.43
109478.43
109478.43
109478.43
109478.43
109478.43
109478.43
109478.43
109478.43
109478.43
109478.43
109478.43
109478.43
109478.43
109478.43
109478.43
109478.43
109478.43
109478.43
109478.43
109478.43
109478.43
109478.43
109478.43
109478.43
109478.43
109478.43
109478.43
109478.43
109478.43
109478.43
109478.43
109478.43
109478.43
109478.43
109478.43
109478.43
109478.43
109478.43
109478.43
109478.43
109478.43
109478.43
109478.43
109478.43
109478.43
109478.43
109478.43
109478.43
109478.43
109478.43
109478.43
109478.43
109478.43
109478.43
109478.43
109478.43
109478.43
109478.43
109478.43
109478.43
109478.43
109478.43
109478.43
109478.43
109478.43
109478.43
109478.43
109478.43
109478.43
109478.43
109478.43
109478.43
109478.43
109478.43
109478.43
109478.43
109478.43
109478.43
109478.43
109478.43
109478.43
109478.43
109478.43
109478.43
109478.42
109478.42
109478.42
109478.42
109478.42
109478.42
109478.42
109478.42
109478.42
109478.42
109478.42
109478.42
109478.42
109478.42
109478.42
109478.42
109478.42
109478.42
109478.42
109478.42
109478.42
109478.42
109478.42
109478.42
109478.42
109478.42
109478.42
109478.42
109478.42
109478.42
109478.42
109478.42
109478.42
109478.42
109478.42
109478.42
109478.42
109478.42
109478.42
109478.42
109478.42
109478.41
109478.41
109478.41
109478.41
109478.41
109478.41
109478.41
109478.41
109478.41
109478.41
109478.41
109478.4
109478.4
109478.4
109478.4
109478.4
109478.4
109478.4
109478.4
109478.39
109478.39
109478.39
109478.39
109478.39
109478.38
109478.38
109478.38
109478.38
109478.38
109478.37
109478.37
109478.37
109478.36
109478.36
109478.36
109478.36
109478.35
109478.35
109478.34
109478.34
109478.34
109478.33
109478.33
109478.32
109478.32
109478.31
109478.31
109478.3
109478.3
109478.29
109478.29
109478.28
109478.27
109478.27
109478.26
109478.25
109478.24
109478.24
109478.23
109478.22
109478.21
109478.2
109478.19
109478.18
109478.17
109478.16
109478.14
109478.13
109478.12
109478.11
109478.09
109478.08
109478.06
109478.05
109478.03
109478.02
109478
109477.98
109477.96
109477.94
109477.92
109477.9
109477.88
109477.86
109477.83
109477.81
109477.78
109477.75
109477.73
109477.7
109477.67
109477.64
109477.61
109477.57
109477.54
109477.5
109477.47
109477.43
109477.39
109477.35
109477.3
109477.26
109477.21
109477.17
109477.12
109477.06
109477.01
109476.96
109476.9
109476.84
109476.78
109476.72
109476.65
109476.58
109476.51
109476.44
109476.36
109476.29
109476.2
109476.12
109476.04
109475.95
109475.85
109475.76
109475.66
109475.56
109475.45
109475.34
109475.23
109475.11
109474.99
109474.87
109474.74
109474.61
109474.47
109474.33
109474.18
109474.03
109473.88
109473.72
109473.55
109473.38
109473.21
109473.03
109472.84
109472.65
109472.45
109472.24
109472.03
109471.81
109471.59
109471.36
109471.12
109470.88
109470.63
109470.37
109470.1
109469.82
109469.54
109469.25
109468.95
109468.64
109468.33
109468
109467.67
109467.32
109466.97
109466.61
109466.23
109465.85
109465.45
109465.05
109464.63
109464.21
109463.77
109463.32
109462.86
109462.39
109461.9
109461.4
109460.89
109460.37
109459.83
109459.28
109458.72
109458.14
109457.55
109456.94
109456.32
109455.68
109455.03
109454.36
109453.68
109452.98
109452.27
109451.54
109450.79
109450.02
109449.24
109448.44
109447.62
109446.79
109445.94
109445.06
109444.17
109443.26
109442.34
109441.39
109440.42
109439.43
109438.43
109437.4
109436.35
109435.28
109434.19
109433.08
109431.94
109430.79
109429.61
109428.42
109427.19
109425.95
109424.69
109423.4
109422.09
109420.75
109419.39
109418.01
109416.61
109415.18
109413.73
109412.25
109410.75
109409.23
109407.68
109406.11
109404.51
109402.89
109401.24
109399.57
109397.87
109396.15
109394.41
109392.64
109390.85
109389.03
109387.18
109385.31
109383.42
109381.5
109379.56
109377.59
109375.6
109373.59
109371.55
109369.48
109367.4
109365.28
109363.15
109360.99
109358.81
109356.6
109354.37
109352.12
109349.85
109347.55
109345.24
109342.9
109340.54
109338.15
109335.75
109333.33
109330.88
109328.42
109325.93
109323.43
109320.91
109318.37
109315.81
109313.24
109310.64
109308.03
109305.41
109302.76
109300.11
109297.43
109294.74
109292.04
109289.33
109286.6
109283.86
109281.1
109278.34
109275.56
109272.78
109269.98
109267.18
109264.36
109261.54
109258.71
109255.88
109253.03
109250.18
109247.33
109244.47
109241.61
109238.74
109235.87
109233
109230.13
109227.26
109224.39
109221.51
109218.64
109215.77
109212.9
109210.04
109207.18
109204.32
109201.47
109198.62
109195.78
109192.95
109190.13
109187.31
109184.5
109181.7
109178.91
109176.13
109173.36
109170.6
109167.86
109165.13
109162.41
109159.71
109157.02
109154.34
109151.68
109149.04
109146.41
109143.8
109141.21
109138.64
109136.08
109133.55
109131.03
109128.53
109126.06
109123.6
109121.17
109118.76
109116.37
109114
109111.66
109109.34
109107.04
109104.76
109102.51
109100.29
109098.09
109095.91
109093.76
109091.64
109089.54
109087.46
109085.41
109083.39
109081.4
109079.43
109077.49
109075.57
109073.69
109071.83
109069.99
109068.19
109066.41
109064.66
109062.93
109061.24
109059.57
109057.93
109056.31
109054.73
109053.17
109051.64
109050.13
109048.65
109047.2
109045.78
109044.38
109043.01
109041.67
109040.35
109039.06
109037.8
109036.56
109035.34
109034.16
109032.99
109031.86
109030.75
109029.66
109028.6
109027.56
109026.54
109025.55
109024.58
109023.64
109022.72
109021.82
109020.94
109020.09
109019.26
109018.45
109017.66
109016.89
109016.14
109015.41
109014.7
109014.01
109013.35
109012.7
109012.06
109011.45
109010.86
109010.28
109009.72
109009.18
109008.65
109008.14
109007.65
109007.17
109006.7
109006.26
109005.82
109005.41
109005
109004.61
109004.24
109003.87
109003.52
109003.18
109002.86
109002.54
109002.24
109001.95
109001.67
109001.4
109001.14
109000.9
109000.66
109000.43
109000.21
109000
108999.8
108999.61
108999.42
108999.25
108999.08
108998.92
108998.76
108998.62
108998.48
108998.35
108998.22
108998.1
108997.99
108997.88
108997.78
108997.68
108997.59
108997.5
108997.42
108997.35
108997.27
108997.21
108997.14
108997.08
108997.03
108996.97
108996.93
108996.88
108996.84
108996.8
108996.76
108996.73
108996.7
108996.67
108996.65
108996.62
108996.6
108996.59
108996.57
108996.56
108996.54
108996.53
108996.52
108996.52
108996.51
108996.5
108996.5
108996.5
108996.5
108996.5
108996.5
108996.5
108996.5
108996.51
108996.51
108996.52
108996.52
108996.53
108996.54
108996.55
108996.55
108996.56
108996.57
108996.58
108996.59
108996.6
108996.61
108996.62
108996.64
108996.65
108996.66
108996.67
108996.68
108996.69
108996.71
108996.72
108996.73
108996.74
108996.75
108996.77
108996.78
108996.79
108996.8
108996.81
108996.82
108996.84
108996.85
108996.86
108996.87
108996.88
108996.89
108996.9
108996.91
108996.92
108996.93
108996.94
108996.95
108996.96
108996.97
108996.98
108996.99
108997
108997.01
108997.02
108997.03
108997.04
108997.05
108997.05
108997.06
108997.07
108997.08
108997.09
108997.09
108997.1
108997.11
108997.12
108997.12
108997.13
108997.14
108997.14
108997.15
108997.15
108997.16
108997.17
108997.17
108997.18
108997.18
108997.19
108997.19
108997.2
108997.2
108997.21
108997.21
108997.22
108997.22
108997.23
108997.23
108997.23
108997.24
108997.24
108997.25
108997.25
108997.25
108997.26
108997.26
108997.26
108997.27
108997.27
108997.27
108997.28
108997.28
108997.28
108997.29
108997.29
108997.29
108997.29
108997.3
108997.3
108997.3
108997.3
108997.31
108997.31
108997.31
108997.31
108997.32
108997.32
108997.32
108997.32
108997.32
108997.33
108997.33
108997.33
108997.33
108997.33
108997.33
108997.34
108997.34
108997.34
108997.34
108997.34
108997.34
108997.35
108997.35
108997.35
108997.35
108997.35
108997.35
108997.35
108997.36
108997.36
108997.36
108997.36
108997.36
108997.36
108997.36
108997.36
108997.36
108997.37
108997.37
108997.37
108997.37
108997.37
108997.37
108997.37
108997.37
108997.37
108997.37
108997.37
108997.38
108997.38
108997.38
108997.38
108997.38
108997.38
108997.38
108997.38
108997.38
108997.38
108997.38
108997.38
108997.38
108997.39
108997.39
108997.39
108997.39
108997.39
108997.39
108997.39
108997.39
108997.39
108997.39
108997.39
108997.39
108997.39
108997.39
108997.39
108997.39
108997.39
108997.39
108997.39
108997.39
108997.4
108997.4
108997.4
108997.4
108997.4
108997.4
108997.4
108997.4
108997.4
108997.4
108997.4
108997.4
108997.4
108997.4
108997.4
108997.4
108997.4
108997.4
108997.4
108997.4
108997.4
108997.4
108997.4
108997.4
108997.4
108997.4
108997.4
108997.4
108997.4
108997.4
108997.4
108997.4
108997.41
108997.41
108997.41
108997.41
108997.41
108997.41
108997.41
108997.41
108997.41
108997.41
108997.41
108997.41
108997.41
108997.41
108997.41
108997.41
108997.41
108997.41
108997.41
108997.41
108997.41
108997.41
108997.41
108997.41
108997.41
108997.41
108997.41
108997.41
108997.41
108997.41
108997.41
108997.41
108997.41
108997.41
108997.41
108997.41
108997.41
108997.41
108997.41
108997.41
108997.41
108997.41
108997.41
108997.41
108997.41
108997.41
108997.41
108997.41
108997.41
108997.41
108997.41
108997.41
108997.41
108997.41
108997.41
108997.41
108997.41
108997.41
108997.41
108997.41
108997.41
108997.41
108997.41
108997.41
108997.41
108997.41
108997.41
108997.41
108997.41
108997.41
108997.41
108997.41
108997.41
108997.41
108997.41
108997.41
108997.41
108997.41
108997.41
108997.41
108997.41
108997.41
108997.41
108997.41
108997.41
108997.41
108997.41
108997.41
108997.41
108997.41
108997.41
108997.41
108997.41
108997.41
108997.41
108997.41
108997.41
108997.41
108997.41
108997.41
108997.41
108997.41
108997.41
108997.41
108997.41
108997.41
108997.41
108997.41
108997.41
108997.41
108997.41
108997.41
108997.41
108997.41
108997.41
108997.41
108997.41
108997.41
108997.41
108997.41
108997.41
108997.41
108997.41
108997.41
108997.41
108997.41
108997.41
108997.41
108997.41
108997.41
108997.41
108997.41
108997.41
108997.41
108997.41
108997.41
108997.41
108997.41
108997.41
108997.41
108997.41
108997.41
108997.41
108997.41
108997.41
108997.41
108997.41
108997.41
108997.41
108997.41
108997.41
108997.41
108997.41
108997.41
108997.41
108997.41
108997.41
108997.41
108997.41
108997.41
108997.41
108997.41
108997.4
108997.4
108997.4
108997.4
108997.4
108997.4
108997.4
108997.4
108997.4
108997.4
108997.4
108997.4
108997.4
108997.4
108997.4
108997.4
108997.4
108997.4
108997.4
108997.4
108997.4
108997.4
108997.4
108997.4
108997.4
108997.4
108997.4
108997.4
108997.4
108997.4
108997.4
108997.4
108997.4
108997.4
108997.4
108997.4
108997.4
108997.4
108997.4
108997.4
108997.4
108997.4
108997.4
108997.4
108997.4
108997.4
108997.4
108997.4
108997.4
108997.4
108997.4
108997.4
108997.4
108997.4
108997.4
108997.4
108997.4
108997.4
108997.4
108997.4
108997.4
108997.4
108997.4
108997.4
108997.4
108997.4
108997.4
108997.39
108997.39
108997.39
108997.39
108997.39
108997.39
108997.39
108997.39
108997.39
108997.39
108997.39
108997.39
108997.39
108997.39
108997.39
108997.39
108997.39
108997.39
108997.39
108997.39
108997.39
108997.39
108997.39
108997.39
108997.39
108997.39
108997.39
108997.39
108997.39
108997.39
108997.39
108997.39
108997.39
108997.39
108997.39
108997.39
108997.39
108997.39
108997.39
108997.39
108997.39
108997.39
108997.39
108997.39
108997.39
108997.39
108997.39
108997.39
108997.39
108997.39
108997.39
108997.39
108997.39
108997.39
108997.39
108997.39
108997.39
108997.39
108997.39
108997.39
108997.39
108997.39
108997.39
108997.39
108997.38
108997.38
108997.38
108997.38
108997.38
108997.38
108997.38
108997.38
108997.38
108997.38
108997.38
108997.38
108997.38
108997.38
108997.38
108997.38
108997.38
108997.38
108997.38
108997.38
108997.38
108997.38
108997.38
108997.38
108997.38
108997.38
108997.38
108997.38
108997.38
108997.38
108997.38
108997.38
108997.38
108997.38
108997.38
108997.38
108997.38
108997.38
108997.38
108997.38
108997.38
108997.38
108997.38
108997.38
108997.38
108997.38
108997.38
108997.38
108997.38
108997.38
108997.38
108997.38
108997.38
108997.38
108997.38
108997.38
108997.38
108997.38
108997.38
108997.38
108997.38
108997.38
108997.38
108997.38
108997.38
108997.38
108997.37
108997.37
108997.37
108997.37
108997.37
108997.37
108997.37
108997.37
108997.37
108997.37
108997.37
108997.37
108997.37
108997.37
108997.37
108997.37
108997.37
108997.37
108997.37
108997.37
108997.37
108997.37
108997.37
108997.37
108997.37
108997.37
108997.37
108997.37
108997.37
108997.37
108997.37
108997.37
108997.37
108997.37
108997.37
108997.37
108997.37
108997.37
108997.37
108997.37
108997.37
108997.37
108997.37
108997.37
108997.37
108997.37
108997.37
108997.37
108997.37
108997.37
108997.37
108997.37
108997.37
108997.37
108997.37
108997.37
108997.37
108997.37
108997.37
108997.37
108997.37
108997.37
108997.37
108997.36
108997.36
108997.36
108997.36
108997.36
108997.36
108997.36
108997.36
108997.36
108997.36
108997.36
108997.36
108997.36
108997.36
108997.36
108997.36
108997.36
108997.36
108997.36
108997.36
108997.36
108997.36
108997.36
108997.36
108997.36
108997.36
108997.36
108997.36
108997.36
108997.36
108997.36
108997.36
108997.36
108997.36
108997.36
108997.36
108997.36
108997.36
108997.36
108997.36
108997.36
108997.36
108997.36
108997.36
108997.36
108997.36
108997.36
108997.36
108997.36
108997.36
108997.36
108997.36
108997.36
108997.36
108997.36
108997.36
108997.36
108997.36
108997.36
108997.36
108997.36
108997.36
108997.35
108997.35
108997.35
108997.35
108997.35
108997.35
108997.35
108997.35
108997.35
108997.35
108997.35
108997.35
108997.35
108997.35
108997.35
108997.35
108997.35
108997.35
108997.35
108997.35
108997.35
108997.35
108997.35
108997.35
108997.35
108997.35
108997.35
108997.35
108997.35
108997.35
108997.35
108997.35
108997.35
108997.35
108997.35
108997.35
108997.35
108997.35
108997.35
108997.35
108997.35
108997.35
108997.35
108997.35
108997.35
108997.35
108997.35
108997.35
108997.35
108997.35
108997.35
108997.35
108997.35
108997.35
108997.35
108997.35
108997.35
108997.35
108997.34
108997.34
108997.34
108997.34
108997.34
108997.34
108997.34
108997.34
108997.34
108997.34
108997.34
108997.34
108997.34
108997.34
108997.34
108997.34
108997.34
108997.34
108997.34
108997.34
108997.34
108997.34
108997.34
108997.34
108997.34
108997.34
108997.34
108997.34
108997.34
108997.34
108997.34
108997.34
108997.34
108997.34
108997.34
108997.34
108997.34
108997.34
108997.34
108997.34
108997.34
108997.34
108997.34
108997.34
108997.34
108997.34
108997.34
108997.34
108997.34
108997.34
108997.34
108997.34
108997.34
108997.33
108997.33
108997.33
108997.33
108997.33
108997.33
108997.33
108997.33
108997.33
108997.33
108997.33
108997.33
108997.33
108997.33
108997.33
108997.33
108997.33
108997.33
108997.33
108997.33
108997.33
108997.33
108997.33
108997.33
108997.33
108997.33
108997.33
108997.33
108997.33
108997.33
108997.33
108997.33
108997.33
108997.33
108997.33
108997.33
108997.33
108997.33
108997.33
108997.33
108997.33
108997.33
108997.33
108997.33
108997.33
108997.33
108997.33
108997.33
108997.33
108997.33
108997.33
108997.32
108997.32
108997.32
108997.32
108997.32
108997.32
108997.32
108997.32
108997.32
108997.32
108997.32
108997.32
108997.32
108997.32
108997.32
108997.32
108997.32
108997.32
108997.32
108997.32
108997.32
108997.32
108997.32
108997.32
108997.32
108997.32
108997.32
108997.32
108997.32
108997.32
108997.32
108997.32
108997.32
108997.32
108997.32
108997.32
108997.32
108997.32
108997.32
108997.32
108997.32
108997.32
108997.32
108997.32
108997.32
108997.32
108997.32
108997.32
108997.32
108997.32
108997.32
108997.32
108997.32
108997.31
108997.31
108997.31
108997.31
108997.31
108997.31
108997.31
108997.31
108997.31
108997.31
108997.31
108997.31
108997.31
108997.31
108997.31
108997.31
108997.31
108997.31
108997.31
108997.31
108997.31
108997.31
108997.31
108997.31
108997.31
108997.31
108997.31
108997.31
108997.31
108997.31
108997.31
108997.31
108997.31
108997.31
108997.31
108997.31
108997.31
108997.31
108997.31
108997.31
108997.31
108997.31
108997.31
108997.31
108997.31
108997.31
108997.31
108997.31
108997.31
108997.31
108997.31
108997.3
108997.3
108997.3
108997.3
108997.3
108997.3
108997.3
108997.3
108997.3
108997.3
108997.3
108997.3
108997.3
108997.3
108997.3
108997.3
108997.3
108997.3
108997.3
108997.3
108997.3
108997.3
108997.3
108997.3
108997.3
108997.3
108997.3
108997.3
108997.3
108997.3
108997.3
108997.3
108997.3
108997.3
108997.3
108997.3
108997.3
108997.3
108997.3
108997.3
108997.3
108997.3
108997.3
108997.3
108997.3
108997.3
108997.3
108997.3
108997.3
108997.29
108997.29
108997.29
108997.29
108997.29
108997.29
108997.29
108997.29
108997.29
108997.29
108997.29
108997.29
108997.29
108997.29
108997.29
108997.29
108997.29
108997.29
108997.29
108997.29
108997.29
108997.29
108997.29
108997.29
108997.29
108997.29
108997.29
108997.29
108997.29
108997.29
108997.29
108997.29
)
;

boundaryField
{
    leftSide
    {
        type            waveTransmissive;
        gamma           1.4;
        value           uniform 109813.05;
    }
    rightSide
    {
        type            waveTransmissive;
        gamma           1.4;
        value           uniform 108997.29;
    }
    emptywalls
    {
        type            empty;
    }
}


// ************************************************************************* //
