/*--------------------------------*- C++ -*----------------------------------*\
  =========                 |
  \\      /  F ield         | OpenFOAM: The Open Source CFD Toolbox
   \\    /   O peration     | Website:  https://openfoam.org
    \\  /    A nd           | Version:  7
     \\/     M anipulation  |
\*---------------------------------------------------------------------------*/
FoamFile
{
    version     2.0;
    format      ascii;
    class       volScalarField;
    location    "0.00051";
    object      Uy;
}
// * * * * * * * * * * * * * * * * * * * * * * * * * * * * * * * * * * * * * //

dimensions      [0 1 -1 0 0 0 0];

internalField   nonuniform List<scalar> 
5000
(
0
1.013294e-28
0
0
1.519941e-28
-1.1519819e-43
-2.026588e-28
0
0
1.013294e-28
2.241296e-43
5.06647e-29
8.3390259e-43
-5.45244e-43
0
5.06647e-29
-1.5612266e-55
5.06647e-29
0
-5.06647e-29
2.026588e-28
5.06647e-29
2.026588e-28
-1.519941e-28
-1.519941e-28
4.1350036e-56
1.013294e-28
5.06647e-29
1.013294e-28
-1.7567724e-42
2.6567583e-42
-5.06647e-29
8.847221e-43
-3.039882e-28
3.5135448e-42
-8.8126615e-42
1.7567724e-42
1.6308857e-42
-2.8267538e-42
3.9932911e-42
3.039882e-28
-2.4393217e-41
-5.06647e-28
1.519941e-28
7.599705e-28
-1.013294e-28
1.519941e-28
1.3881382e-41
2.026588e-28
0
-5.06647e-29
1.4399774e-44
1.013294e-28
-2.026588e-28
3.5423443e-42
3.039882e-28
1.013294e-28
1.1163898e-55
2.533235e-28
0
-5.06647e-29
-3.4559457e-42
-8.6398642e-44
-2.533235e-28
1.519941e-28
1.7711722e-42
1.013294e-28
1.519941e-28
2.026588e-28
-1.519941e-28
-1.013294e-28
1.519941e-28
1.013294e-28
4.053176e-28
3.546529e-28
-3.546529e-28
0
-1.519941e-28
4.3199321e-44
2.533235e-28
-2.533235e-28
8.6398642e-44
-4.3199321e-44
-2.533235e-28
-5.573117e-28
-8.8198614e-42
-5.928786e-42
0
-1.013294e-28
-2.102367e-41
6.3525562e-56
-1.519941e-28
-1.013294e-28
-1.013294e-28
-1.7531725e-41
3.546529e-28
0
0
-5.06647e-28
-4.2162538e-41
8.106352e-28
-1.519941e-28
-3.039882e-28
0
5.06647e-29
1.013294e-28
-5.06647e-29
-5.06647e-29
0
0
-5.06647e-29
3.433455e-42
0
-8.5528471e-44
1.7711722e-42
5.06647e-29
5.06647e-29
-1.4399774e-44
4.8586921e-57
1.6472184e-71
-2.026588e-28
4.3199321e-44
-1.519941e-28
0
-1.519941e-28
1.290929e-42
-4.3722818e-43
1.013294e-28
5.06647e-29
1.013294e-28
2.2451224e-43
-1.4967482e-43
-1.013294e-28
-1.013294e-28
0
-5.06647e-29
-2.026588e-28
2.533235e-28
5.2703172e-42
-1.013294e-28
5.06647e-29
-1.013294e-28
0
3.039882e-28
2.533235e-28
-3.039882e-28
3.039882e-28
-5.7599095e-44
-1.013294e-28
3.039882e-28
-3.039882e-28
1.4111778e-41
1.519941e-28
5.06647e-29
-1.013294e-28
5.06647e-29
1.519941e-28
0
0
2.026588e-28
4.559823e-28
-4.053176e-28
-2.026588e-28
2.026588e-28
2.1081269e-41
-1.013294e-28
1.013294e-28
2.026588e-28
0
-5.06647e-28
-3.546529e-28
0
1.519941e-28
1.013294e-28
0
-1.013294e-28
5.2703172e-41
-5.06647e-29
-1.519941e-28
-1.519941e-28
1.013294e-28
1.0497435e-41
-3.4847452e-41
-3.2399491e-43
-4.559823e-28
2.026588e-28
2.1081269e-41
-6.9694905e-42
1.0454236e-41
-2.533235e-28
0
0
-5.06647e-29
-2.533235e-28
0
0
2.533235e-28
4.8788331e-57
-2.533235e-28
0
1.013294e-28
-1.519941e-28
-8.4238676e-41
4.053176e-28
-5.06647e-29
1.0519035e-41
7.1998869e-45
1.519941e-28
-3.546529e-28
3.5999434e-44
2.8050759e-41
-1.402538e-41
1.519941e-28
0
-1.013294e-28
-7.0126898e-42
2.8122758e-41
2.533235e-28
0
1.013294e-28
4.053176e-28
0
0
0
1.519941e-28
1.0519035e-41
-1.013294e-28
0
0
1.519941e-28
2.026588e-28
-1.013294e-28
-1.519941e-28
0
2.026588e-28
2.533235e-28
1.519941e-28
2.026588e-28
0
5.06647e-29
-2.8137158e-41
-1.0540634e-41
2.026588e-28
-2.026588e-28
-1.519941e-28
0
5.06647e-29
-2.1124468e-41
5.06647e-29
7.0270896e-42
1.0779478e-42
-3.039882e-28
4.2162538e-41
3.5178647e-41
7.0126898e-42
3.039882e-28
-4.053176e-28
-1.519941e-28
0
-1.519941e-28
-2.026588e-28
0
-5.06647e-29
-2.026588e-28
3.039882e-28
5.9507947e-42
6.4949334e-42
-1.519941e-28
-4.2162538e-41
1.013294e-28
-4.5582267e-42
4.6859436e-55
1.120394e-41
1.013294e-28
7.0414894e-42
-1.4111778e-41
1.4399774e-44
-6.99829e-42
1.013294e-28
0
0
5.06647e-29
1.013294e-28
0
0
0
0
-5.06647e-29
-3.4919451e-42
2.026588e-28
-4.3199321e-44
-1.013294e-28
1.013294e-28
-2.1102868e-41
-1.4039779e-41
-5.0399208e-44
-1.013294e-28
-2.195148e-41
-3.546529e-28
6.079764e-28
3.039882e-28
5.06647e-29
-3.3956316e-42
0
6.8215633e-42
-5.06647e-29
-5.06647e-29
4.3199321e-44
-4.3199321e-44
-1.4399774e-44
-1.013294e-28
-1.013294e-28
5.06647e-29
-1.013294e-28
6.8964008e-42
-4.8788331e-57
-1.519941e-28
-1.4039779e-41
-5.06647e-28
0
0
1.013294e-28
-1.4068579e-40
-8.106352e-28
0
3.039882e-28
2.026588e-28
5.06647e-29
4.3482335e-60
9.0060704e-55
-4.3199321e-44
-4.559823e-28
1.519941e-28
-7.5865267e-42
0
5.06647e-29
2.1102868e-41
1.519941e-28
5.3455294e-43
2.8108358e-41
5.06647e-29
-2.8137158e-41
-1.013294e-28
4.053176e-28
2.533235e-28
-1.519941e-28
-1.4399774e-44
-1.013294e-28
0
0
-4.7040659e-43
2.8108358e-41
3.039882e-28
2.1599661e-44
4.559823e-28
-1.013294e-28
-5.06647e-29
6.6284565e-43
2.026588e-28
-2.533235e-28
-3.039882e-28
1.519941e-28
1.013294e-28
1.013294e-28
-1.519941e-28
1.4525934e-69
2.533235e-28
-3.546529e-28
2.026588e-28
2.533235e-28
8.4238676e-41
4.3199321e-44
3.039882e-28
-6.079764e-28
1.013294e-28
-1.4068579e-41
1.4054179e-41
-5.06647e-29
-1.013294e-28
-3.039882e-28
-5.6216717e-41
1.6865015e-40
-7.0198897e-41
4.053176e-28
-4.053176e-28
1.4054179e-41
2.026588e-28
0
0
-5.06647e-29
7.0270896e-42
1.519941e-28
-5.06647e-29
1.519941e-28
6.079764e-28
-1.013294e-28
2.026588e-28
4.3199321e-44
1.519941e-28
0
-3.039882e-28
-1.013294e-28
-2.026588e-28
-6.079764e-28
-2.026588e-28
-1.013294e-28
-4.053176e-28
5.5964555e-41
3.1852129e-43
0
-4.053176e-28
1.013294e-28
-3.039882e-28
2.026588e-28
2.026588e-28
-3.5999434e-44
2.1102868e-41
1.013294e-28
-1.519941e-28
-4.1753697e-41
-1.519941e-28
-7.0270896e-42
-7.1998869e-45
7.0270896e-42
-1.519941e-28
1.519941e-28
2.1102868e-41
1.4068579e-41
-1.4061379e-41
-5.06647e-29
-1.519941e-28
-2.08363e-54
-7.7393307e-54
7.1998869e-45
-8.106352e-28
-5.06647e-28
3.039882e-28
5.06647e-28
-1.4068579e-41
-1.013294e-28
-5.06647e-29
1.013294e-28
1.4424679e-41
1.4061183e-41
-1.013294e-28
-1.4061379e-41
-2.5658541e-43
0
0
-2.533235e-28
0
1.013294e-28
-2.533235e-28
-2.9316296e-56
-4.2184137e-41
0
2.026588e-28
-1.013294e-28
6.0939035e-43
5.06647e-28
4.559823e-28
-5.06647e-28
0
0
1.013294e-28
2.8151558e-41
1.013294e-28
0
0
1.519941e-28
-6.3330205e-41
-1.519941e-28
0
0
0
0
0
0
0
0
-3.039882e-28
-1.9685931e-40
1.519941e-28
5.06647e-29
-1.519941e-28
-1.3623955e-41
7.0414894e-41
1.519941e-28
4.2027407e-68
5.06647e-29
0
0
-5.6776201e-42
2.8137158e-41
5.06647e-29
0
0
0
0
0
0
0
3.039882e-28
4.2176937e-41
2.026588e-28
5.8981473e-45
7.1998869e-45
1.013294e-28
2.8093959e-41
8.106352e-28
2.533235e-28
-4.8788331e-57
-3.039882e-28
0
-2.026588e-28
0
0
1.013294e-28
-3.5795798e-54
-6.079764e-28
2.533235e-28
1.013294e-28
1.3761834e-41
1.013294e-28
-1.519941e-28
-5.6216717e-41
1.519941e-28
-1.519941e-28
0
-2.533235e-28
4.053176e-28
4.053176e-28
-1.013294e-28
-1.013294e-28
1.013294e-28
-5.06647e-29
6.079764e-28
2.533235e-28
-1.4552972e-41
0
5.06647e-29
-8.2431677e-43
6.144339e-42
1.519941e-28
5.7599095e-44
-2.026588e-28
1.519941e-28
2.8137158e-41
1.519941e-28
-7.1998869e-44
-6.079764e-28
2.026588e-28
0
-2.8137158e-41
-2.1599661e-44
-5.06647e-29
-5.06647e-29
5.6274316e-41
4.2162538e-41
2.8799547e-44
5.06647e-29
5.06647e-29
-4.8788331e-57
-1.4068579e-41
7.1998869e-45
1.45338e-41
2.8108358e-41
-1.519941e-28
0
0
2.533235e-28
8.9977545e-54
5.06647e-29
5.06647e-29
-7.0342895e-42
3.9030665e-56
3.5171447e-41
-1.519941e-28
-3.546529e-28
-6.3243806e-41
2.026588e-28
0
0
-1.013294e-28
1.519941e-28
-1.2653081e-40
-1.013294e-28
5.06647e-29
0
1.519941e-28
-5.06647e-29
2.026588e-28
2.026588e-28
0
-1.013294e-28
5.06647e-29
-3.039882e-28
-1.519941e-28
5.2350058e-44
-6.2549372e-42
3.5135448e-41
5.06647e-29
-7.0342895e-41
3.039882e-28
0
0
0
-1.013294e-28
-5.06647e-29
0
3.546529e-28
4.2119338e-41
5.06647e-29
0
0
-3.039882e-28
-2.1081269e-41
7.0198897e-42
-5.06647e-29
1.013294e-28
-2.1081269e-41
5.06647e-29
0
5.06647e-29
-2.1102868e-41
-5.06647e-29
5.06647e-29
-5.06647e-29
-1.013294e-28
-5.06647e-29
0
1.013294e-28
1.013294e-28
-2.026588e-28
8.4901459e-43
0
-2.533235e-28
2.533235e-28
2.026588e-28
-1.519941e-28
1.013294e-28
1.5443439e-53
3.039882e-28
-4.8788331e-57
1.4285695e-41
-2.7043675e-41
1.1243343e-40
5.06647e-28
-2.026588e-28
1.013294e-28
6.0939035e-43
-5.06647e-29
-3.039882e-28
0
0
5.6641407e-41
7.806133e-56
2.026588e-28
0
0
-1.013294e-28
1.0916801e-68
-1.013294e-28
0
0
-8.9804894e-43
-5.06647e-29
-2.8571391e-41
-1.519941e-28
0
-2.026588e-28
-2.8137158e-41
-1.013294e-28
1.6036588e-43
0
-5.06647e-29
1.013294e-28
-3.5999434e-44
-2.533235e-28
3.039882e-28
-3.039882e-28
-1.013294e-28
1.013294e-28
3.546529e-28
-5.6274316e-41
-1.013294e-28
5.06647e-29
-1.4068579e-41
-1.46385e-41
2.866761e-41
-1.519941e-28
1.013294e-28
-2.026588e-28
1.013294e-28
-7.0342895e-41
-3.039882e-28
3.039882e-28
-3.5999434e-44
-1.519941e-28
5.06647e-29
1.519941e-28
3.039882e-28
-2.026588e-28
5.6256529e-41
-8.4454673e-41
-2.026588e-28
-5.06647e-29
7.1998869e-45
3.039882e-28
4.3199321e-44
1.519941e-28
0
-5.06647e-29
0
2.533235e-28
0
0
0
1.519941e-28
9.7576662e-57
1.519941e-28
0
5.06647e-29
1.8702774e-55
1.013294e-28
0
0
0
1.013294e-28
-7.0342895e-41
-1.519941e-28
0
-1.013294e-28
-1.4061379e-41
1.1275108e-55
0
2.026588e-28
-1.013294e-28
-8.4454673e-41
-3.039882e-28
4.053176e-28
0
-1.013294e-28
1.4068579e-41
-3.039882e-28
0
-1.013294e-28
2.026588e-28
2.2509726e-40
-4.559823e-28
2.8129958e-41
-7.1998869e-45
-5.6303115e-41
4.3199321e-44
3.039882e-28
0
-1.519941e-28
4.2184137e-41
-1.4061379e-41
-1.1911214e-72
-2.8137158e-41
0
-2.026588e-28
-5.6274316e-41
8.5528471e-44
2.026588e-28
-1.4061379e-41
2.5658541e-43
-8.5528471e-44
5.6274316e-41
-9.8480053e-41
2.026588e-28
-5.06647e-29
-5.06647e-29
0
5.06647e-29
3.8593026e-56
-5.06647e-29
0
0
0
2.026588e-28
-2.2509726e-40
-6.079764e-28
0
0
0
0
0
0
0
1.1251306e-40
-1.4075779e-40
-3.039882e-28
1.9243906e-43
-5.06647e-29
5.06647e-29
-4.2227337e-41
1.5902546e-53
2.8557012e-41
5.06647e-29
-1.013294e-28
-5.06647e-29
-1.519941e-28
-2.533235e-28
2.8122758e-41
-2.533235e-28
-1.519941e-28
1.4054179e-41
1.013294e-28
-2.7994074e-41
-1.4140814e-41
1.4078878e-41
1.4078878e-41
-1.519941e-28
0
-1.013294e-28
-1.013294e-28
0
1.013294e-28
-1.519941e-28
5.06647e-29
2.026588e-28
-3.546529e-28
5.06647e-29
-1.4068579e-41
-5.06647e-29
-1.013294e-28
-2.8799547e-44
3.039882e-28
5.6259916e-41
-1.81748e-43
-5.06647e-29
0
2.026588e-28
0
0
0
2.026588e-28
1.519941e-28
-1.013294e-28
-2.026588e-28
0
1.3580086e-41
-2.8151558e-41
-1.013294e-28
0
0
-1.013294e-28
1.1249103e-40
2.533235e-28
0
0
-2.026588e-28
8.4368274e-41
5.06647e-29
0
2.9007514e-41
5.6274316e-41
-4.2184137e-41
1.4068579e-41
-1.013294e-28
0
-2.026588e-28
8.4346675e-41
5.06647e-29
0
1.013294e-28
0
-1.0691059e-43
1.013294e-28
3.9240101e-54
2.026588e-28
-5.6274316e-41
-5.06647e-29
0
0
-2.026588e-28
9.8429653e-41
1.013294e-28
0
2.026588e-28
-2.533235e-28
-3.546529e-28
4.053176e-28
0
-5.06647e-28
4.053176e-28
1.9685931e-40
-1.4061379e-40
1.013294e-28
-8.4382674e-41
2.026588e-28
-2.026588e-28
8.4368274e-41
-1.1254863e-40
-2.026588e-28
1.1243343e-40
4.053176e-28
0
0
0
-3.039882e-28
5.06647e-29
-4.053176e-28
-2.533235e-28
0
0
1.013294e-28
-1.9515332e-56
-2.533235e-28
0
1.013294e-28
2.533235e-28
-7.093058e-28
-3.546529e-28
0
4.053176e-28
4.3199321e-44
1.519941e-28
-5.6216717e-41
-6.079764e-28
4.053176e-28
1.4399774e-43
-1.519941e-28
4.2227337e-41
2.8108358e-41
-1.013294e-28
0
-2.026588e-28
1.1251983e-40
3.039882e-28
-2.026588e-28
5.0612325e-40
1.519941e-28
-1.013294e-28
1.4399774e-44
2.533235e-28
0
0
0
2.026588e-28
-1.013294e-28
0
-3.2073177e-43
2.8137158e-41
4.2162538e-41
1.013294e-28
0
1.013294e-28
-7.1998869e-45
4.2764235e-44
4.2764235e-44
2.8108358e-41
-5.06647e-29
5.06647e-29
-5.6303115e-41
-3.039882e-28
0
-2.533235e-28
-2.026588e-28
0
2.026588e-28
1.519941e-28
-2.026588e-28
0
1.3960171e-41
0
0
1.013294e-28
-8.4382674e-41
-1.0088255e-55
0
0
-1.519941e-28
-2.026588e-28
1.013294e-28
2.026588e-28
-3.039882e-28
-1.013294e-28
-1.013294e-28
-1.519941e-28
1.4075779e-41
-2.026588e-28
1.6865015e-40
1.4054179e-40
-1.013294e-28
2.026588e-28
-3.546529e-28
3.546529e-28
3.4559457e-43
-2.533235e-28
2.026588e-28
5.06647e-29
5.06647e-29
-1.013294e-28
-3.039882e-28
5.06647e-29
1.519941e-28
-5.06647e-29
8.9060829e-56
-2.5658541e-43
-5.06647e-29
-1.4061379e-41
7.0378894e-41
1.519941e-28
0
0
5.06647e-29
-1.4018419e-41
0
2.533235e-28
1.519941e-28
0
-3.546529e-28
1.2661721e-40
3.546529e-28
-3.546529e-28
8.4325075e-41
1.013294e-28
0
1.519941e-28
8.4389874e-41
1.013294e-28
-3.039882e-28
7.0234896e-41
5.06647e-29
-1.519941e-28
-4.2184137e-41
5.06647e-29
0
5.06647e-29
-1.3868744e-41
4.3199321e-44
1.5573441e-53
2.026588e-28
-5.06647e-29
0
3.039882e-28
-4.4996413e-40
-1.013294e-28
-2.8122758e-41
-3.039882e-28
3.039882e-28
3.039882e-28
-1.013294e-28
3.039882e-28
1.013294e-28
0
-3.546529e-28
-5.06647e-28
3.5999434e-44
-3.546529e-28
2.533235e-28
5.06647e-29
4.2764235e-44
2.026588e-28
-3.039882e-28
-1.6876535e-40
2.026588e-28
-3.039882e-28
8.4368274e-41
-5.06647e-29
5.06647e-29
5.06647e-29
1.519941e-28
4.2162538e-41
5.7731718e-43
1.013294e-28
3.039882e-28
-1.013294e-28
1.4061379e-41
-1.519941e-28
8.4411474e-41
-1.013294e-28
-2.8122758e-41
1.9515332e-56
-1.519941e-28
-2.026588e-28
-5.06647e-29
-4.3909498e-56
5.06647e-29
3.375883e-40
-1.519941e-28
1.013294e-28
-5.6245516e-41
3.039882e-28
4.8788331e-57
-1.013294e-28
0
0
1.013294e-28
5.06647e-29
-2.8091399e-41
0
0
0
-5.06647e-29
-2.533235e-28
0
1.013294e-28
-1.013294e-28
8.4382674e-41
-3.039882e-28
0
0
0
3.039882e-28
3.039882e-28
-1.013294e-28
5.06647e-29
7.8051056e-54
1.013294e-28
0
0
-4.053176e-28
8.6398642e-44
2.026588e-28
-5.06647e-29
-5.06647e-29
5.06647e-29
2.8137158e-41
5.06647e-28
0
0
-5.06647e-29
-1.013294e-28
0
0
-9.3012212e-43
-4.0626024e-43
0
-2.533235e-28
-1.519941e-28
1.013294e-28
-1.013294e-28
2.026588e-28
-5.06647e-29
2.026588e-28
1.5637033e-53
1.519941e-28
-1.519941e-28
-4.0805833e-54
-1.519941e-28
0
-1.519941e-28
-2.8129958e-41
-1.519941e-28
2.533235e-28
-1.6877975e-40
-1.013294e-28
0
1.013294e-28
-7.0342895e-41
-3.5999434e-44
1.519941e-28
-1.013294e-28
-5.06647e-29
0
1.013294e-28
-5.6274316e-41
1.519941e-28
4.3199321e-44
3.039882e-28
-4.053176e-28
-5.06647e-28
4.053176e-28
-5.06647e-29
0
-1.013294e-28
1.6870775e-40
3.039882e-28
0
-1.013294e-28
-2.8137158e-41
1.519941e-28
1.4068579e-41
-1.013294e-28
2.026588e-28
3.7963564e-40
-5.06647e-28
5.06647e-28
1.5653126e-53
2.026588e-28
2.026588e-28
-6.079764e-28
-2.026588e-28
-5.0139587e-44
1.013294e-28
-3.7963564e-40
7.093058e-28
-9.119646e-28
9.8480053e-41
1.013294e-28
-3.9351702e-40
-7.599705e-28
-2.8122758e-41
-5.06647e-28
5.06647e-29
-1.013294e-28
1.0691059e-43
-5.9358693e-56
0
0
-5.06647e-29
1.013294e-28
8.4382674e-41
-5.6252716e-41
-2.8108358e-41
-5.06647e-29
0
-2.533235e-28
-2.026588e-28
0
0
0
0
0
-1.519941e-28
-2.026588e-28
0
2.533235e-28
-1.013294e-28
8.4397074e-41
1.013294e-28
0
0
0
5.06647e-29
2.1382118e-44
-5.929289e-57
5.06647e-29
-4.053176e-28
-3.3764589e-40
-1.013294e-28
0
1.013294e-28
5.9077952e-40
-3.546529e-28
2.026588e-28
-3.546529e-28
3.546529e-28
1.1249103e-40
-8.106352e-28
0
0
1.519941e-28
3.546529e-28
0
9.119646e-28
3.4559457e-43
1.2666175e-27
-1.3679469e-27
-4.8638112e-27
0
-4.053176e-27
-4.8638112e-27
0
9.5756283e-27
7.599705e-27
-8.8156578e-27
5.2184641e-27
6.079764e-27
-2.0823192e-26
-7.7010344e-27
-1.1879813e-42
-9.3729695e-27
1.0538258e-26
1.175421e-26
1.3426145e-26
-7.806133e-56
1.7175333e-26
1.9657904e-26
-2.2089809e-26
0
-5.6440476e-26
-6.3128216e-26
0
4.0177107e-26
9.0183166e-26
2.8199905e-38
5.7301775e-26
1.28891e-25
-1.451037e-25
-1.6364698e-25
-9.2260418e-26
-1.0381197e-25
0
1.3096825e-25
4.4184685e-25
-1.6582556e-25
1.1170576e-52
6.2758364e-25
-4.6986443e-25
-2.6386176e-25
-2.9603384e-25
-6.6431554e-25
7.4507507e-25
4.1767978e-25
-4.6834448e-25
-5.2513961e-25
-5.8841982e-25
1.9772912e-24
7.38286e-25
-2.4802397e-24
-9.255934e-25
1.0360424e-24
2.319126e-24
-1.297219e-24
1.4504797e-24
-2.699577e-36
3.0181995e-36
6.0752041e-24
-2.2621282e-24
-2.5263953e-24
-5.6424263e-24
-3.1493684e-24
7.0290178e-24
1.1144129e-39
4.3735795e-24
-4.8770853e-24
-1.6310031e-23
1.8177126e-23
6.7511726e-24
-2.2560332e-23
0
2.7970258e-23
1.0377144e-23
-3.4640215e-23
1.2844464e-23
2.8568507e-23
8.8152473e-36
-1.9593711e-35
-1.9614484e-23
0
-4.8398468e-23
-5.3735285e-23
2.9822306e-23
3.309327e-23
7.3425411e-23
-4.0716483e-23
-4.5144173e-23
1.000797e-22
0
-1.2286068e-22
-1.3607039e-22
7.532934e-23
1.6676428e-22
-5.1216717e-35
-1.020763e-22
2.2578703e-22
-1.2482166e-22
4.5950607e-34
3.0492499e-22
-1.6842836e-22
0
-4.1075169e-22
0
5.554679e-34
2.7594625e-22
6.0864487e-22
-1.0065613e-21
1.0510648e-37
8.1497503e-22
0
-9.8864096e-22
-5.4421082e-22
1.1979248e-21
-7.3171761e-34
-7.2491159e-22
1.5942925e-21
-8.7632224e-22
1.6034746e-33
2.1162349e-21
-1.1621906e-21
1.276124e-21
-2.8016267e-21
-4.6116936e-21
0
5.5487093e-21
4.0557651e-21
-6.6681712e-21
-4.8711157e-21
2.6679732e-21
5.8433824e-21
-3.1985762e-21
-3.5006476e-21
7.6601822e-21
-4.1892727e-21
-9.1615015e-21
5.0072925e-21
-7.7760223e-37
1.1955545e-20
1.3056865e-20
-2.1382918e-20
7.7794605e-21
1.4137341e-32
-2.7776535e-20
0
3.3017949e-20
2.3987966e-20
-1.3066623e-20
-1.423077e-20
-1.5493811e-20
0
-1.8348955e-20
1.107864e-32
4.340606e-20
-1.3092164e-32
-2.5637942e-20
0
-3.0248057e-20
6.5679261e-20
1.0692576e-19
-7.734204e-20
-1.2583252e-19
-4.5479832e-20
4.9297731e-20
1.0683797e-19
-5.7866153e-20
6.2663351e-20
6.783633e-20
-1.4682516e-19
1.5884289e-19
8.5894215e-20
-2.7859276e-19
-2.0073424e-19
1.084407e-19
3.5137595e-19
-2.807883e-31
3.030762e-31
1.4728854e-19
1.7637513e-31
1.7131563e-19
-1.8466937e-19
-1.9899778e-19
-2.1436642e-19
2.3084483e-19
2.4850669e-19
-8.0229025e-19
2.8769767e-19
6.187939e-19
-9.9786146e-19
-1.0159799e-34
3.8403735e-19
-8.2488676e-19
-4.4279958e-19
0
5.0985606e-19
5.4682009e-19
1.1725247e-18
-6.2833309e-19
2.2420307e-30
2.1630012e-18
-7.7193816e-19
-8.2618735e-19
-8.8394097e-19
9.4540165e-19
1.0107819e-18
-3.2409143e-18
1.1542037e-18
2.4654468e-18
2.192014e-30
1.4046617e-18
-2.9972569e-18
-4.7949394e-18
-9.4561933e-31
1.0080586e-30
2.749517e-34
2.0605512e-18
4.3873734e-18
2.3345836e-18
-7.4509015e-18
2.9321832e-30
5.6156807e-18
0
0
-3.3660152e-18
1.9833504e-30
-2.1040698e-30
-4.0219017e-18
8.5293179e-18
4.5204029e-18
5.31595e-30
-5.0731943e-18
-1.6114381e-17
-5.6851502e-18
0
0
0
2.1322707e-17
1.501722e-17
-2.3787902e-17
9.2948079e-30
1.7665463e-17
0
0
-2.0710216e-17
2.4224658e-29
1.275387e-29
-2.4196968e-17
1.2732849e-17
2.679072e-17
2.8173911e-17
-1.4808586e-17
-4.6683649e-17
-1.6345822e-17
0
0
0
5.9471609e-17
4.1566659e-17
-6.5342425e-17
5.0661415e-29
2.3893934e-17
-3.554368e-33
2.6171485e-17
-5.4748984e-17
3.1774421e-29
2.9914084e-17
-6.2505392e-17
0
1.8917699e-29
7.1111533e-17
7.4178242e-17
-1.1602068e-16
-8.0620028e-17
4.1999382e-17
2.4274222e-29
-4.5540367e-17
1.42181e-16
9.8606502e-17
-5.1269884e-17
-5.3294302e-17
5.5377205e-17
5.7519253e-17
-5.972107e-17
-6.1983235e-17
3.5694875e-29
-3.7008937e-29
-6.9136966e-17
0
-7.4216464e-17
1.5370069e-16
2.3864196e-16
-1.6461514e-16
-1.7026242e-16
-8.8018321e-17
1.0097638e-28
1.8796579e-16
-9.7060188e-17
1.002006e-16
1.0340389e-16
-2.1333949e-16
2.1999558e-16
1.1338759e-16
-1.1683864e-16
-2.4070073e-16
-1.2392213e-16
2.5510643e-16
-7.281246e-29
1.3499023e-16
1.3879441e-16
-4.2796328e-16
1.4656926e-16
1.5053779e-16
-4.636766e-16
2.2542858e-32
4.8826105e-16
1.6692479e-16
-5.134295e-16
1.7540735e-16
-2.2382419e-44
3.0646124e-28
3.769186e-16
-3.8578196e-16
-3.9472067e-16
2.0186559e-16
-2.2914084e-28
-4.2195295e-16
2.1557833e-16
6.6062563e-16
2.2486513e-16
-2.2954608e-16
0
-2.3897282e-16
-4.8742883e-16
3.5309995e-32
7.5973021e-16
2.5802645e-16
-5.256379e-16
3.8030901e-32
5.448468e-16
-5.5446177e-16
4.6973918e-28
5.7369024e-16
-8.7494203e-16
-5.9288657e-16
0
0
3.1077071e-16
9.4655649e-16
3.2024934e-16
-9.7488e-16
3.6596e-28
6.6862562e-16
-6.7790104e-16
-6.8711899e-16
3.4813756e-16
7.0536507e-16
-3.5719228e-16
-3.6166467e-16
1.0982928e-15
3.7048898e-16
6.2429516e-28
-2.1034312e-28
-3.8339332e-16
3.8759812e-16
-7.8350262e-16
-1.1875529e-15
0
1.211646e-15
8.1561931e-16
-1.2350289e-15
1.1808656e-31
4.1921944e-16
-8.4578485e-16
4.264974e-16
4.3003268e-16
4.8124715e-28
-4.3688765e-16
-8.8040827e-16
4.4344453e-16
8.9321461e-16
8.9938195e-16
-5.0268788e-28
-4.5561515e-16
4.5845281e-16
-9.2241134e-16
-1.3916171e-15
0
1.4068263e-15
9.4268509e-16
-1.4209552e-15
5.2842155e-28
4.7799153e-16
-4.800198e-16
-4.8195215e-16
2.6840131e-28
9.7104945e-16
-2.7041239e-28
-9.7740163e-16
5.4405764e-28
5.4553923e-28
9.8540832e-16
1.4814959e-15
-9.8971e-16
5.5052359e-28
1.6537077e-27
-4.9728697e-16
-4.9788263e-16
-9.9673908e-16
1.496241e-15
4.9901436e-16
-9.98342e-16
9.9843142e-16
2.8373049e-31
-1.4968646e-15
-4.9865171e-16
4.9823469e-16
1.4931105e-15
-1.6555701e-27
-9.9259406e-16
-4.9542109e-16
9.888593e-16
1.4799674e-15
-1.4762981e-15
-4.9076024e-16
-5.430638e-28
-4.8773351e-16
9.7209179e-16
-2.6879121e-28
4.8232252e-16
-4.8028706e-16
1.5926829e-27
1.4276094e-15
-1.420466e-15
-1.4129793e-15
0
0
0
4.5987728e-16
1.370455e-15
4.5364901e-16
4.9997942e-28
4.4698309e-16
-1.3304659e-15
-4.3988811e-16
4.3618278e-16
4.3237403e-16
4.2846333e-16
-8.4890449e-16
4.2034243e-16
-4.1613566e-16
1.3715942e-27
8.1487743e-16
-1.2088577e-15
-7.9675489e-16
0
7.7793896e-16
4.2645538e-28
-3.7923408e-16
1.1227501e-15
3.6919212e-16
-3.6406314e-16
0
0
-3.4828007e-16
-6.85795e-16
7.4926295e-28
6.6393981e-16
3.2643182e-16
-3.2084896e-16
3.1522501e-16
-3.0956369e-16
-3.0124112e-44
4.9656296e-28
-8.7718205e-16
0
0
5.5005763e-16
5.3843173e-16
2.6339753e-16
-2.8591405e-28
-7.5528383e-16
2.731137e-28
4.8030695e-16
0
-4.5721495e-16
-2.2286803e-16
4.343128e-16
-2.1147665e-16
-2.0583279e-16
6.0068626e-16
-1.9466842e-16
6.2997435e-28
3.6738798e-16
-5.3486171e-16
-3.4587773e-16
0
0
0
4.5658787e-16
2.94377e-16
-4.2677441e-16
-2.7481503e-16
0
2.5591069e-16
-1.369465e-28
-1.1885012e-16
2.2886513e-16
-1.1010736e-16
1.0587604e-16
1.0173995e-16
-2.9310082e-16
1.8751607e-16
1.7982812e-16
-8.6169023e-17
8.2523431e-17
-1.5795523e-16
-2.2659527e-16
0
2.0681928e-16
1.3158636e-16
-6.2745653e-17
-5.9796591e-17
6.3217884e-29
-5.4190782e-17
1.7165487e-28
4.8968278e-17
2.5816478e-29
4.4956753e-46
-4.1832166e-17
0
-3.7523011e-17
7.099603e-17
1.0067116e-16
-9.5094823e-17
-8.975925e-17
0
5.3191135e-17
5.0091704e-17
-4.7136539e-17
2.2160711e-17
2.0821059e-17
-5.8641452e-17
3.6673695e-17
3.437597e-17
-1.609843e-17
-3.013206e-17
-1.4088653e-17
3.9492623e-17
1.2290591e-17
1.9093105e-29
-2.1375352e-17
-5.6583956e-33
2.7791521e-17
-1.7228408e-17
-2.4010767e-17
-7.4301516e-18
2.0676379e-17
1.2775538e-17
-1.77462e-17
1.2154158e-29
1.012032e-17
4.6741816e-18
-2.3945823e-30
-7.9562558e-18
4.0690122e-30
-3.3740934e-18
-3.1033395e-18
8.5553648e-18
2.6182982e-18
2.6663083e-30
-4.4022175e-18
6.7120931e-30
5.5306645e-18
-3.3695691e-18
1.7084879e-30
1.5586674e-30
2.8384993e-30
1.1634512e-18
-3.1734474e-18
9.6068218e-19
1.4509374e-30
2.6296539e-30
2.1434798e-18
-6.4569858e-19
-1.1654651e-18
5.8302398e-31
-4.7258957e-19
-4.2461901e-19
7.6181933e-19
6.8228801e-19
-3.3857767e-31
-8.1680555e-19
2.6931513e-31
2.1592597e-19
-3.8376877e-19
1.7033288e-19
1.5109235e-19
-7.4339372e-32
6.5986017e-32
-1.0566873e-19
1.9277052e-19
-9.3220147e-20
3.0631653e-31
2.8800811e-31
-2.6113438e-19
2.0418956e-19
-3.2371601e-35
-2.1310171e-19
1.0253838e-19
3.5163946e-19
1.2803323e-19
-3.5251898e-19
1.1962354e-31
1.1705445e-19
-2.5454045e-19
2.4044082e-19
5.254567e-31
-1.024899e-19
1.0833468e-19
-1.0561004e-19
1.8372916e-19
-8.4366635e-20
-2.68916e-19
0
0
1.2883856e-19
1.956149e-35
-1.6391452e-19
7.6453544e-20
1.6356528e-19
5.2622077e-20
-2.1922839e-19
-2.2188945e-35
-6.5419997e-32
-1.1450152e-19
2.372499e-19
4.3406557e-31
-7.2175886e-20
6.993151e-20
8.7648577e-20
-1.0534133e-31
-8.0380644e-20
1.4274953e-19
-1.6545373e-19
3.075856e-31
1.6494277e-19
-1.9931041e-19
-1.3850341e-19
8.461041e-20
2.5938531e-19
6.9504466e-20
-6.1969981e-20
0
7.8786696e-20
-6.8493712e-20
-1.6191716e-19
-2.9890988e-32
1.2645175e-19
-6.4174061e-20
-5.3675857e-20
1.0190201e-19
-5.8358585e-20
5.9464273e-20
1.0288724e-19
-1.4775592e-19
1.8581577e-31
-1.2713955e-31
-9.8416042e-20
9.0033597e-20
5.0157115e-20
5.3254807e-20
5.274788e-32
-4.2887198e-20
9.3723025e-20
-1.0104184e-19
-1.420483e-19
0
5.5823427e-20
-3.2523405e-32
-1.4258641e-35
1.4312707e-19
5.8869519e-20
-2.022936e-19
6.1040484e-20
4.322197e-47
-1.333527e-19
4.4203894e-20
1.4366614e-19
5.023027e-20
-1.0947965e-19
6.5445469e-20
-6.9820475e-20
2.1338005e-31
1.176091e-19
-1.806497e-19
-6.727054e-32
2.3096471e-31
-6.881667e-20
3.9589225e-20
1.8584052e-32
-1.8553442e-20
3.3371657e-20
8.3377092e-21
0
0
-1.1122491e-20
1.7737227e-32
7.8995821e-36
2.2122638e-32
2.2530411e-20
2.5635498e-20
-3.3552744e-20
-4.203502e-20
9.0850417e-20
-8.76214e-20
4.5962497e-32
7.8218969e-20
-7.1289889e-20
-1.1069868e-31
3.7889028e-32
-3.2413488e-20
4.4189823e-20
-1.1125191e-20
1.1033541e-32
2.8366946e-21
0
-2.393957e-21
-3.5959154e-21
9.8946593e-21
8.0818043e-21
-1.6601336e-20
4.1813262e-32
3.024628e-20
0
0
-6.1244207e-20
-6.9023413e-20
0
6.3019301e-20
3.3247295e-20
-3.7583119e-20
3.9013855e-20
-3.7477809e-20
0
6.4211736e-20
0
0
-1.8081272e-20
2.1705227e-32
2.063226e-20
0
-1.4252885e-20
-5.2742535e-33
5.4946729e-21
0
-7.6506925e-21
-2.3823672e-21
-4.7428112e-21
-9.3787426e-33
9.7148115e-21
-2.3586084e-20
-2.7334122e-20
2.2968495e-20
2.900935e-36
2.0259033e-32
1.8720355e-36
-1.3995629e-20
9.8081765e-21
-1.1836239e-32
9.6507379e-21
-6.9551583e-21
-1.1460993e-20
4.4444755e-21
-1.8426603e-22
-5.3405279e-22
-2.3168125e-33
-1.1548185e-21
-5.0425454e-22
-5.1824109e-21
9.8957382e-21
1.5387994e-32
3.5264051e-21
5.3686853e-21
-1.395147e-20
5.6852195e-21
-5.0281884e-33
3.566696e-33
-7.7175276e-21
-1.249031e-20
7.186642e-21
3.2212187e-21
0
1.3431326e-21
2.7577613e-33
-8.3865293e-21
-7.3930592e-33
2.5300284e-20
1.8502709e-20
0
-2.2841476e-20
-2.5923623e-32
-1.3762801e-20
-1.5942802e-20
4.6626909e-20
-8.0784866e-33
-3.0508249e-20
1.6661449e-20
3.2269148e-20
-1.5614421e-20
-3.1406867e-20
-1.5594092e-20
0
3.3482981e-20
-1.3658646e-20
-3.757688e-20
1.3249991e-20
1.2368149e-20
2.2683026e-20
1.0993928e-20
-2.3521598e-20
-1.2561073e-20
-1.2118604e-20
1.2082743e-32
9.8657368e-21
9.4977383e-21
1.8343362e-20
8.3870977e-21
0
0
0
-1.1854138e-20
-1.1514163e-20
1.2682802e-20
7.4220102e-33
6.9665195e-33
-6.1453457e-33
-1.1431138e-32
1.0483037e-20
0
-1.2923627e-20
-7.0754387e-21
7.377244e-21
-7.4824263e-21
-7.7035541e-21
0
0
2.1103279e-20
-3.6119713e-32
-2.3479829e-32
2.2523651e-20
-2.5758612e-20
-2.846403e-20
0
2.911173e-20
-1.6334177e-32
-3.1326952e-20
3.3370289e-20
1.7498377e-32
-2.9644302e-20
0
3.4712336e-20
1.8075619e-20
-3.6130575e-20
1.6224542e-20
3.2967741e-32
-3.1055096e-20
3.2675845e-20
3.3369845e-20
0
0
0
-2.8800354e-20
-2.9057176e-20
2.7948784e-20
0
-2.3589186e-20
0
-1.119325e-20
2.2100538e-20
1.0428333e-20
-9.6435817e-21
1.7764241e-20
8.5322549e-21
-1.710694e-20
-8.4567852e-21
-8.7859354e-33
7.1869316e-21
-1.5267872e-32
3.9774175e-36
1.4243556e-20
0
-6.4232304e-21
-1.2230573e-20
-6.0367133e-21
0
0
0
-6.2983064e-21
1.2425425e-20
6.0901463e-21
-6.2371727e-21
-6.5573961e-21
6.6919893e-21
6.6619713e-21
-1.3577078e-20
0
1.4905691e-20
1.5042702e-20
0
0
-1.638425e-20
-9.6490515e-33
-8.7775113e-21
-8.5949041e-21
8.6404786e-21
-9.0609009e-21
9.6601489e-21
1.9798101e-20
9.7819642e-21
0
-2.0127442e-20
-1.1530682e-32
1.0490646e-20
-1.0316488e-20
-1.0202758e-20
-2.0859876e-20
2.0777809e-20
9.4976394e-21
-2.6367076e-36
9.9019636e-21
-2.0611077e-20
1.0337002e-20
-9.949139e-21
-1.6287615e-48
8.2260784e-21
-1.5816968e-20
1.6870714e-20
1.7390445e-20
0
-8.4398475e-21
-1.5981509e-20
4.2223622e-33
7.3827e-21
7.3661652e-21
-1.4372209e-20
-1.3536541e-20
6.6354037e-21
1.3671353e-20
1.3894505e-20
-6.7832889e-21
-1.2995178e-20
6.2421067e-21
-6.362246e-21
1.1273195e-32
7.0612411e-21
-1.4271551e-20
1.4251355e-20
8.0014223e-33
-4.0610802e-32
1.4901075e-20
-1.4968389e-20
-3.2460694e-32
7.4740012e-21
-1.6098164e-20
8.5638282e-21
-2.5200464e-36
3.9942566e-32
9.0811524e-21
-1.8361144e-20
2.0685139e-32
-5.2928228e-33
9.7055012e-21
-2.7679721e-36
-1.9442553e-20
1.9611118e-20
5.5561256e-36
-4.1795691e-32
1.8353697e-20
-1.8686844e-20
-2.1337541e-32
1.9372439e-20
-9.4667785e-21
-9.0508164e-21
-8.6876414e-21
8.5606083e-21
-9.4828208e-33
-1.6769406e-20
0
0
1.4676194e-20
2.069549e-36
-1.4287451e-20
6.7165787e-21
-6.8394997e-33
5.7436147e-21
1.2327904e-32
-1.0919842e-20
0
-4.8306433e-21
8.7582804e-21
4.104393e-21
-8.8355676e-33
3.8525765e-21
-7.185309e-21
3.3002102e-21
-3.4647339e-33
-6.0137981e-21
0
0
2.4837876e-21
-1.3616828e-33
2.4584364e-21
-2.3831001e-21
-6.7849049e-21
6.6833984e-21
2.3354844e-21
-4.9465502e-21
2.5024085e-21
4.013762e-33
2.3718571e-21
-1.4336406e-36
-9.2644567e-33
2.9888853e-21
-6.1009482e-21
-3.076213e-21
0
-3.4069775e-21
3.6580477e-21
3.82159e-21
3.8514858e-21
-8.6025864e-33
4.4325259e-33
-4.6538122e-33
-8.8739359e-21
4.6603733e-21
8.0387779e-33
-9.8156965e-21
6.9174906e-37
4.7955058e-21
9.6553318e-21
1.0034394e-20
-1.0560058e-20
-6.0444057e-33
-5.4322533e-21
-5.275355e-21
1.0195373e-20
-1.0017866e-20
-5.0793921e-21
1.5718665e-20
1.0592415e-20
-5.1986845e-21
-9.937675e-21
-4.7041209e-21
4.557027e-21
9.1269203e-21
-9.1665173e-21
-1.3441302e-20
4.2238794e-21
3.9270999e-21
7.5028554e-21
3.6885113e-21
-7.2726908e-21
-3.5216585e-21
-3.3318936e-21
6.1513024e-21
2.7762018e-21
-5.0032284e-21
4.6936955e-21
-1.2091381e-50
6.5556154e-37
4.3836047e-21
-3.8700841e-21
-5.4918197e-33
-1.6466826e-33
-4.9449021e-33
-4.9224966e-50
-4.5721988e-21
-1.5308827e-33
1.2291968e-21
2.3878762e-21
2.5250355e-21
-2.6925474e-21
-3.026969e-33
-1.3335821e-21
-4.5362212e-33
1.4947055e-21
-3.3510293e-21
0
1.9463759e-21
-2.2968153e-33
2.2360973e-21
4.8463595e-21
-5.2597653e-21
-5.7284056e-21
0
6.7624219e-21
-8.0130477e-33
-7.6651603e-21
8.1875794e-21
4.8506284e-33
-4.6490535e-21
-2.7243905e-33
-1.4628063e-36
5.4226119e-21
-5.7223953e-21
-6.0024324e-21
6.237896e-21
-7.1437918e-33
6.6573748e-21
-2.3204791e-32
8.0038811e-33
1.4661539e-20
-1.4858489e-20
-1.5233126e-20
0
1.5988376e-20
-1.7896591e-32
-1.5560732e-20
1.5434893e-20
1.6170751e-20
-8.3711227e-21
-1.6987215e-20
-4.6826982e-33
-1.1434967e-36
-4.3188414e-33
-2.251159e-36
-8.1573671e-21
1.6516612e-20
1.6310215e-20
-1.5870068e-20
-8.502442e-33
1.4856544e-20
-1.4694411e-20
-1.4539351e-20
0
1.3799122e-20
-1.9001397e-36
7.1922718e-33
6.8987151e-33
-1.2928243e-32
1.1078033e-20
-1.0892708e-20
-5.1369219e-49
1.0323777e-20
-1.4571803e-20
-9.0054453e-21
4.2465892e-21
0
7.9600218e-21
-1.2577732e-32
3.9018614e-33
6.5112821e-21
0
0
-8.2252674e-21
-2.5387113e-21
2.3429682e-21
-2.1954035e-21
2.0713916e-21
-1.9187322e-21
-3.8901975e-33
1.6196188e-21
1.5183562e-21
1.3997906e-21
-1.2225604e-21
0
0
-1.921877e-21
9.2226704e-22
2.4249875e-21
0
-5.851705e-22
-1.1306103e-21
-7.6614428e-38
-4.3984918e-22
-6.578468e-34
1.2673217e-37
-2.5730525e-22
9.551578e-22
6.8226874e-34
-1.047114e-33
1.0777639e-22
-4.0235462e-23
-8.5736549e-23
1.6517125e-22
1.7476694e-22
-1.9521537e-22
-3.485337e-35
6.4519333e-23
-1.6658629e-22
4.6733507e-34
1.3897365e-22
-1.9701415e-22
9.7853322e-23
-1.6427158e-22
-4.1802559e-34
2.8842323e-22
-4.9313756e-22
3.946395e-22
-1.2162778e-37
-2.2222266e-33
-2.0307747e-37
-2.5571884e-33
7.5389042e-22
-3.8079647e-22
-9.118133e-34
4.298539e-22
-8.1912727e-22
-7.9036093e-22
8.7825646e-22
-1.7358915e-33
-5.7752455e-22
-6.2003288e-34
4.919374e-22
-2.7391214e-37
-1.1472926e-21
1.399751e-21
2.5773487e-33
-2.5106952e-33
7.5693837e-34
-1.4926505e-33
1.5528018e-21
0
0
-1.0768548e-21
-2.0828387e-21
1.0193798e-21
-2.3917037e-33
-2.6556398e-33
-4.3952645e-33
-2.7785904e-21
1.3936363e-21
-1.548889e-33
-1.4467235e-21
1.5362581e-21
-1.7871686e-33
-1.6235144e-21
0
0
0
3.8219995e-21
3.9845685e-21
-3.8379916e-21
-1.9188557e-21
1.9418367e-21
-4.0081069e-21
4.1319839e-21
8.1993e-21
-3.8631793e-21
-3.5700825e-21
5.0218809e-21
-1.5988229e-32
-2.9635865e-21
-2.8917331e-33
1.0036393e-21
1.9424771e-21
-2.3319675e-21
-1.2129063e-21
2.6066253e-21
1.4465567e-21
0
0
-1.8923043e-21
1.8325763e-21
2.9703264e-21
-2.5148551e-21
1.0953843e-22
-2.3016619e-21
2.3806003e-21
-3.5854328e-21
3.0177379e-32
4.8893762e-21
-8.7232973e-21
5.6571451e-21
-4.9317105e-34
7.1333224e-21
-1.693894e-20
-1.4056339e-20
3.9019195e-20
-2.3952865e-20
-5.2165026e-20
4.8596854e-20
3.5169721e-20
0
2.0083576e-20
-2.8339933e-20
-1.0282818e-19
7.4228681e-20
-9.2034131e-20
1.9967068e-19
-3.0508996e-31
2.0717179e-31
1.9554466e-20
-1.404119e-31
1.5538457e-19
5.6096226e-19
-8.2570206e-19
-7.9245415e-19
-2.4993906e-18
-2.321396e-18
-1.5992801e-18
-2.5168647e-19
2.1149112e-19
0
5.5748218e-20
-2.3427284e-20
3.2182121e-20
-5.9401398e-20
-3.5889373e-20
8.0517385e-20
8.088824e-20
0
0
-1.8046793e-20
-1.9419597e-20
-2.7872233e-21
-4.6672039e-21
-1.1419027e-20
1.3908294e-20
-1.4898003e-32
-9.5995394e-21
7.4031964e-21
-1.3975881e-32
-3.9019637e-21
-3.0392163e-22
1.861562e-22
2.4268905e-21
-4.9340019e-33
-3.7356893e-21
6.440053e-21
-2.2124667e-21
7.3249426e-33
-6.8653856e-33
-1.8328199e-21
1.6155796e-21
-1.3748986e-21
2.1977262e-21
1.7249595e-21
-1.4036512e-21
1.1553344e-33
1.3835303e-33
2.0010153e-22
0
0
-2.3662505e-22
-1.215737e-33
1.94158e-21
-2.4199827e-21
-1.1743977e-21
3.5427803e-21
-2.860056e-21
1.6293796e-49
-1.3438386e-32
-4.5076733e-21
-4.6492938e-33
-1.439737e-21
0
2.3561194e-21
2.9535546e-21
-2.5176845e-21
-2.79219e-33
5.9104001e-22
-7.4556678e-22
-1.9645169e-33
-8.0368858e-34
3.7532182e-22
-3.3443544e-33
-3.4685426e-50
4.8457827e-22
-1.5362816e-21
1.2549957e-21
1.3683974e-21
-1.2493041e-21
6.2451653e-34
5.8604738e-22
0
0
-1.0498253e-21
1.0636199e-33
-1.0795083e-33
-6.5435413e-50
-9.2729611e-34
-7.2664727e-22
6.7935633e-22
9.6110791e-22
-2.8182632e-22
-2.3582673e-22
1.9942126e-22
0
1.3506525e-22
-1.9016251e-22
1.8399931e-34
-1.1432478e-34
4.3767058e-23
1.4047464e-34
1.0661881e-22
0
-3.9854405e-22
-5.2098194e-22
0
0
0
9.1863792e-22
5.0025901e-22
-1.0821899e-21
-1.1603478e-21
1.2342909e-21
-2.1840484e-33
-6.9093151e-22
2.1518658e-21
-1.4840372e-21
-1.5376686e-21
7.9087294e-22
0
0
0
1.6717608e-21
3.7138759e-33
-1.667125e-21
1.6590224e-21
1.6438202e-21
-2.4287618e-21
-1.5888078e-21
7.77554e-22
-7.580841e-22
7.3579153e-22
7.1200605e-22
-6.8703507e-22
0
1.2644797e-21
-1.3418662e-33
-5.7657217e-22
1.0976729e-21
5.2123746e-22
-4.9516906e-22
5.2409395e-34
4.5375733e-22
-8.9862743e-22
-9.1907196e-22
0
0
0
8.3347995e-22
8.943284e-34
-7.8144258e-22
0
7.4505109e-22
-3.6708778e-22
1.2140175e-33
3.6484675e-22
-1.1050716e-21
4.1668455e-34
3.8551759e-22
7.9372605e-22
1.1608528e-37
-8.5330065e-22
9.0749475e-22
2.1362057e-33
2.2406745e-33
-5.3299835e-50
2.5435389e-33
1.2269044e-21
0
-1.3477457e-21
-7.1269199e-22
1.0805906e-37
-8.1200322e-22
1.7220309e-21
-8.3583347e-50
-1.9428841e-21
0
1.1145109e-21
2.3260202e-21
1.2048306e-21
-1.2695816e-21
-1.8807968e-37
1.3633305e-21
0
0
-3.2016072e-21
-3.3214513e-21
3.4584518e-21
-4.0786026e-33
-3.9011461e-21
0
0
4.4782015e-21
-2.3695407e-21
1.6526555e-32
2.5861231e-21
1.2053355e-32
5.7127456e-21
0
0
-3.2533059e-21
3.7815223e-33
-3.5545962e-21
-7.3987046e-21
0
0
0
8.670231e-21
8.9930725e-21
0
-9.66663e-21
-1.4995567e-20
-5.1621386e-21
1.5986515e-20
1.0991182e-20
-1.1312775e-20
-5.8117958e-21
5.9659595e-21
1.2237248e-20
-1.2531074e-20
-1.2809355e-20
1.9610226e-20
1.3331513e-20
0
0
-7.0344717e-21
1.585603e-32
7.2249989e-21
-1.462756e-20
-1.4810631e-20
0
0
0
1.5208919e-20
3.3746558e-32
-1.516228e-20
-7.5944056e-21
1.5159975e-20
-5.0123956e-32
4.9896979e-32
1.4847072e-20
1.6252813e-32
-7.229934e-21
-1.4245104e-20
0
0
0
1.3209733e-20
1.291477e-20
0
-1.2293756e-20
1.3245387e-32
-5.7864446e-21
3.7378345e-32
1.0843907e-20
-1.043259e-20
-5.0083831e-21
-4.8029713e-21
4.5913772e-21
4.3736226e-21
-4.1564206e-21
-3.9641591e-21
3.7917349e-21
1.0792592e-20
3.3834642e-21
0
-2.9586555e-21
-3.9144336e-37
-2.5577471e-21
-4.734932e-21
4.3827823e-21
2.034496e-21
-1.891953e-21
1.7613967e-21
-1.6468117e-21
-4.6415963e-21
-1.4842965e-50
4.2060193e-21
-1.3722642e-21
4.4969551e-33
1.4516752e-50
-1.3211821e-21
1.3601206e-21
-1.4105748e-21
2.8853486e-21
-3.2547341e-33
-1.5247292e-21
3.2374156e-21
-1.69052e-21
-3.4487344e-21
3.5513643e-21
8.3200351e-33
-5.8597837e-21
3.9664556e-21
-4.8763507e-50
1.4197399e-32
2.1935488e-21
-4.3979654e-21
4.4748326e-21
-5.1782663e-33
-2.3917673e-21
1.2134853e-50
-2.4041764e-21
4.951698e-21
5.0691378e-21
0
-5.1133026e-21
-5.2076164e-21
-2.6557294e-21
5.3703059e-21
8.1278543e-21
-2.748317e-21
-8.3821286e-21
1.259003e-32
2.8843632e-21
3.2643349e-33
6.6100822e-33
2.9989433e-21
-3.0244975e-21
2.0325222e-32
9.2381252e-21
-3.1108219e-21
6.9816204e-33
3.1793989e-21
0
-6.5191581e-21
-6.6082715e-21
0
0
0
-3.5153947e-21
-1.1912085e-32
4.0408815e-33
7.4117945e-21
-3.9239105e-50
3.8410681e-32
3.9183811e-21
-1.2047589e-20
8.3084623e-21
4.2818096e-21
-1.3027088e-20
4.8603543e-33
4.4207489e-21
0
0
9.0362521e-21
-1.0088325e-32
1.0143453e-32
9.177338e-21
-9.2128277e-21
2.052797e-32
4.6346062e-21
1.031436e-32
-1.0331096e-32
-9.3167985e-21
1.0367423e-32
1.0349169e-32
4.6268489e-21
-4.5992962e-21
3.0461832e-32
1.3622131e-20
-4.5123784e-21
9.959603e-33
4.4603889e-21
0
-8.8504919e-21
-8.8320351e-21
4.4142905e-21
-4.9076468e-33
-4.4338059e-21
8.9075002e-21
2.9825028e-32
-9.0274151e-21
9.0831693e-21
-4.5434703e-21
3.0334177e-32
4.5768894e-21
2.0442787e-32
9.2866366e-21
-9.3906651e-21
-9.5151048e-21
0
0
0
1.0282162e-20
2.3411027e-32
-1.083349e-20
1.1153618e-20
1.1503869e-20
0
-1.2289761e-20
1.4137645e-32
6.6105334e-21
-6.8353536e-21
-7.0051747e-21
-1.4325229e-20
1.6304246e-32
7.5199048e-21
-7.6969541e-21
1.7503265e-32
-1.7924981e-32
1.6526e-20
1.6918215e-20
1.9231088e-32
8.8631389e-21
0
0
-1.9167686e-20
-1.9424114e-20
0
1.9884149e-20
2.2329702e-32
-2.030373e-20
0
-1.032951e-20
2.0799645e-20
-3.4845227e-32
-1.0517184e-20
3.1692431e-20
-2.1212095e-20
7.0902221e-32
3.2043091e-20
-1.0717405e-20
-2.1511436e-20
1.0797958e-20
4.8172597e-32
-2.180762e-20
1.097891e-20
-1.1054147e-20
1.118119e-20
3.4106919e-20
-2.2943336e-20
-1.1457577e-20
-1.1450311e-20
1.1482291e-20
-1.1013317e-50
-1.1525585e-20
1.1563946e-20
-2.3210029e-20
-2.3305131e-20
3.5129287e-20
4.7095431e-20
-1.1846321e-20
3.9717759e-32
1.2026359e-20
0
0
-1.218822e-20
2.7106916e-32
1.2232068e-20
-2.4502464e-20
-2.4549784e-20
0
0
1.2382021e-20
-2.7579829e-32
-2.5083501e-20
1.272626e-20
3.8182729e-20
-2.5255371e-20
8.384872e-32
-4.1774146e-32
-1.2480802e-20
3.7294381e-20
-1.2384673e-20
-2.4670412e-20
0
0
0
2.4419155e-20
2.4393736e-20
0
-2.4441619e-20
-3.6839433e-20
2.4461406e-20
-4.0451118e-32
-2.4218798e-20
1.206704e-20
-1.2020579e-20
1.3313001e-32
3.5902221e-20
-3.3964161e-36
-2.388874e-20
0
2.3930206e-20
2.3988021e-20
0
-1.2094507e-20
2.7022497e-32
-2.4511056e-20
-2.4748615e-20
1.252339e-20
0
0
1.2802899e-20
-1.2893031e-20
-1.2979108e-20
2.6116453e-20
2.6288165e-20
-2.6441449e-20
1.3363226e-31
4.0762842e-20
-1.3651237e-20
1.5089619e-32
-1.354541e-20
-2.6997571e-20
0
0
0
2.6095131e-20
2.5782771e-20
-3.8149905e-20
-2.5213033e-20
2.7758956e-32
2.4372177e-20
2.1148193e-49
-2.2881603e-20
1.1078059e-20
0
-1.0305985e-20
-7.5042882e-50
9.5351352e-21
9.1612257e-21
2.7840162e-49
-8.4735101e-21
1.6514462e-20
1.6176835e-20
0
-7.3779904e-21
1.5764644e-32
-6.8521649e-21
-1.3267013e-20
1.2963619e-20
6.4013385e-21
-6.3816874e-21
-1.3177567e-20
-6.940491e-21
2.1121655e-20
-1.5571606e-32
-2.1354749e-20
1.4541802e-20
2.2317035e-20
0
-8.2751408e-21
-1.806785e-20
-9.3946808e-21
1.9077003e-20
-4.3653754e-32
-1.0101657e-20
2.0694238e-20
-1.0672352e-20
-2.2040917e-20
2.2722217e-20
5.2642386e-32
-3.6950242e-20
-1.24191e-20
3.7387938e-20
-2.6350016e-49
-2.6642851e-20
1.3214258e-20
2.6230745e-20
-5.9031853e-32
-1.3367628e-20
3.7819138e-36
-1.3133813e-20
2.6053382e-20
2.5928186e-20
0
-2.6112453e-20
5.6319428e-32
3.5385036e-36
2.7399021e-32
2.4321411e-20
-2.4125242e-20
-3.6206243e-20
1.4643548e-50
1.2363904e-20
0
0
-1.1937241e-20
2.3663689e-20
-3.9201566e-32
7.8735705e-32
2.4594006e-20
2.8367165e-32
1.2367625e-20
0
-2.3213122e-20
-2.2727613e-20
0
0
0
2.6254425e-20
8.5614847e-32
5.7888058e-32
-1.3241708e-20
9.1359392e-32
-1.3426926e-49
-2.7815599e-20
4.0975577e-20
-1.4500383e-20
-2.8812759e-20
1.5214596e-32
8.5672394e-50
1.4211023e-20
0
-1.4768836e-20
1.4280542e-20
1.4575137e-20
1.5464759e-20
3.2706024e-20
-3.5991762e-20
4.2816894e-32
1.874606e-20
-5.3617065e-20
-1.827258e-20
1.8531873e-20
1.7357498e-20
1.8695309e-32
-3.0682114e-20
1.5128901e-32
1.3688712e-20
1.8241443e-20
6.0135218e-21
8.536691e-33
6.9568712e-21
0
-1.5018119e-20
-1.8783286e-20
0
0
0
1.2368058e-20
5.4305536e-32
-1.2548037e-20
-9.7920174e-35
-1.0168923e-20
2.9195058e-21
-2.7378978e-33
5.8999242e-22
-4.5447722e-21
2.0396083e-33
1.5750041e-21
2.4648916e-21
-3.6999802e-21
1.6831069e-20
-8.2020684e-21
-1.2554455e-32
2.6585965e-36
-2.9141107e-36
-6.7782885e-32
-2.8335848e-20
2.1850806e-20
-1.9781775e-32
-1.185356e-20
5.2369562e-20
3.9050481e-20
-8.2735306e-20
-4.1919204e-20
8.5802139e-20
3.8706997e-20
0
-9.3405382e-20
-1.1160278e-19
5.9180788e-20
-1.2775156e-31
-5.3243099e-20
0
0
1.451151e-19
1.3643173e-19
-1.2999716e-19
-2.2302144e-35
1.8045344e-19
0
-1.651755e-19
2.3462157e-47
3.0054734e-19
9.8207184e-20
-8.8389708e-20
2.1435937e-31
-2.3093682e-19
-3.9388264e-19
0
1.1830413e-19
-2.3701842e-31
1.0466416e-19
2.4421442e-19
0
-1.2032316e-19
-2.156705e-19
-1.1693658e-19
3.888188e-19
9.2796168e-47
-1.0017086e-19
-1.6859117e-31
6.8468745e-20
-4.637615e-31
-1.4085498e-19
1.5040926e-19
7.769229e-20
-6.512578e-20
-7.2095594e-20
-1.0912047e-20
-3.0046965e-20
6.1112538e-20
1.9972839e-20
0
0
-1.6464928e-19
3.8382745e-31
2.2121658e-19
-5.4680121e-19
-6.295566e-19
0
0
0
0
1.046245e-18
-1.63144e-34
-1.8874622e-18
1.3781323e-18
2.2626602e-18
0
-9.0208467e-19
2.1890875e-30
-1.0765915e-18
-2.3503104e-18
0
0
0
3.3178621e-18
3.6113703e-18
0
-4.2712078e-18
-6.9616331e-18
-2.5200618e-18
8.2054704e-18
5.9338147e-18
-6.432952e-18
-3.4850858e-18
7.5480051e-18
4.0845563e-18
-1.3254526e-17
-4.776385e-18
5.1607807e-18
1.114604e-17
1.2029703e-17
0
-6.9948254e-18
3.3469755e-29
8.116674e-18
-1.7472455e-17
-1.8795986e-17
0
0
0
2.5036123e-17
5.96382e-29
-2.8802203e-17
-1.5433967e-17
3.3064274e-17
-6.9366493e-46
2.5229605e-28
-7.8149657e-46
-2.164967e-17
2.3129294e-17
-2.4697188e-17
0
5.62303e-17
2.9974288e-17
4.538928e-33
3.4016792e-17
0
0
-8.1933718e-17
-1.3062365e-16
9.2507277e-17
-1.6358613e-28
-1.5634745e-16
5.5277608e-17
5.8601341e-17
1.2418639e-16
-2.9204963e-28
-1.3921372e-16
0
0
0
0
0
0
0
-1.0769881e-16
-1.1347559e-16
3.5850141e-16
2.515599e-16
-1.3232048e-16
1.3912847e-16
-2.9242029e-16
-1.5357139e-16
1.6121784e-16
-3.3831003e-16
-1.7738818e-16
0
0
2.0390943e-16
2.3690375e-28
4.9548564e-28
4.6648333e-16
2.7056476e-28
-2.5439194e-16
5.3089825e-16
6.1471983e-28
-2.8852572e-16
6.0108341e-16
-3.1287251e-16
-9.7654238e-16
-3.3846134e-16
0
0
3.7906825e-16
-4.3652732e-28
-4.0752123e-16
4.2212826e-16
4.3697088e-16
0
4.6729968e-16
9.6550019e-16
-4.9836512e-16
-1.0282464e-15
0
1.0919494e-15
1.2480082e-27
-1.7343022e-15
-5.9419664e-16
6.1027425e-16
8.9002765e-32
6.422446e-16
6.5807003e-16
1.1638291e-44
-7.6533785e-28
-1.4089517e-15
-7.1946283e-16
0
2.2454496e-15
7.6243748e-16
-2.3279048e-15
1.7521245e-27
1.6032056e-15
9.0348203e-28
-8.2507537e-16
0
0
8.5558449e-16
1.7287241e-15
-8.7239199e-16
-2.6389342e-15
-8.8609351e-16
0
0
9.0039549e-16
-2.0058675e-27
-9.0554885e-16
9.0677398e-16
9.0708822e-16
9.0645608e-16
9.0487755e-16
9.0239198e-16
-8.990106e-16
-1.7894889e-15
0
1.7672355e-15
1.7535894e-15
-1.7383237e-15
-2.5822347e-15
9.4561671e-28
-9.3450642e-28
9.2263047e-28
8.1983746e-16
8.0796892e-16
7.9551703e-16
-1.5650416e-15
-7.6902026e-16
-7.5505607e-16
-7.4066947e-16
1.4518038e-15
7.1079491e-16
0
-6.7972751e-16
2.2111067e-27
7.1933192e-28
7.0107949e-28
6.1530203e-16
5.9894215e-16
1.165106e-15
-5.661682e-16
-1.09964e-15
0
-5.173538e-16
-5.0129198e-16
0
4.6963831e-16
-1.0082227e-27
-6.2351666e-32
-6.0206098e-32
-4.0881475e-16
3.94232e-16
1.1397841e-15
-8.1254602e-28
-7.0440537e-16
0
0
6.2591185e-16
6.0104858e-16
0
-5.5332255e-16
-2.6523404e-16
2.5414406e-16
-2.4339094e-16
-4.6594694e-16
2.2288962e-16
2.1313666e-16
-2.0371121e-16
-3.892185e-16
-1.8582627e-16
1.7735726e-16
1.6919678e-16
1.6133902e-16
0
0
-1.3951927e-16
-5.0755768e-45
1.2636708e-16
-1.2018825e-16
1.1426464e-16
1.0858894e-16
-1.0315381e-16
0
-9.2975863e-17
-8.8218384e-17
0
7.9330141e-17
8.3477546e-29
-7.1230007e-17
0
0
6.0436358e-17
1.14347e-16
1.8008451e-28
-5.1111889e-17
0
0
4.3088763e-17
-4.0676381e-17
3.8385823e-17
1.086355e-16
-6.8298636e-17
-9.6580054e-17
-3.0339169e-17
0
5.3835819e-17
2.5342107e-17
-2.3850636e-17
-4.4879043e-17
-2.110494e-17
3.9686431e-17
1.8650817e-17
0
0
0
-1.4508703e-17
-1.9347743e-33
-4.254316e-29
-1.1977174e-17
2.2456793e-17
1.0523068e-17
-9.8589016e-18
0
8.6454304e-18
8.0920595e-18
-7.5717127e-18
-7.0825889e-18
-6.6229736e-18
-6.1912355e-18
1.7357469e-17
1.9163001e-45
-1.0096298e-17
9.4263115e-18
9.768407e-30
-8.2090739e-18
-1.1569533e-46
3.5700582e-18
3.3279618e-18
-3.1013199e-18
2.8892172e-18
8.0723612e-18
-5.0104204e-18
-6.9951353e-18
-2.1695595e-18
0
3.7531299e-18
1.7444528e-18
-1.6211436e-18
-1.5060885e-18
3.1052975e-30
1.2987015e-18
0
0
0
0
0
0
0
-7.0932294e-19
6.5677538e-19
6.0793648e-19
-1.1251182e-18
-1.9542898e-48
4.8127637e-19
8.8990006e-19
1.82628e-30
-1.1399181e-18
-1.3434048e-48
4.6056581e-35
5.9836426e-19
1.154248e-46
-7.641791e-19
2.3493531e-19
2.1661726e-19
-1.9966794e-19
1.8399004e-19
1.6949274e-19
-1.5609136e-19
2.8741388e-19
-1.3226591e-19
4.0524632e-31
3.3583347e-19
-2.0588165e-19
-2.8390022e-19
-8.697078e-20
0
0
6.7389757e-20
6.1860375e-20
-5.676806e-20
-5.7823793e-32
4.7764607e-20
0
0
0
0
0
0
0
4.7324984e-20
-2.1645311e-20
-5.938315e-20
1.809652e-20
-2.3504091e-36
1.5112166e-20
-3.0656972e-32
1.1196652e-31
1.1507752e-20
-2.1005198e-20
-9.5825071e-21
0
0
7.2658199e-21
6.6217557e-21
-6.0330737e-21
6.1020371e-33
3.6138148e-49
5.0562124e-33
8.2909339e-21
-8.3757182e-33
3.8088602e-33
6.2387264e-21
-2.8356538e-21
-7.7310805e-21
-2.3413337e-21
0
0
1.7529526e-21
4.772568e-21
-1.4433484e-21
-2.6183106e-21
3.5613304e-21
-2.3893694e-33
-1.950567e-21
0
0
0
0
1.1875994e-21
1.1930348e-33
-1.4579168e-21
8.7891998e-22
3.9729136e-22
-1.0772137e-21
3.2443967e-22
2.93069e-22
2.9385019e-34
1.0590655e-50
-4.3132338e-22
-1.9459865e-22
0
4.7494678e-22
1.4273827e-22
-2.5731811e-22
-1.1593751e-22
2.3191677e-34
7.5863435e-51
-6.8487576e-51
1.5248705e-22
7.6180871e-35
6.8529987e-35
1.110464e-22
5.5433542e-35
-8.9765405e-23
-8.0675793e-23
-3.6243723e-23
0
2.923643e-23
3.7300886e-39
-2.3559146e-23
2.1140069e-23
1.8964365e-23
0
0
0
-1.2250542e-23
2.4370222e-35
9.8305528e-24
1.7605902e-23
-7.8807724e-24
4.6973501e-35
6.311099e-24
-1.1290973e-23
-5.0486968e-24
4.51386e-24
4.0348962e-24
8.0059418e-36
6.4427259e-24
-2.8773091e-24
-5.1383733e-24
0
-2.0465701e-24
-1.8261787e-24
1.6291336e-24
1.4527596e-24
0
-1.1547296e-24
2.2851091e-36
9.168892e-25
0
7.2707897e-25
-6.4719087e-25
-5.7611843e-25
5.125849e-25
0
-4.0558105e-25
-3.6077319e-25
0
2.8495854e-25
-2.8115108e-37
-2.2489047e-25
0
0
1.5728349e-25
1.3971298e-25
-1.2414878e-25
1.1004373e-25
2.9274064e-25
-8.6636637e-26
3.4073465e-37
1.3594352e-25
0
-1.0700385e-25
-9.4844318e-26
-4.1950371e-26
-3.708656e-26
0
2.9000474e-26
2.5595806e-26
0
0
-1.7813708e-26
-1.5928982e-26
1.416585e-26
1.2402718e-26
0
0
0
0
-6.6269427e-27
-5.9581687e-27
1.0335599e-26
4.4382277e-27
-3.9518466e-27
0
-3.1006796e-27
-2.6750961e-27
-4.6206206e-27
-2.0063221e-27
-2.1601043e-39
-1.6415363e-27
4.0126442e-27
1.4051039e-55
-2.0671197e-27
1.7023339e-27
-1.4850717e-39
1.3499788e-39
9.7276224e-28
4.7246234e-40
-3.6478584e-28
3.039882e-28
2.4319056e-28
0
-2.4319056e-28
-5.4717876e-28
-6.079764e-29
0
-1.3498736e-40
6.079764e-29
1.1760165e-43
0
1.8239292e-28
3.4559457e-44
-6.079764e-29
0
0
0
0
0
6.079764e-29
1.8239292e-28
-2.4319056e-28
-6.7507835e-41
-1.8239292e-28
0
1.8239292e-28
-1.2159528e-28
2.4319056e-28
-1.4155554e-44
-1.8239292e-28
1.2159528e-28
-4.0496772e-40
3.6478584e-28
-1.8239292e-28
-3.039882e-28
2.4319056e-28
-1.2159528e-28
1.8239292e-28
2.6001057e-68
-1.8239292e-28
1.2159528e-28
6.079764e-29
1.2187807e-42
-2.3520329e-43
6.749462e-41
-4.2764235e-43
0
-6.079764e-29
-6.079764e-29
0
6.079764e-29
-1.2159528e-28
6.079764e-29
2.849035e-55
-2.8488526e-55
-4.8638112e-28
0
0
0
1.3505151e-40
-6.079764e-29
-2.3738919e-55
-7.4837412e-44
-1.2159528e-28
1.2159528e-28
3.6478584e-28
-8.5116696e-28
-4.2558348e-28
-4.3199321e-44
-5.8545997e-57
0
2.4319056e-28
3.6478584e-28
-4.8109765e-43
6.079764e-29
-4.1318923e-43
-1.3498924e-40
1.2159528e-28
2.5919593e-44
-2.4319056e-28
-6.079764e-29
-3.4559457e-44
4.8638112e-28
1.2159528e-28
-2.1382118e-43
-3.2073177e-43
-6.079764e-29
0
0
-6.079764e-29
1.8239292e-28
-2.4319056e-28
1.079983e-39
-3.039882e-28
8.0998727e-40
5.4717876e-28
3.6478584e-28
-6.7503259e-41
0
6.079764e-29
-1.2159528e-28
4.0501956e-40
4.0522242e-40
-2.4319056e-28
-1.2159528e-28
-1.9930203e-40
2.025357e-40
-6.749462e-41
-1.8239292e-28
0
-1.5660381e-43
1.8239292e-28
0
0
3.039882e-28
6.9118914e-44
1.3498924e-40
-1.2159528e-28
4.0499364e-40
6.079764e-29
1.2159528e-28
-1.3497196e-40
-6.749462e-41
1.8239292e-28
2.4319056e-28
1.7279728e-44
1.9243906e-43
0
0
-6.079764e-29
6.749462e-41
-6.079764e-29
1.8239292e-28
5.4002607e-40
3.039882e-28
4.8638112e-28
6.079764e-29
-2.5658541e-43
2.4319056e-28
0
1.8239292e-28
-1.2159528e-28
-1.9243906e-43
6.079764e-29
-1.3500652e-40
-2.699612e-40
-2.6997472e-40
-6.079764e-29
1.2159528e-28
0
6.079764e-29
-4.0501956e-40
-1.8239292e-28
0
0
0
0
-1.2159528e-28
-5.1839185e-44
3.6478584e-28
2.4319056e-28
-3.4559457e-44
-1.8239292e-28
-2.7041622e-40
2.4319056e-28
1.8239292e-28
6.079764e-29
8.0993543e-40
4.8638112e-28
-2.4319056e-28
-4.7252282e-40
-1.0124193e-39
-1.3499788e-40
6.079764e-29
0
-3.6478584e-28
-3.6478584e-28
1.8239292e-28
7.2957168e-28
2.7001304e-40
-1.2159528e-28
0
0
1.2159528e-28
-1.3497196e-40
1.2159528e-28
1.2159528e-28
-2.6997848e-40
-9.621953e-44
-6.079764e-29
-6.079764e-29
1.2829271e-43
0
0
-1.2159528e-28
-1.8239292e-28
2.4319056e-28
-6.079764e-29
-1.7279728e-44
2.4319056e-28
2.6999576e-40
-6.079764e-29
-1.9243906e-43
2.4319056e-28
-6.079764e-29
1.2159528e-28
-2.4319056e-28
1.2159528e-28
1.8239292e-28
-6.079764e-29
-6.079764e-29
0
0
-6.079764e-29
-1.3500652e-40
-1.2159528e-28
-1.8239292e-28
-5.1839185e-44
2.4319056e-28
-1.2159528e-28
-2.6994392e-40
1.8239292e-28
0
6.7661123e-41
-6.748598e-41
-6.079764e-29
-1.2159528e-28
-1.2159528e-28
-2.6951847e-40
-1.8239292e-28
-3.8487812e-43
2.4319056e-28
-1.2159528e-28
-1.2159528e-28
-3.6478584e-28
6.079764e-29
1.2159528e-28
-1.2159528e-28
-6.079764e-29
2.4319056e-28
1.8239292e-28
1.2159528e-28
7.5168399e-53
1.0943575e-27
4.2558348e-28
-1.2159528e-28
0
0
-2.4319056e-28
1.8239292e-28
-1.2159528e-28
3.039882e-28
0
-3.6478584e-28
2.7001304e-40
-1.2159528e-28
2.729763e-55
-1.2159528e-28
-1.3341924e-40
1.3500652e-40
9.3673596e-56
7.3313615e-53
-4.6836798e-56
2.4319056e-28
2.6997848e-40
-2.4319056e-28
0
6.079764e-29
6.079764e-29
-1.3500652e-40
1.1709199e-56
-6.079764e-29
9.119646e-28
3.039882e-28
-1.2159528e-28
0
-6.079764e-29
6.7493679e-41
-1.2159528e-28
2.4319056e-28
1.350238e-40
-6.079764e-29
8.1003911e-40
-4.0500228e-40
2.6997848e-40
-3.6478584e-28
0
1.8239292e-28
-1.2159528e-28
1.2159528e-28
1.2159528e-28
-4.8638112e-28
0
7.2957168e-28
-5.3995696e-40
-2.4319056e-28
-6.079764e-29
4.6836798e-56
2.4319056e-28
-6.079764e-29
2.4319056e-28
1.2159528e-28
1.3497196e-40
-2.4319056e-28
-2.4319056e-28
6.079764e-28
0
1.8239292e-28
6.079764e-29
1.2159528e-28
1.2159528e-28
5.1839185e-44
-8.6398642e-45
-6.079764e-29
-6.079764e-29
-1.2159528e-28
0
1.2159528e-28
-1.350238e-40
6.079764e-28
6.079764e-29
2.4319056e-28
-2.4319056e-28
-8.3194777e-67
5.4717876e-28
-1.350238e-40
6.079764e-29
6.079764e-29
-1.2159528e-28
1.2159528e-28
-1.2159528e-28
0
0
-6.079764e-29
6.7498939e-40
-2.6994392e-40
-4.7477839e-56
6.079764e-29
1.2159528e-28
6.749462e-41
-2.4319056e-28
-2.8102079e-55
8.6398642e-45
-6.7529179e-41
3.6478584e-28
2.0248386e-40
-2.4319056e-28
-3.6478584e-28
4.2558348e-28
3.039882e-28
-1.2159528e-28
-1.3498924e-40
-1.3499788e-40
-2.0250978e-40
1.8239292e-28
0
0
0
0
-6.079764e-29
-1.2159528e-28
1.2159528e-28
-6.7885635e-41
1.8734719e-55
1.2508539e-42
0
1.2159528e-28
1.3498924e-40
0
-1.0691059e-44
1.2159528e-28
6.749462e-41
1.9243906e-43
-1.2159528e-28
6.079764e-29
-1.8239292e-28
0
0
-1.2159528e-28
-1.2159528e-28
3.6478584e-28
1.8239292e-28
-1.3498924e-40
-5.1972027e-68
-1.2159528e-28
-1.2159528e-28
2.7001304e-40
-7.2957168e-28
2.4319056e-28
1.8239292e-28
-3.6478584e-28
-2.9971605e-52
-2.025357e-40
-3.4559457e-44
7.7996533e-68
2.025357e-40
6.079764e-29
0
-1.4967482e-43
2.4319056e-28
-3.6478584e-28
-1.8239292e-28
1.2159528e-28
1.3497196e-40
6.079764e-29
6.079764e-29
-1.8239292e-28
4.0491588e-40
0
-1.8239292e-28
6.079764e-28
5.4002607e-40
1.8239292e-28
-3.4559457e-44
-1.8239292e-28
-1.2159528e-28
-1.2159528e-28
1.2159528e-28
-1.2159528e-28
-1.2159528e-28
5.3455294e-43
6.079764e-29
-5.4717876e-28
-2.7001304e-40
1.2159528e-28
-2.4319056e-28
-1.500049e-52
1.3501567e-40
-3.6478584e-28
-3.4559457e-44
1.8239292e-28
-6.079764e-29
-3.4211388e-43
-6.079764e-29
-6.079764e-29
0
-6.079764e-29
-1.2159528e-28
1.1394681e-58
3.6478584e-28
-2.4319056e-28
-1.8239292e-28
-6.079764e-29
-3.6478584e-28
0
-6.079764e-29
-2.6997848e-40
6.079764e-29
-6.079764e-29
-1.7279728e-44
-4.8638112e-28
2.4319056e-28
1.8239292e-28
-1.8239292e-28
0
6.079764e-29
-1.8239292e-28
6.079764e-29
-1.2159528e-28
-6.079764e-29
1.4155554e-44
-1.2159528e-28
6.7226403e-41
0
6.7493679e-41
-6.079764e-29
6.079764e-29
-6.079764e-29
0
-1.3480908e-40
-1.2159528e-28
4.8638112e-28
4.2558348e-28
-4.8638112e-28
0
-3.6478584e-28
4.3199321e-44
1.2159528e-28
2.4319056e-28
-2.4319056e-28
2.6999576e-40
1.8239292e-28
1.3498924e-40
4.8638112e-28
1.8239292e-28
6.079764e-29
-1.6036588e-43
-6.079764e-29
1.8239292e-28
1.8239292e-28
-1.2159528e-28
-7.2957168e-28
1.2159528e-28
-1.2159528e-28
0
2.4319056e-28
1.8734719e-55
3.6478584e-28
-6.079764e-29
-6.079764e-29
1.2159528e-28
-6.7564904e-41
2.5919593e-44
-4.8638112e-28
-7.0255197e-56
-7.2957168e-28
-1.0800521e-39
3.6478584e-28
0
-6.4146353e-44
0
0
1.8239292e-28
6.079764e-29
-6.079764e-29
-1.2159528e-28
3.039882e-28
4.2558348e-28
0
-1.2159528e-28
-2.4319056e-28
-5.4717876e-28
-6.749462e-41
-1.2159528e-28
-1.2159528e-28
1.8239292e-28
-4.0501956e-40
-2.4319056e-28
5.3455294e-44
1.2159528e-28
-3.6478584e-28
-5.4717876e-28
1.3500652e-40
9.621953e-44
1.2159528e-28
-2.5919593e-44
-4.0501956e-40
6.7589899e-41
1.2159528e-28
5.4002607e-40
-1.8239292e-28
0
1.3500652e-40
2.4319056e-28
3.4559457e-44
-3.6478584e-28
-8.0996999e-40
2.4319056e-28
0
-1.8239292e-28
1.2159528e-28
1.2159528e-28
-6.079764e-29
0
-6.079764e-29
-1.3500151e-40
-3.039882e-28
1.2767504e-27
6.7498939e-40
-2.4319056e-28
-8.6398642e-45
-6.747734e-41
1.2159528e-28
-6.079764e-29
-6.079764e-29
6.079764e-29
2.4319056e-28
-2.0250935e-40
0
1.2159528e-28
-1.2159528e-28
6.7393847e-41
-1.2159528e-28
5.8545997e-57
1.8239292e-28
-6.079764e-29
-6.7511899e-41
7.4837412e-44
-3.4559457e-44
-5.4717876e-28
6.747734e-41
-6.748598e-41
-6.7493679e-41
-1.2159528e-28
1.8239292e-28
0
0
6.079764e-29
-2.4319056e-28
6.7503259e-41
-1.2159528e-28
1.2159528e-28
-1.2159528e-28
6.079764e-29
6.079764e-29
6.079764e-29
-3.4211388e-43
-5.1317082e-43
0
-2.4319056e-28
4.0501956e-40
2.4319056e-28
-4.6836798e-56
-1.8239292e-28
-2.4319056e-28
-5.4009519e-40
3.6478584e-28
0
0
6.079764e-29
-2.0279093e-40
-3.039882e-28
7.2957168e-28
-2.6997848e-40
5.4006063e-40
-3.374731e-40
-2.4319056e-28
-3.039882e-28
1.0125057e-39
6.079764e-29
-1.2159528e-28
-6.079764e-29
8.0182941e-43
4.050714e-40
5.4717876e-28
-1.9243906e-43
1.3500652e-40
1.8239292e-28
-3.6478584e-28
2.7001304e-40
6.079764e-29
3.6478584e-28
-2.4319056e-28
6.079764e-29
-6.079764e-28
-3.039882e-28
1.8239292e-28
1.2159528e-28
0
0
0
-2.4319056e-28
-3.4559457e-44
1.8239292e-28
2.4319056e-28
-1.3500652e-40
2.4319056e-28
-1.2159528e-28
2.7003032e-40
1.8239292e-28
6.079764e-29
3.039882e-28
-2.4319056e-28
-1.3498924e-40
2.6997848e-40
-6.7511899e-41
-2.5919593e-44
6.079764e-29
1.2159528e-28
3.039882e-28
-1.8239292e-28
-6.079764e-29
4.2153118e-55
-2.6990936e-40
1.350238e-40
7.0777768e-45
-6.7450766e-41
4.8638112e-28
1.3501516e-39
-1.2159528e-28
-1.2159528e-28
6.079764e-29
-1.2159528e-28
2.4319056e-28
-1.2159528e-28
-1.2159528e-28
0
-1.2159528e-28
-6.079764e-29
-7.4837412e-44
-3.8487812e-43
6.079764e-29
-1.3493029e-40
3.6478584e-28
1.7279728e-44
-6.079764e-29
6.079764e-29
-6.079764e-29
6.079764e-29
-1.2159528e-28
1.9243906e-43
-3.4559457e-44
3.6478584e-28
6.7511899e-41
-1.2159528e-28
0
0
-2.4319056e-28
8.1003911e-40
6.079764e-29
1.2159528e-28
-6.079764e-29
-2.5658541e-43
0
0
0
0
2.7053758e-40
1.7279728e-44
-8.9804894e-43
1.2159528e-28
1.7279728e-44
-3.3142282e-43
-2.4319056e-28
1.8239292e-28
3.6478584e-28
3.6478584e-28
1.2159528e-28
-6.079764e-29
-6.079764e-29
-1.2159528e-28
-1.2159528e-28
-1.2159528e-28
-1.329485e-54
-6.079764e-29
6.079764e-29
1.3501516e-40
2.4319056e-28
-1.2159528e-28
-3.6478584e-28
-3.039882e-28
-3.039882e-28
0
4.8638112e-28
1.2159528e-28
1.7640247e-42
-6.079764e-29
4.8638112e-28
3.039882e-28
-2.4319056e-28
-6.079764e-29
-1.350238e-40
2.4319056e-28
0
0
0
0
-6.079764e-28
4.0496772e-40
2.4319056e-28
0
2.4319056e-28
-2.700476e-40
-5.1839185e-44
-1.2159528e-28
-1.2159528e-28
1.8239292e-28
1.2159528e-28
3.9556918e-42
6.079764e-29
-2.6927619e-40
6.7507835e-41
-6.6916362e-41
-1.3501567e-40
-1.3500652e-40
-1.2159528e-28
1.3498924e-40
-4.0500228e-40
8.545464e-55
-1.2159528e-28
-1.8239292e-28
2.4319056e-28
5.4717876e-28
1.2159528e-28
-1.2159528e-28
-2.4319056e-28
0
6.079764e-29
-6.749462e-41
-1.2159528e-28
-1.3843681e-40
-2.0245794e-40
-7.4337511e-53
-1.2159528e-28
-2.4319056e-28
7.2957168e-28
-3.039882e-28
3.039882e-28
1.2159528e-28
-3.6478584e-28
0
-1.8239292e-28
6.079764e-29
1.350238e-40
-8.1003911e-40
5.4006063e-40
-1.2159528e-28
7.2957168e-28
1.8734719e-55
-1.2159528e-28
0
-6.079764e-29
4.04985e-40
-4.8638112e-28
-7.0255197e-56
6.6912749e-41
6.079764e-29
1.343352e-40
3.039882e-28
-2.4319056e-28
0
-3.6478584e-28
3.6478584e-28
2.4319056e-28
2.5919593e-44
-6.748598e-41
1.2159528e-28
-1.8239292e-28
6.749462e-41
-8.3027899e-66
-4.7480877e-55
-6.079764e-29
6.079764e-29
5.4002607e-40
-4.8638112e-28
-1.7279728e-44
3.6478584e-28
-1.3500652e-40
2.4319056e-28
0
0
-1.2159528e-28
1.8239292e-28
6.079764e-29
3.6478584e-28
-2.7001304e-40
2.025357e-40
1.8239292e-28
6.079764e-29
6.079764e-29
0
0
0
6.079764e-29
1.2159528e-28
-1.8239292e-28
3.6478584e-28
1.3499788e-39
-5.4717876e-28
-2.7001304e-40
1.8239292e-28
-1.2159528e-28
-4.8638112e-28
2.4319056e-28
3.039882e-28
1.3498924e-40
-2.4319056e-28
-2.4319056e-28
-3.039882e-28
-2.0161506e-40
-1.5491734e-67
-6.6898445e-41
-6.079764e-29
6.079764e-29
-2.4319056e-28
-2.4319056e-28
-2.0245794e-40
-6.7503259e-41
1.2159528e-28
4.4150033e-43
-8.1000455e-40
2.0026423e-40
-1.3462025e-40
1.1709199e-56
3.6478584e-28
-1.8239292e-28
6.7507579e-40
1.1709199e-56
-6.9118914e-44
2.4319056e-28
-6.6773765e-41
-1.3456679e-40
0
-6.079764e-29
-1.8239292e-28
1.2159528e-28
-1.2159528e-28
-1.8734719e-55
3.6478584e-28
-1.2159528e-28
1.9243906e-43
-6.7503259e-41
-2.4319056e-28
6.079764e-29
-6.079764e-29
4.0500228e-40
-2.4319056e-28
-6.079764e-29
6.079764e-29
6.079764e-29
0
0
1.2159528e-28
2.4319056e-28
-3.6478584e-28
6.079764e-29
-6.7503259e-41
1.7279728e-44
-6.7507835e-41
1.2159528e-28
2.8488526e-55
1.8239292e-28
-1.2159528e-28
6.7365387e-41
-1.2159528e-28
1.6617244e-55
6.7503259e-41
-8.0993543e-40
-4.7246234e-40
-1.3471662e-40
1.2159528e-28
6.079764e-29
6.079764e-29
6.079764e-29
1.5042651e-52
1.2159528e-28
1.2159528e-28
0
0
-6.079764e-29
1.2154327e-59
-1.2159528e-28
-3.6478584e-28
-1.50268e-52
-1.2159528e-28
-1.3498736e-40
1.2159528e-28
1.2159528e-28
0
0
1.2159528e-28
6.7503259e-41
3.6478584e-28
1.2159528e-28
2.4319056e-28
1.8239292e-28
-1.2159528e-28
0
-6.4146353e-44
-2.4319056e-28
1.8239292e-28
7.2957168e-28
-1.0943575e-27
9.4516659e-40
7.2957168e-28
-1.2159528e-28
-1.2159528e-28
1.2159528e-28
1.8239292e-28
1.2159528e-28
6.079764e-29
1.2159528e-28
1.2159528e-28
1.2159528e-28
0
8.1252047e-43
-1.2159528e-28
2.709872e-40
0
1.2159528e-28
-1.3498924e-40
-2.685635e-40
0
-6.079764e-29
-3.8487812e-43
-3.6478584e-28
2.6997848e-40
4.8638112e-28
-5.3997424e-40
2.4319056e-28
-2.4319056e-28
0
-2.4319056e-28
-1.8239292e-28
1.2159528e-28
-1.3498924e-40
9.3673596e-56
-1.2159528e-28
2.0248386e-40
7.2957168e-28
1.3823783e-43
-3.6478584e-28
0
0
6.7397311e-41
1.2159528e-28
6.079764e-29
1.8239292e-28
3.6478584e-28
1.8239292e-28
0
1.8239292e-28
0
-2.4319056e-28
1.2159528e-28
3.6478584e-28
-2.0248386e-40
-1.2159528e-28
0
-1.2159528e-28
2.3418399e-56
1.2159528e-28
6.079764e-29
6.079764e-29
3.8487812e-43
-1.8239292e-28
6.079764e-29
-1.8239292e-28
4.0496772e-40
1.3499788e-40
-1.3498924e-40
6.079764e-29
6.079764e-29
-6.079764e-29
1.2159528e-28
9.3673596e-56
1.7279728e-44
4.8638112e-28
-6.7498939e-40
-7.2957168e-28
8.1003911e-40
1.1413715e-43
0
1.2159528e-28
3.6478584e-28
1.2159528e-28
1.2159528e-28
2.4319056e-28
1.8239292e-28
-4.8638112e-28
-2.4319056e-28
2.4319056e-28
1.2159528e-28
-1.8239292e-28
-1.2159528e-28
3.6478584e-28
1.053828e-55
-3.6478584e-28
6.079764e-28
-1.2159528e-28
-2.4319056e-28
1.8239292e-28
0
-1.2159528e-28
1.2159528e-28
1.2159528e-28
-1.2159528e-28
0
-6.079764e-29
6.079764e-29
0
6.4146353e-44
-2.6997848e-40
1.2159528e-28
0
0
-5.3455294e-44
8.3097168e-56
6.079764e-29
-1.8239292e-28
-6.074775e-40
1.2159528e-28
-7.1216758e-56
0
-2.4319056e-28
1.8239292e-28
7.2957168e-28
-2.025357e-40
2.0243202e-40
2.4319056e-28
-6.079764e-29
6.2230153e-59
0
1.2159528e-28
3.2049592e-54
9.621953e-43
3.7989564e-55
-6.079764e-29
3.6478584e-28
-4.0501956e-40
6.079764e-28
0
0
3.039882e-28
1.3465232e-40
-6.7190717e-41
6.079764e-28
-5.3995696e-40
0
-1.6618307e-55
-2.4319056e-28
4.8638112e-28
6.079764e-29
1.2159528e-28
2.4319056e-28
2.6999576e-40
3.6478584e-28
-2.0250935e-40
1.5022253e-52
1.352831e-40
3.6478584e-28
1.8239292e-28
-4.8638112e-28
2.025357e-40
3.6478584e-28
-3.6478584e-28
-6.079764e-29
-1.2159528e-28
3.6478584e-28
-1.3504428e-40
-7.0777768e-45
-7.481232e-53
-5.3997424e-40
2.4319056e-28
3.0024638e-52
-2.7001304e-40
-2.0248386e-40
1.2159528e-28
6.079764e-29
6.7503259e-41
-2.4319056e-28
-2.4319056e-28
-6.079764e-29
-5.4717876e-28
1.2159528e-28
-2.8865859e-43
-2.3520329e-43
1.3499788e-40
8.6398642e-45
4.0499364e-40
7.7758778e-44
-1.8992351e-55
-6.079764e-29
0
3.6478584e-28
3.039882e-28
-9.119646e-28
-2.4319056e-28
-3.4559457e-44
-1.3500652e-40
8.9804894e-43
-2.5919593e-44
2.4319056e-28
-6.079764e-29
-3.6478584e-28
1.8239292e-28
-6.079764e-29
-1.3497196e-40
-5.0609305e-43
2.7001304e-40
-2.4319056e-28
0
0
0
0
-1.2159528e-28
-2.700476e-40
3.6478584e-28
6.079764e-28
-2.7796811e-70
-6.079764e-29
6.079764e-29
1.50476e-52
5.4717876e-28
1.8239292e-28
-1.2159528e-28
1.2187807e-42
-1.6036588e-43
2.2451224e-43
-1.8239292e-28
-1.2159528e-28
1.8239292e-28
0
-3.6478584e-28
-3.6478584e-28
6.079764e-29
-2.7090108e-40
0
0
0
0
1.2159528e-28
5.3999152e-40
2.4319056e-28
-3.6478584e-28
-4.050714e-40
6.079764e-29
6.079764e-29
2.0236344e-40
1.2159528e-28
6.079764e-29
8.6597577e-43
1.2159528e-28
-1.2159528e-28
-6.079764e-29
-6.079764e-29
-2.7001304e-40
4.8638112e-28
6.7503259e-40
-1.2159528e-28
-6.079764e-29
1.2159528e-28
3.039882e-28
-3.6478584e-28
0
6.079764e-29
1.3499444e-40
1.3569297e-40
6.8110148e-41
1.8239292e-28
1.8239292e-28
1.2159528e-28
-1.2159528e-28
-6.7735961e-41
6.079764e-29
1.7105694e-43
-9.621953e-44
6.079764e-29
0
0
0
-3.6478584e-28
-5.1839185e-44
-2.4319056e-28
0
-1.8239292e-28
-8.106352e-29
)
;

boundaryField
{
    leftSide
    {
        type            calculated;
        value           uniform 2.8506742e-29;
    }
    rightSide
    {
        type            calculated;
        value           uniform -9.8745794e-29;
    }
    emptywalls
    {
        type            empty;
    }
}


// ************************************************************************* //
