/*--------------------------------*- C++ -*----------------------------------*\
  =========                 |
  \\      /  F ield         | OpenFOAM: The Open Source CFD Toolbox
   \\    /   O peration     | Website:  https://openfoam.org
    \\  /    A nd           | Version:  7
     \\/     M anipulation  |
\*---------------------------------------------------------------------------*/
FoamFile
{
    version     2.0;
    format      ascii;
    class       volScalarField;
    location    "0.00198";
    object      mag(U);
}
// * * * * * * * * * * * * * * * * * * * * * * * * * * * * * * * * * * * * * //

dimensions      [0 1 -1 0 0 0 0];

internalField   nonuniform List<scalar> 
5000
(
57.737077
57.68755
57.663415
57.635562
57.608649
57.581363
57.554124
57.526713
57.499312
57.471805
57.444303
57.416737
57.389173
57.36157
57.333966
57.306341
57.278711
57.251074
57.223432
57.195791
57.168151
57.140517
57.112888
57.085267
57.057648
57.030036
57.002418
56.974801
56.947173
56.919542
56.891901
56.864255
56.836605
56.808953
56.781301
56.753652
56.726006
56.698364
56.670726
56.643093
56.615466
56.587843
56.560226
56.532614
56.505006
56.477405
56.449808
56.422216
56.39463
56.367049
56.339472
56.311902
56.284336
56.256776
56.229221
56.201672
56.174127
56.146589
56.119055
56.091527
56.064003
56.036485
56.008972
55.981465
55.953962
55.926465
55.898973
55.871487
55.844006
55.81653
55.789059
55.761594
55.734133
55.706679
55.679229
55.651785
55.624345
55.596912
55.569483
55.542059
55.51464
55.487227
55.459818
55.432415
55.405016
55.377623
55.350235
55.322853
55.295476
55.268104
55.240737
55.213376
55.186019
55.158668
55.131321
55.10398
55.076643
55.049312
55.021985
54.994663
54.967347
54.940036
54.912731
54.885431
54.858136
54.830847
54.803563
54.776285
54.749011
54.721742
54.694479
54.66722
54.639967
54.612718
54.585475
54.558237
54.531004
54.503776
54.476553
54.449335
54.422122
54.394913
54.36771
54.340512
54.313318
54.28613
54.258948
54.23177
54.204597
54.17743
54.150267
54.12311
54.095957
54.06881
54.041668
54.014531
53.987399
53.960273
53.933151
53.906034
53.878922
53.851816
53.824714
53.797618
53.770526
53.74344
53.716358
53.689282
53.66221
53.635143
53.608082
53.581025
53.553974
53.526928
53.499889
53.472855
53.445826
53.418804
53.391787
53.364776
53.337771
53.310772
53.283779
53.256791
53.22981
53.202834
53.175864
53.148899
53.121939
53.094984
53.068032
53.041084
53.014139
52.987196
52.960256
52.933318
52.906383
52.879451
52.85252
52.825592
52.798666
52.771741
52.744818
52.717896
52.690976
52.664059
52.637144
52.610231
52.583322
52.556417
52.529514
52.502616
52.47572
52.448829
52.421941
52.395057
52.368177
52.341302
52.314431
52.287564
52.260703
52.233846
52.206994
52.180147
52.153304
52.126466
52.099633
52.072804
52.04598
52.019161
51.992347
51.965538
51.938735
51.911936
51.885142
51.858353
51.831568
51.804788
51.778013
51.751242
51.724476
51.697715
51.670959
51.644208
51.617462
51.590721
51.563985
51.537254
51.510527
51.483805
51.457088
51.430376
51.403668
51.376965
51.350267
51.323573
51.296884
51.270201
51.243522
51.216848
51.190179
51.163514
51.136855
51.1102
51.08355
51.056904
51.030264
51.003628
50.976997
50.95037
50.923749
50.897132
50.87052
50.843913
50.81731
50.790713
50.76412
50.737532
50.710949
50.684371
50.657797
50.631228
50.604664
50.578104
50.55155
50.525
50.498454
50.471914
50.445378
50.418846
50.392319
50.365797
50.33928
50.312768
50.28626
50.259757
50.233259
50.206765
50.180276
50.153792
50.127313
50.100839
50.074369
50.047904
50.021444
49.994989
49.968539
49.942093
49.915652
49.889216
49.862786
49.83636
49.809939
49.783523
49.757111
49.730705
49.704304
49.677907
49.651515
49.625129
49.598747
49.57237
49.545997
49.519629
49.493265
49.466906
49.440551
49.4142
49.387854
49.361512
49.335173
49.308839
49.282508
49.25618
49.229856
49.203535
49.177218
49.150903
49.124591
49.098281
49.071974
49.04567
49.019369
48.99307
48.966775
48.940483
48.914194
48.887908
48.861624
48.835343
48.809064
48.782788
48.756515
48.730245
48.703979
48.677716
48.651456
48.625201
48.598948
48.5727
48.546455
48.520215
48.493978
48.467745
48.441517
48.415293
48.389072
48.362856
48.336644
48.310436
48.284233
48.258034
48.231839
48.205648
48.179462
48.15328
48.127103
48.100929
48.07476
48.048596
48.022435
47.99628
47.970128
47.943982
47.91784
47.891702
47.865569
47.83944
47.813316
47.787196
47.76108
47.734969
47.708862
47.682759
47.656661
47.630567
47.604478
47.578393
47.552312
47.526236
47.500164
47.474097
47.448034
47.421975
47.395921
47.369872
47.343826
47.317785
47.291749
47.265716
47.239688
47.213664
47.187645
47.16163
47.135619
47.109613
47.083611
47.057614
47.031621
47.005632
46.979647
46.953667
46.927692
46.90172
46.875753
46.84979
46.823831
46.797877
46.771926
46.74598
46.720039
46.694101
46.668168
46.642239
46.616314
46.590393
46.564477
46.538566
46.512658
46.486755
46.460856
46.434961
46.409071
46.383184
46.357302
46.331424
46.30555
46.27968
46.253815
46.227954
46.202097
46.176245
46.150397
46.124553
46.098713
46.072877
46.047045
46.021218
45.995395
45.969576
45.943761
45.91795
45.892144
45.866342
45.840545
45.814752
45.788963
45.763178
45.737398
45.711622
45.68585
45.660082
45.634319
45.608559
45.582804
45.557053
45.531307
45.505564
45.479826
45.454092
45.428362
45.402635
45.376913
45.351194
45.325479
45.299768
45.274061
45.248357
45.222657
45.19696
45.171267
45.145577
45.11989
45.094206
45.068525
45.042848
45.017173
44.991502
44.965833
44.940168
44.914505
44.888846
44.863189
44.837535
44.811884
44.786237
44.760592
44.73495
44.709312
44.683676
44.658044
44.632415
44.606789
44.581167
44.555549
44.529934
44.504324
44.478717
44.453114
44.427515
44.401921
44.376331
44.350745
44.325164
44.299587
44.274015
44.248448
44.222886
44.197329
44.171777
44.146231
44.12069
44.095155
44.069626
44.044102
44.018584
43.993073
43.967567
43.942068
43.916575
43.891089
43.86561
43.840137
43.814671
43.789212
43.76376
43.738315
43.712878
43.687448
43.662026
43.636612
43.611206
43.585808
43.560417
43.535036
43.509663
43.484298
43.458943
43.433596
43.408258
43.38293
43.357611
43.332302
43.307002
43.281712
43.256432
43.231163
43.205903
43.180654
43.155416
43.130188
43.104971
43.079765
43.054571
43.029388
43.004217
42.979057
42.95391
42.928774
42.903651
42.87854
42.853441
42.828355
42.803283
42.778223
42.753177
42.728144
42.703125
42.678119
42.653128
42.62815
42.603187
42.578237
42.553303
42.528382
42.503477
42.478586
42.453711
42.42885
42.404006
42.379176
42.354363
42.329566
42.304784
42.280019
42.25527
42.230537
42.205821
42.181121
42.156438
42.131771
42.107122
42.08249
42.057875
42.033277
42.008697
41.984134
41.959589
41.935062
41.910552
41.88606
41.861587
41.837131
41.812694
41.788276
41.763876
41.739495
41.715132
41.690788
41.666463
41.642157
41.61787
41.593602
41.569353
41.545124
41.520914
41.496723
41.472552
41.448401
41.424269
41.400157
41.376064
41.351992
41.327939
41.303906
41.279893
41.255899
41.231926
41.207973
41.18404
41.160126
41.136233
41.112359
41.088506
41.064672
41.040858
41.017063
40.993289
40.969534
40.945799
40.922083
40.898387
40.874711
40.851053
40.827415
40.803796
40.780196
40.756616
40.733054
40.70951
40.685985
40.662479
40.638991
40.615522
40.592071
40.568637
40.545222
40.521824
40.498444
40.475081
40.451736
40.428408
40.405098
40.381804
40.358527
40.335267
40.312024
40.288796
40.265585
40.24239
40.219211
40.196048
40.1729
40.149768
40.126651
40.10355
40.080463
40.057392
40.034335
40.011293
39.988265
39.965252
39.942253
39.919269
39.896298
39.873341
39.850398
39.827468
39.804551
39.781648
39.758757
39.73588
39.713016
39.690164
39.667324
39.644497
39.621682
39.598879
39.576088
39.553309
39.530541
39.507784
39.485039
39.462305
39.439582
39.41687
39.394168
39.371477
39.348796
39.326126
39.303465
39.280815
39.258174
39.235542
39.212921
39.190308
39.167705
39.14511
39.122525
39.099948
39.077379
39.054819
39.032267
39.009723
38.987187
38.964659
38.942138
38.919625
38.897119
38.87462
38.852127
38.829642
38.807164
38.784691
38.762226
38.739766
38.717312
38.694865
38.672422
38.649986
38.627555
38.605129
38.582709
38.560293
38.537882
38.515476
38.493074
38.470677
38.448285
38.425896
38.403511
38.38113
38.358753
38.336379
38.314009
38.291643
38.26928
38.246919
38.224562
38.202208
38.179856
38.157507
38.135161
38.112817
38.090475
38.068135
38.045797
38.023461
38.001126
37.978794
37.956463
37.934133
37.911804
37.889476
37.867149
37.844823
37.822497
37.800171
37.777846
37.75552
37.733195
37.710869
37.688542
37.666215
37.643887
37.621558
37.599227
37.576895
37.554561
37.532224
37.509886
37.487544
37.4652
37.442853
37.420503
37.398149
37.375791
37.353428
37.331062
37.30869
37.286314
37.263932
37.241545
37.219152
37.196752
37.174347
37.151934
37.129514
37.107088
37.084653
37.062211
37.03976
37.017301
36.994833
36.972356
36.949869
36.927373
36.904867
36.882351
36.859824
36.837286
36.814738
36.792178
36.769606
36.747022
36.724426
36.701818
36.679197
36.656564
36.633918
36.611258
36.588583
36.565894
36.543191
36.520476
36.497746
36.475003
36.452243
36.429465
36.406669
36.38386
36.361038
36.338203
36.315353
36.292486
36.269594
36.246677
36.223746
36.200809
36.177864
36.154902
36.131918
36.108904
36.085858
36.062791
36.039725
36.016659
35.993583
35.970476
35.947339
35.924169
35.900965
35.877749
35.854534
35.831316
35.808085
35.784827
35.761546
35.73823
35.714883
35.691518
35.668127
35.644722
35.621307
35.597871
35.574424
35.550958
35.527481
35.503997
35.480489
35.456954
35.433375
35.409754
35.386093
35.362406
35.338697
35.314976
35.291249
35.267516
35.243769
35.220001
35.196214
35.172406
35.148577
35.124736
35.100873
35.076987
35.053079
35.029146
35.005195
34.981231
34.957259
34.933272
34.909257
34.885217
34.861153
34.837065
34.81296
34.788844
34.764712
34.740561
34.716389
34.692199
34.667988
34.643753
34.619495
34.595211
34.570906
34.546588
34.522262
34.497934
34.473583
34.449197
34.424784
34.400351
34.375902
34.351451
34.326991
34.302506
34.277985
34.253447
34.228901
34.204354
34.179809
34.155263
34.130694
34.106084
34.081462
34.056827
34.032188
34.007549
33.982904
33.958236
33.93354
33.908833
33.884106
33.859367
33.834621
33.809861
33.785097
33.760323
33.735547
33.710766
33.685968
33.661146
33.636309
33.61146
33.586605
33.561747
33.536888
33.512026
33.48715
33.462253
33.437343
33.41242
33.387495
33.362571
33.33765
33.312733
33.287816
33.262884
33.237927
33.21296
33.187984
33.163009
33.138039
33.113074
33.088113
33.063153
33.038188
33.013209
32.988217
32.963201
32.93817
32.913129
32.888088
32.863052
32.838026
32.813007
32.787994
32.762982
32.737965
32.712938
32.687901
32.662847
32.637789
32.612732
32.587681
32.562641
32.537609
32.512581
32.487541
32.462469
32.437389
32.412309
32.387238
32.362183
32.337145
32.312119
32.287096
32.262064
32.237011
32.211944
32.186859
32.161778
32.136707
32.111654
32.086619
32.061597
32.036579
32.011547
31.986494
31.961436
31.936361
31.911287
31.886219
31.861164
31.836126
31.811106
31.786095
31.761084
31.736042
31.710982
31.685924
31.660874
31.635843
31.610832
31.585837
31.560848
31.535849
31.510825
31.48579
31.460742
31.4357
31.410668
31.385654
31.360656
31.335669
31.310685
31.285693
31.260692
31.235691
31.210687
31.185684
31.160679
31.135672
31.110667
31.08567
31.060686
31.035716
31.010756
30.985798
30.960825
30.935841
30.91086
30.885887
30.860927
30.83598
30.811042
30.786105
30.761151
30.73618
30.711207
30.686239
30.661286
30.636353
30.611437
30.586531
30.561623
30.536693
30.51176
30.486823
30.461884
30.436947
30.412004
30.387057
30.362113
30.337177
30.312258
30.287358
30.262476
30.237604
30.212735
30.18785
30.162951
30.138047
30.113149
30.088263
30.063397
30.038546
30.013704
29.988855
29.96398
29.939106
29.914228
29.889352
29.864476
29.839595
29.814707
29.789824
29.764953
29.7401
29.715267
29.690447
29.665632
29.640808
29.615977
29.591146
29.566314
29.541483
29.516654
29.491833
29.467023
29.442227
29.417445
29.392668
29.36788
29.343055
29.318214
29.29336
29.268514
29.243683
29.218877
29.194099
29.169342
29.144597
29.119853
29.095088
29.070308
29.045509
29.020702
28.995894
28.97109
28.946297
28.921518
28.896756
28.872008
28.847271
28.822541
28.797815
28.773093
28.748375
28.723663
28.698955
28.67425
28.649542
28.624826
28.600111
28.575397
28.550686
28.52598
28.50128
28.476586
28.451897
28.427212
28.402529
28.377845
28.353158
28.328471
28.303786
28.279107
28.254433
28.229763
28.205094
28.180421
28.15575
28.131085
28.10643
28.081786
28.057148
28.032506
28.007843
27.983183
27.95853
27.933894
27.909274
27.884663
27.86005
27.835406
27.810759
27.786118
27.761489
27.736877
27.712277
27.687682
27.663082
27.638472
27.613864
27.589258
27.564653
27.540042
27.515412
27.490783
27.46616
27.441555
27.416973
27.392411
27.36786
27.34331
27.318742
27.294176
27.269612
27.245052
27.220496
27.195924
27.171329
27.146737
27.122155
27.097594
27.073057
27.048536
27.02402
26.999491
26.974952
26.950419
26.925892
26.901368
26.876841
26.852281
26.827715
26.803158
26.77862
26.754108
26.72962
26.705142
26.680663
26.656162
26.631664
26.607166
26.582672
26.558177
26.533661
26.509128
26.484601
26.460087
26.435598
26.411136
26.386694
26.36226
26.337812
26.313338
26.288866
26.264394
26.239928
26.215464
26.190991
26.16649
26.141995
26.117515
26.093069
26.068661
26.044279
26.0199
25.995462
25.970986
25.946514
25.922054
25.89762
25.873211
25.848813
25.82441
25.799963
25.775514
25.75107
25.726644
25.702241
25.677858
25.65348
25.629074
25.604641
25.580214
25.5558
25.531408
25.507035
25.482671
25.458291
25.433879
25.409472
25.385075
25.360699
25.336347
25.312009
25.287674
25.263304
25.238911
25.214519
25.190136
25.165774
25.141431
25.117099
25.09276
25.068383
25.04401
25.019646
24.995303
24.970982
24.946673
24.922364
24.898016
24.873658
24.849304
24.824967
24.800654
24.776365
24.752086
24.727789
24.703444
24.679102
24.654768
24.630452
24.606155
24.581866
24.557571
24.533254
24.508943
24.48464
24.460353
24.436078
24.41181
24.38754
24.363256
24.338973
24.314691
24.290412
24.266135
24.241859
24.217586
24.193316
24.169051
24.144789
24.12053
24.096272
24.072015
24.047762
24.023512
23.999264
23.975018
23.950775
23.926536
23.902303
23.878075
23.853847
23.829614
23.805383
23.781158
23.756942
23.732729
23.708512
23.684287
23.660069
23.635861
23.611663
23.58747
23.563267
23.539056
23.514853
23.490659
23.466474
23.442291
23.418105
23.393919
23.369737
23.34556
23.321385
23.29721
23.273037
23.248865
23.224695
23.200528
23.176363
23.1522
23.12804
23.103885
23.079736
23.055591
23.031449
23.007309
22.983172
22.959038
22.934908
22.910784
22.886664
22.862547
22.838432
22.814315
22.790198
22.766081
22.741966
22.717853
22.693743
22.669637
22.645535
22.621437
22.597341
22.573247
22.549155
22.525065
22.500978
22.476893
22.45281
22.428728
22.404647
22.380569
22.356494
22.332421
22.30835
22.284282
22.260215
22.236149
22.212084
22.188022
22.163962
22.139906
22.115853
22.091803
22.067753
22.043703
22.019653
21.995604
21.971557
21.947513
21.923471
21.899431
21.875391
21.851353
21.827317
21.803283
21.779253
21.755226
21.731203
21.707185
21.68317
21.659159
21.635151
21.611145
21.587141
21.563138
21.539137
21.515137
21.491139
21.467141
21.443145
21.41915
21.395157
21.371165
21.347175
21.323185
21.299197
21.275211
21.251227
21.227246
21.203265
21.179283
21.155303
21.131325
21.107352
21.083381
21.05941
21.035434
21.011459
20.987488
20.963523
20.939564
20.915605
20.891635
20.86766
20.84369
20.819728
20.795777
20.771831
20.747882
20.723911
20.699938
20.675967
20.652002
20.628041
20.604083
20.580125
20.55617
20.53222
20.50828
20.484346
20.460415
20.436476
20.412518
20.388557
20.364584
20.340609
20.316637
20.292673
20.26872
20.244774
20.22083
20.196879
20.172915
20.148952
20.124992
20.101039
20.077089
20.05314
20.029177
20.005195
19.98121
19.95722
19.933231
19.909242
19.885252
19.861264
19.837278
19.813295
19.789313
19.765332
19.741338
19.717327
19.693315
19.669304
19.645295
19.621288
19.597279
19.573253
19.549207
19.525155
19.501092
19.477028
19.452962
19.428896
19.404827
19.380755
19.356677
19.33259
19.308494
19.284389
19.260274
19.236151
19.212019
19.187877
19.163724
19.139559
19.115381
19.091191
19.066989
19.042774
19.018548
18.994312
18.970065
18.945808
18.921539
18.897253
18.872948
18.848626
18.824291
18.79994
18.775576
18.751196
18.726795
18.702371
18.677925
18.653458
18.628972
18.604468
18.579944
18.5554
18.530836
18.50625
18.48164
18.457006
18.432346
18.407661
18.382949
18.358211
18.333445
18.308651
18.283828
18.258976
18.234093
18.209179
18.184234
18.159257
18.134246
18.109202
18.084122
18.059008
18.033857
18.008669
17.983444
17.95818
17.932877
17.907534
17.88215
17.856723
17.831253
17.805742
17.780188
17.754591
17.728948
17.703257
17.677519
17.651735
17.625905
17.600023
17.574083
17.548089
17.522047
17.49596
17.469829
17.443639
17.417377
17.391055
17.364681
17.338255
17.311785
17.285267
17.258693
17.23205
17.205339
17.178561
17.151714
17.124806
17.097832
17.070787
17.043672
17.01649
16.989247
16.961946
16.934579
16.907125
16.879589
16.851984
16.824312
16.796581
16.768794
16.740929
16.712975
16.684936
16.656817
16.628612
16.600333
16.571971
16.543525
16.515002
16.486398
16.457721
16.428965
16.400124
16.371194
16.342181
16.313082
16.283899
16.254637
16.225295
16.195867
16.166343
16.136724
16.107016
16.077216
16.047328
16.017356
15.987299
15.957155
15.926914
15.896576
15.866143
15.835617
15.804998
15.774291
15.743495
15.712611
15.681628
15.650546
15.619368
15.588093
15.556723
15.525261
15.493709
15.462066
15.430325
15.398484
15.366545
15.334508
15.302374
15.270146
15.237827
15.205415
15.172907
15.140299
15.107593
15.074789
15.041887
15.00889
14.9758
14.942619
14.909345
14.875971
14.8425
14.808932
14.775266
14.741504
14.707652
14.673709
14.639675
14.605545
14.571319
14.536999
14.502581
14.468069
14.433467
14.398777
14.364
14.329131
14.294167
14.259114
14.223965
14.188722
14.153392
14.117977
14.082479
14.046896
14.01122
13.975458
13.939605
13.903658
13.867627
13.831517
13.795328
13.759059
13.722702
13.686262
13.649737
13.61312
13.576422
13.539649
13.502803
13.465884
13.428882
13.391801
13.354641
13.317391
13.280062
13.242665
13.205202
13.167672
13.130065
13.092381
13.054627
13.016786
12.978867
12.940886
12.902847
12.864748
12.826579
12.788336
12.750031
12.711643
12.673176
12.634654
12.596083
12.557461
12.518775
12.480017
12.441206
12.402316
12.363346
12.324328
12.28527
12.246169
12.207014
12.167785
12.128513
12.089169
12.049741
12.01027
11.970772
11.931238
11.891659
11.852007
11.812318
11.772568
11.732727
11.692847
11.652951
11.613029
11.573076
11.533046
11.492985
11.452873
11.412665
11.372416
11.332166
11.291903
11.251623
11.211262
11.170864
11.130432
11.089907
11.049337
11.008774
10.968206
10.927633
10.88698
10.84629
10.805578
10.764783
10.723937
10.6831
10.64227
10.601441
10.560539
10.519595
10.47864
10.43762
10.396535
10.35546
10.3144
10.273351
10.232262
10.19111
10.149916
10.108658
10.067402
10.026174
9.9849623
9.9437023
9.9023774
9.861039
9.8197022
9.7783054
9.7368675
9.6954315
9.654025
9.6126368
9.5712184
9.5297363
9.4882265
9.4466974
9.4051331
9.3635898
9.3220535
9.2804945
9.2389182
9.1973118
9.1557055
9.1140636
9.0724203
9.0307618
8.9891058
8.9474563
8.9057829
8.8641012
8.8224016
8.7806476
8.7388859
8.6971608
8.6554655
8.6137761
8.5720117
8.5302258
8.4884286
8.446599
8.404801
8.363023
8.3212503
8.279438
8.2376058
8.1957792
8.1539228
8.1120742
8.0702277
8.02838
7.9865413
7.9446865
7.9028279
7.8609618
7.8190681
7.7771406
7.7352559
7.6934144
7.6515898
7.6097012
7.5677832
7.5258639
7.4839036
7.4419792
7.4000983
7.3582386
7.3163334
7.2743898
7.2324599
7.1905141
7.1485724
7.1066409
7.0647163
7.0227975
6.9808661
6.938937
6.8969976
6.8550517
6.8130675
6.7711123
6.7292046
6.6873243
6.6454076
6.6034313
6.5614705
6.5194681
6.4774898
6.435562
6.393667
6.3517545
6.3097651
6.2677986
6.2258226
6.1838478
6.1418872
6.0999367
6.0579913
6.0160432
5.9740894
5.9321283
5.8901655
5.848177
5.8061901
5.7642545
5.7223566
5.6804512
5.6384504
5.5964717
5.5544824
5.5124932
5.4705329
5.4285991
5.3866701
5.344693
5.3027232
5.2607562
5.2187869
5.1768064
5.1348146
5.0928659
5.0509614
5.0090656
4.9670665
4.9250725
4.8830909
4.8411166
4.7991402
4.7571633
4.7152075
4.6732838
4.631371
4.5893909
4.5473949
4.5054148
4.46344
4.4214725
4.3795112
4.3375408
4.295567
4.2536106
4.2116886
4.169784
4.1278232
4.0858158
4.0438322
4.0018531
3.9598796
3.9179103
3.8759424
3.8339775
3.7920115
3.7500473
3.7080842
3.6661228
3.6241509
3.5821835
3.5402357
3.4983032
3.4563593
3.4143782
3.3724092
3.3304161
3.2884344
3.2464807
3.2045478
3.1626012
3.1206042
3.0786319
3.0366667
2.9947087
2.9527501
2.9107717
2.868816
2.8268758
2.7849095
2.742906
2.7009601
2.6590642
2.6171659
2.5751441
2.5331596
2.4911877
2.4492091
2.4072351
2.3653029
2.3234159
2.2815085
2.239459
2.1974731
2.155512
2.1135461
2.0715919
2.029679
1.9877807
1.945833
1.9038867
1.8618613
1.8199066
1.7779982
1.7360018
1.6940326
1.6521327
1.6102454
1.5682071
1.5262425
1.4843266
1.4423554
1.4003766
1.3584219
1.316526
1.2746745
1.2326561
1.1906592
1.1487538
1.1068952
1.0649347
1.022977
0.98104643
0.93914077
0.89720738
0.85521319
0.81332512
0.77136515
0.7293908
0.68747022
0.64555299
0.60367572
0.56172594
0.51980814
0.47787921
0.43591171
0.39400049
0.35208132
0.31015318
0.26823074
0.22630174
0.18435949
0.14244088
0.10051443
0.058598936
0.016613688
0.025403737
0.067364418
0.10930596
0.15124051
0.19317093
0.23509837
0.27702345
0.31894666
0.36086848
0.40278931
0.44470935
0.48662843
0.52854623
0.57046238
0.61237675
0.65428942
0.69620066
0.73811075
0.78001991
0.8219283
0.86383601
0.90574309
0.9476496
0.98955562
1.0314612
1.0733664
1.1152711
1.1571752
1.1990788
1.2409816
1.2828837
1.3247851
1.3666858
1.4085859
1.4504855
1.4923846
1.5342833
1.5761816
1.6180796
1.6599775
1.7018753
1.743773
1.7856706
1.827568
1.8694653
1.9113624
1.9532593
1.9951562
2.037053
2.0789497
2.1208464
2.1627431
2.2046397
2.2465365
2.2884334
2.3303305
2.3722279
2.4141256
2.4560236
2.4979219
2.5398206
2.5817196
2.6236189
2.6655186
2.7074188
2.7493193
2.7912204
2.8331218
2.8750237
2.9169261
2.9588291
3.0007327
3.0426369
3.0845419
3.1264475
3.1683538
3.2102608
3.2521685
3.2940769
3.3359861
3.3778962
3.419807
3.4617187
3.5036311
3.5455444
3.5874585
3.6293735
3.6712894
3.7132061
3.7551238
3.7970424
3.838962
3.8808826
3.9228041
3.9647266
4.0066499
4.048574
4.0904992
4.1324253
4.1743525
4.2162806
4.2582097
4.3001398
4.3420707
4.3840026
4.4259354
4.4678693
4.5098041
4.55174
4.5936769
4.6356147
4.6775535
4.7194933
4.761434
4.8033756
4.8453183
4.8872619
4.9292064
4.971152
5.0130984
5.0550457
5.096994
5.1389431
5.1808931
5.2228441
5.2647958
5.3067484
5.3487019
5.3906561
5.4326112
5.4745671
5.5165237
5.5584812
5.6004393
5.6423982
5.6843578
5.7263181
5.7682792
5.8102409
5.8522033
5.8941664
5.93613
5.9780943
6.0200592
6.0620247
6.1039909
6.1459576
6.1879248
6.2298925
6.2718608
6.3138296
6.3557989
6.3977688
6.4397391
6.4817098
6.5236809
6.5656524
6.6076243
6.6495967
6.6915695
6.7335427
6.7755161
6.8174899
6.8594639
6.9014383
6.943413
6.9853881
7.0273634
7.0693389
7.1113146
7.1532905
7.1952667
7.2372431
7.2792198
7.3211967
7.3631737
7.4051509
7.4471281
7.4891056
7.5310832
7.573061
7.6150389
7.6570169
7.6989949
7.7409731
7.7829513
7.8249295
7.8669079
7.9088863
7.9508646
7.992843
8.0348215
8.0767999
8.1187783
8.1607567
8.202735
8.2447133
8.2866915
8.3286697
8.3706478
8.412626
8.454604
8.4965819
8.5385597
8.5805375
8.6225151
8.6644927
8.7064702
8.7484476
8.7904248
8.8324019
8.8743788
8.9163557
8.9583324
9.0003089
9.0422853
9.0842615
9.1262375
9.1682133
9.2101889
9.2521643
9.2941396
9.3361145
9.3780893
9.4200638
9.462038
9.504012
9.5459858
9.5879594
9.6299326
9.6719056
9.7138782
9.7558506
9.7978228
9.8397946
9.8817662
9.9237374
9.9657083
10.007679
10.049649
10.091619
10.133589
10.175558
10.217527
10.259495
10.301464
10.343431
10.385399
10.427366
10.469332
10.511299
10.553264
10.59523
10.637194
10.679159
10.721123
10.763086
10.805049
10.847012
10.888974
10.930935
10.972896
11.014857
11.056817
11.098776
11.140735
11.182693
11.224651
11.266608
11.308564
11.35052
11.392475
11.43443
11.476383
11.518337
11.56029
11.602242
11.644193
11.686144
11.728094
11.770044
11.811993
11.853942
11.89589
11.937837
11.979784
12.02173
12.063676
12.105622
12.147567
12.189511
12.231455
12.273399
12.315343
12.357286
12.399228
12.441171
12.483113
12.525055
12.566996
12.608938
12.650878
12.692819
12.734759
12.776699
12.818639
12.860578
12.902517
12.944455
12.986393
13.028331
13.070268
13.112204
13.154139
13.196074
13.238008
13.279941
13.321874
13.363805
13.405735
13.447665
13.489593
13.53152
13.573446
13.615371
13.657294
13.699217
13.741138
13.783057
13.824976
13.866893
13.908809
13.950724
13.992637
14.034549
14.07646
14.11837
14.160279
14.202187
14.244094
14.285999
14.327904
14.369808
14.411711
14.453614
14.495516
14.537417
14.579317
14.621217
14.663116
14.705014
14.746913
14.788809
14.830705
14.872599
14.914491
14.956384
14.998279
15.040177
15.082078
15.123978
15.16587
15.207761
15.249653
15.291546
15.333439
15.375331
15.417223
15.459116
15.501008
15.542902
15.584795
15.626687
15.668578
15.710469
15.752359
15.794249
15.836137
15.878022
15.919907
15.961792
16.003677
16.045563
16.087449
16.129332
16.171214
16.213095
16.254977
16.296858
16.338739
16.380618
16.422497
16.464375
16.506252
16.548129
16.590005
16.631881
16.673755
16.715629
16.757503
16.799375
16.841248
16.883119
16.92499
16.96686
17.008729
17.050598
17.092467
17.134334
17.176201
17.218068
17.259934
17.301799
17.343664
17.385528
17.427392
17.469255
17.511118
17.55298
17.594841
17.636702
17.678563
17.720423
17.762283
17.804142
17.846001
17.887859
17.929717
17.971574
18.013431
18.055288
18.097144
18.139
18.180856
18.222711
18.264566
18.30642
18.348274
18.390128
18.431982
18.473835
18.515688
18.557541
18.599393
18.641245
18.683097
18.724948
18.7668
18.808651
18.850501
18.892352
18.934202
18.976052
19.017902
19.059751
19.1016
19.143449
19.185298
19.227146
19.268995
19.310843
19.352691
19.394538
19.436386
19.478233
19.52008
19.561927
19.603774
19.64562
19.687467
19.729313
19.771159
19.813005
19.854851
19.896697
19.938543
19.980388
20.022234
20.064079
20.105924
20.147769
20.189613
20.231458
20.273301
20.315144
20.356985
20.398825
20.440662
20.482497
20.524329
20.566157
20.607979
20.649798
20.691612
20.733423
20.775236
20.817054
20.858883
20.900726
20.94259
20.984477
21.026387
21.068314
21.110252
21.152181
21.194107
21.235982
21.277817
21.319599
21.361353
21.403117
21.44491
21.486748
21.528632
21.570547
21.612476
21.654382
21.696258
21.738048
21.779822
21.821616
21.86345
21.905328
21.947233
21.989148
22.031028
22.072833
22.114638
22.156463
22.198319
22.2402
22.282091
22.323965
22.365798
22.407631
22.449476
22.491336
22.533206
22.57508
22.616936
22.658786
22.700638
22.742497
22.78436
22.826225
22.868088
22.909947
22.951807
22.993668
23.035532
23.077397
23.119262
23.161126
23.202991
23.244856
23.286722
23.328589
23.370456
23.412324
23.454192
23.496061
23.53793
23.5798
23.621671
23.663542
23.705413
23.747283
23.789154
23.831024
23.872892
23.91476
23.956622
23.998485
24.040337
24.08219
24.124027
24.165861
24.207679
24.249489
24.291284
24.33307
24.374843
24.416607
24.458361
24.500104
24.541836
24.583553
24.625255
24.666937
24.708604
24.750257
24.79191
24.833571
24.875246
24.91694
24.958653
25.000382
25.042118
25.083858
25.125593
25.167317
25.20903
25.250744
25.292463
25.334193
25.375936
25.417691
25.459458
25.501235
25.543023
25.584823
25.626637
25.668464
25.710301
25.752143
25.793987
25.835829
25.87767
25.919513
25.961362
26.003223
26.045098
26.086987
26.128887
26.170794
26.2127
26.254597
26.29648
26.338348
26.380201
26.422047
26.463896
26.505759
26.547644
26.589554
26.631488
26.673436
26.715383
26.757314
26.799216
26.84108
26.882909
26.924714
26.966517
27.008344
27.050221
27.092158
27.134145
27.176161
27.21818
27.260184
27.302171
27.34415
27.386153
27.428321
27.47163
27.516556
27.555923
27.594407
27.637402
27.680959
27.723139
27.765605
27.808341
27.850913
27.893394
27.935878
27.978333
28.020755
28.063154
28.105525
28.147862
28.190155
28.2324
28.274594
28.316741
28.358847
28.40092
28.442972
28.48501
28.527043
28.569075
28.611107
28.653139
28.69517
28.737197
28.779219
28.821235
28.863246
28.905253
28.947257
28.989262
29.031268
29.073279
29.11529
29.157299
29.199312
29.241345
29.283378
29.325396
29.367417
29.40944
29.451464
29.493488
29.535513
29.577541
29.61957
29.661601
29.703635
29.74567
29.787707
29.829745
29.871784
29.913824
29.955865
29.997907
30.039951
30.081996
30.124043
30.166091
30.208141
30.250192
30.292245
30.334299
30.376354
30.418411
30.460468
30.502527
30.544588
30.58665
30.628713
30.670778
30.712844
30.754911
30.79698
30.83905
30.881122
30.923195
30.965269
31.007345
31.049422
31.0915
31.13358
31.175661
31.217744
31.259827
31.301913
31.343999
31.386087
31.428176
31.470267
31.512359
31.554452
31.596547
31.638642
31.68074
31.722838
31.764938
31.807039
31.849142
31.891246
31.933351
31.975457
32.017565
32.059674
32.101784
32.143896
32.186009
32.228123
32.270238
32.312355
32.354473
32.396593
32.438713
32.480835
32.522959
32.565083
32.607209
32.649335
32.691463
32.733593
32.775723
32.817855
32.859988
32.902123
32.944258
32.986395
33.028533
33.070672
33.112812
33.154954
33.197097
33.239241
33.281386
33.323532
33.365679
33.407828
33.449978
33.492129
33.534281
33.576434
33.618589
33.660744
33.702901
33.745059
33.787218
33.829378
33.871539
33.913701
33.955865
33.998029
34.040194
34.082361
34.124529
34.166698
34.208868
34.251038
34.29321
34.335383
34.377557
34.419732
34.461908
34.504086
34.546264
34.588443
34.630623
34.672804
34.714986
34.757169
34.799353
34.841538
34.883723
34.92591
34.968098
35.010286
35.052476
35.094666
35.136858
35.17905
35.221243
35.263437
35.305631
35.347827
35.390023
35.43222
35.474418
35.516617
35.558817
35.601017
35.643218
35.685419
35.727622
35.769825
35.812029
35.854233
35.896438
35.938644
35.98085
36.023057
36.065264
36.107472
36.149681
36.19189
36.2341
36.27631
36.31852
36.360731
36.402942
36.445154
36.487366
36.529579
36.571792
36.614005
36.656218
36.698432
36.740646
36.78286
36.825075
36.867289
36.909504
36.951719
36.993934
37.036149
37.078364
37.12058
37.162795
37.20501
37.247226
37.289441
37.331657
37.373872
37.416087
37.458302
37.500517
37.542732
37.584947
37.627162
37.669376
37.71159
37.753805
37.796018
37.838232
37.880445
37.922658
37.964871
38.007083
38.049296
38.091507
38.133719
38.17593
38.21814
38.26035
38.30256
38.344769
38.386978
38.429186
38.471394
38.513602
38.555809
38.598015
38.640221
38.682426
38.724631
38.766836
38.80904
38.851243
38.893446
38.935648
38.97785
39.020052
39.062253
39.104453
39.146653
39.188853
39.231052
39.27325
39.315448
39.357646
39.399843
39.442039
39.484236
39.526432
39.568627
39.610822
39.653017
39.695212
39.737406
39.7796
39.821794
39.863988
39.906181
39.948374
39.990567
40.03276
40.074953
40.117146
40.159339
40.201531
40.243724
40.285917
40.32811
40.370303
40.412496
40.454689
40.496883
40.539076
40.581271
40.623465
40.66566
40.707855
40.75005
40.792246
40.834442
40.876639
40.918837
40.961035
41.003234
41.045433
41.087633
41.129834
41.172035
41.214237
41.25644
41.298644
41.340849
41.383055
41.425262
41.467469
41.509678
41.551888
41.594098
41.63631
41.678523
41.720736
41.762951
41.805168
41.847385
41.889604
41.931824
41.974045
42.016268
42.058492
42.100717
42.142943
42.185171
42.2274
42.269631
42.311863
42.354096
42.396331
42.438567
42.480805
42.523044
42.565284
42.607526
42.649769
42.692014
42.734261
42.776508
42.818758
42.861008
42.903261
42.945514
42.987769
43.030026
43.072284
43.114543
43.156804
43.199066
43.24133
43.283595
43.325861
43.368129
43.410399
43.452669
43.494941
43.537214
43.579489
43.621764
43.664042
43.70632
43.7486
43.790881
43.833163
43.875447
43.917731
43.960016
44.002303
44.044591
44.08688
44.12917
44.171461
44.213754
44.256047
44.298342
44.340637
44.382933
44.425231
44.467529
44.509828
44.552127
44.594428
44.636729
44.679032
44.721335
44.763639
44.805943
44.848248
44.890554
44.932861
44.975168
45.017476
45.059784
45.102093
45.144402
45.186712
45.229023
45.271334
45.313645
45.355957
45.398269
45.440581
45.482894
45.525208
45.567521
45.609835
45.652149
45.694463
45.736778
45.779093
45.821408
45.863723
45.906038
45.948353
45.990669
46.032984
46.0753
46.117616
46.159931
46.202247
46.244563
46.286879
46.329195
46.371511
46.413827
46.456143
46.498458
46.540774
46.58309
46.625405
46.667721
46.710036
46.752351
46.794667
46.836982
46.879297
46.921612
46.963927
47.006241
47.048556
47.090871
47.133185
47.1755
47.217814
47.260128
47.302443
47.344757
47.387071
47.429385
47.471699
47.514013
47.556327
47.598641
47.640956
47.68327
47.725584
47.767898
47.810213
47.852527
47.894842
47.937156
47.979471
48.021786
48.064102
48.106417
48.148733
48.19105
48.233366
48.275683
48.318
48.360317
48.402635
48.444953
48.487272
48.529591
48.57191
48.61423
48.656551
48.698872
48.741194
48.783516
48.825839
48.868162
48.910487
48.952812
48.995137
49.037464
49.079791
49.122119
49.164447
49.206777
49.249107
49.291438
49.33377
49.376103
49.418437
49.460772
49.503108
49.545445
49.587782
49.630121
49.67246
49.714801
49.757143
49.799486
49.84183
49.884175
49.926521
49.968868
50.011216
50.053565
50.095916
50.138267
50.18062
50.222973
50.265328
50.307684
50.350041
50.392399
50.434758
50.477118
50.519479
50.561842
50.604205
50.64657
50.688935
50.731302
50.773669
50.816038
50.858408
50.900778
50.94315
50.985522
51.027896
51.07027
51.112645
51.155021
51.197398
51.239776
51.282155
51.324534
51.366914
51.409294
51.451676
51.494058
51.53644
51.578823
51.621207
51.663591
51.705975
51.74836
51.790745
51.833131
51.875516
51.917902
51.960288
52.002675
52.045061
52.087447
52.129834
52.17222
52.214606
52.256992
52.299378
52.341763
52.384148
52.426533
52.468917
52.511301
52.553684
52.596066
52.638448
52.680829
52.723209
52.765588
52.807966
52.850344
52.89272
52.935095
52.977468
53.019841
53.062212
53.104581
53.146949
53.189316
53.231681
53.274044
53.316405
53.358764
53.401122
53.443477
53.485831
53.528182
53.570531
53.612877
53.655222
53.697563
53.739902
53.782239
53.824572
53.866903
53.909231
53.951556
53.993877
54.036196
54.078511
54.120823
54.163132
54.205437
54.247738
54.290036
54.33233
54.374619
54.416905
54.459187
54.501465
54.543738
54.586007
54.628272
54.670531
54.712787
54.755037
54.797282
54.839522
54.881757
54.923987
54.966211
55.00843
55.050643
55.09285
55.135052
55.177247
55.219436
55.261619
55.303796
55.345965
55.388128
55.430284
55.472433
55.514575
55.556709
55.598836
55.640954
55.683066
55.725169
55.767263
55.80935
55.851427
55.893496
55.935556
55.977607
56.019648
56.061679
56.103701
56.145713
56.187714
56.229705
56.271685
56.313655
56.355613
56.397559
56.439494
56.481417
56.523328
56.565226
56.607111
56.648984
56.690843
56.732688
56.77452
56.816337
56.85814
56.899928
56.941701
56.983459
57.025201
57.066927
57.108636
57.150329
57.192005
57.233664
57.275304
57.316927
57.358532
57.400117
57.441684
57.48323
57.524757
57.566263
57.607749
57.649214
57.690657
57.732078
57.773477
57.814853
57.856207
57.897536
57.938842
57.980123
58.02138
58.062611
58.103816
58.144996
58.186148
58.227273
58.268371
58.309441
58.350483
58.391495
58.432478
58.473431
58.514354
58.555246
58.596107
58.636935
58.677731
58.718495
58.759224
58.79992
58.840582
58.881209
58.9218
58.962355
59.002874
59.043356
59.0838
59.124206
59.164573
59.204901
59.24519
59.285438
59.325645
59.365811
59.405935
59.446016
59.486055
59.52605
59.566
59.605906
59.645767
59.685582
59.725351
59.765072
59.804747
59.844373
59.88395
59.923478
59.962957
60.002385
60.041762
60.081088
60.120362
60.159584
60.198752
60.237867
60.276928
60.315934
60.354884
60.393779
60.432618
60.471399
60.510124
60.54879
60.587398
60.625947
60.664436
60.702865
60.741234
60.779542
60.817788
60.855972
60.894093
60.932152
60.970147
61.008078
61.045945
61.083747
61.121483
61.159154
61.196759
61.234297
61.271767
61.309171
61.346506
61.383773
61.420972
61.458101
61.495161
61.532151
61.56907
61.605919
61.642697
61.679404
61.716039
61.752602
61.789093
61.825511
61.861856
61.898128
61.934326
61.970451
62.006501
62.042477
62.078378
62.114204
62.149955
62.185631
62.221232
62.256757
62.292205
62.327578
62.362875
62.398096
62.433239
62.468307
62.503297
62.53821
62.573047
62.607806
62.642488
62.677092
62.711618
62.746067
62.780438
62.814731
62.848946
62.883083
62.917142
62.951123
62.985027
63.018853
63.052601
63.086271
63.119864
63.153379
63.186816
63.220175
63.253457
63.28666
63.319787
63.352836
63.385808
63.418704
63.451522
63.484264
63.516929
63.549517
63.582029
63.614464
63.646822
63.679104
63.711309
63.743438
63.775491
63.807469
63.839372
63.871201
63.902955
63.934636
63.966243
63.997778
64.029239
64.060627
64.091943
64.123184
64.154353
64.185447
64.216468
64.247415
64.278287
64.309087
64.339813
64.370469
64.401054
64.43157
64.462019
64.492402
64.522722
64.552977
64.58317
64.613298
64.643362
64.673359
64.70329
64.733151
64.762943
64.792665
64.822315
64.851897
64.88141
64.91086
64.940249
64.96958
64.998856
65.028078
65.057247
65.086362
65.11542
65.144418
65.173355
65.202229
65.231042
65.259792
65.288481
65.317114
65.345692
65.374222
65.402705
65.431144
65.459537
65.487883
65.516181
65.544426
65.572618
65.600756
65.62884
65.656868
65.684844
65.712771
65.740652
65.768495
65.796299
65.824067
65.851798
65.879488
65.907134
65.934736
65.962291
65.989801
66.017266
66.044688
66.072069
66.099417
66.12673
66.154012
66.181258
66.208467
66.235637
66.262768
66.289862
66.316921
66.343951
66.370951
66.397923
66.42487
66.451782
66.47866
66.505501
66.532305
66.559076
66.585817
66.612535
66.639233
66.665916
66.692577
66.719208
66.745809
66.772376
66.798909
66.825415
66.851896
66.878361
66.904815
66.931254
66.957675
66.984072
67.010443
67.036786
67.063101
67.089391
67.115659
67.141913
67.168151
67.194382
67.220598
67.246797
67.272979
67.299138
67.325277
67.351397
67.377499
67.403591
67.429681
67.455759
67.481832
67.507882
67.533909
67.559914
67.585889
67.611859
67.63783
67.663802
67.689777
67.71574
67.741686
67.767608
67.793494
67.819375
67.845261
67.871155
67.897054
67.922954
67.948836
67.974697
68.000519
68.026328
68.052142
68.077963
68.103789
68.129618
68.155436
68.181238
68.207012
68.232775
68.258539
68.284307
68.31008
68.335854
68.361627
68.387392
68.413148
68.438892
68.464629
68.490361
68.516089
68.541813
68.567536
68.593257
68.618977
68.644694
68.670408
68.696117
68.72182
68.747518
68.773212
68.798905
68.824597
68.850286
68.875972
68.901657
68.927341
68.953025
68.978709
69.004392
69.030074
69.055753
69.081427
69.107089
69.132749
69.158411
69.184078
69.20975
69.235425
69.2611
69.286772
69.312432
69.338084
69.363736
69.389391
69.415049
69.440709
69.46637
69.492028
69.51768
69.543325
69.568971
69.59462
69.620272
69.645928
69.671589
69.697252
69.722916
69.748581
69.774244
69.799905
69.825565
69.851222
69.876877
69.902529
69.928181
69.953833
69.979488
70.005146
70.030809
70.056476
70.082148
70.107821
70.133495
70.159168
70.184838
70.210504
70.236167
70.26183
70.287494
70.31316
70.338831
70.364506
70.390187
70.41587
70.441556
70.467241
70.492925
70.518605
70.544282
70.56996
70.595641
70.621324
70.647012
70.672703
70.698398
70.724094
70.749791
70.775488
70.801185
70.826882
70.852579
70.878277
70.903977
70.92968
70.955385
70.981094
71.006805
71.032518
71.058232
71.083947
71.109663
71.135379
71.161097
71.186817
71.21254
71.238267
71.263997
71.289729
71.315464
71.3412
71.366938
71.392678
71.41842
71.444165
71.469913
71.495664
71.521418
71.547174
71.572933
71.598694
71.624457
71.650224
71.675992
71.701763
71.727536
71.753309
71.779084
71.80486
71.830637
71.856416
71.882197
71.90798
71.933764
71.95955
71.985337
72.011127
72.036919
72.062716
72.088517
72.114322
72.140131
72.165944
72.191759
72.217576
72.243395
72.269215
72.295038
72.320862
72.346687
72.372513
72.398339
72.424166
72.449995
72.475826
72.501662
72.527502
72.553347
72.579197
72.605051
72.630908
72.656767
72.682628
72.70849
72.734354
72.760218
72.786085
72.811954
72.837827
72.863703
72.889585
72.915471
72.941363
72.967258
72.993157
73.019057
73.044959
73.070861
73.096764
73.122668
73.148575
73.174485
73.200402
73.226323
73.252251
73.278185
73.304122
73.330064
73.356007
73.381953
73.4079
73.433849
73.459801
73.485757
73.511717
73.537682
73.563652
73.589626
73.615604
73.641584
73.667567
73.693552
73.71954
73.745531
73.771526
73.797526
73.82353
73.849538
73.87555
73.901564
73.92758
73.953598
73.979619
74.005643
74.031671
74.057703
74.083739
74.109779
74.135822
74.161867
74.187914
74.213962
74.240012
74.266065
74.292123
74.318185
74.344251
74.370322
74.396394
74.422467
74.44854
74.474614
74.500689
74.526767
74.55285
74.578939
74.605035
74.631138
74.657244
74.683352
74.70946
74.735567
74.761674
74.787783
74.813896
74.840014
74.86614
74.892273
74.918411
74.944554
74.970697
74.99684
75.022979
75.049115
75.075253
75.101397
75.127549
75.153713
75.179888
75.206072
75.232261
75.25845
75.284638
75.310815
75.336988
75.363165
75.389349
75.415546
75.441757
75.467981
75.494214
75.520451
75.546687
75.572919
75.599139
75.625359
75.651582
75.677814
75.704057
75.730313
75.756582
75.78286
75.809146
75.835436
75.861727
75.888019
75.914309
75.9406
75.966896
75.9932
76.019515
76.045843
76.072186
76.098541
76.124906
76.151278
76.177654
76.204032
76.230412
76.256796
76.283187
76.309589
76.336007
76.362444
76.388898
76.415369
76.441856
76.468356
76.494866
76.521386
76.547914
76.574453
76.601005
76.627574
76.654164
76.68078
76.707423
76.734093
76.760787
76.787504
76.81424
76.840995
76.867769
76.894565
76.921387
76.94824
76.975128
77.002057
77.029027
77.056039
77.08309
77.11018
77.137306
77.164468
77.191668
77.218908
77.246195
77.273533
77.300928
77.328385
77.355909
77.3835
77.411159
77.438883
77.466673
77.494528
77.52245
77.550442
77.57851
77.606662
77.634903
77.66324
77.691679
77.720222
77.748871
77.777626
77.806486
77.835452
77.864527
77.893714
77.92302
77.95245
77.982011
78.01171
78.041553
78.071546
78.101693
78.131995
78.162455
78.193073
78.22385
78.254788
78.285891
78.317162
78.348609
78.380236
78.41205
78.444055
78.476256
78.508657
78.541259
78.574063
78.607072
78.640286
78.673705
78.707331
78.741166
78.775211
78.80947
78.843944
78.878635
78.913545
78.948674
78.984021
79.019585
79.055364
79.091355
79.127556
79.163965
79.200579
79.237397
79.274416
79.311634
79.349045
79.386645
79.424429
79.462392
79.500528
79.538831
79.577295
79.615914
79.654682
79.69359
79.732632
79.771799
79.811083
79.850473
79.889961
79.929537
79.969191
80.008914
80.048697
80.088529
80.128402
80.168306
80.208232
80.248167
80.288102
80.328021
80.367914
80.40777
80.447577
80.487325
80.527005
80.566608
80.606125
80.645547
80.684867
80.724075
80.763162
80.80212
80.84094
80.879613
80.918133
80.956492
80.994685
81.032705
81.070549
81.108211
81.145689
81.182977
81.220073
81.256972
81.293672
81.33017
81.366464
81.402553
81.438438
81.474116
81.50959
81.54486
81.579927
81.614791
81.649455
81.683922
81.718192
81.752271
81.78616
81.819862
81.853381
81.886721
81.919883
81.952872
81.985692
82.018349
82.050847
82.083191
82.115388
82.147441
82.179354
82.211132
82.242777
82.274292
82.305682
82.336951
82.368106
82.399151
82.430092
82.460934
82.49168
82.522334
82.552897
82.583372
82.613761
82.644067
82.674294
82.704445
82.734525
82.764537
82.794485
82.824371
82.854198
82.883968
82.913681
82.94334
82.972947
83.002502
83.032008
83.061468
83.090884
83.120259
83.149595
83.178894
83.208159
83.237389
83.266587
83.295752
83.324885
83.353986
83.383058
83.4121
83.441116
83.470107
83.499075
83.528023
83.556952
83.585862
83.614754
83.64363
83.672488
83.70133
83.730157
83.758969
83.787768
83.816554
83.84533
83.874095
83.902851
83.931598
83.960337
83.989068
84.017792
84.046509
84.07522
84.103925
84.132625
84.16132
84.190011
84.218699
84.247385
84.276067
84.304747
84.333425
84.362102
84.390777
84.419451
84.448125
84.4768
84.505477
84.534155
84.562836
84.591518
84.620201
84.648886
84.67757
84.706256
84.734942
84.763629
84.792319
84.821014
84.849713
84.878417
84.907127
84.935841
84.96456
84.993282
85.022006
85.050733
85.079461
85.108194
85.13693
85.165673
85.19442
85.223174
85.251932
85.280695
85.309462
85.338232
85.367008
85.395789
85.424577
85.453373
85.482177
85.510987
85.539803
85.568623
85.597446
85.626272
85.655102
85.683936
85.712776
85.741622
85.770474
85.799332
85.828195
85.857063
85.885935
85.914812
85.943695
85.972584
86.001479
86.03038
86.059287
86.088198
86.117114
86.146034
86.174958
86.203889
86.232826
86.26177
86.290719
86.319674
86.348632
86.377594
86.40656
86.435531
86.46451
86.493498
86.522495
86.551502
86.580515
86.609533
86.638554
86.667577
86.696602
86.725629
86.754662
86.783702
86.812751
86.841806
86.870869
86.899937
86.929009
86.958084
86.987162
87.016244
87.045332
87.074427
87.103529
87.132638
87.161753
87.190873
87.219998
87.249127
87.27826
87.307396
87.336536
87.365679
87.394826
87.423977
87.453133
87.482294
87.51146
87.540631
87.569808
87.598989
87.628174
87.657362
87.686553
87.715746
87.744941
87.77414
87.803343
87.83255
87.861762
87.890978
87.920197
87.949419
87.978644
88.007872
88.037101
88.066333
88.095568
88.124806
88.154047
88.183291
88.212539
88.241791
88.271047
88.300307
88.329571
88.358839
88.38811
88.417385
88.446663
88.475944
88.505229
88.534518
88.563812
88.593113
88.622419
88.651732
88.681051
88.710374
88.739703
88.769036
88.798372
88.827713
88.857058
88.886409
88.915765
88.945126
88.974494
89.003867
89.033246
89.062631
89.092022
89.12142
89.150824
89.180234
89.209651
89.239074
89.268502
89.297934
89.327371
89.356813
89.38626
89.415713
89.445173
89.47464
89.504115
89.533596
89.563085
89.592579
89.622078
89.651583
89.681092
89.710607
89.740128
89.769654
89.799187
89.828726
89.858272
89.887824
89.917382
89.946945
89.976514
90.006088
90.035669
90.065255
90.094847
90.124445
90.15405
90.183661
90.213278
90.242901
90.27253
90.302164
90.331804
90.36145
90.391102
90.420761
90.450426
90.480097
90.509775
90.539458
90.569146
90.598841
90.628541
90.658248
90.687961
90.717681
90.747407
90.777138
90.806875
90.836617
90.866364
90.896118
90.925877
90.955643
90.985415
91.015195
91.044981
91.074772
91.104567
91.134367
91.164171
91.193981
91.223796
91.253617
91.283445
91.31328
91.34312
91.372967
91.402819
91.432674
91.462533
91.492395
91.52226
91.552127
91.581996
91.611869
91.641745
91.671625
91.701509
91.731398
91.761293
91.791193
91.821098
91.851008
91.88092
91.910833
91.940747
91.970663
92.000579
92.030497
92.060418
92.090343
92.120273
92.150207
92.180145
92.210087
92.240032
92.26998
92.299931
92.329886
92.359846
92.389811
92.419782
92.44976
92.479744
92.509733
92.539728
92.569727
92.599731
92.629741
92.659755
92.689775
92.719802
92.749835
92.779874
92.80992
92.839972
92.870031
92.900097
92.930169
92.960248
92.990335
93.020428
93.050528
93.080634
93.110745
93.140862
93.170984
93.201111
93.231244
93.261383
93.29153
93.321684
93.351847
93.382016
93.412193
93.442376
93.472566
93.502761
93.532963
93.563169
93.593381
93.623598
93.653821
93.684049
93.714284
93.744525
93.774773
93.805027
93.83529
93.865559
93.895836
93.926121
93.956413
93.986712
94.017018
94.04733
94.077647
94.107969
94.138297
94.168629
94.198968
94.229312
94.259664
94.290023
94.32039
94.350763
94.381142
94.411527
94.441918
94.472314
94.502717
94.533126
94.563543
94.593967
94.624399
94.654837
94.685281
94.715731
94.746187
94.776648
94.807116
94.837589
94.86807
94.898558
94.929052
94.959553
94.990061
95.020574
95.051095
95.081621
95.112155
95.142695
95.173242
95.203795
95.234354
95.264918
95.29549
95.326066
95.35665
95.38724
95.417838
95.448441
95.479052
95.509668
95.540291
95.570917
95.601549
95.632185
95.662826
95.693472
95.724124
95.754781
95.785444
95.816111
95.846782
95.877456
95.908134
95.938814
95.969497
96.000182
96.030871
96.061562
96.092256
96.122953
96.153654
96.184357
96.215063
96.245771
96.276482
96.307195
96.337911
96.368629
96.399352
96.430079
96.460811
96.491547
96.522289
96.553036
96.583788
96.614545
96.645308
96.676077
96.706853
96.737636
96.768426
96.799223
96.830027
96.860837
96.891654
96.922478
96.953308
96.984144
97.014987
97.045836
97.076692
97.107554
97.138424
97.1693
97.200185
97.231077
97.261977
97.292884
97.323799
97.354721
97.385651
97.416586
97.447529
97.478478
97.509434
97.540395
97.571363
97.602337
97.633318
97.664306
97.695301
97.726302
97.757312
97.788328
97.819352
97.850383
97.881421
97.912466
97.943518
97.974576
98.005641
98.036712
98.067791
98.098875
98.129967
98.161065
98.19217
98.223283
98.254403
98.28553
98.316666
98.347809
98.37896
98.410118
98.441283
98.472454
98.50363
98.534812
98.566
98.597193
98.628395
98.659604
98.690821
98.722047
98.753282
98.784524
98.815773
98.847028
98.878288
98.909554
98.940825
98.972103
99.003387
99.03468
99.065982
99.097293
99.128613
99.159941
99.191276
99.222617
99.253964
99.285315
99.316673
99.348036
99.379406
99.410784
99.442169
99.473561
99.50496
99.536365
99.567775
99.59919
99.63061
99.662034
99.693464
99.724897
99.756335
99.787775
99.819217
99.850659
99.8821
99.913538
99.944976
99.976412
100.00785
100.03929
100.07073
100.10217
100.13362
100.16507
100.19653
100.22799
100.25945
100.29092
100.3224
100.35389
100.38538
100.41688
100.44839
100.47991
100.51143
100.54296
100.57448
100.60602
100.63756
100.66912
100.70069
100.73227
100.76386
100.79547
100.82708
100.8587
100.89032
100.92195
100.95359
100.98523
101.01687
101.04852
101.08017
101.11183
101.1435
101.17517
101.20685
101.23854
101.27025
101.30198
101.33371
101.36545
101.3972
101.42896
101.46071
101.49246
101.52422
101.55599
101.58776
101.61954
101.65133
101.68314
101.71495
101.74676
101.77859
101.81042
101.84227
101.87412
101.90599
101.93786
101.96974
102.00163
102.03352
102.06541
102.09731
102.1292
102.16111
102.19303
102.22495
102.25689
102.28885
102.32081
102.35278
102.38476
102.41675
102.44874
102.48073
102.51273
102.54474
102.57675
102.60876
102.64079
102.67282
102.70486
102.73691
102.76898
102.80106
102.83315
102.86526
102.89737
102.92949
102.96161
102.99374
103.02587
103.058
103.09013
103.12228
103.15442
103.18658
103.21875
103.25093
103.28312
103.31533
103.34754
103.37975
103.41198
103.44421
103.47645
103.50869
103.54094
103.5732
103.60546
103.63772
103.67
103.70228
103.73457
103.76687
103.79918
103.83149
103.8638
103.89611
103.92842
103.96073
103.99302
104.02531
104.05758
104.08984
104.12209
104.15432
104.18656
104.2188
104.25105
104.28329
104.31554
104.34778
104.38001
104.4122
104.4444
104.47651
104.50862
104.54062
104.57262
104.60446
104.63631
104.66797
104.69968
104.73102
104.76353
104.79154
104.8504
)
;

boundaryField
{
    leftSide
    {
        type            calculated;
        value           uniform 57.721617;
    }
    rightSide
    {
        type            calculated;
        value           uniform 104.83148;
    }
    emptywalls
    {
        type            empty;
    }
}


// ************************************************************************* //
