/*--------------------------------*- C++ -*----------------------------------*\
  =========                 |
  \\      /  F ield         | OpenFOAM: The Open Source CFD Toolbox
   \\    /   O peration     | Website:  https://openfoam.org
    \\  /    A nd           | Version:  7
     \\/     M anipulation  |
\*---------------------------------------------------------------------------*/
FoamFile
{
    version     2.0;
    format      ascii;
    class       volScalarField;
    location    "0.00263";
    object      rho;
}
// * * * * * * * * * * * * * * * * * * * * * * * * * * * * * * * * * * * * * //

dimensions      [1 -3 0 0 0 0 0];

internalField   nonuniform List<scalar> 
5000
(
0.97372785
0.97379055
0.97388811
0.97396734
0.97406486
0.97414458
0.97424213
0.97432189
0.97441946
0.97449924
0.97459684
0.97467663
0.97477425
0.97485404
0.97495168
0.97503147
0.97512912
0.9752089
0.97530655
0.97538631
0.97548396
0.97556369
0.97566134
0.97574105
0.97583869
0.97591838
0.97601601
0.97609566
0.97619328
0.97627291
0.97637051
0.97645011
0.9765477
0.97662727
0.97672485
0.97680438
0.97690194
0.97698145
0.97707899
0.97715846
0.97725599
0.97733543
0.97743295
0.97751235
0.97760986
0.97768922
0.97778672
0.97786605
0.97796353
0.97804282
0.9781403
0.97821955
0.97831701
0.97839624
0.97849368
0.97857287
0.9786703
0.97874946
0.97884687
0.978926
0.9790234
0.97910249
0.97919988
0.97927893
0.9793763
0.97945533
0.97955269
0.97963168
0.97972902
0.97980798
0.97990531
0.97998423
0.98008155
0.98016044
0.98025774
0.9803366
0.98043388
0.98051271
0.98060998
0.98068877
0.98078603
0.98086479
0.98096203
0.98104075
0.98113799
0.98121668
0.9813139
0.98139255
0.98148976
0.98156838
0.98166558
0.98174416
0.98184135
0.98191989
0.98201707
0.98209558
0.98219274
0.98227122
0.98236837
0.98244681
0.98254395
0.98262236
0.98271948
0.98279786
0.98289497
0.98297332
0.98307041
0.98314872
0.98324581
0.98332409
0.98342116
0.98349941
0.98359647
0.98367468
0.98377173
0.9838499
0.98394692
0.98402506
0.98412206
0.98420015
0.98429712
0.98437516
0.98447211
0.9845501
0.98464703
0.98472497
0.98482189
0.9848998
0.98499672
0.98507461
0.98517153
0.98524941
0.98534636
0.98542423
0.98552119
0.98559906
0.98569604
0.98577391
0.98587091
0.98594877
0.98604577
0.98612362
0.98622062
0.98629845
0.98639545
0.98647325
0.98657025
0.98664802
0.98674501
0.98682275
0.98691973
0.98699744
0.98709441
0.98717208
0.98726904
0.98734668
0.98744363
0.98752124
0.98761817
0.98769574
0.98779267
0.98787021
0.98796713
0.98804462
0.98814154
0.98821899
0.9883159
0.98839332
0.98849022
0.98856761
0.98866449
0.98874184
0.98883872
0.98891604
0.9890129
0.98909018
0.98918703
0.98926429
0.98936113
0.98943834
0.98953517
0.98961236
0.98970917
0.98978632
0.98988313
0.98996025
0.99005704
0.99013412
0.99023091
0.99030795
0.99040473
0.99048174
0.99057851
0.99065548
0.99075224
0.99082917
0.99092593
0.99100283
0.99109957
0.99117643
0.99127317
0.99134999
0.99144672
0.99152351
0.99162023
0.99169698
0.99179369
0.9918704
0.9919671
0.99204378
0.99214047
0.99221712
0.99231379
0.99239041
0.99248707
0.99256365
0.99266031
0.99273685
0.99283349
0.99291
0.99300663
0.9930831
0.99317973
0.99325616
0.99335278
0.99342916
0.99352578
0.99360213
0.99369873
0.99377504
0.99387164
0.99394791
0.99404449
0.99412073
0.9942173
0.9942935
0.99439006
0.99446622
0.99456277
0.99463889
0.99473543
0.99481152
0.99490804
0.99498408
0.9950806
0.9951566
0.99525311
0.99532907
0.99542556
0.99550148
0.99559795
0.99567383
0.9957703
0.99584612
0.99594258
0.99601836
0.9961148
0.99619054
0.99628697
0.99636267
0.99645908
0.99653473
0.99663114
0.99670673
0.99680314
0.99687869
0.99697508
0.99705062
0.99714697
0.99722249
0.99731883
0.99739431
0.99749066
0.99756607
0.99766247
0.99773779
0.99783423
0.99790951
0.9980059
0.99808122
0.99817751
0.9982529
0.99834908
0.99842449
0.99852066
0.99859594
0.99869226
0.99876727
0.99886385
0.99893852
0.99903533
0.9991098
0.99920658
0.99928118
0.99937754
0.99945272
0.99954818
0.9996244
0.99971852
0.99979615
0.99988866
0.99996787
1.0000587
1.0001395
1.0002287
1.0003108
1.0003987
1.000482
1.0005687
1.0006529
1.0007388
1.0008235
1.0009088
1.0009939
1.0010789
1.0011642
1.0012488
1.0013342
1.0014187
1.0015041
1.0015885
1.0016738
1.0017581
1.0018434
1.0019276
1.0020128
1.0020969
1.002182
1.0022661
1.0023511
1.0024351
1.00252
1.0026039
1.0026888
1.0027726
1.0028574
1.0029411
1.0030257
1.0031093
1.0031939
1.0032774
1.0033619
1.0034453
1.0035297
1.003613
1.0036972
1.0037805
1.0038645
1.0039477
1.0040316
1.0041147
1.0041984
1.0042815
1.0043649
1.004448
1.0045312
1.0046142
1.0046972
1.0047802
1.004863
1.0049458
1.0050285
1.0051112
1.0051936
1.0052762
1.0053585
1.005441
1.005523
1.0056054
1.0056872
1.0057694
1.0058511
1.0059331
1.0060146
1.0060964
1.0061778
1.0062594
1.0063405
1.006422
1.0065029
1.0065841
1.0066649
1.0067459
1.0068264
1.0069072
1.0069876
1.0070682
1.0071482
1.0072286
1.0073085
1.0073886
1.0074682
1.0075481
1.0076275
1.0077071
1.0077862
1.0078656
1.0079445
1.0080236
1.0081022
1.0081811
1.0082594
1.008338
1.008416
1.0084944
1.0085721
1.0086501
1.0087276
1.0088053
1.0088825
1.0089599
1.0090368
1.0091139
1.0091904
1.0092672
1.0093434
1.0094199
1.0094958
1.0095719
1.0096475
1.0097233
1.0097985
1.009874
1.0099489
1.010024
1.0100986
1.0101733
1.0102475
1.0103219
1.0103958
1.0104698
1.0105433
1.010617
1.0106901
1.0107634
1.0108361
1.010909
1.0109813
1.0110539
1.0111258
1.011198
1.0112695
1.0113412
1.0114124
1.0114837
1.0115544
1.0116253
1.0116956
1.0117661
1.011836
1.0119061
1.0119755
1.0120451
1.0121141
1.0121833
1.0122519
1.0123206
1.0123887
1.012457
1.0125247
1.0125925
1.0126597
1.0127271
1.0127938
1.0128607
1.012927
1.0129934
1.0130592
1.0131251
1.0131904
1.0132559
1.0133207
1.0133857
1.0134501
1.0135146
1.0135784
1.0136425
1.0137058
1.0137694
1.0138322
1.0138953
1.0139577
1.0140202
1.0140821
1.0141442
1.0142055
1.0142671
1.014328
1.014389
1.0144494
1.01451
1.0145698
1.0146299
1.0146893
1.0147489
1.0148077
1.0148668
1.0149251
1.0149837
1.0150415
1.0150996
1.015157
1.0152145
1.0152714
1.0153284
1.0153848
1.0154413
1.0154972
1.0155532
1.0156086
1.0156641
1.0157191
1.015774
1.0158285
1.0158829
1.0159369
1.0159908
1.0160444
1.0160977
1.0161508
1.0162037
1.0162563
1.0163087
1.0163608
1.0164127
1.0164643
1.0165158
1.0165669
1.0166179
1.0166686
1.016719
1.0167692
1.0168192
1.016869
1.0169185
1.0169678
1.0170168
1.0170657
1.0171143
1.0171626
1.0172108
1.0172587
1.0173064
1.0173539
1.0174011
1.0174481
1.0174949
1.0175415
1.0175879
1.017634
1.01768
1.0177257
1.0177712
1.0178165
1.0178616
1.0179065
1.0179511
1.0179956
1.0180398
1.0180839
1.0181278
1.0181714
1.0182149
1.0182581
1.0183012
1.018344
1.0183867
1.0184292
1.0184715
1.0185136
1.0185555
1.0185973
1.0186388
1.0186802
1.0187214
1.0187624
1.0188032
1.0188439
1.0188844
1.0189247
1.0189648
1.0190048
1.0190446
1.0190843
1.0191237
1.0191631
1.0192022
1.0192412
1.01928
1.0193187
1.0193573
1.0193956
1.0194338
1.0194719
1.0195098
1.0195476
1.0195852
1.0196227
1.01966
1.0196972
1.0197343
1.0197712
1.0198079
1.0198445
1.019881
1.0199174
1.0199536
1.0199897
1.0200256
1.0200614
1.0200971
1.0201327
1.0201681
1.0202034
1.0202386
1.0202737
1.0203086
1.0203434
1.0203781
1.0204127
1.0204472
1.0204815
1.0205158
1.0205499
1.0205839
1.0206178
1.0206516
1.0206853
1.0207188
1.0207523
1.0207857
1.0208189
1.0208521
1.0208852
1.0209181
1.020951
1.0209838
1.0210164
1.021049
1.0210815
1.0211139
1.0211462
1.0211784
1.0212105
1.0212425
1.0212745
1.0213063
1.0213381
1.0213698
1.0214014
1.0214329
1.0214644
1.0214957
1.021527
1.0215582
1.0215893
1.0216204
1.0216514
1.0216823
1.0217131
1.0217439
1.0217746
1.0218052
1.0218358
1.0218663
1.0218967
1.021927
1.0219573
1.0219875
1.0220177
1.0220478
1.0220778
1.0221078
1.0221377
1.0221675
1.0221973
1.0222271
1.0222567
1.0222864
1.0223159
1.0223454
1.0223749
1.0224043
1.0224336
1.0224629
1.0224921
1.0225213
1.0225505
1.0225795
1.0226086
1.0226376
1.0226665
1.0226954
1.0227242
1.022753
1.0227818
1.0228105
1.0228391
1.0228678
1.0228963
1.0229249
1.0229533
1.0229818
1.0230102
1.0230385
1.0230669
1.0230951
1.0231234
1.0231516
1.0231797
1.0232079
1.023236
1.023264
1.023292
1.02332
1.0233479
1.0233758
1.0234037
1.0234315
1.0234594
1.0234871
1.0235149
1.0235426
1.0235702
1.0235979
1.0236255
1.0236531
1.0236806
1.0237082
1.0237356
1.0237631
1.0237905
1.023818
1.0238453
1.0238727
1.0239
1.0239273
1.0239546
1.0239819
1.0240091
1.0240363
1.0240635
1.0240906
1.0241177
1.0241448
1.0241719
1.024199
1.024226
1.024253
1.02428
1.0243069
1.0243339
1.0243608
1.0243877
1.0244145
1.0244414
1.0244682
1.024495
1.0245218
1.0245485
1.0245753
1.024602
1.0246286
1.0246553
1.0246819
1.0247085
1.0247351
1.0247617
1.0247882
1.0248148
1.0248413
1.0248677
1.0248942
1.0249206
1.024947
1.0249734
1.0249998
1.0250261
1.0250524
1.0250787
1.025105
1.0251313
1.0251575
1.0251837
1.0252099
1.025236
1.0252622
1.0252883
1.0253144
1.0253405
1.0253665
1.0253926
1.0254186
1.0254446
1.0254705
1.0254965
1.0255224
1.0255483
1.0255742
1.0256001
1.0256259
1.0256517
1.0256775
1.0257033
1.025729
1.0257548
1.0257805
1.0258062
1.0258319
1.0258575
1.0258831
1.0259088
1.0259343
1.0259599
1.0259855
1.026011
1.0260365
1.026062
1.0260874
1.0261129
1.0261383
1.0261637
1.0261891
1.0262144
1.0262398
1.0262651
1.0262904
1.0263157
1.026341
1.0263662
1.0263914
1.0264166
1.0264418
1.0264669
1.0264921
1.0265172
1.0265423
1.0265674
1.0265924
1.0266174
1.0266425
1.0266674
1.0266924
1.0267174
1.0267423
1.0267672
1.0267921
1.026817
1.0268418
1.0268666
1.0268915
1.0269163
1.026941
1.0269658
1.0269905
1.0270152
1.0270399
1.0270645
1.0270892
1.0271138
1.0271384
1.027163
1.0271876
1.0272121
1.0272366
1.0272611
1.0272856
1.0273101
1.0273345
1.0273589
1.0273833
1.0274077
1.027432
1.0274564
1.0274807
1.027505
1.0275293
1.0275535
1.0275778
1.027602
1.0276262
1.0276504
1.0276746
1.0276988
1.0277229
1.027747
1.0277711
1.0277952
1.0278193
1.0278433
1.0278673
1.0278913
1.0279153
1.0279393
1.0279633
1.0279872
1.0280111
1.028035
1.0280588
1.0280827
1.0281065
1.0281304
1.0281542
1.0281779
1.0282017
1.0282254
1.0282492
1.0282729
1.0282966
1.0283202
1.0283439
1.0283675
1.0283912
1.0284148
1.0284383
1.0284619
1.0284854
1.028509
1.0285325
1.028556
1.0285794
1.0286029
1.0286263
1.0286498
1.0286732
1.0286965
1.0287199
1.0287432
1.0287665
1.0287898
1.0288131
1.0288364
1.0288596
1.0288828
1.028906
1.0289292
1.0289524
1.0289755
1.0289986
1.0290217
1.0290448
1.0290678
1.0290909
1.0291139
1.0291369
1.0291598
1.0291828
1.0292057
1.0292286
1.0292515
1.0292744
1.0292972
1.0293201
1.0293429
1.0293657
1.0293884
1.0294112
1.0294339
1.0294566
1.0294793
1.0295019
1.0295246
1.0295472
1.0295698
1.0295924
1.029615
1.0296375
1.02966
1.0296825
1.029705
1.0297274
1.0297499
1.0297723
1.0297947
1.029817
1.0298394
1.0298617
1.029884
1.0299063
1.0299285
1.0299508
1.029973
1.0299952
1.0300174
1.0300396
1.0300617
1.0300838
1.0301059
1.030128
1.03015
1.0301721
1.0301941
1.0302161
1.0302381
1.03026
1.030282
1.0303039
1.0303257
1.0303476
1.0303695
1.0303913
1.0304131
1.0304349
1.0304567
1.0304784
1.0305001
1.0305218
1.0305435
1.0305651
1.0305868
1.0306084
1.03063
1.0306516
1.0306731
1.0306947
1.0307162
1.0307377
1.0307591
1.0307806
1.030802
1.0308234
1.0308448
1.0308662
1.0308875
1.0309089
1.0309302
1.0309514
1.0309727
1.0309939
1.0310152
1.0310364
1.0310576
1.0310787
1.0310999
1.031121
1.0311421
1.0311632
1.0311842
1.0312053
1.0312263
1.0312473
1.0312682
1.0312892
1.0313102
1.0313311
1.031352
1.0313728
1.0313937
1.0314146
1.0314354
1.0314562
1.031477
1.0314978
1.0315185
1.0315392
1.03156
1.0315806
1.0316013
1.031622
1.0316426
1.0316632
1.0316838
1.0317044
1.031725
1.0317455
1.031766
1.0317866
1.031807
1.0318275
1.031848
1.0318684
1.0318888
1.0319092
1.0319296
1.0319499
1.0319703
1.0319906
1.0320109
1.0320312
1.0320515
1.0320718
1.032092
1.0321122
1.0321324
1.0321526
1.0321728
1.0321929
1.0322131
1.0322332
1.0322533
1.0322733
1.0322934
1.0323134
1.0323334
1.0323534
1.0323733
1.0323933
1.0324132
1.0324331
1.032453
1.0324729
1.0324928
1.0325126
1.0325324
1.0325522
1.032572
1.0325917
1.0326115
1.0326312
1.0326509
1.0326706
1.0326903
1.0327099
1.0327295
1.0327491
1.0327686
1.0327882
1.0328077
1.0328272
1.0328467
1.0328662
1.0328857
1.0329051
1.0329245
1.0329439
1.0329633
1.0329826
1.033002
1.0330213
1.0330406
1.0330598
1.0330791
1.0330983
1.0331175
1.0331367
1.0331559
1.033175
1.0331942
1.0332133
1.0332324
1.0332515
1.0332705
1.0332896
1.0333086
1.0333275
1.0333465
1.0333654
1.0333844
1.0334033
1.0334221
1.033441
1.0334598
1.0334787
1.0334975
1.0335162
1.033535
1.0335537
1.0335724
1.0335911
1.0336098
1.0336285
1.0336471
1.0336657
1.0336843
1.0337029
1.0337214
1.03374
1.0337585
1.033777
1.0337955
1.0338139
1.0338324
1.0338508
1.0338692
1.0338875
1.0339059
1.0339242
1.0339426
1.0339608
1.0339791
1.0339974
1.0340156
1.0340338
1.034052
1.0340702
1.0340884
1.0341065
1.0341246
1.0341427
1.0341608
1.0341788
1.0341969
1.0342149
1.0342329
1.0342509
1.0342688
1.0342868
1.0343047
1.0343226
1.0343405
1.0343584
1.0343762
1.0343941
1.0344119
1.0344297
1.0344474
1.0344652
1.0344829
1.0345006
1.0345184
1.034536
1.0345537
1.0345714
1.034589
1.0346066
1.0346242
1.0346417
1.0346593
1.0346768
1.0346944
1.0347119
1.0347294
1.0347468
1.0347643
1.0347818
1.0347992
1.0348166
1.034834
1.0348513
1.0348687
1.034886
1.0349033
1.0349206
1.0349379
1.0349552
1.0349724
1.0349897
1.0350069
1.0350241
1.0350412
1.0350584
1.0350755
1.0350927
1.0351098
1.0351269
1.0351439
1.035161
1.0351781
1.0351951
1.0352121
1.0352291
1.0352461
1.035263
1.03528
1.0352969
1.0353138
1.0353307
1.0353475
1.0353644
1.0353812
1.035398
1.0354148
1.0354316
1.0354483
1.0354651
1.0354818
1.0354985
1.0355152
1.0355319
1.0355485
1.0355652
1.0355818
1.0355984
1.035615
1.0356315
1.0356481
1.0356646
1.0356811
1.0356976
1.0357141
1.0357305
1.035747
1.0357634
1.0357798
1.0357962
1.0358125
1.0358289
1.0358452
1.0358615
1.0358778
1.0358941
1.0359103
1.0359266
1.0359428
1.035959
1.0359752
1.0359913
1.0360075
1.0360236
1.0360397
1.0360558
1.0360719
1.0360879
1.036104
1.03612
1.036136
1.036152
1.0361679
1.0361839
1.0361998
1.0362157
1.0362316
1.0362475
1.0362633
1.0362792
1.036295
1.0363108
1.0363266
1.0363424
1.0363581
1.0363739
1.0363896
1.0364053
1.0364209
1.0364366
1.0364522
1.0364679
1.0364835
1.0364991
1.0365146
1.0365302
1.0365457
1.0365612
1.0365767
1.0365922
1.0366077
1.0366231
1.0366386
1.036654
1.0366694
1.0366848
1.0367001
1.0367155
1.0367308
1.0367461
1.0367614
1.0367766
1.0367919
1.0368071
1.0368223
1.0368375
1.0368527
1.0368679
1.036883
1.0368982
1.0369133
1.0369284
1.0369434
1.0369585
1.0369735
1.0369886
1.0370036
1.0370186
1.0370335
1.0370485
1.0370634
1.0370784
1.0370933
1.0371082
1.037123
1.0371379
1.0371527
1.0371675
1.0371823
1.0371971
1.0372119
1.0372266
1.0372414
1.0372561
1.0372708
1.0372855
1.0373002
1.0373148
1.0373294
1.0373441
1.0373587
1.0373732
1.0373878
1.0374024
1.0374169
1.0374314
1.0374459
1.0374604
1.0374749
1.0374893
1.0375038
1.0375182
1.0375326
1.037547
1.0375613
1.0375757
1.03759
1.0376043
1.0376187
1.0376329
1.0376472
1.0376614
1.0376757
1.0376899
1.0377041
1.0377183
1.0377325
1.0377466
1.0377607
1.0377748
1.0377889
1.037803
1.0378171
1.0378311
1.0378452
1.0378591
1.0378731
1.0378871
1.037901
1.0379149
1.0379289
1.0379427
1.0379566
1.0379705
1.0379843
1.0379981
1.0380119
1.0380257
1.0380394
1.0380531
1.0380668
1.0380805
1.0380942
1.0381078
1.0381214
1.038135
1.0381486
1.0381621
1.0381756
1.0381891
1.0382026
1.038216
1.0382295
1.0382429
1.0382562
1.0382696
1.0382829
1.0382962
1.0383095
1.0383227
1.0383359
1.0383491
1.0383623
1.0383754
1.0383885
1.0384016
1.0384146
1.0384277
1.0384406
1.0384536
1.0384665
1.0384795
1.0384923
1.0385052
1.038518
1.0385308
1.0385435
1.0385562
1.0385689
1.0385815
1.0385942
1.0386067
1.0386193
1.0386318
1.0386443
1.0386567
1.0386692
1.0386815
1.0386939
1.0387062
1.0387184
1.0387307
1.0387429
1.038755
1.0387671
1.0387792
1.0387913
1.0388033
1.0388152
1.0388271
1.038839
1.0388509
1.0388627
1.0388745
1.0388862
1.0388979
1.0389095
1.0389211
1.0389326
1.0389442
1.0389556
1.0389671
1.0389784
1.0389898
1.0390011
1.0390123
1.0390235
1.0390347
1.0390458
1.0390569
1.0390679
1.0390789
1.0390898
1.0391007
1.0391115
1.0391223
1.0391331
1.0391438
1.0391544
1.039165
1.0391755
1.039186
1.0391965
1.0392069
1.0392173
1.0392276
1.0392378
1.039248
1.0392582
1.0392683
1.0392783
1.0392883
1.0392983
1.0393081
1.039318
1.0393278
1.0393375
1.0393472
1.0393568
1.0393664
1.039376
1.0393854
1.0393948
1.0394042
1.0394135
1.0394228
1.039432
1.0394412
1.0394503
1.0394593
1.0394683
1.0394772
1.0394861
1.039495
1.0395037
1.0395124
1.0395211
1.0395297
1.0395383
1.0395468
1.0395552
1.0395636
1.039572
1.0395802
1.0395885
1.0395966
1.0396048
1.0396128
1.0396208
1.0396288
1.0396367
1.0396445
1.0396523
1.0396601
1.0396678
1.0396754
1.039683
1.0396905
1.039698
1.0397054
1.0397128
1.0397201
1.0397273
1.0397345
1.0397417
1.0397488
1.0397558
1.0397628
1.0397697
1.0397766
1.0397835
1.0397902
1.039797
1.0398037
1.0398103
1.0398169
1.0398234
1.0398299
1.0398363
1.0398427
1.039849
1.0398553
1.0398616
1.0398677
1.0398739
1.03988
1.039886
1.039892
1.039898
1.0399038
1.0399097
1.0399155
1.0399212
1.039927
1.0399326
1.0399382
1.0399438
1.0399493
1.0399548
1.0399602
1.0399656
1.039971
1.0399763
1.0399815
1.0399868
1.0399919
1.0399971
1.0400022
1.0400072
1.0400122
1.0400172
1.0400221
1.040027
1.0400319
1.0400367
1.0400414
1.0400462
1.0400509
1.0400555
1.0400601
1.0400647
1.0400692
1.0400737
1.0400782
1.0400826
1.040087
1.0400913
1.0400956
1.0400999
1.0401041
1.0401084
1.0401125
1.0401167
1.0401208
1.0401248
1.0401289
1.0401329
1.0401368
1.0401408
1.0401447
1.0401486
1.0401524
1.0401562
1.04016
1.0401638
1.0401675
1.0401712
1.0401748
1.0401785
1.0401821
1.0401856
1.0401892
1.0401927
1.0401962
1.0401997
1.0402031
1.0402065
1.0402099
1.0402132
1.0402166
1.0402199
1.0402232
1.0402264
1.0402297
1.0402329
1.0402361
1.0402392
1.0402423
1.0402455
1.0402485
1.0402516
1.0402547
1.0402577
1.0402607
1.0402637
1.0402666
1.0402696
1.0402725
1.0402754
1.0402783
1.0402811
1.040284
1.0402868
1.0402896
1.0402924
1.0402952
1.0402979
1.0403007
1.0403034
1.0403061
1.0403088
1.0403114
1.0403141
1.0403168
1.0403194
1.040322
1.0403246
1.0403272
1.0403297
1.0403323
1.0403348
1.0403374
1.0403399
1.0403424
1.0403449
1.0403474
1.0403499
1.0403524
1.0403548
1.0403573
1.0403597
1.0403621
1.0403646
1.040367
1.0403694
1.0403718
1.0403742
1.0403766
1.040379
1.0403814
1.0403838
1.0403862
1.0403885
1.0403909
1.0403933
1.0403957
1.040398
1.0404004
1.0404028
1.0404051
1.0404075
1.0404099
1.0404122
1.0404146
1.040417
1.0404194
1.0404217
1.0404241
1.0404265
1.0404289
1.0404313
1.0404337
1.0404362
1.0404386
1.040441
1.0404435
1.0404459
1.0404484
1.0404508
1.0404533
1.0404558
1.0404583
1.0404608
1.0404634
1.0404659
1.0404684
1.040471
1.0404736
1.0404762
1.0404788
1.0404815
1.0404841
1.0404868
1.0404895
1.0404922
1.0404949
1.0404976
1.0405004
1.0405032
1.040506
1.0405088
1.0405116
1.0405145
1.0405174
1.0405203
1.0405232
1.0405262
1.0405292
1.0405322
1.0405352
1.0405383
1.0405414
1.0405445
1.0405476
1.0405508
1.040554
1.0405572
1.0405604
1.0405637
1.040567
1.0405703
1.0405737
1.0405771
1.0405805
1.0405839
1.0405874
1.0405909
1.0405945
1.0405981
1.0406017
1.0406053
1.0406089
1.0406126
1.0406164
1.0406201
1.0406239
1.0406278
1.0406316
1.0406355
1.0406395
1.0406434
1.0406474
1.0406515
1.0406555
1.0406596
1.0406638
1.0406679
1.0406721
1.0406764
1.0406807
1.040685
1.0406893
1.0406937
1.0406981
1.0407026
1.040707
1.0407116
1.0407161
1.0407207
1.0407253
1.04073
1.0407347
1.0407394
1.0407442
1.040749
1.0407538
1.0407587
1.0407636
1.0407686
1.0407735
1.0407785
1.0407836
1.0407887
1.0407938
1.0407989
1.0408041
1.0408094
1.0408146
1.0408199
1.0408252
1.0408306
1.0408359
1.0408414
1.0408468
1.0408523
1.0408578
1.0408634
1.040869
1.0408746
1.0408802
1.0408859
1.0408916
1.0408974
1.0409031
1.0409089
1.0409148
1.0409206
1.0409265
1.0409324
1.0409384
1.0409444
1.0409504
1.0409564
1.0409625
1.0409685
1.0409747
1.0409808
1.040987
1.0409932
1.0409994
1.0410056
1.0410119
1.0410182
1.0410245
1.0410308
1.0410372
1.0410436
1.04105
1.0410564
1.0410629
1.0410693
1.0410758
1.0410824
1.0410889
1.0410954
1.041102
1.0411086
1.0411152
1.0411218
1.0411284
1.0411351
1.0411418
1.0411485
1.0411552
1.0411619
1.0411686
1.0411754
1.0411821
1.0411889
1.0411957
1.0412025
1.0412093
1.0412162
1.041223
1.0412299
1.0412367
1.0412436
1.0412505
1.0412574
1.0412643
1.0412712
1.0412781
1.041285
1.0412919
1.0412989
1.0413058
1.0413128
1.0413198
1.0413267
1.0413337
1.0413407
1.0413477
1.0413546
1.0413616
1.0413686
1.0413756
1.0413826
1.0413896
1.0413966
1.0414037
1.0414107
1.0414177
1.0414247
1.0414317
1.0414387
1.0414457
1.0414527
1.0414598
1.0414668
1.0414738
1.0414808
1.0414878
1.0414948
1.0415018
1.0415088
1.0415158
1.0415228
1.0415298
1.0415368
1.0415437
1.0415507
1.0415577
1.0415647
1.0415716
1.0415786
1.0415855
1.0415925
1.0415994
1.0416064
1.0416133
1.0416202
1.0416271
1.041634
1.0416409
1.0416478
1.0416547
1.0416616
1.0416684
1.0416753
1.0416821
1.041689
1.0416958
1.0417026
1.0417094
1.0417162
1.041723
1.0417298
1.0417366
1.0417433
1.0417501
1.0417568
1.0417635
1.0417702
1.0417769
1.0417836
1.0417903
1.041797
1.0418036
1.0418103
1.0418169
1.0418235
1.0418301
1.0418367
1.0418433
1.0418498
1.0418564
1.0418629
1.0418694
1.0418759
1.0418824
1.0418889
1.0418954
1.0419018
1.0419083
1.0419147
1.0419211
1.0419275
1.0419339
1.0419402
1.0419466
1.0419529
1.0419592
1.0419655
1.0419718
1.0419781
1.0419843
1.0419906
1.0419968
1.042003
1.0420092
1.0420154
1.0420215
1.0420276
1.0420338
1.0420399
1.0420459
1.042052
1.0420581
1.0420641
1.0420701
1.0420761
1.0420821
1.0420881
1.0420941
1.0421
1.0421059
1.0421118
1.0421177
1.0421236
1.0421294
1.0421353
1.0421411
1.0421469
1.0421527
1.0421584
1.0421642
1.0421699
1.0421756
1.0421813
1.042187
1.0421926
1.0421983
1.0422039
1.0422095
1.0422151
1.0422207
1.0422262
1.0422318
1.0422373
1.0422428
1.0422483
1.0422538
1.0422592
1.0422646
1.0422701
1.0422755
1.0422808
1.0422862
1.0422915
1.0422969
1.0423022
1.0423075
1.0423127
1.042318
1.0423232
1.0423284
1.0423336
1.0423388
1.042344
1.0423491
1.0423543
1.0423594
1.0423645
1.0423696
1.0423746
1.0423797
1.0423847
1.0423898
1.0423948
1.0423997
1.0424047
1.0424096
1.0424146
1.0424195
1.0424244
1.0424292
1.0424341
1.0424389
1.0424438
1.0424486
1.0424534
1.0424581
1.0424629
1.0424676
1.0424724
1.0424771
1.0424818
1.0424864
1.0424911
1.0424958
1.0425004
1.042505
1.0425096
1.0425142
1.0425187
1.0425233
1.0425278
1.0425323
1.0425368
1.0425412
1.0425457
1.0425501
1.0425546
1.042559
1.0425634
1.0425678
1.0425721
1.0425765
1.0425808
1.0425851
1.0425894
1.0425937
1.042598
1.0426022
1.0426064
1.0426107
1.0426149
1.0426191
1.0426232
1.0426274
1.0426315
1.0426357
1.0426398
1.0426439
1.042648
1.042652
1.0426561
1.0426601
1.0426641
1.0426681
1.0426721
1.0426761
1.04268
1.042684
1.0426879
1.0426918
1.0426957
1.0426996
1.0427035
1.0427073
1.0427112
1.042715
1.0427188
1.0427226
1.0427264
1.0427301
1.0427339
1.0427376
1.0427413
1.042745
1.0427487
1.0427524
1.042756
1.0427597
1.0427633
1.0427669
1.0427705
1.0427741
1.0427777
1.0427812
1.0427848
1.0427883
1.0427918
1.0427953
1.0427988
1.0428022
1.0428057
1.0428091
1.0428125
1.0428159
1.0428193
1.0428226
1.042826
1.0428293
1.0428326
1.0428359
1.0428392
1.0428425
1.0428458
1.042849
1.0428522
1.0428555
1.0428587
1.0428618
1.042865
1.0428682
1.0428713
1.0428744
1.0428775
1.0428806
1.0428837
1.0428867
1.0428898
1.0428928
1.0428958
1.0428988
1.0429018
1.0429047
1.0429077
1.0429106
1.0429135
1.0429164
1.0429192
1.0429221
1.0429249
1.0429278
1.0429306
1.0429334
1.0429362
1.0429389
1.0429417
1.0429444
1.0429471
1.0429498
1.0429525
1.0429551
1.0429578
1.0429604
1.042963
1.0429656
1.0429682
1.0429708
1.0429733
1.0429758
1.0429783
1.0429808
1.0429833
1.0429858
1.0429882
1.0429906
1.042993
1.0429954
1.0429978
1.0430002
1.0430025
1.0430048
1.0430072
1.0430094
1.0430117
1.043014
1.0430162
1.0430185
1.0430207
1.0430229
1.043025
1.0430272
1.0430293
1.0430315
1.0430336
1.0430357
1.0430378
1.0430398
1.0430419
1.0430439
1.0430459
1.0430479
1.0430499
1.0430518
1.0430538
1.0430557
1.0430576
1.0430595
1.0430614
1.0430633
1.0430651
1.043067
1.0430688
1.0430706
1.0430724
1.0430741
1.0430759
1.0430776
1.0430794
1.0430811
1.0430828
1.0430844
1.0430861
1.0430878
1.0430894
1.043091
1.0430926
1.0430942
1.0430957
1.0430973
1.0430988
1.0431003
1.0431018
1.0431033
1.0431048
1.0431062
1.0431077
1.0431091
1.0431105
1.0431119
1.0431133
1.0431147
1.043116
1.0431174
1.0431187
1.04312
1.0431213
1.0431226
1.0431239
1.0431251
1.0431263
1.0431276
1.0431288
1.04313
1.0431311
1.0431323
1.0431334
1.0431346
1.0431357
1.0431368
1.0431379
1.043139
1.04314
1.0431411
1.0431421
1.0431431
1.0431441
1.0431451
1.043146
1.043147
1.0431479
1.0431488
1.0431498
1.0431507
1.0431515
1.0431524
1.0431533
1.0431541
1.0431549
1.0431557
1.0431565
1.0431573
1.043158
1.0431588
1.0431595
1.0431602
1.0431609
1.0431616
1.0431623
1.0431629
1.0431636
1.0431642
1.0431648
1.0431654
1.043166
1.0431665
1.0431671
1.0431676
1.0431681
1.0431686
1.0431691
1.0431695
1.04317
1.0431704
1.0431708
1.0431712
1.0431716
1.043172
1.0431723
1.0431727
1.043173
1.0431733
1.0431736
1.0431739
1.0431741
1.0431744
1.0431746
1.0431748
1.043175
1.0431752
1.0431753
1.0431754
1.0431756
1.0431757
1.0431758
1.0431758
1.0431759
1.0431759
1.043176
1.043176
1.043176
1.0431759
1.0431759
1.0431758
1.0431758
1.0431757
1.0431755
1.0431754
1.0431753
1.0431751
1.0431749
1.0431747
1.0431745
1.0431743
1.043174
1.0431737
1.0431734
1.0431731
1.0431728
1.0431725
1.0431721
1.0431717
1.0431714
1.043171
1.0431705
1.0431701
1.0431696
1.0431692
1.0431687
1.0431682
1.0431676
1.0431671
1.0431665
1.043166
1.0431654
1.0431647
1.0431641
1.0431635
1.0431628
1.0431621
1.0431614
1.0431607
1.04316
1.0431592
1.0431584
1.0431577
1.0431569
1.043156
1.0431552
1.0431544
1.0431535
1.0431526
1.0431517
1.0431508
1.0431499
1.0431489
1.043148
1.043147
1.043146
1.043145
1.0431439
1.0431429
1.0431418
1.0431407
1.0431396
1.0431385
1.0431374
1.0431362
1.043135
1.0431339
1.0431327
1.0431314
1.0431302
1.0431289
1.0431277
1.0431264
1.0431251
1.0431237
1.0431224
1.0431211
1.0431197
1.0431183
1.0431169
1.0431155
1.043114
1.0431126
1.0431112
1.0431097
1.0431082
1.0431067
1.0431052
1.0431036
1.0431021
1.0431005
1.0430989
1.0430974
1.0430957
1.0430941
1.0430924
1.0430908
1.0430891
1.0430875
1.0430857
1.043084
1.0430823
1.0430805
1.0430788
1.043077
1.0430752
1.0430733
1.0430715
1.0430697
1.0430678
1.043066
1.043064
1.0430621
1.0430602
1.0430583
1.0430563
1.0430544
1.0430524
1.0430504
1.0430484
1.0430464
1.0430443
1.0430422
1.0430402
1.0430381
1.043036
1.0430339
1.0430317
1.0430296
1.0430274
1.0430252
1.043023
1.0430208
1.0430185
1.0430163
1.043014
1.0430117
1.0430094
1.0430071
1.0430048
1.0430025
1.0430001
1.0429978
1.0429954
1.042993
1.0429906
1.0429881
1.0429856
1.0429832
1.0429807
1.0429782
1.0429756
1.0429731
1.0429706
1.042968
1.0429654
1.0429628
1.0429602
1.0429575
1.0429548
1.0429521
1.0429494
1.0429467
1.042944
1.0429413
1.0429385
1.0429357
1.0429329
1.0429301
1.0429272
1.0429244
1.0429215
1.0429186
1.0429157
1.0429128
1.0429099
1.0429069
1.0429039
1.0429009
1.0428979
1.0428949
1.0428919
1.0428888
1.0428857
1.0428826
1.0428795
1.0428763
1.0428731
1.04287
1.0428668
1.0428636
1.0428603
1.0428571
1.0428538
1.0428505
1.0428472
1.0428439
1.0428405
1.0428371
1.0428338
1.0428304
1.0428269
1.0428235
1.0428201
1.0428166
1.0428131
1.0428096
1.0428061
1.0428026
1.042799
1.0427954
1.0427918
1.0427883
1.0427846
1.042781
1.0427773
1.0427737
1.04277
1.0427663
1.0427626
1.0427588
1.042755
1.0427513
1.0427475
1.0427436
1.0427398
1.0427359
1.042732
1.0427281
1.0427242
1.0427203
1.0427163
1.0427124
1.0427084
1.0427044
1.0427003
1.0426963
1.0426922
1.0426881
1.042684
1.0426799
1.0426758
1.0426716
1.0426674
1.0426632
1.042659
1.0426547
1.0426505
1.0426462
1.0426419
1.0426375
1.0426332
1.0426289
1.0426245
1.0426201
1.0426156
1.0426112
1.0426068
1.0426023
1.0425979
1.0425934
1.0425888
1.0425843
1.0425798
1.0425753
1.0425707
1.0425661
1.0425614
1.0425568
1.0425522
1.0425475
1.0425429
1.0425381
1.0425334
1.0425287
1.0425241
1.0425193
1.0425146
1.0425098
1.042505
1.0425002
1.0424954
1.0424907
1.0424859
1.0424811
1.0424763
1.0424715
1.0424667
1.042462
1.0424572
1.0424524
1.0424476
1.0424427
1.0424378
1.042433
1.0424283
1.0424236
1.0424189
1.0424141
1.0424093
1.0424045
1.0423996
1.0423949
1.0423902
1.0423855
1.0423807
1.0423758
1.0423709
1.0423661
1.0423613
1.0423566
1.0423519
1.0423472
1.0423424
1.0423374
1.0423323
1.0423272
1.0423221
1.0423171
1.0423121
1.042307
1.0423018
1.0422965
1.0422909
1.0422852
1.0422795
1.0422738
1.0422681
1.0422625
1.042257
1.0422513
1.0422455
1.0422395
1.0422333
1.042227
1.0422207
1.0422143
1.0422081
1.0422021
1.0421961
1.0421902
1.0421843
1.0421783
1.0421722
1.0421659
1.0421595
1.0421529
1.0421463
1.0421398
1.0421335
1.0421275
1.0421218
1.0421163
1.0421111
1.042106
1.0421009
1.0420955
1.0420899
1.0420841
1.042078
1.0420716
1.042065
1.0420583
1.0420512
1.0420439
1.0420363
1.0420282
1.0420197
1.0420105
1.0419999
1.0419859
1.0419617
1.0419088
1.0417736
1.041403
1.0403565
1.0380823
1.0354675
1.0326771
1.0297645
1.0267799
1.0237704
1.0207803
1.017849
1.0150111
1.0122952
1.009724
1.0073147
1.0050788
1.003023
1.0011493
0.99945615
0.99793861
0.99658923
0.99539854
0.99435567
0.99344881
0.99266564
0.99199382
0.99142121
0.99093617
0.99052773
0.99018577
0.98990107
0.98966532
0.98947114
0.98931201
0.98918223
0.98907687
0.98899171
0.98892313
0.98886807
0.98882394
0.9887886
0.98876029
0.98873752
0.98871907
0.98870393
0.9886913
0.9886805
0.98867097
0.9886622
0.98865373
0.98864567
0.98863902
0.98863493
0.98863101
0.98862687
0.98862255
0.98861807
0.98861345
0.9886087
0.98860384
0.98859888
0.98859383
0.9885887
0.98858349
0.98857822
0.98857289
0.98856752
0.9885621
0.98855664
0.98855117
0.98854567
0.98854017
0.98853467
0.98852916
0.98852367
0.98851819
0.98851273
0.98850729
0.98850188
0.98849648
0.98849111
0.98848577
0.98848044
0.98847512
0.98846982
0.98846453
0.98845924
0.98845394
0.98844864
0.98844333
0.988438
0.98843265
0.98842727
0.98842186
0.98841642
0.98841095
0.98840543
0.98839986
0.98839426
0.9883886
0.9883829
0.98837714
0.98837134
0.98836549
0.98835959
0.98835363
0.98834763
0.98834158
0.98833549
0.98832935
0.98832317
0.98831694
0.98831068
0.98830437
0.98829803
0.98829166
0.98828525
0.98827881
0.98827234
0.98826584
0.98825931
0.98825275
0.98824616
0.98823955
0.98823291
0.98822625
0.98821956
0.98821285
0.98820612
0.98819936
0.98819257
0.98818577
0.98817894
0.9881721
0.98816523
0.98815834
0.98815143
0.9881445
0.98813756
0.98813059
0.9881236
0.9881166
0.98810957
0.98810253
0.98809547
0.98808839
0.9880813
0.98807418
0.98806705
0.9880599
0.98805273
0.98804554
0.98803833
0.98803111
0.98802386
0.9880166
0.98800932
0.98800202
0.9879947
0.98798736
0.98798001
0.98797264
0.98796524
0.98795784
0.98795041
0.98794297
0.98793551
0.98792803
0.98792054
0.98791303
0.9879055
0.98789796
0.9878904
0.98788282
0.98787523
0.98786762
0.98785999
0.98785234
0.98784468
0.987837
0.98782931
0.98782159
0.98781386
0.98780611
0.98779835
0.98779056
0.98778276
0.98777495
0.98776711
0.98775926
0.98775139
0.98774351
0.98773561
0.98772769
0.98771976
0.9877118
0.98770384
0.98769585
0.98768785
0.98767983
0.9876718
0.98766375
0.98765568
0.9876476
0.98763951
0.98763139
0.98762326
0.98761512
0.98760695
0.98759878
0.98759058
0.98758237
0.98757415
0.98756591
0.98755765
0.98754937
0.98754109
0.98753278
0.98752446
0.98751612
0.98750777
0.9874994
0.98749102
0.98748262
0.9874742
0.98746577
0.98745732
0.98744885
0.98744037
0.98743187
0.98742336
0.98741483
0.98740628
0.98739772
0.98738915
0.98738055
0.98737195
0.98736332
0.98735469
0.98734603
0.98733736
0.98732868
0.98731998
0.98731126
0.98730253
0.98729378
0.98728502
0.98727624
0.98726744
0.98725863
0.98724981
0.98724097
0.98723211
0.98722324
0.98721435
0.98720545
0.98719653
0.98718759
0.98717864
0.98716968
0.98716069
0.9871517
0.98714268
0.98713366
0.98712461
0.98711555
0.98710648
0.98709739
0.98708829
0.98707917
0.98707004
0.98706089
0.98705173
0.98704255
0.98703336
0.98702415
0.98701493
0.9870057
0.98699645
0.98698718
0.98697791
0.98696861
0.9869593
0.98694998
0.98694065
0.9869313
0.98692193
0.98691255
0.98690315
0.98689374
0.98688432
0.98687487
0.98686542
0.98685595
0.98684646
0.98683696
0.98682745
0.98681792
0.98680837
0.98679882
0.98678924
0.98677966
0.98677006
0.98676044
0.98675081
0.98674116
0.9867315
0.98672183
0.98671214
0.98670243
0.98669271
0.98668298
0.98667323
0.98666346
0.98665368
0.98664389
0.98663407
0.98662425
0.98661441
0.98660455
0.98659467
0.98658478
0.98657488
0.98656496
0.98655502
0.98654507
0.9865351
0.98652511
0.98651511
0.98650509
0.98649505
0.986485
0.98647493
0.98646484
0.98645473
0.98644461
0.98643446
0.9864243
0.98641413
0.98640393
0.98639372
0.98638348
0.98637323
0.98636296
0.98635267
0.98634237
0.98633204
0.98632169
0.98631132
0.98630093
0.98629052
0.98628009
0.98626963
0.98625915
0.98624865
0.98623813
0.98622758
0.98621702
0.98620642
0.98619581
0.98618516
0.9861745
0.98616381
0.98615309
0.98614234
0.98613157
0.98612077
0.98610994
0.98609909
0.9860882
0.98607728
0.98606633
0.98605535
0.98604433
0.98603328
0.9860222
0.98601108
0.98599992
0.98598872
0.98597749
0.98596622
0.9859549
0.98594354
0.98593214
0.9859207
0.98590921
0.98589767
0.98588609
0.98587445
0.98586276
0.98585102
0.98583923
0.98582738
0.98581547
0.9858035
0.98579148
0.98577938
0.98576723
0.985755
0.98574271
0.98573034
0.98571791
0.98570539
0.9856928
0.98568012
0.98566737
0.98565452
0.98564159
0.98562857
0.98561545
0.98560223
0.98558891
0.98557549
0.98556196
0.98554833
0.98553458
0.98552071
0.98550672
0.98549261
0.98547837
0.985464
0.9854495
0.98543485
0.98542007
0.98540514
0.98539005
0.98537482
0.98535942
0.98534386
0.98532814
0.98531224
0.98529616
0.98527991
0.98526347
0.98524684
0.98523002
0.98521299
0.98519577
0.98517834
0.98516069
0.98514282
0.98512473
0.98510642
0.98508787
0.98506908
0.98505005
0.98503077
0.98501124
0.98499146
0.98497141
0.98495109
0.98493051
0.98490965
0.98488852
0.98486709
0.98484539
0.98482339
0.98480109
0.9847785
0.9847556
0.98473239
0.98470887
0.98468504
0.98466089
0.98463642
0.98461163
0.98458651
0.98456106
0.98453528
0.98450916
0.98448271
0.98445593
0.9844288
0.98440133
0.98437352
0.98434537
0.98431687
0.98428804
0.98425886
0.98422933
0.98419947
0.98416926
0.98413872
0.98410784
0.98407661
0.98404506
0.98401317
0.98398095
0.98394841
0.98391554
0.98388236
0.98384885
0.98381504
0.98378091
0.98374649
0.98371177
0.98367675
0.98364145
0.98360588
0.98357002
0.9835339
0.98349753
0.9834609
0.98342402
0.98338691
0.98334958
0.98331202
0.98327425
0.98323628
0.98319811
0.98315976
0.98312124
0.98308255
0.98304371
0.98300472
0.9829656
0.98292635
0.982887
0.98284753
0.98280798
0.98276835
0.98272865
0.98268888
0.98264908
0.98260923
0.98256937
0.98252948
0.98248961
0.98244974
0.9824099
0.98237008
0.98233033
0.98229062
0.98225098
0.98221142
0.98217195
0.98213257
0.98209331
0.98205416
0.98201515
0.98197627
0.98193754
0.98189896
0.98186056
0.98182232
0.98178427
0.98174641
0.98170876
0.9816713
0.98163406
0.98159705
0.98156026
0.9815237
0.98148739
0.98145132
0.9814155
0.98137994
0.98134464
0.9813096
0.98127483
0.98124034
0.98120612
0.98117218
0.98113851
0.98110514
0.98107205
0.98103925
0.98100672
0.9809745
0.98094256
0.98091092
0.98087955
0.98084849
0.9808177
0.98078722
0.98075701
0.9807271
0.98069745
0.98066811
0.98063903
0.98061024
0.98058171
0.98055346
0.98052547
0.98049776
0.98047029
0.9804431
0.98041615
0.98038946
0.980363
0.9803368
0.98031082
0.98028509
0.98025958
0.9802343
0.98020923
0.98018439
0.98015975
0.98013533
0.98011109
0.98008707
0.98006321
0.98003957
0.98001609
0.97999281
0.97996968
0.97994674
0.97992394
0.97990132
0.97987884
0.97985652
0.97983433
0.9798123
0.97979039
0.97976864
0.97974699
0.97972548
0.97970408
0.97968281
0.97966164
0.97964059
0.97961963
0.97959879
0.97957803
0.97955738
0.97953681
0.97951633
0.97949593
0.97947562
0.97945538
0.97943522
0.97941513
0.9793951
0.97937514
0.97935525
0.97933542
0.97931564
0.97929592
0.97927625
0.97925663
0.97923705
0.97921753
0.97919805
0.9791786
0.9791592
0.97913984
0.97912051
0.97910121
0.97908195
0.97906272
0.97904351
0.97902433
0.97900518
0.97898604
0.97896693
0.97894784
0.97892877
0.97890971
0.97889067
0.97887164
0.97885262
0.97883362
0.97881463
0.97879564
0.97877667
0.9787577
0.97873873
0.97871978
0.97870082
0.97868187
0.97866293
0.97864398
0.97862503
0.97860609
0.97858714
0.97856819
0.97854923
0.97853028
0.97851132
0.97849235
0.97847338
0.9784544
0.97843541
0.97841642
0.97839741
0.9783784
0.97835938
0.97834035
0.97832131
0.97830226
0.9782832
0.97826412
0.97824504
0.97822594
0.97820683
0.9781877
0.97816857
0.97814941
0.97813025
0.97811107
0.97809187
0.97807266
0.97805344
0.9780342
0.97801494
0.97799567
0.97797638
0.97795708
0.97793776
0.97791842
0.97789906
0.97787969
0.9778603
0.97784089
0.97782147
0.97780203
0.97778257
0.97776309
0.97774359
0.97772408
0.97770454
0.97768499
0.97766542
0.97764583
0.97762622
0.9776066
0.97758695
0.97756729
0.9775476
0.9775279
0.97750818
0.97748844
0.97746868
0.9774489
0.9774291
0.97740928
0.97738945
0.97736959
0.97734972
0.97732982
0.97730991
0.97728997
0.97727002
0.97725005
0.97723005
0.97721004
0.97719001
0.97716996
0.97714989
0.9771298
0.97710969
0.97708956
0.97706941
0.97704924
0.97702905
0.97700885
0.97698862
0.97696837
0.9769481
0.97692782
0.97690751
0.97688719
0.97686684
0.97684648
0.97682609
0.97680569
0.97678527
0.97676483
0.97674437
0.97672389
0.97670339
0.97668287
0.97666233
0.97664177
0.97662119
0.97660059
0.97657998
0.97655934
0.97653869
0.97651802
0.97649733
0.97647662
0.97645589
0.97643514
0.97641437
0.97639359
0.97637279
0.97635197
0.97633113
0.97631027
0.97628939
0.9762685
0.97624759
0.97622666
0.97620571
0.97618475
0.97616376
0.97614276
0.97612174
0.97610071
0.97607966
0.97605859
0.9760375
0.97601639
0.97599527
0.97597413
0.97595298
0.97593181
0.97591063
0.97588942
0.9758682
0.97584697
0.97582572
0.97580445
0.97578317
0.97576187
0.97574055
0.97571921
0.97569786
0.97567649
0.9756551
0.9756337
0.97561228
0.97559085
0.97556939
0.97554793
0.97552645
0.97550495
0.97548344
0.97546191
0.97544037
0.97541881
0.97539723
0.97537564
0.97535403
0.9753324
0.97531075
0.97528909
0.9752674
0.97524569
0.97522397
0.97520223
0.97518046
0.97515869
0.9751369
0.97511509
0.97509326
0.97507142
0.97504956
0.97502769
0.97500579
0.97498387
0.97496193
0.97493998
0.97491799
0.974896
0.97487398
0.97485194
0.97482988
0.97480781
0.97478572
0.97476362
0.97474149
0.97471936
0.97469719
0.97467501
0.97465281
0.97463058
0.97460833
0.97458607
0.97456377
0.97454146
0.97451913
0.97449678
0.97447442
0.97445204
0.97442964
0.97440722
0.97438478
0.97436233
0.97433985
0.97431735
0.97429482
0.97427227
0.9742497
0.97422711
0.9742045
0.97418187
0.97415922
0.97413656
0.97411387
0.97409118
0.97406845
0.97404571
0.97402294
0.97400016
0.97397735
0.97395452
0.97393166
0.97390879
0.9738859
0.97386299
0.97384006
0.97381711
0.97379414
0.97377115
0.97374814
0.97372511
0.97370206
0.97367899
0.9736559
0.97363278
0.97360965
0.9735865
0.97356333
0.97354014
0.97351693
0.9734937
0.97347045
0.97344718
0.97342389
0.97340057
0.97337724
0.97335389
0.97333052
0.97330713
0.97328372
0.9732603
0.97323685
0.97321338
0.97318989
0.97316639
0.97314286
0.97311932
0.97309576
0.97307218
0.97304859
0.97302497
0.97300133
0.97297767
0.97295399
0.97293029
0.97290658
0.97288284
0.9728591
0.97283534
0.97281156
0.97278776
0.97276395
0.97274011
0.97271626
0.97269238
0.97266849
0.97264458
0.97262066
0.97259672
0.97257277
0.97254879
0.9725248
0.97250079
0.97247677
0.97245272
0.97242866
0.97240458
0.97238049
0.97235638
0.97233226
0.97230812
0.97228396
0.97225979
0.9722356
0.97221139
0.97218717
0.97216293
0.97213867
0.9721144
0.97209011
0.9720658
0.97204148
0.97201714
0.97199277
0.9719684
0.971944
0.97191959
0.97189516
0.97187072
0.97184626
0.97182178
0.97179728
0.97177276
0.97174823
0.97172367
0.9716991
0.97167451
0.9716499
0.97162528
0.97160064
0.97157598
0.97155129
0.97152659
0.97150187
0.97147713
0.97145237
0.9714276
0.9714028
0.97137799
0.97135315
0.97132829
0.97130341
0.97127851
0.97125359
0.97122866
0.9712037
0.97117873
0.97115374
0.97112872
0.97110368
0.97107862
0.97105353
0.97102843
0.97100332
0.97097818
0.97095303
0.97092786
0.97090267
0.97087745
0.97085221
0.97082695
0.97080166
0.97077636
0.97075104
0.9707257
0.97070034
0.97067496
0.97064955
0.97062413
0.97059869
0.97057322
0.97054774
0.97052224
0.97049672
0.97047118
0.97044561
0.97042003
0.97039442
0.97036879
0.97034314
0.97031747
0.97029178
0.97026606
0.97024033
0.97021458
0.97018881
0.97016302
0.97013721
0.97011138
0.97008554
0.97005966
0.97003377
0.97000786
0.96998192
0.96995596
0.96992999
0.96990399
0.96987798
0.96985194
0.96982589
0.96979982
0.96977373
0.96974761
0.96972147
0.96969532
0.96966914
0.96964294
0.96961672
0.96959048
0.96956422
0.96953794
0.96951164
0.96948532
0.96945898
0.96943263
0.96940625
0.96937985
0.96935343
0.96932699
0.96930054
0.96927406
0.96924756
0.96922105
0.96919452
0.96916797
0.9691414
0.96911481
0.96908821
0.96906158
0.96903494
0.96900828
0.9689816
0.9689549
0.96892818
0.96890145
0.96887469
0.96884792
0.96882114
0.96879433
0.9687675
0.96874066
0.9687138
0.96868692
0.96866002
0.96863311
0.96860618
0.96857924
0.96855228
0.9685253
0.96849831
0.9684713
0.96844428
0.96841724
0.96839018
0.96836311
0.96833602
0.96830891
0.96828179
0.96825465
0.96822749
0.96820032
0.96817313
0.96814593
0.96811871
0.96809147
0.96806422
0.96803695
0.96800967
0.96798237
0.96795506
0.96792773
0.96790038
0.96787302
0.96784564
0.96781824
0.96779082
0.96776339
0.96773594
0.96770848
0.96768099
0.96765349
0.96762597
0.96759844
0.96757089
0.96754332
0.96751573
0.96748812
0.96746049
0.96743285
0.96740518
0.9673775
0.9673498
0.96732207
0.96729433
0.96726657
0.96723879
0.967211
0.96718318
0.96715534
0.96712749
0.96709961
0.96707172
0.96704381
0.96701587
0.96698791
0.96695994
0.96693194
0.96690393
0.96687589
0.96684783
0.96681976
0.96679166
0.96676355
0.96673541
0.96670726
0.96667909
0.96665089
0.96662267
0.96659443
0.96656618
0.9665379
0.9665096
0.96648128
0.96645294
0.96642458
0.96639621
0.96636781
0.96633939
0.96631095
0.96628249
0.96625401
0.96622551
0.96619699
0.96616844
0.96613988
0.9661113
0.9660827
0.96605408
0.96602543
0.96599677
0.96596809
0.96593938
0.96591066
0.96588192
0.96585315
0.96582437
0.96579557
0.96576674
0.9657379
0.96570904
0.96568015
0.96565125
0.96562233
0.96559338
0.96556442
0.96553543
0.96550643
0.9654774
0.96544836
0.9654193
0.96539021
0.96536111
0.96533199
0.96530285
0.96527368
0.9652445
0.9652153
0.96518609
0.96515685
0.9651276
0.96509832
0.96506903
0.96503972
0.96501039
0.96498104
0.96495168
0.96492229
0.96489289
0.96486347
0.96483404
0.96480458
0.96477511
0.96474562
0.96471611
0.96468659
0.96465705
0.96462749
0.96459792
0.96456833
0.96453873
0.96450911
0.96447947
0.96444982
0.96442015
0.96439047
0.96436077
0.96433106
0.96430133
0.96427159
0.96424183
0.96421205
0.96418226
0.96415246
0.96412264
0.9640928
0.96406294
0.96403307
0.96400318
0.96397328
0.96394336
0.96391343
0.96388348
0.96385351
0.96382353
0.96379353
0.96376351
0.96373348
0.96370342
0.96367335
0.96364326
0.96361315
0.96358303
0.96355289
0.96352273
0.96349256
0.96346236
0.96343215
0.96340191
0.96337165
0.96334137
0.96331107
0.96328076
0.96325042
0.96322007
0.9631897
0.96315932
0.96312891
0.96309848
0.96306802
0.96303755
0.96300705
0.96297653
0.96294599
0.96291543
0.96288485
0.96285426
0.96282364
0.96279301
0.96276235
0.96273167
0.96270097
0.96267025
0.9626395
0.96260873
0.96257795
0.96254714
0.96251632
0.96248548
0.96245461
0.96242373
0.96239283
0.9623619
0.96233095
0.96229998
0.96226899
0.96223798
0.96220694
0.96217589
0.96214482
0.96211373
0.96208262
0.96205149
0.96202034
0.96198917
0.96195798
0.96192676
0.96189552
0.96186426
0.96183299
0.96180169
0.96177037
0.96173904
0.96170768
0.96167631
0.96164492
0.9616135
0.96158206
0.9615506
0.96151911
0.9614876
0.96145607
0.96142453
0.96139296
0.96136138
0.96132978
0.96129816
0.96126652
0.96123486
0.96120318
0.96117148
0.96113975
0.961108
0.96107622
0.96104443
0.96101262
0.96098078
0.96094894
0.96091707
0.96088518
0.96085327
0.96082135
0.9607894
0.96075743
0.96072544
0.96069342
0.96066139
0.96062933
0.96059726
0.96056516
0.96053305
0.96050091
0.96046878
0.96043659
0.96040443
0.96037219
0.96034
0.9603077
0.96027549
0.96024313
0.96021091
0.96017848
0.96014627
0.96011374
0.96008156
0.96004891
0.96001679
0.959984
0.95995197
0.95991899
0.95988709
0.95985387
0.95982217
0.95978865
0.95975721
0.95972331
0.95969221
0.95965787
0.95962717
0.9595923
0.95956208
0.95952664
0.95949692
0.95946089
0.95943167
0.95939509
0.95936629
0.95932927
0.95930074
0.95926346
0.95923499
0.95919765
0.95916912
0.95913173
0.95910316
0.95906572
0.9590371
0.95899962
0.95897096
0.95893341
0.9589047
0.95886711
0.95883835
0.95880071
0.9587719
0.9587342
0.95870534
0.95866758
0.95863867
0.95860086
0.9585719
0.95853404
0.95850503
0.95846711
0.95843805
0.95840007
0.95837097
0.95833294
0.95830378
0.95826569
0.95823649
0.95819834
0.9581691
0.9581309
0.95810161
0.95806335
0.95803401
0.9579957
0.95796632
0.95792796
0.95789854
0.95786012
0.95783065
0.95779218
0.95776267
0.95772415
0.9576946
0.95765602
0.95762644
0.95758781
0.95755818
0.9575195
0.95748984
0.9574511
0.9574214
0.95738262
0.95735288
0.95731405
0.95728428
0.95724539
0.95721558
0.95717665
0.95714681
0.95710782
0.95707795
0.95703891
0.957009
0.95696991
0.95693996
0.95690083
0.95687085
0.95683166
0.95680164
0.95676241
0.95673236
0.95669307
0.95666298
0.95662364
0.95659353
0.95655414
0.95652398
0.95648454
0.95645435
0.95641487
0.95638464
0.9563451
0.95631485
0.95627526
0.95624497
0.95620533
0.956175
0.95613531
0.95610494
0.9560652
0.9560348
0.95599501
0.95596457
0.95592474
0.95589427
0.95585438
0.95582387
0.95578394
0.9557534
0.95571341
0.95568283
0.9556428
0.95561219
0.95557211
0.95554147
0.95550135
0.95547067
0.9554305
0.9553998
0.95535959
0.95532885
0.9552886
0.95525783
0.95521754
0.95518674
0.95514641
0.95511558
0.9550752
0.95504435
0.95500394
0.95497306
0.9549326
0.9549017
0.9548612
0.95483027
0.95478974
0.95475877
0.9547182
0.95468721
0.9546466
0.95461558
0.95457493
0.95454388
0.95450319
0.9544721
0.95443137
0.95440026
0.95435949
0.95432834
0.95428753
0.95425635
0.95421549
0.95418427
0.95414337
0.95411212
0.95407116
0.95403987
0.95399887
0.95396754
0.95392648
0.95389512
0.95385401
0.95382261
0.95378145
0.95375001
0.95370879
0.95367731
0.95363604
0.95360452
0.9535632
0.95353164
0.95349026
0.95345866
0.95341723
0.95338559
0.9533441
0.95331241
0.95327087
0.95323915
0.95319755
0.95316579
0.95312414
0.95309233
0.95305063
0.95301878
0.95297702
0.95294513
0.95290332
0.95287139
0.95282952
0.95279755
0.95275563
0.95272361
0.95268163
0.95264957
0.95260753
0.95257543
0.95253334
0.95250119
0.95245905
0.95242686
0.95238465
0.95235242
0.95231016
0.95227789
0.95223557
0.95220325
0.95216088
0.95212851
0.95208608
0.95205367
0.95201118
0.95197873
0.95193618
0.95190368
0.95186107
0.95182852
0.95178586
0.95175326
0.95171054
0.9516779
0.95163512
0.95160243
0.9515596
0.95152686
0.95148397
0.95145118
0.95140823
0.9513754
0.95133239
0.95129951
0.95125644
0.95122351
0.95118039
0.95114741
0.95110423
0.9510712
0.95102796
0.95099489
0.95095159
0.95091847
0.95087512
0.95084195
0.95079854
0.95076533
0.95072186
0.95068861
0.95064509
0.95061179
0.95056822
0.95053488
0.95049125
0.95045787
0.9504142
0.95038078
0.95033706
0.9503036
0.95025983
0.95022634
0.95018253
0.950149
0.95010515
0.95007159
0.95002769
0.9499941
0.94995016
0.94991654
0.94987257
0.94983891
0.9497949
0.94976122
0.94971716
0.94968345
0.94963935
0.94960561
0.94956147
0.94952769
0.94948352
0.94944971
0.94940549
0.94937164
0.94932738
0.9492935
0.94924919
0.94921527
0.94917091
0.94913695
0.94909254
0.94905854
0.94901408
0.94898005
0.94893553
0.94890146
0.94885689
0.94882277
0.94877815
0.94874399
0.94869931
0.94866511
0.94862038
0.94858614
0.94854134
0.94850706
0.94846221
0.94842789
0.94838298
0.94834861
0.94830365
0.94826924
0.94822422
0.94818977
0.9481447
0.94811021
0.94806507
0.94803054
0.94798535
0.94795078
0.94790553
0.94787091
0.94782561
0.94779095
0.94774559
0.94771089
0.94766547
0.94763073
0.94758526
0.94755048
0.94750494
0.94747012
0.94742453
0.94738966
0.94734402
0.94730911
0.94726341
0.94722845
0.94718269
0.9471477
0.94710188
0.94706685
0.94702098
0.9469859
0.94693997
0.94690485
0.94685886
0.9468237
0.94677765
0.94674245
0.94669634
0.9466611
0.94661494
0.94657965
0.94653343
0.9464981
0.94645182
0.94641645
0.94637011
0.94633469
0.9462883
0.94625284
0.94620639
0.94617089
0.94612438
0.94608883
0.94604226
0.94600667
0.94596005
0.94592442
0.94587773
0.94584206
0.94579531
0.9457596
0.94571279
0.94567703
0.94563017
0.94559436
0.94554744
0.94551159
0.94546461
0.94542872
0.94538169
0.94534575
0.94529866
0.94526269
0.94521555
0.94517954
0.94513236
0.94509632
0.94504908
0.94501301
0.94496573
0.94492962
0.9448823
0.94484616
0.94479879
0.94476262
0.94471522
0.94467902
0.94463157
0.94459534
0.94454786
0.9445116
0.94446408
0.94442778
0.94438022
0.94434389
0.94429628
0.94425991
0.94421226
0.94417585
0.94412815
0.9440917
0.94404394
0.94400744
0.94395962
0.94392308
0.9438752
0.9438386
0.94379066
0.94375401
0.943706
0.9436693
0.94362122
0.94358447
0.94353632
0.94349951
0.94345129
0.94341442
0.94336614
0.94332921
0.94328086
0.94324388
0.94319546
0.94315842
0.94310993
0.94307284
0.94302428
0.94298714
0.94293851
0.94290131
0.94285261
0.94281536
0.94276659
0.94272927
0.94268043
0.94264306
0.94259415
0.94255672
0.94250773
0.94247025
0.94242119
0.94238364
0.94233451
0.94229691
0.9422477
0.94221004
0.94216076
0.94212305
0.94207369
0.94203592
0.94198649
0.94194866
0.94189915
0.94186126
0.94181168
0.94177372
0.94172406
0.94168605
0.94163632
0.94159825
0.94154843
0.9415103
0.94146041
0.94142221
0.94137224
0.94133399
0.94128393
0.94124562
0.94119548
0.94115711
0.94110689
0.94106845
0.94101815
0.94097965
0.94092926
0.9408907
0.94084023
0.9408016
0.94075104
0.94071234
0.9406617
0.94062294
0.94057221
0.94053338
0.94048256
0.94044367
0.94039276
0.94035379
0.94030279
0.94026375
0.94021266
0.94017355
0.94012237
0.94008319
0.9400319
0.93999266
0.93994127
0.93990195
0.93985047
0.93981107
0.93975949
0.93972002
0.93966834
0.93962879
0.939577
0.93953737
0.93948549
0.93944578
0.93939379
0.93935401
0.93930192
0.93926207
0.93920988
0.93916996
0.93911767
0.93907767
0.9390253
0.93898523
0.93893277
0.93889263
0.93884008
0.93879988
0.93874723
0.93870697
0.93865423
0.93861389
0.93856106
0.93852065
0.93846771
0.93842722
0.93837418
0.9383336
0.93828044
0.93823978
0.9381865
0.93814573
0.93809233
0.93805146
0.93799792
0.93795696
0.93790327
0.9378622
0.93780838
0.93776719
0.93771322
0.93767193
0.9376178
0.93757639
0.93752212
0.93748059
0.93742616
0.93738452
0.93732993
0.93728816
0.93723341
0.93719152
0.93713661
0.9370946
0.93703952
0.93699738
0.93694213
0.93689986
0.93684444
0.93680204
0.93674645
0.93670391
0.93664813
0.93660546
0.93654951
0.93650669
0.93645055
0.9364076
0.93635127
0.93630817
0.93625165
0.9362084
0.93615168
0.93610829
0.93605137
0.93600782
0.9359507
0.935907
0.93584967
0.93580581
0.93574827
0.93570425
0.9356465
0.93560231
0.93554434
0.93549999
0.9354418
0.93539727
0.93533886
0.93529416
0.93523552
0.93519064
0.93513177
0.93508671
0.9350276
0.93498237
0.93492301
0.93487759
0.93481799
0.93477238
0.93471253
0.93466673
0.93460663
0.93456063
0.93450027
0.93445408
0.93439346
0.93434706
0.93428617
0.93423957
0.93417841
0.9341316
0.93407017
0.93402315
0.93396144
0.9339142
0.93385221
0.93380475
0.93374247
0.93369479
0.93363222
0.93358432
0.93352145
0.93347332
0.93341016
0.93336179
0.93329832
0.93324972
0.93318595
0.93313712
0.93307305
0.93302399
0.93295962
0.93291034
0.9328457
0.93279621
0.93273129
0.9326816
0.93261642
0.93256653
0.93250108
0.93245098
0.93238525
0.93233492
0.93226889
0.93221831
0.93215195
0.93210111
0.93203441
0.93198329
0.93191623
0.93186483
0.9317974
0.93174572
0.93167793
0.93162597
0.93155782
0.93150557
0.93143708
0.93138451
0.9313157
0.93126279
0.93119366
0.93114042
0.93107098
0.9310174
0.93094764
0.93089373
0.93082365
0.93076939
0.93069899
0.93064439
0.93057366
0.93051871
0.93044766
0.93039236
0.93032098
0.93026534
0.93019364
0.93013764
0.93006561
0.93000926
0.92993691
0.9298802
0.92980753
0.92975045
0.92967746
0.92962002
0.9295467
0.9294889
0.92941526
0.92935709
0.92928312
0.92922459
0.9291503
0.9290914
0.9290168
0.92895753
0.92888261
0.92882297
0.92874775
0.92868773
0.9286122
0.92855181
0.92847598
0.9284152
0.92833908
0.92827792
0.92820151
0.92813997
0.92806329
0.92800135
0.92792441
0.92786207
0.92778488
0.92772214
0.9276447
0.92758154
0.92750388
0.9274403
0.92736243
0.9272984
0.92722037
0.92715584
0.92707772
0.92701263
0.92693451
0.92686875
0.92679076
0.92672424
0.92664646
0.92657912
0.92650159
0.92643343
0.92635617
0.92628718
0.92621024
0.92614038
0.92606381
0.92599307
0.92591691
0.92584527
0.92576957
0.925697
0.92562181
0.9255483
0.92547363
0.92539916
0.92532501
0.92525024
0.92517635
0.92512203
)
;

boundaryField
{
    leftSide
    {
        type            calculated;
        value           uniform 0.97366755;
    }
    rightSide
    {
        type            calculated;
        value           uniform 0.92507004;
    }
    emptywalls
    {
        type            empty;
    }
}


// ************************************************************************* //
