/*--------------------------------*- C++ -*----------------------------------*\
  =========                 |
  \\      /  F ield         | OpenFOAM: The Open Source CFD Toolbox
   \\    /   O peration     | Website:  https://openfoam.org
    \\  /    A nd           | Version:  7
     \\/     M anipulation  |
\*---------------------------------------------------------------------------*/
FoamFile
{
    version     2.0;
    format      ascii;
    class       volScalarField;
    location    "0.00067";
    object      Uy;
}
// * * * * * * * * * * * * * * * * * * * * * * * * * * * * * * * * * * * * * //

dimensions      [0 1 -1 0 0 0 0];

internalField   nonuniform List<scalar> 
5000
(
6.079764e-28
8.106352e-28
0
0
-4.053176e-28
-1.1519819e-43
-5.06647e-29
0
0
-5.573117e-28
-8.106352e-28
4.559823e-28
4.559823e-28
2.026588e-28
0
-2.026588e-28
7.806133e-56
1.519941e-28
0
-5.573117e-28
1.519941e-28
-4.559823e-28
5.06647e-28
-5.8326867e-43
1.519941e-28
-8.3518688e-43
-1.519941e-28
-5.06647e-28
3.039882e-28
-3.5135448e-42
2.6567583e-42
4.053176e-28
7.093058e-28
-2.026588e-28
-3.5135448e-42
3.9656977e-41
5.2703172e-42
-6.079764e-28
1.1146234e-27
1.1146234e-27
-1.3172822e-27
4.5301688e-41
8.106352e-28
5.06647e-29
7.599705e-28
5.06647e-29
1.519941e-28
-1.3881382e-41
4.053176e-28
0
1.013294e-28
4.3199321e-44
-1.519941e-28
-1.013294e-28
3.5423443e-42
6.079764e-28
-2.533235e-28
3.499145e-42
-1.013294e-28
0
-2.64237e-42
-1.3823783e-41
-1.4399774e-44
3.039882e-28
-3.039882e-28
8.8558609e-42
5.06647e-29
-1.013294e-28
-3.039882e-28
2.533235e-28
-3.6761403e-42
2.026588e-28
1.519941e-28
4.053176e-28
5.573117e-28
-4.559823e-28
0
-4.053176e-28
-7.1998869e-45
-3.546529e-28
5.06647e-29
1.4399774e-43
-1.7279728e-43
-3.039882e-28
-1.013294e-28
3.6105947e-56
1.013294e-28
0
-4.053176e-28
-3.6791422e-41
-1.4169377e-41
3.546529e-28
3.039882e-28
-6.079764e-28
-7.0126898e-42
5.06647e-29
0
0
2.026588e-28
-6.4503012e-56
1.013294e-28
-3.546529e-28
1.3772974e-42
0
-2.026588e-28
-5.573117e-28
4.053176e-28
1.013294e-28
0
0
-6.079764e-28
-3.039882e-28
0
5.06647e-29
-7.0846887e-42
-3.546529e-28
4.053176e-28
6.2407944e-55
8.8558609e-42
9.7576662e-57
-1.2159528e-27
2.3759627e-43
1.519941e-28
0
-3.039882e-28
5.06647e-28
3.546529e-28
-6.079764e-28
1.013294e-28
-1.1146234e-27
-6.586411e-28
5.06647e-28
1.1807432e-41
-2.533235e-28
0
-4.053176e-28
-2.533235e-28
3.546529e-28
1.7567724e-42
3.039882e-28
-1.519941e-28
-3.546529e-28
0
9.119646e-28
4.559823e-28
-5.573117e-28
8.106352e-28
-3.4559457e-43
-3.039882e-28
5.06647e-29
1.013294e-28
-2.1167667e-41
-1.013294e-28
-2.533235e-28
6.8242525e-42
-6.8006599e-42
-5.573117e-28
0
0
-1.519941e-28
-1.013294e-28
1.519941e-28
3.546529e-28
-4.053176e-28
-2.4594814e-41
1.013294e-28
-1.7319515e-42
3.039882e-28
0
3.546529e-28
2.533235e-28
0
7.093058e-28
7.093058e-28
0
-1.013294e-27
-1.3702825e-40
2.026588e-28
2.4375614e-42
3.8487812e-42
2.533235e-28
4.898803e-41
-5.2271179e-41
-1.5119762e-43
-1.013294e-28
5.06647e-29
1.4054179e-41
2.0908471e-41
-1.7423726e-41
-5.06647e-29
0
0
-5.06647e-29
2.533235e-28
0
0
1.519941e-28
1.4636499e-56
-2.7560309e-41
0
-5.9817626e-42
-4.559823e-28
-1.2635801e-40
2.026588e-28
-3.546529e-28
-1.0519035e-40
-7.1998869e-44
-1.519941e-28
-2.026588e-28
1.4399774e-44
7.0126898e-42
1.402538e-41
-4.559823e-28
0
5.06647e-29
-2.8050759e-41
-1.2655241e-40
-2.533235e-28
0
6.2229188e-43
-1.519941e-28
0
0
0
-5.06647e-28
-1.7531725e-41
1.519941e-28
0
0
-5.06647e-28
-3.039882e-28
2.533235e-28
4.559823e-28
0
-2.533235e-28
3.039882e-28
5.06647e-29
1.519941e-28
0
1.519941e-28
-2.8137158e-41
-1.7567724e-41
3.546529e-28
-1.013294e-28
-3.039882e-28
0
6.586411e-28
-9.8580851e-41
7.093058e-28
4.9189627e-41
2.026588e-28
-4.053176e-28
7.0270896e-41
7.0357295e-41
7.0126898e-42
3.546529e-28
-3.039882e-28
2.12938e-41
0
-7.093058e-28
-3.039882e-28
0
-3.039882e-28
-1.6413216e-41
-5.06647e-28
-1.013294e-28
-2.026588e-28
-1.3911508e-41
-2.8108358e-41
1.6014484e-42
2.026588e-28
1.4054179e-41
1.013294e-28
1.013294e-28
-1.0562234e-41
1.0583834e-41
7.1998869e-44
2.4494015e-41
-2.026588e-28
0
0
-5.573117e-28
-7.599705e-28
0
0
0
0
-2.533235e-28
-3.4919451e-41
1.519941e-27
-4.3199321e-43
-6.079764e-28
-3.039882e-28
7.0342895e-41
2.8079559e-41
1.4399774e-44
-5.06647e-29
3.546529e-28
7.093058e-28
-5.06647e-28
1.519941e-28
-7.4357466e-42
3.039882e-28
0
2.026588e-28
-1.013294e-28
1.013294e-28
1.4399774e-44
-1.2959796e-43
1.1519819e-43
4.559823e-28
6.586411e-28
-2.026588e-28
-3.039882e-28
2.026588e-28
-9.7576662e-57
2.533235e-28
1.4039779e-40
-7.093058e-28
0
0
-1.3172822e-27
1.9696011e-40
1.1146234e-27
0
1.519941e-28
1.4753661e-42
1.519941e-28
-1.4399774e-44
7.0342895e-42
-9.3096019e-59
2.533235e-28
-1.519941e-28
-1.519941e-28
0
2.533235e-28
3.5171447e-41
5.06647e-28
-5.06647e-28
5.6216717e-41
-1.519941e-28
-5.6274316e-41
5.06647e-28
-1.013294e-27
-2.026588e-28
-3.039882e-28
-6.4798982e-44
-2.026588e-28
0
0
-4.559823e-28
2.1081269e-41
-1.2159528e-27
1.0079842e-43
-3.039882e-28
5.06647e-28
3.039882e-28
-7.093058e-28
3.546529e-28
-4.053176e-28
-7.093058e-28
1.519941e-28
1.013294e-28
1.519941e-28
-1.519941e-28
-9.7576662e-57
-1.013294e-28
2.026588e-28
1.519941e-28
-2.026588e-28
3.3292073e-54
5.7599095e-44
-5.06647e-29
1.1146234e-27
-1.519941e-28
7.0342895e-41
-1.2648761e-40
-5.06647e-29
5.06647e-28
6.079764e-28
-2.8108358e-41
2.8108358e-40
-1.4039779e-40
5.06647e-28
-3.039882e-28
9.8379254e-41
-4.053176e-28
0
0
-5.06647e-29
1.4054179e-41
-1.013294e-28
-1.519941e-28
-5.06647e-29
3.039882e-28
-2.533235e-28
-1.013294e-28
1.4399774e-44
-2.533235e-28
0
1.2159528e-27
1.2159528e-27
-7.599705e-28
-1.1146234e-27
2.026588e-28
-1.2159528e-27
-9.119646e-28
1.2159528e-27
1.4186116e-27
0
-5.06647e-28
4.559823e-28
9.119646e-28
-1.013294e-28
2.533235e-28
-7.1998869e-44
9.8480053e-41
5.573117e-28
-5.06647e-29
1.519941e-28
5.06647e-29
-3.5135448e-41
1.4399774e-44
4.9189627e-41
2.533235e-28
-5.573117e-28
2.7433729e-40
4.9240026e-41
-2.8122758e-41
-1.519941e-28
5.06647e-29
7.0342895e-42
5.6187917e-41
7.1998869e-45
-1.013294e-28
-2.533235e-28
4.053176e-28
1.013294e-28
2.1102868e-41
-6.079764e-28
-5.06647e-28
4.053176e-28
1.4424679e-41
-4.053176e-28
-8.106352e-28
-1.4061379e-40
1.519941e-28
0
0
-4.559823e-28
0
5.06647e-29
-1.519941e-28
-1.4399774e-44
-1.4061379e-41
0
4.053176e-28
-2.026588e-28
-3.039882e-28
1.013294e-27
3.546529e-28
1.013294e-28
0
0
-2.026588e-28
-4.2227337e-41
2.026588e-28
0
0
-2.026588e-28
1.4777048e-40
-5.8013179e-41
0
0
0
0
0
0
0
0
9.3689136e-42
1.4061379e-40
5.06647e-29
-3.546529e-28
-2.533235e-28
5.06647e-28
-8.4497872e-41
-5.06647e-28
-1.2661721e-40
-5.06647e-29
0
0
-2.533235e-28
-1.1254863e-40
4.559823e-28
0
0
0
0
0
0
0
-1.013294e-28
-4.2176937e-41
1.013294e-28
-7.6975624e-43
2.8799547e-44
3.039882e-28
-2.2475167e-40
-1.013294e-27
-1.013294e-28
9.7576662e-57
-4.559823e-28
0
-2.8145959e-41
0
0
3.039882e-28
-4.2162538e-41
1.519941e-28
-8.5528471e-43
-4.053176e-28
6.586411e-28
-2.533235e-28
-2.533235e-28
1.4054179e-41
-1.519941e-28
-1.519941e-28
0
-1.013294e-28
1.7212605e-42
1.6678052e-42
7.0364898e-42
-2.026588e-28
-2.026588e-28
-1.013294e-28
2.026588e-28
3.039882e-28
-3.4447348e-41
0
-1.013294e-28
5.06647e-29
5.06647e-29
-1.519941e-27
-1.5839751e-43
6.079764e-28
-2.7820806e-41
3.5171447e-41
1.519941e-28
1.4399774e-44
-4.2136364e-41
2.533235e-28
0
-6.8279969e-56
-2.8799547e-44
-3.546529e-28
2.533235e-28
1.4068579e-41
3.5135448e-41
5.0399208e-44
3.546529e-28
2.026588e-28
1.9515332e-56
-8.1996791e-54
4.3199321e-44
6.079764e-28
4.9189627e-41
-3.039882e-28
0
0
5.06647e-29
-4.2162538e-41
1.2283665e-42
-5.06647e-29
1.4068579e-41
-7.806133e-56
-2.1102868e-41
-3.546529e-28
-5.573117e-28
-5.6216717e-41
-1.519941e-28
0
0
-6.079764e-28
2.533235e-28
2.5306162e-40
1.013294e-27
-5.573117e-28
0
-3.039882e-28
-2.026588e-28
5.06647e-28
7.093058e-28
0
2.533235e-28
1.013294e-28
-1.013294e-28
-2.0877954e-41
1.519941e-28
2.026588e-28
1.4054179e-41
3.546529e-28
1.2661721e-40
-1.7225998e-27
0
0
0
-5.06647e-28
-7.093058e-28
0
5.06647e-29
-1.4039779e-41
1.519941e-28
0
0
-1.013294e-28
1.4054179e-41
-3.5099449e-41
3.546529e-28
-4.053176e-28
1.6865015e-40
1.519941e-28
0
-5.06647e-29
-4.2205737e-41
-1.519941e-28
2.026588e-28
1.013294e-28
2.533235e-28
-3.039882e-28
0
2.533235e-28
-2.026588e-28
2.026588e-28
2.533235e-28
0
-3.546529e-28
7.093058e-28
1.013294e-28
7.093058e-28
8.106352e-28
5.6274316e-41
3.1770936e-42
4.8788331e-57
1.519941e-28
-6.079764e-28
1.9675851e-40
1.013294e-28
-1.519941e-28
2.026588e-28
-1.519941e-28
-2.533235e-28
2.026588e-28
0
0
4.053176e-28
7.806133e-56
1.013294e-28
0
0
9.119646e-28
3.9030665e-56
1.142686e-40
0
0
4.053176e-28
1.013294e-28
1.013294e-28
2.026588e-28
0
-4.053176e-28
2.8137158e-41
6.079764e-28
-2.533235e-28
0
-6.079764e-28
4.559823e-28
1.3096518e-60
1.013294e-28
-2.026588e-28
1.519941e-28
1.013294e-28
-5.06647e-29
1.519941e-28
4.2205737e-41
1.519941e-28
2.026588e-28
1.2661721e-40
-4.559823e-28
3.546529e-28
-4.053176e-28
4.278888e-41
1.519941e-28
6.079764e-28
-9.8480053e-41
-5.06647e-28
4.559823e-28
3.5999434e-44
2.026588e-28
-1.013294e-28
2.533235e-28
-1.013294e-28
2.533235e-28
5.06647e-28
-1.1260623e-40
4.053176e-28
-3.546529e-28
1.0079842e-43
1.4186116e-27
1.0079842e-43
-2.026588e-28
0
1.013294e-28
0
-1.519941e-28
0
0
0
-2.026588e-28
9.7576662e-57
1.519941e-28
0
2.026588e-28
-8.4411474e-41
-3.039882e-28
0
0
0
-2.026588e-28
1.4068579e-41
-2.026588e-28
0
4.053176e-28
7.0306895e-41
-3.039882e-28
0
2.533235e-28
-5.06647e-29
1.4075779e-40
1.519941e-28
1.1132938e-41
0
-2.026588e-28
1.4068579e-41
-3.039882e-28
0
1.519941e-28
3.546529e-28
1.9696011e-40
-3.546529e-28
5.6259916e-41
1.4399774e-44
-1.6890935e-40
7.9198756e-44
3.546529e-28
0
-1.013294e-28
1.2655241e-40
1.5467517e-40
-1.9515332e-56
-2.8137158e-41
0
4.053176e-28
-5.6274316e-41
1.013294e-28
4.559823e-28
-8.4368274e-41
-2.026588e-28
5.06647e-29
2.8137158e-41
4.2205737e-41
4.559823e-28
-9.119646e-28
-5.06647e-28
0
-5.06647e-29
1.6882295e-40
5.06647e-28
0
0
0
2.026588e-28
5.6274316e-40
7.093058e-28
0
0
0
0
0
0
0
-4.053176e-28
-1.4075779e-40
-5.06647e-28
3.039882e-28
-3.039882e-28
-1.013294e-28
1.4075779e-41
-1.1243343e-40
-5.573117e-28
4.559823e-28
5.06647e-29
5.06647e-29
1.519941e-28
1.519941e-28
-1.1249103e-40
-3.039882e-28
5.06647e-29
-1.4054179e-40
-1.013294e-28
5.06647e-28
-9.119646e-28
-8.612999e-28
2.026588e-28
2.026588e-28
0
2.533235e-28
2.533235e-28
-2.8108358e-41
2.533235e-28
-1.013294e-28
-1.519941e-28
-2.026588e-28
2.026588e-28
-1.013294e-28
-3.1900662e-54
1.519941e-28
3.546529e-28
7.1998869e-45
2.026588e-28
-1.6877975e-40
4.053176e-28
1.519941e-28
0
5.573117e-28
0
0
0
2.533235e-28
3.039882e-28
-2.533235e-28
-1.519941e-28
0
-2.533235e-28
-7.6257406e-54
-2.026588e-28
0
0
-3.039882e-28
1.6873655e-40
2.533235e-28
0
0
3.039882e-28
-1.1249103e-40
-5.06647e-29
0
-2.533235e-28
7.0342895e-41
-1.4061379e-41
-7.7114044e-54
-1.013294e-28
0
-2.026588e-28
8.4346675e-41
3.546529e-28
0
-1.519941e-28
1.013294e-28
2.026588e-28
7.093058e-28
8.4497872e-41
2.026588e-28
4.2205737e-41
2.533235e-28
0
0
-5.06647e-29
-8.4368274e-41
-1.519941e-28
0
-4.053176e-28
3.546529e-28
-5.06647e-29
1.519941e-28
0
-1.519941e-28
4.053176e-28
8.4368274e-41
2.8122758e-40
-6.079764e-28
-1.2657401e-40
4.559823e-28
5.06647e-29
-5.6245516e-41
2.8137158e-41
2.026588e-28
-1.4054179e-41
-1.013294e-28
0
0
0
-1.013294e-28
5.06647e-29
-2.026588e-28
5.06647e-29
0
0
-3.039882e-28
-1.9515332e-56
2.533235e-28
0
1.1146234e-27
5.573117e-28
-7.093058e-28
2.026588e-28
0
1.1146234e-27
2.0159683e-43
-1.3679469e-27
1.4054179e-40
1.2159528e-27
-5.573117e-28
-3.4559457e-43
9.119646e-28
-2.674398e-40
-3.9351702e-40
-5.06647e-28
0
-1.2666175e-27
7.3137891e-40
3.2425408e-27
-1.5706057e-27
3.1210934e-39
3.039882e-27
-6.9917286e-27
5.1119197e-43
4.2051701e-27
0
0
0
5.8264405e-27
-6.5357463e-27
-1.4895422e-26
8.3090108e-27
2.6026871e-39
2.8951609e-39
1.1551552e-26
0
-1.4135451e-26
2.2607645e-42
3.546529e-26
-1.9607239e-26
-1.2142811e-38
2.4927032e-26
2.781492e-26
-1.7059844e-38
-6.7992027e-26
0
-4.1798377e-26
-4.63582e-26
0
5.735244e-26
6.4192175e-26
-7.1335897e-26
0
8.8257907e-26
0
0
-1.2048066e-25
1.1117417e-37
1.4799159e-25
0
0
-2.0286146e-25
-2.2484994e-25
2.4921966e-25
2.7591995e-25
-3.0581213e-25
-3.3945349e-25
7.5186414e-25
4.1555187e-25
-1.2775177e-37
-5.0978821e-25
3.1332387e-37
3.4663228e-37
-6.9076252e-25
7.6382101e-25
-8.4473254e-25
9.3390241e-25
8.7984058e-40
-1.1403611e-24
2.5203662e-24
1.3918606e-24
1.537319e-24
-3.3948389e-24
-3.7470599e-24
2.0682344e-24
-2.282698e-24
2.5181369e-24
-1.5423383e-36
-6.1238423e-24
3.375485e-24
-1.0326958e-36
1.1392654e-36
4.5181259e-24
0
0
-6.0347231e-24
-6.6433074e-24
0
8.0437811e-24
8.8491978e-24
0
1.0701601e-23
-3.2668506e-36
-1.2930442e-23
1.4208358e-23
-4.3300504e-36
-1.7145188e-23
0
-2.0670286e-23
-1.259713e-35
2.4898052e-23
-2.7316481e-23
8.3074397e-36
3.2858692e-23
3.6025692e-23
1.0959819e-35
-4.3275811e-23
0
5.1939272e-23
-5.688141e-23
1.7700965e-38
-3.7861725e-35
-7.4611218e-23
8.1635879e-23
0
1.9533076e-22
-2.3710106e-34
-1.1673557e-22
-7.0816733e-35
-2.7880045e-22
3.0456051e-22
3.326246e-22
-3.6319041e-22
-3.9647337e-22
-2.1635337e-22
0
2.5752401e-22
5.6172409e-22
-4.3519875e-38
3.3384141e-22
-3.6384069e-22
-3.9644276e-22
4.3186484e-22
-9.4068186e-22
1.0242496e-21
9.2850543e-34
-1.2134587e-21
1.320324e-21
-3.9861656e-34
7.8100279e-22
-8.4917918e-22
-9.2308728e-22
1.0031891e-21
3.0235657e-34
2.368003e-21
-2.5716466e-21
-2.7921339e-21
3.0307972e-21
4.5642097e-34
1.7842482e-21
-1.0748247e-33
-2.0987731e-21
-6.3151785e-34
3.8196775e-50
-2.6726568e-21
-5.7910227e-21
3.1361852e-21
-1.1691093e-49
3.676524e-21
6.6285444e-33
-4.3057516e-21
9.3159103e-21
-2.7963245e-33
-1.0894274e-20
2.2037715e-50
6.3637621e-21
0
0
8.0209941e-21
-8.659999e-21
-1.869518e-20
0
0
0
1.2657417e-20
1.3645364e-20
0
-1.5846685e-20
1.70707e-20
3.061982e-32
-3.9589383e-20
0
0
0
2.6535364e-20
2.8534378e-20
-3.0676167e-20
3.2970302e-20
1.9674717e-32
-7.611379e-20
0
0
9.4209142e-20
-1.4367002e-35
-5.4232139e-20
5.8168139e-20
-6.237364e-20
6.6865839e-20
-3.9798744e-32
-1.5356839e-19
0
0
9.4302457e-20
1.0093596e-19
0
0
-1.235747e-19
-1.3212807e-19
0
1.5093203e-19
1.6125077e-19
-1.7222919e-19
1.8390608e-19
1.9632227e-19
-2.0952073e-19
-2.2354666e-19
1.324243e-31
2.5427346e-19
-2.7107676e-19
-8.018422e-32
3.0783883e-19
0
3.4920836e-19
-2.0642018e-31
-3.9570756e-19
4.2105794e-19
-2.486878e-31
-4.7634452e-19
0
5.383005e-19
-1.5883362e-31
-8.6351765e-35
6.4533407e-19
-6.8516976e-19
-7.2726316e-19
0
1.6373705e-18
-9.643913e-31
-9.2057472e-19
-1.3866553e-34
-2.0679788e-18
2.1907468e-18
2.3201518e-18
-2.4565097e-18
-1.3000746e-18
0
2.9106498e-18
-2.5625423e-30
-3.2545413e-18
0
3.6349299e-18
1.0662482e-30
-2.0275754e-18
-5.9441669e-31
-4.5187779e-18
4.7680532e-18
6.281257e-30
-5.3040358e-18
5.5917955e-18
-1.6352413e-30
-6.2096087e-18
-3.270408e-18
6.8876889e-18
3.6254239e-18
-7.6309309e-18
8.0285947e-18
1.054593e-29
-8.879379e-18
9.3339021e-18
-1.3618559e-30
5.1524268e-18
-6.0043968e-30
-1.7045122e-17
3.3103393e-30
1.2515922e-17
-6.5647319e-18
-1.3768998e-17
7.2176982e-18
-4.2000993e-30
7.9261789e-18
9.2216167e-30
-8.6938297e-18
1.8202043e-17
-7.9315312e-30
1.1063594e-29
-5.7819848e-30
-1.0896958e-17
0
-1.1902285e-17
-1.2433596e-17
0
0
0
0
0
1.605619e-17
1.6737491e-17
0
-1.8171519e-17
1.8925358e-17
3.2823664e-29
-4.101893e-17
0
0
0
2.3998916e-17
2.4941406e-17
-2.591303e-17
-2.691432e-17
5.5891608e-17
4.8329665e-29
-6.0202836e-17
0
6.4767846e-17
5.5927422e-29
-3.4797216e-17
3.6054076e-17
-3.734501e-17
3.867045e-17
2.2220142e-29
-8.2852994e-17
0
0
4.5829249e-17
4.7369894e-17
0
5.0562667e-17
1.4840496e-32
5.3905906e-17
-5.5634551e-17
-1.7220446e-16
0
-1.2210183e-16
-1.2586736e-16
0
2.0044741e-16
1.3763057e-16
-1.4170747e-16
7.2931156e-17
7.5047499e-17
-2.3160809e-16
-7.9396655e-17
-1.1600213e-32
-8.3900297e-17
8.6209636e-17
8.8557039e-17
9.0942256e-17
-1.1721891e-46
9.5824979e-17
9.8321833e-17
-1.008552e-16
0
-2.1205961e-16
-2.1734031e-16
0
1.1405447e-16
2.3359472e-16
6.6355278e-29
1.2238169e-16
2.5044377e-16
-2.5618643e-16
-2.6198997e-16
-1.3392648e-16
-1.3688694e-16
0
1.4289166e-16
4.3780291e-16
-1.4900268e-16
1.6050739e-44
4.6563939e-16
-3.1670681e-16
-1.6151581e-16
-1.646994e-16
-3.3580639e-16
3.4225243e-16
1.7436745e-16
-1.7762589e-16
-1.8090048e-16
-1.841902e-16
5.6248189e-16
1.9081071e-16
-5.8241804e-16
-1.9747878e-16
2.0082792e-16
4.0837126e-16
-2.075508e-16
2.1092232e-16
-3.5679583e-28
3.6254839e-28
6.6319059e-16
-2.2444903e-16
-2.2783517e-16
-4.6244163e-16
-2.3460481e-16
4.7597203e-16
6.8599572e-32
2.4473548e-16
-2.4810147e-16
-7.5438034e-16
7.6443086e-16
2.5815087e-16
-7.8444221e-16
0
8.0431173e-16
2.7139501e-16
-8.2401305e-16
2.7793084e-16
5.6234681e-16
1.5786232e-28
-3.192417e-28
-2.9078709e-16
0
-5.9418173e-16
-6.0041621e-16
3.0330092e-16
3.0636835e-16
6.1881882e-16
-3.1242316e-16
-3.1540867e-16
6.3673002e-16
0
-6.4837309e-16
-6.5409993e-16
3.2988066e-16
6.6535555e-16
-1.8619495e-28
-3.3816792e-16
6.8171862e-16
-3.4351384e-16
1.1527732e-27
6.9741845e-16
-3.5124855e-16
0
-7.1241352e-16
0
8.0163141e-28
3.6333225e-16
7.3124299e-16
-1.1036e-15
1.051794e-31
7.4444448e-16
0
-7.5278783e-16
-3.7840928e-16
7.6075374e-16
-4.2446111e-28
-3.8416645e-16
7.7197467e-16
-3.8775822e-16
6.484599e-28
7.8229575e-16
-3.9276562e-16
3.9433132e-16
-7.9168895e-16
-1.1919138e-15
0
1.2001919e-15
8.0272458e-16
-1.2078173e-15
-8.0758799e-16
4.0492653e-16
8.1200594e-16
-4.0702291e-16
-4.0798595e-16
8.1778342e-16
-4.0973981e-16
-8.2105975e-16
4.1126155e-16
-5.8539411e-32
8.2509664e-16
8.2620547e-16
-1.2407922e-15
4.1403197e-16
6.9019851e-28
-1.244159e-15
0
1.2454903e-15
8.3058625e-16
-4.1536102e-16
-4.1536642e-16
-4.1530644e-16
0
-4.1499341e-16
2.3021345e-28
8.2885538e-16
-2.2977015e-28
-4.1360775e-16
0
-4.1253211e-16
8.23796e-16
1.2335985e-15
-8.2087304e-16
-1.2288267e-15
-4.0871659e-16
4.0775948e-16
8.13475e-16
-4.0565061e-16
4.0449878e-16
4.0328198e-16
-8.0400045e-16
8.0130705e-16
3.9924192e-16
-1.1932964e-15
-7.9244855e-16
3.9461841e-16
1.178844e-15
-8.6861227e-28
8.6461793e-28
3.875512e-16
4.2810166e-28
3.8363401e-16
-3.8158037e-16
-3.7946376e-16
-3.7728451e-16
3.7504299e-16
3.727396e-16
-1.1111242e-15
3.6794891e-16
7.3092514e-16
-1.0887488e-15
-1.0240641e-31
3.5764599e-16
-7.0984652e-16
-3.5214303e-16
0
3.4641291e-16
3.4346456e-16
6.8092355e-16
-3.3740542e-16
1.1133595e-27
9.9340713e-16
-3.279243e-16
-3.2466321e-16
-3.2135353e-16
3.1799639e-16
3.1459295e-16
-9.3343324e-16
3.0765205e-16
6.0823429e-16
5.0055477e-28
2.9692514e-16
-5.8654169e-16
-8.687389e-16
-1.5862952e-28
1.565828e-28
3.9548785e-32
2.7447649e-16
5.4124838e-16
2.6674465e-16
-7.8851884e-16
2.8743041e-28
5.0992043e-16
0
0
-2.4299551e-16
1.3264987e-28
-1.3037851e-28
-2.3090202e-16
4.5370286e-16
2.2279449e-16
2.4276497e-28
-2.1466973e-16
-6.3181807e-16
-2.065442e-16
0
0
0
5.7107219e-16
3.7267244e-16
-5.469882e-16
1.9803407e-28
3.4873407e-16
0
0
-3.2516402e-16
3.5237083e-28
1.7186752e-28
-3.0206889e-16
1.472469e-16
2.8698646e-16
2.7955039e-16
-1.3609452e-16
-3.9735863e-16
-1.2885189e-16
0
0
0
3.4465515e-16
2.2301947e-16
-3.2455085e-16
2.3292738e-28
1.0168367e-16
-1.3999404e-32
9.5394015e-17
-1.8466095e-16
9.9161315e-29
8.6370228e-17
-1.6694998e-16
0
4.3227848e-29
1.5027223e-16
1.4494738e-16
-2.096114e-16
-1.3465341e-16
6.4842577e-17
3.4637974e-29
-6.0053602e-17
1.7324626e-16
1.110071e-16
-5.3317819e-17
-5.1191327e-17
4.9123771e-17
4.7114799e-17
-4.5163978e-17
-4.3270832e-17
2.2999481e-29
-2.2006115e-29
-3.7931849e-17
0
-3.4649729e-17
6.6179272e-17
9.4747323e-17
-6.0254599e-17
-5.7446624e-17
-2.7369561e-17
2.8932508e-29
4.9617865e-17
-2.3600077e-17
2.2437493e-17
2.1320148e-17
-4.0493948e-17
3.8433803e-17
1.822884e-17
-1.7281702e-17
-3.2748771e-17
-1.5505777e-17
2.9349559e-17
-7.7006644e-30
1.3121175e-17
1.2396363e-17
-3.5114248e-17
1.1045252e-17
1.0416784e-17
-2.9454861e-17
1.3143193e-33
2.6120967e-17
8.1921274e-18
-2.310931e-17
7.2389343e-18
2.228959e-45
1.0624455e-29
1.1971779e-17
-1.1223184e-17
-1.0514978e-17
4.9227036e-18
-5.1138058e-30
-8.6155048e-18
4.0259631e-18
1.128076e-17
3.509874e-18
-3.274105e-18
0
-2.8435765e-18
-5.2949711e-18
3.500598e-34
6.8714611e-18
2.1283789e-18
-3.9529015e-18
2.6064781e-34
3.4019038e-18
-3.1527401e-18
2.4315221e-30
2.7023147e-18
-3.7488857e-18
-2.3098715e-18
0
0
9.0791416e-19
2.5101729e-18
7.7055127e-19
-2.1272236e-18
7.2383036e-31
1.1981301e-18
-1.0999425e-18
-1.0089494e-18
4.6232899e-19
8.4661826e-19
-3.8718423e-19
-3.5375564e-19
9.6845306e-19
2.9417964e-19
4.4579866e-31
-1.348673e-31
-2.2031984e-19
1.9917376e-19
-3.590393e-19
-4.8365927e-19
0
3.845704e-19
2.2648412e-19
-2.9769795e-19
2.44698e-35
7.3844525e-20
-1.2526767e-19
5.2828268e-20
4.8965805e-20
5.9303405e-32
-5.5280518e-20
-1.0645834e-19
6.4637417e-20
1.6326905e-19
1.5719175e-19
-7.7210467e-32
-8.3737605e-20
1.0509039e-19
-2.0211253e-19
-2.4447285e-19
0
2.8454865e-19
1.9660658e-19
-2.5956635e-19
9.5024153e-32
9.8450342e-20
-1.0213783e-19
-9.1627468e-20
4.745445e-32
1.8071558e-19
-5.142703e-32
-1.718696e-19
8.8661528e-32
9.2121252e-32
1.728717e-19
2.4530249e-19
-1.4820727e-19
8.0030739e-32
2.4396013e-31
-7.0604312e-20
-6.4157166e-20
-1.2671189e-19
2.037603e-19
6.6360057e-20
-1.1453097e-19
1.1114135e-19
3.5659357e-35
-1.8852279e-19
-5.2082702e-20
5.0958537e-20
1.9214468e-19
-2.3033e-31
-1.1312848e-19
-5.0732272e-20
1.2474555e-19
2.1136991e-19
-1.8354093e-19
-5.251468e-20
-6.5005379e-32
-6.5950271e-20
1.23101e-19
-3.0776717e-32
5.9376111e-20
-6.4507976e-20
2.0117892e-31
1.655033e-19
-1.8333352e-19
-2.113731e-19
0
0
0
6.7854126e-20
2.2885562e-19
6.0847422e-20
4.5744772e-32
3.9945186e-20
-1.5444378e-19
-5.4920488e-20
4.0563379e-20
3.2950016e-20
4.0285143e-20
-8.9041096e-20
3.8342744e-20
-3.5769791e-20
1.4134157e-31
9.3244586e-20
-1.2650943e-19
-8.0863404e-20
0
1.0139796e-19
4.8823696e-32
-4.079754e-20
1.4790153e-19
5.5035517e-20
-4.5980843e-20
0
0
-5.5584203e-20
-1.0219998e-19
7.8374446e-32
6.3811418e-20
4.3604619e-20
-4.8923687e-20
3.6141389e-20
-2.4438747e-20
3.7654851e-47
5.0092697e-32
-8.641998e-20
0
0
4.2863288e-20
4.4029792e-20
2.3439127e-20
-3.0722211e-32
-8.9278416e-20
3.1034112e-32
5.4224774e-20
0
-5.8912303e-20
-2.9667378e-20
6.3591484e-20
-3.8069346e-20
-3.9258633e-20
9.220495e-20
-2.3624781e-20
9.8533291e-32
7.0338375e-20
-8.6414057e-20
-3.7358963e-20
0
0
0
5.3447195e-20
4.2158507e-20
-6.7763388e-20
-5.1387554e-20
0
7.2749562e-20
-4.1957555e-32
-4.2546957e-20
8.9298415e-20
-4.129386e-20
3.7076963e-20
3.7888e-20
-1.1100517e-19
7.0553716e-20
7.2861953e-20
-3.5282419e-20
2.8825594e-20
-3.4709196e-20
-2.984323e-20
0
2.2578821e-20
1.0100065e-20
-2.8854744e-21
-1.7801804e-21
1.1156089e-33
-1.0208907e-21
3.389042e-33
-9.4067152e-22
-1.2208086e-33
-1.3922822e-48
-6.3094423e-21
0
-1.9948741e-21
6.2290011e-21
2.3114813e-20
-3.8003179e-20
-4.7746867e-20
0
2.9693195e-20
2.8360759e-20
-2.6785965e-20
1.3209414e-20
1.3977395e-20
-4.5131255e-20
2.7626488e-20
2.4923608e-20
-1.2057018e-20
-2.3524169e-20
-1.1005408e-20
3.2896127e-20
1.1014447e-20
1.4658695e-32
-1.3818271e-20
-4.0594314e-36
1.994713e-20
-8.7595042e-21
-9.2090269e-21
-2.9923144e-21
6.468682e-21
1.5702022e-21
2.7206411e-21
-6.1790471e-33
-4.2744319e-21
-1.7688466e-21
1.8955298e-33
7.0958698e-21
-2.986682e-33
2.3698451e-21
2.4603623e-21
-5.1909223e-21
-1.1287763e-21
-1.0571786e-33
-1.4642393e-21
5.6123332e-33
3.8593905e-21
-3.6671494e-21
2.7033774e-33
2.7517363e-33
5.4259964e-33
1.8435354e-21
-2.6691077e-21
1.3931848e-21
5.0899138e-33
1.1276777e-32
5.4128971e-21
2.118807e-22
2.5403069e-21
-1.2334722e-33
6.2348294e-22
1.1075392e-21
-5.7327346e-21
-1.0147395e-20
7.5625846e-33
2.0327629e-20
-8.0494642e-33
-8.4277716e-21
1.9104541e-20
-1.1673554e-20
-1.1673997e-20
6.216234e-33
-7.0606218e-33
1.4715729e-20
-2.7886461e-20
1.3335176e-20
-4.60271e-32
-4.6787759e-32
4.6028846e-20
-3.1216349e-20
4.3035688e-36
3.0263714e-20
-1.4489451e-20
-3.4921435e-20
-1.0624525e-20
3.4198639e-20
-1.1318246e-32
-9.5562434e-21
2.0274303e-20
-2.0760026e-20
-4.9857746e-32
9.1853336e-21
-8.6442325e-21
8.1966701e-21
-1.5215187e-20
7.572505e-21
2.3794379e-20
0
0
-1.1661091e-20
-1.8743172e-36
1.4801465e-20
-7.8673852e-21
-2.5026369e-20
-8.5929744e-21
2.5631357e-20
2.532563e-36
1.0895606e-32
2.0715615e-20
-3.0653419e-20
-5.2449983e-32
1.1399977e-20
-1.2273233e-20
-1.2720879e-20
1.43015e-32
1.2952801e-20
-2.5925974e-20
2.6184078e-20
-4.4107988e-32
-2.5950796e-20
3.757064e-20
2.5106448e-20
-1.3073227e-20
-3.9519649e-20
-1.2505314e-20
1.2138967e-20
0
-1.2409541e-20
1.1882324e-20
3.3729124e-20
6.2475468e-33
-2.3070439e-20
1.1431671e-20
1.0993932e-20
-2.0080204e-20
9.9096088e-21
-1.062357e-20
-2.1565063e-20
3.1310679e-20
-3.3015739e-32
2.0281226e-32
1.8044422e-20
-1.9061709e-20
-9.7099274e-21
-9.4129247e-21
-9.7330536e-33
8.4049192e-21
-1.6897913e-20
1.7177135e-20
2.5050835e-20
0
-7.5379107e-21
4.3356435e-33
2.252674e-36
-2.2807568e-20
-7.054997e-21
1.9934896e-20
-6.7619317e-21
-3.3956891e-49
2.1283201e-20
-6.8264397e-21
-1.9723276e-20
-6.6103277e-21
1.375311e-20
-6.9264073e-21
6.7857913e-21
-2.2904456e-32
-1.4435909e-20
2.2127077e-20
8.1276753e-33
-3.2755091e-32
1.5214261e-20
-1.5734308e-20
-8.8888226e-33
8.1073805e-21
-1.6424944e-20
-8.2636213e-21
0
0
1.7652218e-20
-1.967913e-32
-4.9068918e-36
-9.4454382e-33
-8.6705802e-21
-8.9709137e-21
9.168415e-21
9.2045114e-21
-1.8235327e-20
1.7889945e-20
-9.5355311e-33
-1.6981213e-20
1.7313811e-20
2.895421e-32
-9.4185012e-33
8.0251758e-21
-1.5688843e-20
7.9458824e-21
-1.7698259e-32
-1.5453541e-20
0
1.4079988e-20
7.0205489e-21
-1.4006755e-20
-6.7613498e-21
6.3623012e-21
-1.0282099e-32
-6.1659394e-21
0
0
1.1101104e-20
1.0910584e-20
0
-1.1424051e-20
-5.6271463e-21
5.338103e-21
-5.0784428e-21
4.9455302e-21
0
-1.0516999e-20
0
0
5.374061e-21
-5.8016641e-33
-5.2799583e-21
0
5.8564044e-21
3.3107114e-33
-5.9612903e-21
0
1.2257875e-20
1.2469599e-20
-6.2395776e-21
-7.0278852e-33
6.5830198e-21
-1.3647135e-20
-1.376187e-20
1.3582766e-20
1.896392e-36
1.4812805e-32
1.9388471e-36
-1.4041212e-20
7.1179319e-21
-7.8132428e-33
6.8885363e-21
-6.7214784e-21
-1.9990875e-20
2.0326329e-20
6.8874052e-21
-6.8134447e-21
-7.2705898e-33
-6.2876395e-21
1.2072028e-20
1.1855978e-20
-1.2016643e-20
-2.0105194e-32
-5.8861831e-21
-5.6432403e-21
1.0859114e-20
-5.3525474e-21
5.9266216e-33
-2.9075346e-33
5.0407094e-21
9.6761311e-21
-9.5964019e-21
-9.7586639e-21
0
4.7672388e-21
5.0815668e-33
-9.063424e-21
-5.1522082e-33
1.4328964e-20
9.5526958e-21
0
-9.4079922e-21
-1.063163e-32
-4.9328725e-21
-4.9828117e-21
1.4885416e-20
-2.7888276e-33
-1.0405704e-20
5.3559035e-21
1.0783005e-20
-5.3271081e-21
-1.042294e-20
-5.3058009e-21
0
1.176374e-20
-5.9945645e-21
-1.7908472e-20
5.9074762e-21
5.9017468e-21
1.1986804e-20
6.1716721e-21
-1.2527745e-20
-6.2465603e-21
-6.2467009e-21
7.0042745e-33
6.4037826e-21
6.385788e-21
1.25782e-20
6.2490152e-21
0
0
0
-1.2475131e-20
-1.2558805e-20
1.2503914e-20
6.8142663e-33
6.5515564e-33
-6.5010522e-33
-1.3472325e-32
1.2466885e-20
0
-1.2260672e-20
-5.9222076e-21
5.8372567e-21
-5.9638925e-21
-6.1786772e-21
0
0
1.2024738e-20
-1.9410651e-32
-1.2957709e-32
1.2164728e-20
-1.2467036e-20
-1.246686e-20
0
1.1930163e-20
-6.5605384e-33
-1.2086251e-20
1.2338586e-20
6.8773567e-33
-1.2231227e-20
0
1.177399e-20
5.9715454e-21
-1.2151245e-20
6.0571712e-21
1.3224362e-32
-1.1678028e-20
1.153181e-20
1.1555756e-20
0
0
0
-1.0839688e-20
-1.0848872e-20
1.0678234e-20
0
-1.0004037e-20
0
-4.880813e-21
9.6254659e-21
4.6520254e-21
-4.4349691e-21
8.6559314e-21
4.3426295e-21
-8.663835e-21
-4.1630706e-21
-4.3598933e-33
3.7624672e-21
-8.2677316e-33
2.1330853e-36
7.4179312e-21
0
-3.3185119e-21
-6.4126808e-21
-3.2074208e-21
0
0
0
-2.8508125e-21
5.6437515e-21
2.9017171e-21
-2.9675283e-21
-2.9326008e-21
2.7906108e-21
2.6549193e-21
-5.3023916e-21
0
5.7895979e-21
5.9082536e-21
0
0
-5.7621812e-21
-3.2685565e-33
-3.0413373e-21
-3.1294326e-21
3.1870446e-21
-3.2391549e-21
3.2974755e-21
6.7111527e-21
3.4068644e-21
0
-7.0567352e-21
-4.0508304e-33
3.7734851e-21
-3.8187816e-21
-3.8243665e-21
-7.6907626e-21
7.8290501e-21
4.0260222e-21
-1.1689118e-36
4.1248977e-21
-8.1684015e-21
4.0832181e-21
-4.1595068e-21
1.3234022e-49
4.3696161e-21
-8.7457116e-21
8.5702645e-21
8.3819813e-21
0
-4.0408975e-21
-8.3177559e-21
2.3682939e-33
4.2743614e-21
4.1260948e-21
-7.8417931e-21
-7.4510019e-21
3.7025382e-21
7.6769218e-21
7.7774762e-21
-3.8405983e-21
-7.4629679e-21
3.6023222e-21
-3.5092689e-21
5.7500198e-33
3.4161739e-21
-6.6889702e-21
6.46177e-21
3.5054812e-33
-1.7508897e-32
6.2549027e-21
-6.0537743e-21
-1.2676014e-32
2.6651987e-21
-5.2617106e-21
2.7299822e-21
-7.959885e-37
1.2405308e-32
2.7451756e-21
-5.3934117e-21
5.9200588e-33
-1.4652814e-33
2.5716017e-21
-7.066982e-37
-4.9267687e-21
5.0398357e-21
1.4855221e-36
-1.175229e-32
5.1418918e-21
-4.9258229e-21
-5.336708e-33
4.8703124e-21
-2.5352587e-21
-2.6254401e-21
-2.6752158e-21
2.6634092e-21
-2.8741533e-33
-5.025378e-21
0
0
5.1768578e-21
7.5273277e-37
-5.2888143e-21
2.5889046e-21
-2.8101673e-33
2.5223449e-21
5.6728111e-33
-5.1566699e-21
0
-2.4646647e-21
4.8460788e-21
2.4313903e-21
-5.469599e-33
2.4555036e-21
-4.7592898e-21
2.2897061e-21
-2.5019247e-33
-4.5460101e-21
0
0
2.1971413e-21
-1.1700352e-33
2.064028e-21
-2.0622521e-21
-6.2094117e-21
6.1470258e-21
2.0047971e-21
-3.9286774e-21
1.9437079e-21
3.216239e-33
1.9074782e-21
-1.0659087e-36
-6.1584508e-33
1.8282554e-21
-3.6041111e-21
-1.775961e-21
0
-1.7857842e-21
1.8023051e-21
1.7903018e-21
1.7437635e-21
-3.7797154e-33
1.8931406e-33
-1.9361882e-33
-3.5522501e-21
1.7532335e-21
2.853378e-33
-3.4303768e-21
2.5063557e-37
1.835016e-21
3.7191563e-21
3.5860009e-21
-3.4172323e-21
-1.8680606e-33
-1.7366881e-21
-1.8414701e-21
3.852216e-21
-3.8762613e-21
-1.8652882e-21
5.3261585e-21
3.459094e-21
-1.7675054e-21
-3.7315894e-21
-1.9539341e-21
1.9755747e-21
3.8414655e-21
-3.6684381e-21
-5.3163454e-21
1.7940513e-21
1.8812327e-21
3.9253306e-21
1.985146e-21
-3.8600304e-21
-1.8597342e-21
-1.8260464e-21
3.6979847e-21
1.9179391e-21
-3.9235895e-21
3.8785131e-21
1.8329272e-49
5.000761e-37
3.5016263e-21
-3.6486708e-21
-6.3670553e-33
-2.1650197e-33
-6.4193715e-33
1.5028649e-49
-5.3216581e-21
-1.939049e-33
1.7792463e-21
3.6946754e-21
3.7760647e-21
-3.7521353e-21
-4.0303806e-33
-1.7533855e-21
-5.790177e-33
1.7732029e-21
-3.6490188e-21
0
1.809336e-21
-1.9559788e-33
1.7479234e-21
3.5399205e-21
-3.6027332e-21
-3.6083974e-21
0
3.4408765e-21
-3.8200997e-33
-3.5261713e-21
3.6338563e-21
2.0356507e-33
-1.7903915e-21
-9.6343497e-34
-4.8687024e-37
1.7313614e-21
-1.780789e-21
-1.8247699e-21
1.8409672e-21
-2.0348474e-33
1.822863e-21
-6.0950229e-33
2.0553748e-33
3.7569502e-21
-3.7931595e-21
-3.8148272e-21
0
3.9031871e-21
-4.3941057e-33
-3.9817251e-21
3.9893957e-21
4.0090163e-21
-2.0181593e-21
-4.0673535e-21
-1.1432065e-33
-2.9858951e-37
-1.1966258e-33
-6.226343e-37
-2.1771568e-21
4.3022117e-21
4.2987891e-21
-4.3873047e-21
-2.5269926e-33
4.6527191e-21
-4.6299194e-21
-4.5239427e-21
0
4.4834856e-21
-6.5984025e-37
2.6703778e-33
2.7105648e-33
-5.341295e-33
4.6741647e-21
-4.5830143e-21
7.43583e-50
4.6103628e-21
-7.0333147e-21
-4.748957e-21
2.3817005e-21
0
4.5873444e-21
-7.4459163e-33
2.4424124e-33
4.3933459e-21
0
0
-6.5079801e-21
-2.0927208e-21
2.0264597e-21
-1.9998624e-21
2.0046482e-21
-1.9998802e-21
-4.3491075e-33
1.8914939e-21
1.827089e-21
1.7869093e-21
-1.7643134e-21
0
0
-3.189018e-21
1.5371856e-21
4.4939687e-21
0
-1.4428202e-21
-2.8183341e-21
-1.936836e-37
-1.301134e-21
-2.7337686e-33
6.6601632e-37
-1.1363216e-21
3.3556243e-21
2.4386565e-33
-5.8898948e-33
2.0354604e-21
-1.9732466e-21
-9.7113101e-22
9.5358341e-22
9.1484513e-22
-1.7465079e-21
-1.425909e-33
2.6058152e-21
-1.7863277e-21
2.9804749e-33
8.5770693e-22
-1.641562e-21
8.2263314e-22
-8.5937429e-22
-1.5080484e-33
9.2828119e-22
-1.8327871e-21
1.8052103e-21
-5.1957209e-37
-7.351536e-33
-5.5543897e-37
-6.5735565e-33
1.9706526e-21
-9.9666367e-22
-2.2947943e-33
1.0852679e-21
-2.2361752e-21
-2.2198253e-21
2.1745166e-21
-3.6211595e-33
-1.1208155e-21
-1.3039552e-33
1.2208149e-21
-7.0792803e-37
-2.5081185e-21
2.5181934e-21
4.2194498e-33
-4.2614095e-33
1.4438766e-33
-2.9620268e-33
2.7504895e-21
0
0
-1.3756527e-21
-2.7600392e-21
1.4135899e-21
-3.2577399e-33
-3.3165024e-33
-4.8881027e-33
-2.8501342e-21
1.4032676e-21
-1.576888e-33
-1.4658397e-21
1.4897088e-21
-1.6306227e-33
-1.4148534e-21
0
0
0
2.7431788e-21
2.7080334e-21
-2.6238399e-21
-1.2682737e-21
1.2422386e-21
-2.4572603e-21
2.4112713e-21
4.6042966e-21
-2.1745439e-21
-2.0887009e-21
3.074863e-21
-1.0095803e-32
-1.9474022e-21
-2.0194158e-33
8.4383219e-22
1.5787127e-21
-1.5135364e-21
-7.1993387e-22
1.3010904e-21
5.7986626e-22
0
0
-4.6400953e-22
3.9518004e-22
6.3359832e-22
-7.0211685e-22
-3.177152e-22
1.9817008e-22
-5.2132262e-23
7.4110742e-24
3.8580332e-35
-5.3632152e-23
-1.227072e-22
-2.0752584e-22
1.0766174e-33
1.1923071e-21
-1.4583083e-21
-8.547052e-22
1.7871238e-21
-7.9866356e-22
-1.0592137e-21
1.2390557e-22
-1.1772151e-21
0
4.4851265e-21
-3.0456379e-21
-7.300791e-21
3.883587e-21
-3.5162134e-21
5.0284135e-21
-2.9760431e-33
-4.5246859e-33
-8.2928536e-21
-1.5903897e-32
9.8838668e-21
2.3407647e-20
-2.3606567e-20
-9.4429342e-21
8.5161335e-21
-6.8974676e-21
2.5210845e-20
2.4762751e-20
-7.645422e-20
0
-5.649822e-20
1.1081961e-19
8.5885716e-20
-3.5001464e-20
2.0531126e-20
-1.4132546e-19
-2.6254058e-19
0
0
2.4857762e-19
8.6295895e-19
-1.1184687e-18
2.0224167e-18
-1.1467327e-18
4.0516403e-19
-2.1131397e-31
-2.2722863e-19
1.8159433e-19
-1.3090881e-31
-3.4068301e-20
3.8418143e-20
-9.294293e-21
4.896292e-20
-6.7518958e-32
-4.2678531e-20
6.6522685e-20
-1.9815647e-20
5.2619942e-32
-3.7956457e-32
-7.2589696e-21
3.732851e-21
-9.8425965e-22
-1.874801e-21
-4.2654131e-21
5.4038594e-21
-6.0286195e-33
-5.9373427e-33
1.6115143e-21
0
0
6.6302896e-22
5.2533103e-34
-1.6111564e-21
2.2365317e-21
1.1656224e-21
-3.7125735e-21
2.4440888e-21
5.5249973e-50
6.906894e-33
1.8425895e-21
1.7957065e-33
7.1050765e-22
0
-1.1566212e-21
-1.0970894e-21
1.0786525e-21
2.423016e-33
-1.1236586e-21
1.1653961e-21
2.6805466e-33
1.378255e-33
-6.3105992e-22
4.2226389e-33
5.4700653e-51
-6.1575413e-22
1.7874536e-21
-1.1425419e-21
-1.0821837e-21
1.0253577e-21
-5.7493833e-34
-5.3009654e-22
0
0
7.6598132e-22
-7.2921947e-34
6.0015188e-34
8.9107763e-50
3.3172723e-34
1.7438938e-22
-1.1357335e-22
-4.3122625e-23
-1.0453963e-22
-2.5810992e-22
4.1417464e-22
0
7.4571631e-22
-1.7925289e-21
3.4656433e-33
-7.7349814e-33
-2.4523067e-21
-2.6551772e-33
-1.0900308e-21
0
2.1729587e-21
2.5726933e-21
0
0
0
-3.4100787e-21
-1.978615e-21
3.9783773e-21
3.8960301e-21
-4.3732065e-21
8.3728367e-33
2.6370473e-21
-8.3984584e-21
6.4886437e-21
7.3842251e-21
-3.9613286e-21
0
0
0
-7.303848e-21
-1.7433888e-32
8.3885889e-21
-8.2280445e-21
-7.5249587e-21
1.0511776e-20
7.3578481e-21
-3.6224126e-21
3.1413786e-21
-2.7970363e-21
-2.567286e-21
1.7755379e-21
0
-1.4123257e-21
1.0492851e-33
2.1917597e-22
3.2982191e-22
4.96406e-22
-6.3109962e-22
7.6435963e-34
7.6854679e-22
-1.6970941e-21
-1.8091331e-21
0
0
0
2.0780451e-21
2.3677651e-33
-2.1783228e-21
0
2.2586673e-21
-1.1477436e-21
3.880318e-33
1.1809491e-21
-3.5886755e-21
1.3446675e-33
1.2251818e-21
2.4784321e-21
3.5622552e-37
-2.5356159e-21
2.5654933e-21
5.7663761e-33
5.8392093e-33
-2.7494898e-50
5.9978659e-33
2.7401245e-21
0
-2.8206086e-21
-1.4314583e-21
2.065159e-37
-1.4754235e-21
2.9963377e-21
-3.5817221e-50
-3.0883469e-21
0
1.5898776e-21
3.2267747e-21
1.63484e-21
-1.6555473e-21
-2.3846731e-37
1.7001651e-21
0
0
-3.5030859e-21
-3.5401683e-21
3.5659664e-21
-3.9664454e-33
-3.5768196e-21
0
0
3.6173455e-21
-1.7942088e-21
1.1998726e-32
1.8181921e-21
8.0364393e-33
3.5623382e-21
0
0
-1.792626e-21
1.9468303e-33
-1.7367699e-21
-3.5157446e-21
0
0
0
3.4183034e-21
3.4166577e-21
0
-3.2670772e-21
-4.9402852e-21
-1.652431e-21
4.8451648e-21
3.1528049e-21
-3.1583736e-21
-1.5952638e-21
1.578736e-21
3.064238e-21
-3.0217414e-21
-3.0545198e-21
4.5740558e-21
2.9664642e-21
0
0
-1.465372e-21
3.2040975e-33
1.3902174e-21
-2.7388043e-21
-2.7826306e-21
0
0
0
2.5918268e-21
5.8730691e-33
-2.5876614e-21
-1.2180091e-21
2.3864715e-21
-8.2344054e-33
8.2544457e-33
2.3334403e-21
2.4662608e-33
-1.1387926e-21
-2.3599625e-21
0
0
0
2.2421072e-21
2.2490073e-21
0
-2.0575439e-21
2.3854865e-33
-1.1059524e-21
7.1412518e-33
2.0711822e-21
-2.1232499e-21
-1.1106277e-21
-1.1183574e-21
1.0989713e-21
1.1091785e-21
-1.1512616e-21
-1.18159e-21
1.1949162e-21
3.6424113e-21
1.2479445e-21
0
-1.3191159e-21
-1.9211803e-37
-1.3881556e-21
-2.8535632e-21
2.9328045e-21
1.5073783e-21
-1.5516259e-21
1.5995184e-21
-1.6492342e-21
-5.1002881e-21
1.0186057e-50
5.4178051e-21
-1.8610753e-21
6.3864352e-33
-3.3390006e-50
-2.0330613e-21
2.0915528e-21
-2.1504831e-21
4.4193089e-21
-5.0371614e-33
-2.3272348e-21
4.7703293e-21
-2.4423451e-21
-4.997118e-21
5.1068111e-21
1.1574947e-32
-7.9703871e-21
5.4104804e-21
-2.6407471e-50
1.8624388e-32
2.8359994e-21
-5.7456935e-21
5.81482e-21
-6.5245297e-33
-2.964038e-21
-1.5684523e-50
-3.0054955e-21
6.0442537e-21
6.0618893e-21
0
-6.0720032e-21
-6.0712535e-21
-3.0266155e-21
6.0171295e-21
8.9656982e-21
-2.9668003e-21
-8.8088642e-21
1.2883896e-32
2.8748101e-21
3.1583917e-33
6.200576e-33
2.7395964e-21
-2.709691e-21
1.7848119e-32
7.8605726e-21
-2.5564698e-21
5.6010594e-33
2.4944274e-21
0
-4.7471349e-21
-4.6655351e-21
0
0
0
-2.1662239e-21
-7.1221512e-33
2.3369804e-33
4.1309804e-21
1.7706087e-50
2.0013832e-32
1.9789607e-21
-5.8728301e-21
3.8849064e-21
1.9347199e-21
-5.7895599e-21
2.1397034e-33
1.9263671e-21
0
0
3.8344734e-21
-4.2585223e-33
4.2668913e-33
3.8533629e-21
-3.868594e-21
8.6264904e-33
1.9498704e-21
4.3616055e-33
-4.4085615e-33
-4.0034539e-21
4.4610242e-33
4.4968477e-33
2.059463e-21
-2.091593e-21
1.4016378e-32
6.3303332e-21
-2.1414852e-21
4.8679025e-33
2.2254175e-21
0
-4.4832094e-21
-4.5794555e-21
2.3437204e-21
-2.6258651e-33
-2.3640444e-21
4.7803324e-21
1.6319527e-32
-4.9899114e-21
5.0047873e-21
-2.505768e-21
1.6925531e-32
2.5912425e-21
1.1618361e-32
5.2329887e-21
-5.2605402e-21
-5.3307388e-21
0
0
0
5.4291421e-21
1.2115693e-32
-5.4622792e-21
5.4594049e-21
5.4597919e-21
0
-5.4471383e-21
6.0260776e-33
2.7024197e-21
-2.6885688e-21
-2.6717843e-21
-5.3041002e-21
5.8395975e-33
2.6051745e-21
-2.5785218e-21
5.6624494e-33
-5.5968626e-33
4.9795431e-21
4.9136529e-21
5.379417e-33
2.3879375e-21
0
0
-4.5786198e-21
-4.5078091e-21
0
4.351477e-21
4.7516211e-33
-4.2115346e-21
0
-2.0459089e-21
4.0415925e-21
-6.6572481e-33
-1.9805085e-21
5.8960611e-21
-3.9060958e-21
1.2946133e-32
5.8120545e-21
-1.9346479e-21
-3.8715219e-21
1.9409168e-21
8.6614614e-33
-3.9276981e-21
1.9816452e-21
-2.0035907e-21
2.0296029e-21
6.1785179e-21
-4.1859005e-21
-2.1293871e-21
-2.1680982e-21
2.2084771e-21
-2.4431112e-50
-2.2928307e-21
2.3360975e-21
-4.759426e-21
-4.8468211e-21
7.4007573e-21
1.0039912e-20
-2.5523289e-21
8.6390712e-33
2.6337702e-21
0
0
-2.7406512e-21
6.156137e-33
2.8012373e-21
-5.6563592e-21
-5.7063756e-21
0
0
2.919203e-21
-6.5270145e-33
-5.9167682e-21
2.9807866e-21
9.0013347e-21
-6.014287e-21
1.9953119e-32
-9.9086969e-33
-2.9611352e-21
8.838404e-21
-2.9280483e-21
-5.8220373e-21
0
0
0
5.7063646e-21
5.6843102e-21
0
-5.6547938e-21
-8.4713797e-21
5.6464947e-21
-9.4102669e-33
-5.664617e-21
2.8424153e-21
-2.8565236e-21
3.191923e-33
8.6926836e-21
-8.3128299e-37
-5.9134802e-21
0
6.0699372e-21
6.1627941e-21
0
-3.1890098e-21
7.2177576e-33
-6.6323832e-21
-6.7740099e-21
3.4625307e-21
0
0
3.7161522e-21
-3.8090653e-21
-3.905626e-21
8.0104892e-21
8.2143612e-21
-8.4210421e-21
4.3135933e-32
1.3288417e-20
-4.5429505e-21
5.1680929e-33
-4.7632572e-21
-9.7298172e-21
0
0
0
1.0502341e-20
1.0687076e-20
-1.630043e-20
-1.1041411e-20
1.2446988e-32
1.1373446e-20
-4.4244765e-50
-1.1678846e-20
5.9102669e-21
0
-6.0399804e-21
1.0871026e-50
6.1528874e-21
6.2028634e-21
-3.3376276e-50
-6.289908e-21
1.265419e-20
1.272033e-20
0
-6.4145258e-21
1.4293158e-32
-6.4544253e-21
-1.2939701e-20
1.2963588e-20
6.4902423e-21
-6.4959932e-21
-1.3000738e-20
-6.5072582e-21
1.9548021e-20
-1.4492894e-32
-1.963012e-20
1.3103849e-20
1.9621192e-20
0
-6.5009124e-21
-1.2980547e-20
-6.4756185e-21
1.2921226e-20
-2.8617428e-32
-6.4208022e-21
1.2783725e-20
-6.3617341e-21
-1.2663608e-20
1.2602574e-20
2.7844316e-32
-1.8714314e-20
-6.2057797e-21
1.8519166e-20
1.9467961e-50
-1.2210619e-20
6.0692302e-21
1.206296e-20
-2.6610917e-32
-5.951387e-21
1.6792027e-36
-5.8622058e-21
1.1628449e-20
1.1529257e-20
0
-1.1318903e-20
2.4886027e-32
1.5763216e-36
1.2183252e-32
1.08496e-20
-1.0722278e-20
-1.5886745e-20
-1.3126611e-50
5.159361e-21
0
0
-4.9460201e-21
9.7511041e-21
-1.5983499e-32
3.1413165e-32
9.2619086e-21
1.0093141e-32
4.4597234e-21
0
-8.576401e-21
-8.4082194e-21
0
0
0
7.7881493e-21
2.5491922e-32
1.6715337e-32
-3.7091772e-21
2.4387805e-32
2.123494e-50
-7.1814617e-21
1.0711191e-20
-3.5598762e-21
-7.1146817e-21
3.9677687e-33
9.4527573e-51
3.6786539e-21
0
-3.7798737e-21
3.7744406e-21
3.7928067e-21
3.8153127e-21
7.6690712e-21
-7.7284343e-21
8.6630425e-33
3.9420783e-21
-1.1971293e-20
-4.0464196e-21
4.1088135e-21
4.1781119e-21
4.7230096e-33
-8.6698169e-21
4.9282409e-33
4.5655008e-21
9.4165549e-21
4.8640254e-21
5.5185444e-33
5.0031363e-21
0
-1.0179209e-20
-1.0265753e-20
0
0
0
1.0637675e-20
4.7684341e-32
-1.6253684e-20
-6.0688901e-33
1.6564437e-20
-5.566881e-21
3.7197505e-32
5.5946331e-21
-1.6830952e-20
6.2383556e-33
5.6242428e-21
1.125332e-20
5.6261566e-21
-1.1246259e-20
5.6196227e-21
1.2470634e-32
-3.1918926e-36
1.5964556e-36
2.4972875e-32
1.1270575e-20
-1.1307226e-20
1.2606258e-32
5.7120921e-21
-1.1499289e-20
-5.827846e-21
1.186001e-20
5.9529752e-21
-1.1880606e-20
-5.9636584e-21
0
1.202403e-20
1.209324e-20
-6.0900118e-21
1.3629832e-32
6.1941574e-21
0
0
-1.2837038e-20
-1.3022917e-20
1.3224042e-20
1.9093211e-36
-1.3651704e-20
0
1.4081299e-20
-1.7736418e-49
-2.1820743e-20
-7.3998693e-21
7.5354526e-21
-1.705321e-32
1.5688711e-20
2.411338e-20
0
-8.3097029e-21
1.8593547e-32
-8.4846341e-21
-1.7189734e-20
0
8.8013691e-21
1.7828329e-20
9.0246938e-21
-2.7407954e-20
5.6775323e-49
9.3601878e-21
2.1033594e-32
-9.581232e-21
6.4552618e-32
1.9604704e-20
-1.9823586e-20
-1.0039652e-20
1.0173215e-20
2.0679531e-20
-2.1078648e-20
-1.0637119e-20
3.1905576e-20
1.0662795e-20
0
0
-1.0818725e-20
2.4144127e-32
1.0926875e-20
-2.196122e-20
-2.2076002e-20
0
0
0
0
2.2688536e-20
-3.2268535e-36
-3.4140389e-20
2.2870134e-20
3.4502125e-20
0
-1.1539761e-20
2.5591428e-32
-1.1563922e-20
-2.3253218e-20
0
0
0
2.2731639e-20
2.2626411e-20
0
-2.2454393e-20
-3.357117e-20
-1.1155701e-20
3.338416e-20
2.2218193e-20
-2.2202215e-20
-1.1108581e-20
2.2272871e-20
1.1195728e-20
-3.3962321e-20
-1.1453687e-20
1.1442966e-20
2.2745999e-20
2.2770779e-20
0
-1.1427813e-20
5.0860425e-32
1.1498062e-20
-2.3100086e-20
-2.3222875e-20
0
0
0
2.4024945e-20
5.4005782e-32
-2.4620769e-20
-1.2391238e-20
2.4877349e-20
-7.8326318e-50
1.6943211e-31
-3.8671638e-50
-1.2806613e-20
1.2812469e-20
-1.2886752e-20
0
2.6273121e-20
1.3205606e-20
1.8731758e-36
1.3154634e-20
0
0
-2.640232e-20
-3.9622853e-20
2.6441208e-20
-4.4091171e-32
-3.9778478e-20
1.3297021e-20
1.3342758e-20
2.6876964e-20
-6.0348163e-32
-2.7356857e-20
0
0
0
0
0
0
0
-1.3474749e-20
-1.3433501e-20
4.0141865e-20
2.6646633e-20
-1.3300452e-20
1.3298137e-20
-2.6412939e-20
-1.2993579e-20
1.2771869e-20
-2.5421818e-20
-1.2691906e-20
0
0
1.1884337e-20
1.3085861e-32
2.5929975e-32
2.2802814e-20
1.2305387e-32
-1.0921763e-20
2.1609859e-20
2.333656e-32
-1.0176098e-20
1.9920441e-20
-9.8774913e-21
-2.9475596e-20
-9.6265319e-21
0
0
9.0651956e-21
-9.8468614e-33
-8.7578268e-21
8.9063813e-21
9.1482607e-21
0
8.6193219e-21
1.7021836e-20
-8.3873741e-21
-1.6491879e-20
0
1.6561062e-20
1.8737728e-32
-2.6330421e-20
-9.1339458e-21
9.1774317e-21
1.2989366e-36
9.2933152e-21
9.4811196e-21
1.5640835e-49
-1.1043352e-32
-2.0632066e-20
-1.0364274e-20
0
3.1410972e-20
1.1025841e-20
-3.5022898e-20
2.602943e-32
2.3186332e-20
1.3386851e-32
-1.2284282e-20
0
0
1.1466017e-20
2.4251197e-20
-1.2594923e-20
-3.6124456e-20
-1.1793449e-20
0
0
1.0310781e-20
-2.1171155e-32
-1.0247907e-20
1.0699677e-20
1.054618e-20
9.8392425e-21
9.2985291e-21
9.4345112e-21
-9.8206905e-21
-1.8395721e-20
0
1.7028998e-20
1.7316244e-20
-1.4271117e-20
-1.8478084e-20
7.6220225e-33
-7.3798583e-33
5.9837514e-33
4.7857065e-21
5.4146196e-21
5.8433673e-21
-1.0104456e-20
-3.5019646e-21
-1.842581e-21
-1.6313404e-21
5.5498967e-21
3.6204145e-21
0
-1.6863908e-21
5.0576364e-33
6.5400627e-34
-2.9599202e-33
-6.0169349e-21
-6.8406488e-21
-1.0546449e-20
4.9415733e-21
1.3828437e-20
0
1.0100254e-20
8.8898433e-21
0
-8.6961999e-21
3.4569847e-32
2.7867432e-36
2.7712501e-36
1.9110462e-20
-1.9404489e-20
-5.2980917e-20
3.4266673e-32
3.142633e-20
0
0
-4.1271077e-20
-4.1092812e-20
0
6.6651643e-20
3.4357614e-20
-3.1111931e-20
3.2392733e-20
7.397349e-20
-3.8736237e-20
-4.2091509e-20
5.1220296e-20
1.2204244e-19
6.2296448e-20
-5.6055347e-20
-5.5048116e-20
-5.8002424e-20
0
0
5.7788956e-20
-4.0949741e-49
-6.6783008e-20
6.7716692e-20
-7.0773118e-20
-8.2651039e-20
9.5230247e-20
0
8.6374999e-20
8.7106922e-20
0
-1.0838469e-19
-1.1547214e-31
1.028112e-19
0
0
-1.1400494e-19
-2.1925823e-19
-4.2408751e-31
1.4183558e-19
0
0
-1.0663872e-19
1.0753401e-19
-1.0901366e-19
-3.5305533e-19
2.5872812e-19
4.0825879e-19
1.3360589e-19
0
-2.0336637e-19
-8.8755754e-20
1.0033381e-19
2.1110065e-19
9.5875629e-20
-1.8505046e-19
-9.7388047e-20
0
0
0
-8.6761977e-21
-2.805981e-36
-1.8649122e-31
-8.0908287e-20
2.110848e-19
1.3279615e-19
-1.6198104e-19
0
2.1562096e-19
2.4483486e-19
-2.7594411e-19
-3.0478054e-19
-3.3348603e-19
-3.6409436e-19
1.1899339e-18
-1.8355083e-46
-9.354163e-19
1.0139148e-18
1.2193084e-30
-1.1887101e-18
2.1806198e-47
6.952404e-19
7.5138092e-19
-8.1168552e-19
8.7644158e-19
2.8378488e-18
-2.0410579e-18
-3.3015607e-18
-1.1862829e-18
0
2.753301e-18
1.4820747e-18
-1.5949123e-18
-1.7156314e-18
4.0953285e-30
1.9827222e-18
0
0
0
0
0
0
0
-3.4798271e-18
3.7265502e-18
3.9891746e-18
-8.5372429e-18
1.4735673e-47
4.8818146e-18
1.0435177e-17
2.4754708e-29
-1.7858979e-17
1.9908648e-47
9.6369874e-34
1.4467384e-17
-2.562863e-45
-2.466344e-17
8.7592303e-18
9.328937e-18
-9.9318935e-18
1.056977e-17
1.1244291e-17
-1.195727e-17
2.5421245e-17
-1.350633e-17
4.7771937e-29
4.5698863e-17
-3.2336311e-17
-5.1462953e-17
-1.8193805e-17
0
0
2.1656862e-17
2.2934794e-17
-2.4279081e-17
-2.8526323e-29
2.7178271e-17
0
0
0
0
0
0
0
8.4095761e-17
-4.4331459e-17
-1.4016556e-16
4.9222998e-17
-7.3667467e-33
5.4573565e-17
-1.275476e-28
5.3663954e-28
6.3533074e-17
-1.3357152e-16
-7.0178902e-17
0
0
8.124645e-17
8.5246933e-17
-8.9410834e-17
1.0409542e-28
-3.5262143e-45
1.1425286e-28
2.1558746e-16
-2.5059745e-28
1.3111106e-28
2.4704942e-16
-1.2916285e-16
-4.05017e-16
-1.4105744e-16
0
0
1.6050666e-16
5.0230166e-16
-1.745891e-16
-3.6395091e-16
5.6878772e-16
-4.3840606e-28
-4.1109923e-16
0
0
0
0
4.9935094e-16
5.7565368e-28
-8.0711502e-16
5.5816999e-16
2.8937285e-16
-8.9969776e-16
3.1066099e-16
3.2165426e-16
3.6958856e-28
-4.9468859e-45
-7.1194569e-16
-3.678376e-16
0
1.1764757e-15
4.0459599e-16
-8.3440778e-16
-4.2997061e-16
9.8339857e-28
-9.923303e-45
9.9983906e-45
9.6470817e-16
5.5037541e-28
5.6519751e-28
1.0451593e-15
5.9519489e-28
-1.0991322e-15
-1.1260949e-15
-5.7649037e-16
0
6.0316519e-16
8.7588193e-32
-6.2939098e-16
6.4226956e-16
6.5495574e-16
0
0
0
-7.032152e-16
1.5865445e-27
7.2545441e-16
1.4720024e-15
-7.4612917e-16
5.0335234e-27
7.6501695e-16
-1.5474489e-15
-7.8190606e-16
7.8953889e-16
7.9659847e-16
1.7830464e-27
1.6178314e-15
-8.1413296e-16
-1.6374021e-15
0
-8.2582614e-16
-8.2836022e-16
8.3019387e-16
8.3132175e-16
0
-8.3142045e-16
1.8437724e-27
8.285838e-16
0
8.2292003e-16
-8.1904996e-16
-8.1450174e-16
8.092885e-16
0
-7.9692939e-16
-7.8981944e-16
0
7.7384158e-16
-8.4939659e-28
-7.5567475e-16
0
0
7.2477123e-16
7.1360696e-16
-7.0205958e-16
6.9015886e-16
2.0338047e-15
-6.6541787e-16
2.8982949e-27
1.2792507e-15
0
-1.226041e-15
-1.1989732e-15
-5.8583632e-16
-5.7209723e-16
0
5.4445893e-16
5.3061062e-16
0
0
-4.892334e-16
-4.755696e-16
4.6200364e-16
4.4855387e-16
0
0
0
0
-3.8360818e-16
-3.7117533e-16
7.1790893e-16
3.4695477e-16
-3.3518438e-16
0
-3.1235904e-16
-3.0131547e-16
-5.8104808e-16
-2.7998824e-16
-2.9945824e-28
-2.5969349e-16
7.4981305e-16
5.436748e-45
-4.6242387e-16
4.4448249e-16
-4.7416347e-28
4.5536512e-28
3.93764e-16
2.0975138e-28
-1.8124726e-16
1.7380245e-16
1.6660128e-16
0
-3.0582794e-16
-4.3925794e-16
-1.401513e-16
0
2.5655236e-16
1.2265924e-16
-1.1724934e-16
0
-1.0703001e-16
-2.9049883e-32
9.7576609e-17
0
0
0
0
0
-7.3394087e-17
-6.9918834e-17
1.3317761e-16
6.3399141e-17
-6.0345052e-17
0
5.4624914e-17
1.0389951e-16
-4.9391951e-17
-9.3894403e-17
-4.4611299e-17
8.4760289e-17
1.3405e-28
-1.1464864e-16
3.6275773e-17
3.4424752e-17
-3.2659587e-17
3.097682e-17
8.8119306e-17
7.1809821e-47
-2.6389933e-17
2.5004301e-17
2.3685354e-17
-6.7290759e-17
-4.2472517e-17
2.2314861e-29
-1.9021105e-17
0
1.7019855e-17
1.6093577e-17
0
-1.4378738e-17
-2.7172073e-17
1.2833853e-17
-5.3831889e-29
2.5411559e-29
2.1604075e-17
0
0
0
8.5547662e-18
-8.0652501e-18
3.3759166e-29
7.1634001e-18
-1.3497121e-17
6.3561986e-18
1.1970388e-17
-1.1268953e-17
-5.3030247e-18
-7.0910202e-34
-1.3836444e-47
1.3244158e-17
-4.1510023e-18
-1.1706291e-17
1.1001696e-17
3.4456734e-18
-9.7101629e-18
6.7490766e-30
5.7080029e-18
3.8070828e-34
-2.5141187e-18
-2.3588225e-18
-6.288554e-34
4.149845e-18
3.8907127e-18
-1.8234444e-18
-5.1262911e-18
-1.6009128e-18
0
0
1.3146268e-18
1.230477e-18
-1.1514393e-18
4.7838258e-30
-1.0075482e-18
4.1840166e-30
2.6423997e-18
1.6464863e-18
-8.5411008e-31
-1.4373099e-18
-6.7121551e-19
1.2535179e-18
3.8978532e-30
-1.638288e-18
1.0191286e-18
4.7536392e-19
-1.3300624e-18
4.5905668e-31
-4.2783323e-31
3.5917736e-19
3.346751e-19
-6.2354165e-19
-2.9036565e-19
0
0
2.3424017e-19
1.2389186e-34
2.250838e-31
3.771283e-19
-3.8930935e-31
-1.6298526e-19
1.5147479e-19
-1.5622753e-31
1.4514498e-31
-1.2142467e-19
-1.1274386e-19
-1.487297e-35
-9.7131668e-20
0
0
7.7536122e-20
-7.9811517e-32
-6.6644038e-20
6.1764464e-20
1.270818e-31
5.3014091e-20
9.8196668e-20
4.5461286e-20
-4.2083926e-20
-7.7896952e-20
0
-3.3337901e-20
6.166546e-20
2.8509245e-20
-2.6354789e-20
5.4088077e-32
4.9968049e-32
4.1582666e-20
-1.920248e-20
-3.5461967e-20
0
-1.510726e-20
3.0955032e-32
1.2860019e-20
0
0
0
0
-8.5634576e-21
-1.1211264e-36
7.2664296e-21
1.3382562e-20
-1.7508513e-36
-5.670099e-21
1.0435518e-20
-4.8004204e-21
-1.3246396e-20
4.0604648e-21
-1.657752e-32
-6.8629475e-21
3.1534546e-21
3.2168657e-33
8.8635849e-33
5.4269943e-33
-2.2440642e-21
0
3.7809927e-21
5.2038116e-21
-1.5912117e-21
-4.3780428e-21
-1.4856987e-33
1.2266765e-21
0
0
1.8875248e-21
-1.918982e-33
-1.5830666e-21
1.4493002e-21
-1.4726639e-33
-6.0695724e-22
-5.5530223e-22
-5.0793078e-22
4.644984e-22
0
-3.8820065e-22
7.0954493e-22
3.2415107e-22
-5.9221582e-22
-2.7043197e-22
-3.509061e-38
4.5083626e-22
4.5682594e-34
-1.8773205e-22
1.7126701e-22
3.1242375e-22
-1.4244832e-22
-2.5973834e-22
2.3675112e-22
-1.0787599e-22
-2.9485895e-22
8.9529814e-23
8.1535836e-23
0
0
-6.1507391e-23
1.2427944e-34
5.0914558e-23
4.6308711e-23
5.9842724e-39
-3.8284578e-23
3.4798684e-23
3.5102427e-35
-2.8732053e-23
0
-2.3702811e-23
2.3889699e-35
1.9537261e-23
-1.7731936e-23
-1.6090278e-23
2.9194662e-23
3.9719159e-23
-1.2005832e-23
-2.1769932e-23
9.8668489e-24
-8.9418737e-24
-1.6204273e-23
7.3398558e-24
1.3294985e-23
-6.0193311e-24
-5.4495964e-24
9.8642954e-24
4.4630939e-24
4.0383616e-24
-4.0551442e-36
-9.9090425e-24
-2.9863193e-24
2.6999016e-24
0
0
-1.9919739e-24
1.7995493e-24
1.6251209e-24
-1.4675942e-24
0
2.3911712e-24
-4.7911113e-36
-1.9464972e-24
8.7761393e-25
7.908557e-25
-7.1297392e-25
7.1384697e-37
4.6181083e-53
5.8012975e-37
9.4141964e-54
4.2382035e-25
8.467875e-37
-6.8713492e-25
0
-2.7802761e-25
2.5060787e-25
-5.0087418e-37
-2.0491099e-54
1.827577e-25
-4.9264327e-25
-1.4737348e-25
2.6446973e-25
1.1879859e-25
1.0657826e-25
-9.5391497e-26
-8.5967863e-26
1.546692e-25
7.6828541e-38
6.2195985e-26
-2.4787197e-37
3.3210187e-37
1.0016202e-37
-8.1468837e-26
0
3.2161951e-26
-2.8696486e-26
2.6082187e-26
2.3407091e-26
-4.1707181e-26
0
3.2952321e-26
-3.3072364e-38
-2.626458e-26
-1.1977135e-26
-2.3418399e-55
1.9820031e-26
8.8156578e-27
-1.5564196e-26
-6.9309309e-27
-6.681112e-39
1.0335599e-26
4.9246088e-27
-9.8492176e-27
0
-3.708656e-27
2.9790843e-27
2.3711079e-27
-4.6206206e-27
-5.7023104e-43
2.2463647e-43
-1.1551552e-27
1.0335599e-27
1.2767504e-27
0
-1.5807386e-27
-1.5527737e-39
2.0671197e-27
7.9036932e-28
-7.9036932e-28
1.0335599e-27
1.8734719e-55
-1.6415363e-27
-6.7511899e-41
-2.7073725e-40
4.2558348e-28
9.7276224e-28
-4.2558348e-28
-7.2957168e-28
0
0
-5.4717876e-28
9.4498515e-40
2.6994392e-40
5.3999152e-40
6.079764e-29
-1.2159528e-28
-3.374731e-40
-5.3989222e-40
-1.8734719e-55
-1.7279728e-44
-3.3764589e-40
3.6478584e-28
-6.749462e-41
-6.079764e-29
-2.4319056e-28
-1.2159528e-28
-2.4319056e-28
-7.2957168e-28
1.7548601e-39
-1.7549724e-39
-5.4002607e-40
-2.706731e-40
0
0
0
0
-4.2558348e-28
-1.8239292e-28
-6.079764e-29
6.7586286e-41
3.7469438e-55
1.0943575e-27
-4.2558348e-28
-5.4717876e-28
-4.7246234e-40
2.4319056e-28
1.2159528e-28
3.6478584e-28
6.0745158e-40
-1.3375481e-27
-6.6877404e-28
7.2957168e-28
4.8638112e-28
0
0
1.8239292e-28
2.4319056e-28
-9.7276224e-28
-4.8638112e-28
4.7246234e-40
-2.3418399e-56
1.8239292e-28
-3.6478584e-28
-2.1601043e-39
1.8239292e-28
1.2159528e-28
-1.8239292e-28
-1.2159528e-28
4.0488996e-40
2.025357e-40
5.1839185e-44
1.1709199e-55
-6.7511899e-41
4.2558348e-28
0
2.2451224e-43
1.8239292e-28
-4.8638112e-28
6.079764e-29
-8.5116696e-28
5.3988784e-40
1.8239292e-28
-4.2558348e-28
6.6877404e-28
-1.4846916e-39
4.2558348e-28
-2.1382118e-44
4.8638112e-28
8.1003911e-40
4.2558348e-28
-1.209581e-43
-3.039882e-28
-6.079764e-29
2.4319056e-28
-4.8638112e-28
-4.2558348e-28
-1.2159528e-28
2.7004579e-40
-6.079764e-29
7.2957168e-28
-1.3500652e-40
8.5116696e-28
-3.6478584e-28
1.3497196e-40
-4.2764235e-44
-3.6478584e-28
-5.1839185e-44
-8.0182941e-43
2.4319056e-28
2.3144123e-43
4.2558348e-28
3.039882e-28
1.2159528e-28
-6.079764e-29
1.2159528e-28
1.7279728e-44
4.8638112e-28
-3.039882e-28
-5.4717876e-28
3.6478584e-28
-2.4319056e-28
0
6.079764e-29
2.0248386e-40
-3.6478584e-28
5.4717876e-28
3.4559457e-44
8.5116696e-28
-4.8638112e-28
-2.4319056e-28
2.4319056e-28
0
6.079764e-29
-1.8239292e-28
1.2159528e-28
3.6478584e-28
-1.8239292e-28
6.079764e-28
2.4319056e-28
-4.2558348e-28
0
-3.039882e-28
1.6614206e-55
1.2159528e-28
-1.2159528e-28
0
1.2159528e-28
-1.2159528e-28
6.079764e-28
1.2159528e-28
-4.8638112e-28
0
1.2159528e-28
-1.7279728e-44
-2.4319056e-28
-2.4319056e-28
1.8239292e-28
-1.6199745e-39
-1.2767504e-27
4.0496772e-40
3.6478584e-28
1.2159528e-28
1.2159528e-28
-1.2159528e-28
1.2829271e-43
-3.6478584e-28
-2.4319056e-28
2.4319056e-28
1.0943575e-27
-6.079764e-29
-1.3428868e-40
0
-8.5116696e-28
-9.3673596e-55
-1.2767504e-27
3.039882e-28
1.2159528e-28
-2.4319056e-28
3.6478584e-28
7.7758778e-44
-8.5116696e-28
-2.3418399e-56
5.4717876e-28
1.0800521e-39
-2.4319056e-28
0
1.8239292e-28
-3.039882e-28
0
-6.079764e-29
2.4319056e-28
4.2558348e-28
1.8239292e-28
3.6478584e-28
3.039882e-28
0
-3.039882e-28
3.6478584e-28
-3.6478584e-28
6.749462e-41
-1.2159528e-28
-6.079764e-29
1.8239292e-28
4.0501956e-40
1.0943575e-27
3.039882e-28
3.6478584e-28
-6.079764e-28
3.6478584e-28
-1.3500652e-40
-5.4717876e-28
-3.039882e-28
9.3493411e-56
-8.1003911e-40
-2.4319056e-28
-1.8239292e-28
2.7001304e-40
-5.4717876e-28
3.6478584e-28
4.0501956e-40
-1.2159528e-28
-6.9118914e-44
1.8239292e-28
-4.04985e-40
2.4319056e-28
0
2.4319056e-28
-2.4319056e-28
1.2401628e-42
-1.2159528e-28
-6.904027e-41
6.079764e-29
2.7117905e-40
1.8239292e-28
-7.2957168e-28
-4.0499364e-40
2.4319056e-28
8.6398642e-45
-2.0243202e-40
-2.4319056e-28
1.2159528e-28
-1.2159528e-28
1.2159528e-28
4.8638112e-28
-1.2159528e-28
0
6.079764e-29
-2.4319056e-28
-3.039882e-28
2.4319056e-28
5.8545997e-57
3.039882e-28
-2.4319056e-28
6.7511899e-41
2.4319056e-28
-1.3823783e-43
-7.2957168e-28
0
-1.0553488e-67
-6.079764e-29
7.0777768e-45
-5.4717876e-28
-3.0054002e-52
8.1000455e-40
6.079764e-29
-1.2159528e-28
2.0250978e-40
-1.2159528e-28
7.2957168e-28
-2.6650329e-40
-1.3630612e-40
1.8239292e-28
-2.6727647e-43
3.039882e-28
3.039882e-28
0
-1.2159528e-28
-8.1003911e-40
-8.5116696e-28
-1.4051039e-55
-1.8239292e-28
1.2159528e-28
1.350238e-40
-1.2159528e-28
0
0
-3.039882e-28
1.8239292e-28
-6.079764e-29
1.2159528e-28
3.374731e-40
-8.1009095e-40
2.0248386e-40
1.2159528e-28
1.8239292e-28
2.0250114e-40
1.8239292e-28
-1.2159528e-28
-2.7796753e-43
5.4717876e-28
-8.1014279e-40
-3.6478584e-28
1.8239292e-28
-1.2150587e-39
-1.8239292e-28
3.6478584e-28
-9.4504563e-40
2.4319056e-28
6.079764e-28
-3.6478584e-28
1.2159528e-28
-6.079764e-28
-3.039882e-28
-1.353364e-40
-3.6478584e-28
0
0
0
4.2558348e-28
4.3199321e-44
-6.079764e-29
2.4319056e-28
1.3500652e-40
3.6478584e-28
-3.6478584e-28
-8.1009095e-40
2.0125473e-40
-1.2159528e-28
-3.6478584e-28
7.2957168e-28
2.2442132e-52
-1.3498924e-40
-6.7511899e-41
1.2959796e-43
-5.4717876e-28
7.2957168e-28
4.8638112e-28
-3.6478584e-28
3.039882e-28
4.0027408e-69
-1.3495468e-40
4.050714e-40
1.2453064e-43
-3.6478584e-28
-9.7276224e-28
-1.8902122e-39
-2.0203201e-40
2.4319056e-28
6.7001891e-41
6.079764e-29
-7.2957168e-28
4.8638112e-28
1.2159528e-28
0
1.2829271e-43
1.2159528e-28
-1.8239292e-28
-2.4319056e-28
6.079764e-29
-1.8239292e-28
8.5116696e-28
1.7279728e-44
3.039882e-28
-6.079764e-29
-1.8239292e-28
-3.039882e-28
6.079764e-29
-1.2159528e-28
6.9118914e-44
-3.6478584e-28
2.025357e-40
3.6478584e-28
0
0
3.6478584e-28
-5.4002607e-40
-6.079764e-29
-1.2159528e-28
3.039882e-28
3.6478584e-28
0
0
0
0
1.2159528e-27
-1.0367837e-43
2.4319056e-28
-3.6478584e-28
2.1077117e-55
3.039882e-28
-9.7276224e-28
3.039882e-28
-4.0510453e-40
-1.2159528e-28
-1.2159528e-28
-1.1760165e-43
1.2159528e-28
6.079764e-28
1.8239292e-28
3.6478584e-28
-6.079764e-28
-3.6478584e-28
6.079764e-29
6.7507579e-40
1.0943575e-27
-4.8638112e-28
-6.079764e-28
-4.2558348e-28
-3.039882e-28
0
-1.2159528e-28
1.2159528e-28
-3.039882e-28
-4.2558348e-28
6.079764e-28
6.079764e-29
4.8638112e-28
-2.4319056e-28
-1.350238e-40
6.079764e-29
0
0
0
0
3.63496e-42
6.749462e-40
8.5116696e-28
0
3.6478584e-28
-1.350238e-40
5.1839185e-44
1.2159528e-28
2.4319056e-28
-3.6478584e-28
-1.2159528e-28
-1.2159528e-28
-1.8239292e-28
-1.8239292e-28
6.8106534e-41
-1.8239292e-28
2.4319056e-28
2.7001304e-40
3.039882e-28
1.3498924e-40
-4.0500228e-40
8.0993543e-40
2.4319056e-28
-4.1695129e-43
2.4319056e-28
9.119646e-28
1.8239292e-28
2.4319056e-28
7.2957168e-28
0
4.2558348e-28
-6.0745158e-40
-1.8239292e-28
-3.039882e-28
2.0245794e-40
-1.498383e-52
3.6478584e-28
1.8239292e-28
-5.4717876e-28
2.4319056e-28
-4.8109765e-43
3.6478584e-28
-3.6478584e-28
0
-5.4717876e-28
5.4717876e-28
-4.050714e-40
-5.4002607e-40
1.3501516e-39
6.079764e-29
9.119646e-28
1.4987775e-54
1.3375481e-27
0
3.6478584e-28
1.0124625e-39
-1.3542916e-40
4.6836798e-56
-1.8239292e-28
3.6478584e-28
-3.6478584e-28
-4.8638112e-28
4.8638112e-28
0
-3.039882e-28
4.8638112e-28
4.2558348e-28
3.4559457e-44
-4.0491588e-40
-3.039882e-28
-6.079764e-29
2.6997848e-40
2.0248287e-51
4.0501956e-40
-1.2159528e-28
6.079764e-29
-2.7001304e-40
3.6478584e-28
4.6850017e-56
-3.6478584e-28
4.0501956e-40
1.2159528e-28
0
0
1.8239292e-28
-6.079764e-29
3.039882e-28
-4.8638112e-28
-4.0501956e-40
6.0760709e-40
3.039882e-28
1.8239292e-28
-1.2159528e-28
0
0
0
-6.079764e-29
6.079764e-29
-6.079764e-29
1.2159528e-28
1.3499788e-39
-1.6415363e-27
-6.0752933e-40
2.4319056e-28
-1.6036588e-43
-1.2159528e-28
1.8239292e-28
-2.6980366e-40
-1.3498924e-40
1.2159528e-28
1.3597787e-40
6.079764e-29
1.0943575e-27
1.8734719e-55
-4.2558348e-28
-3.039882e-28
-1.8239292e-28
9.7276224e-28
4.2558348e-28
-1.3497196e-40
-2.0250978e-40
-1.2159528e-28
-6.079764e-28
-8.1000455e-40
1.8239292e-28
1.3452403e-40
-5.8545997e-56
-9.7276224e-28
1.2159528e-28
-1.3501516e-40
-5.8545997e-57
1.7279728e-44
-2.4319056e-28
1.2159528e-28
-6.079764e-29
0
5.4717876e-28
4.8638112e-28
-3.6478584e-28
-1.3757445e-40
-9.3673596e-55
-1.0943575e-27
6.079764e-29
-1.2159528e-28
2.0250978e-40
6.079764e-28
-1.2159528e-28
1.8239292e-28
-1.0125057e-39
3.6478584e-28
1.8239292e-28
-6.079764e-29
-6.079764e-29
0
0
4.2558348e-28
3.6478584e-28
-7.8599481e-44
-1.3381857e-40
4.0501956e-40
-8.6398642e-44
-1.2159528e-28
-6.079764e-28
-8.1003911e-40
7.2957168e-28
-3.6478584e-28
-3.039882e-28
-2.4319056e-28
2.6999576e-40
-2.7001304e-40
-1.2149032e-39
-4.0496772e-40
1.2159528e-28
1.2159528e-28
4.2558348e-28
3.6478584e-28
6.079764e-29
4.0496772e-40
6.6877404e-28
-4.2558348e-28
0
0
1.8239292e-28
-4.3199321e-44
-1.2159528e-28
9.7276224e-28
1.4848816e-39
-4.8638112e-28
8.5116696e-28
-4.2558348e-28
-3.6478584e-28
0
0
-4.2558348e-28
-2.0250978e-40
-7.0560988e-43
-4.2764235e-44
1.2159528e-28
4.8638112e-28
-7.2957168e-28
0
-1.2159528e-28
1.3540055e-40
3.039882e-28
6.079764e-28
6.079764e-28
-4.050714e-40
1.8239292e-28
-6.079764e-29
-1.8239292e-28
1.8239292e-28
2.4319056e-28
5.4717876e-28
-6.079764e-28
-3.6478584e-28
-6.079764e-29
1.8239292e-28
0
-2.4319056e-28
4.8638112e-28
1.3375481e-27
0
-6.079764e-28
-4.4995548e-52
-1.0943575e-27
0
-3.6478584e-28
1.2159528e-28
-3.6478584e-28
2.6997848e-40
2.4319056e-28
2.6998712e-40
3.6478584e-28
1.3125964e-40
-1.2159528e-28
1.0043644e-42
-4.2558348e-28
3.6478584e-28
-9.4492467e-40
-3.7469438e-55
4.8638112e-28
1.3498924e-40
1.2767504e-27
1.0367837e-43
1.2159528e-28
0
0
-1.8239292e-28
1.2159528e-28
-1.8239292e-28
5.4717876e-28
5.4717876e-28
4.2558348e-28
-3.039882e-28
-6.079764e-29
0
-1.0691059e-43
6.079764e-29
1.0943575e-27
-4.0496772e-40
-4.8638112e-28
-3.6478584e-28
-1.8239292e-28
-7.0255197e-56
-1.2159528e-28
6.079764e-29
3.039882e-28
-2.4319056e-28
9.119646e-28
-4.8638112e-28
-2.0063221e-27
2.0248386e-39
-8.0998727e-40
1.3498924e-40
-1.8239292e-28
-1.8239292e-28
-6.7507835e-41
-1.2159528e-28
-9.3673596e-56
-3.4559457e-44
-4.8638112e-28
2.6999576e-40
3.6478584e-28
-5.4002607e-40
-1.2159528e-28
0
1.8239292e-28
-1.2159528e-28
-1.8239292e-28
-2.4319056e-28
-4.8638112e-28
-2.4589435e-43
-1.2159528e-28
-3.6478584e-28
8.5116696e-28
-3.039882e-28
2.4319056e-28
1.2159528e-28
3.6478584e-28
6.3229677e-55
4.8638112e-28
2.7120765e-40
-1.3568921e-40
2.4319056e-28
1.2159528e-28
0
-6.079764e-29
-3.6478584e-28
-2.4319056e-28
2.4319056e-28
2.6999576e-40
3.6478584e-28
1.3500151e-40
5.18621e-68
-1.8239292e-28
-2.6997848e-40
-1.0943575e-27
0
3.039882e-28
-4.2558348e-28
-3.6478584e-28
3.6478584e-28
-2.4319056e-28
-4.04985e-40
-2.7037405e-40
-5.3999152e-40
-5.4002607e-40
-2.4319056e-28
1.2159528e-28
-8.1081844e-40
-6.7511899e-41
3.373867e-40
3.6478584e-28
-4.8638112e-28
-7.2957168e-28
0
-6.079764e-29
8.1003911e-40
4.8638112e-28
4.050714e-40
-1.8239292e-28
-1.2159528e-28
-2.6992031e-51
-2.4319056e-28
0
0
4.2558348e-28
-4.2558348e-28
-3.039882e-28
-7.2957168e-28
1.3498924e-39
-5.3999152e-40
6.7503259e-41
-7.2957168e-28
7.2957168e-28
-6.079764e-29
4.8638112e-28
4.8638112e-28
2.4299618e-39
-1.8239292e-27
5.4717876e-28
6.7503259e-40
-1.2159528e-28
9.119646e-28
1.8239292e-28
4.8638112e-28
-3.375595e-40
-1.2159528e-28
2.4319056e-28
1.2159528e-28
1.2159528e-28
-3.6478584e-28
-1.8239292e-28
1.8239292e-28
-6.7503259e-41
2.6998712e-40
-3.6478584e-28
-4.0501956e-40
-4.0501956e-40
-3.374731e-40
-6.079764e-29
-1.2159528e-28
3.375163e-40
4.8638112e-28
1.2159528e-28
-1.8239292e-28
1.8239292e-28
-2.4319056e-28
-1.8239292e-28
6.079764e-28
1.3499788e-40
5.1839185e-44
5.3999152e-40
1.0367837e-43
-5.4002607e-40
1.8239292e-28
0
-1.2159528e-28
1.2159528e-28
3.6478584e-28
3.039882e-28
3.4559457e-44
2.7001304e-40
-4.8638112e-28
-8.6398642e-45
3.039882e-28
-4.8638112e-28
2.4319056e-28
-3.039882e-28
-2.4319056e-28
-4.0491588e-40
3.039882e-28
-8.1003911e-40
-1.2159528e-28
0
0
0
0
-3.6478584e-28
4.050714e-40
-3.6478584e-28
-1.2159528e-28
0
-6.079764e-29
-6.079764e-29
1.3500652e-40
3.6478584e-28
3.039882e-28
2.4319056e-28
5.4717876e-28
6.079764e-29
-1.8239292e-28
3.039882e-28
1.2159528e-28
-6.079764e-29
0
-4.8638112e-28
-1.8239292e-28
-6.079764e-29
-1.2159528e-28
0
0
0
0
-1.7023339e-27
2.6999576e-40
-4.8638112e-28
1.2159528e-28
2.700476e-40
-2.4319056e-28
-2.4319056e-28
-5.4717876e-28
6.079764e-28
1.8239292e-28
-6.079764e-29
-3.6478584e-28
3.6478584e-28
3.6478584e-28
-1.2159528e-28
5.4002607e-40
-7.2957168e-28
-1.3500652e-40
-6.079764e-29
-6.079764e-29
1.2159528e-28
-1.2159528e-28
1.2159528e-28
0
6.079764e-29
-2.6979643e-40
-2.4319056e-28
-3.6478584e-28
1.8239292e-28
2.4319056e-28
3.039882e-28
-1.2159528e-28
-2.4319056e-28
-3.6478584e-28
2.703596e-40
-2.4319056e-28
-2.4319056e-28
0
0
0
-3.6478584e-28
-5.1839185e-44
1.2159528e-28
0
-2.4319056e-28
-1.6212704e-28
)
;

boundaryField
{
    leftSide
    {
        type            calculated;
        value           uniform 4.2974631e-28;
    }
    rightSide
    {
        type            calculated;
        value           uniform -1.7259268e-28;
    }
    emptywalls
    {
        type            empty;
    }
}


// ************************************************************************* //
