/*--------------------------------*- C++ -*----------------------------------*\
  =========                 |
  \\      /  F ield         | OpenFOAM: The Open Source CFD Toolbox
   \\    /   O peration     | Website:  https://openfoam.org
    \\  /    A nd           | Version:  7
     \\/     M anipulation  |
\*---------------------------------------------------------------------------*/
FoamFile
{
    version     2.0;
    format      ascii;
    class       volScalarField;
    location    "0.00123";
    object      Ux;
}
// * * * * * * * * * * * * * * * * * * * * * * * * * * * * * * * * * * * * * //

dimensions      [0 1 -1 0 0 0 0];

internalField   nonuniform List<scalar> 
5000
(
-52.155467
-52.11137
-52.087447
-52.058605
-52.030993
-52.002961
-51.974988
-51.946783
-51.91858
-51.890175
-51.861775
-51.833227
-51.804684
-51.776048
-51.747416
-51.71873
-51.690048
-51.661344
-51.632636
-51.603927
-51.575213
-51.546502
-51.517793
-51.489088
-51.460386
-51.431689
-51.402996
-51.374309
-51.345627
-51.31695
-51.288279
-51.259613
-51.230953
-51.202298
-51.173648
-51.145005
-51.116366
-51.087733
-51.059104
-51.030481
-51.001861
-50.973247
-50.944636
-50.91603
-50.887428
-50.85883
-50.830235
-50.801647
-50.773064
-50.74449
-50.715924
-50.68737
-50.658828
-50.6303
-50.601787
-50.573289
-50.544807
-50.51634
-50.487885
-50.459443
-50.431007
-50.40258
-50.374151
-50.345728
-50.317293
-50.288862
-50.260414
-50.231966
-50.203498
-50.175028
-50.146539
-50.118045
-50.089536
-50.061023
-50.032497
-50.003969
-49.97543
-49.946891
-49.918345
-49.889799
-49.86125
-49.8327
-49.804149
-49.775599
-49.747048
-49.718498
-49.689947
-49.661398
-49.632848
-49.6043
-49.575751
-49.547202
-49.518653
-49.490104
-49.461554
-49.433004
-49.404451
-49.375899
-49.347343
-49.318788
-49.290229
-49.261669
-49.233105
-49.204541
-49.175971
-49.147402
-49.118826
-49.090249
-49.061666
-49.033082
-49.004489
-48.975896
-48.947292
-48.918688
-48.890068
-48.86145
-48.832814
-48.804178
-48.775519
-48.746861
-48.718175
-48.68949
-48.660771
-48.632052
-48.603297
-48.574537
-48.545739
-48.516934
-48.488088
-48.459232
-48.430332
-48.401421
-48.372463
-48.343492
-48.314472
-48.285438
-48.256353
-48.227251
-48.198097
-48.168925
-48.1397
-48.110455
-48.081151
-48.05183
-48.022453
-47.993051
-47.963588
-47.934102
-47.904552
-47.874976
-47.845335
-47.815665
-47.785928
-47.756157
-47.726318
-47.69644
-47.666494
-47.636501
-47.606442
-47.576329
-47.546148
-47.515907
-47.485597
-47.45522
-47.424772
-47.394252
-47.363657
-47.332986
-47.302234
-47.271401
-47.240483
-47.209479
-47.178385
-47.147199
-47.115917
-47.084537
-47.053057
-47.021472
-46.989781
-46.957979
-46.926064
-46.894032
-46.861881
-46.829606
-46.797205
-46.764674
-46.73201
-46.699209
-46.666269
-46.633185
-46.599955
-46.566575
-46.533041
-46.499351
-46.4655
-46.431487
-46.397306
-46.362955
-46.32843
-46.293729
-46.258847
-46.223782
-46.188529
-46.153086
-46.117449
-46.081615
-46.04558
-46.00934
-45.972893
-45.936234
-45.899361
-45.862268
-45.824954
-45.787414
-45.749644
-45.711641
-45.673401
-45.634921
-45.596196
-45.557224
-45.517999
-45.478519
-45.438779
-45.398777
-45.358507
-45.317967
-45.277152
-45.236059
-45.194684
-45.153024
-45.111074
-45.06883
-45.02629
-44.983449
-44.940303
-44.896849
-44.853083
-44.809002
-44.764601
-44.719877
-44.674826
-44.629445
-44.58373
-44.537677
-44.491283
-44.444544
-44.397456
-44.350016
-44.302221
-44.254067
-44.20555
-44.156668
-44.107416
-44.057792
-44.007792
-43.957414
-43.906654
-43.855509
-43.803976
-43.752052
-43.699735
-43.647022
-43.593911
-43.540398
-43.486482
-43.432149
-43.377395
-43.322228
-43.26665
-43.210661
-43.154258
-43.097437
-43.040195
-42.982533
-42.924449
-42.865942
-42.807011
-42.747658
-42.687876
-42.627665
-42.567026
-42.505956
-42.444455
-42.382524
-42.320163
-42.25737
-42.194141
-42.130479
-42.066383
-42.001852
-41.936886
-41.871489
-41.805657
-41.739389
-41.672685
-41.605546
-41.537971
-41.469962
-41.40152
-41.332646
-41.263335
-41.19359
-41.123412
-41.0528
-40.981758
-40.910286
-40.838383
-40.766048
-40.693284
-40.620091
-40.546469
-40.472422
-40.397951
-40.323055
-40.247734
-40.171992
-40.095828
-40.019242
-39.94224
-39.864822
-39.78699
-39.708743
-39.630083
-39.551014
-39.471534
-39.391648
-39.311358
-39.230667
-39.149576
-39.068085
-38.986198
-38.903917
-38.821243
-38.738179
-38.654729
-38.570898
-38.486684
-38.40209
-38.317118
-38.231772
-38.146056
-38.059971
-37.973522
-37.886709
-37.799536
-37.712005
-37.624125
-37.535896
-37.447318
-37.358393
-37.269126
-37.17952
-37.089581
-36.999311
-36.90871
-36.817782
-36.726532
-36.634965
-36.543083
-36.450887
-36.358381
-36.265568
-36.172455
-36.079045
-35.985337
-35.891335
-35.797044
-35.702469
-35.607615
-35.51248
-35.417069
-35.321386
-35.225436
-35.129223
-35.03275
-34.936017
-34.839029
-34.741791
-34.644309
-34.546584
-34.448617
-34.350415
-34.25198
-34.153316
-34.05443
-33.955322
-33.855995
-33.756452
-33.656699
-33.556742
-33.456582
-33.356222
-33.255666
-33.154915
-33.053978
-32.952859
-32.851558
-32.750079
-32.648426
-32.546602
-32.444614
-32.342465
-32.240157
-32.137693
-32.035076
-31.932312
-31.829408
-31.726363
-31.623182
-31.519867
-31.416421
-31.312853
-31.209165
-31.105359
-31.00144
-30.897409
-30.79327
-30.689031
-30.584695
-30.480264
-30.375743
-30.271132
-30.166435
-30.061663
-29.956818
-29.851899
-29.746909
-29.641857
-29.536748
-29.431582
-29.32636
-29.221091
-29.115781
-29.010429
-28.90504
-28.799618
-28.694169
-28.588699
-28.483204
-28.377693
-28.272175
-28.166649
-28.061116
-27.955583
-27.850059
-27.744546
-27.639041
-27.533555
-27.428093
-27.322659
-27.217253
-27.111881
-27.006551
-26.901265
-26.796026
-26.690839
-26.585709
-26.480643
-26.375641
-26.270708
-26.165851
-26.061074
-25.956381
-25.851774
-25.74726
-25.642845
-25.538532
-25.434324
-25.330227
-25.226246
-25.122387
-25.018651
-24.915043
-24.81157
-24.708237
-24.605046
-24.502002
-24.399111
-24.296378
-24.193808
-24.091403
-23.989169
-23.887112
-23.785236
-23.683544
-23.582043
-23.480737
-23.379631
-23.27873
-23.178037
-23.077559
-22.977299
-22.877264
-22.777457
-22.677883
-22.578547
-22.479454
-22.380608
-22.282016
-22.183681
-22.085609
-21.987804
-21.890271
-21.793015
-21.69604
-21.599352
-21.502956
-21.406856
-21.311057
-21.215564
-21.120382
-21.025515
-20.930969
-20.836749
-20.74286
-20.649305
-20.55609
-20.463219
-20.370698
-20.278531
-20.186723
-20.09528
-20.004204
-19.913501
-19.823176
-19.733234
-19.643678
-19.554515
-19.465748
-19.377382
-19.289421
-19.201869
-19.114731
-19.028013
-18.941717
-18.855849
-18.770412
-18.685411
-18.600849
-18.516732
-18.433063
-18.349846
-18.267085
-18.184784
-18.102947
-18.021577
-17.940678
-17.860254
-17.780309
-17.700845
-17.621866
-17.543376
-17.465378
-17.387875
-17.310869
-17.234364
-17.158363
-17.082868
-17.007883
-16.933409
-16.859449
-16.786006
-16.713082
-16.640678
-16.568797
-16.497441
-16.426612
-16.356311
-16.286539
-16.217299
-16.148592
-16.080418
-16.012778
-15.945675
-15.879108
-15.813077
-15.747585
-15.68263
-15.618214
-15.554337
-15.490997
-15.428196
-15.365933
-15.304206
-15.243017
-15.182365
-15.122247
-15.062664
-15.003615
-14.945097
-14.887109
-14.829649
-14.772717
-14.71631
-14.660426
-14.605063
-14.550218
-14.49589
-14.442075
-14.388771
-14.33598
-14.283701
-14.231926
-14.180649
-14.129868
-14.079579
-14.029779
-13.980463
-13.931629
-13.883273
-13.835389
-13.787975
-13.741026
-13.694538
-13.648505
-13.602924
-13.55779
-13.513098
-13.468843
-13.42502
-13.381624
-13.338651
-13.296094
-13.253949
-13.212211
-13.170873
-13.129931
-13.089379
-13.049211
-13.009421
-12.970005
-12.930955
-12.892267
-12.853935
-12.815953
-12.778315
-12.741015
-12.704048
-12.667407
-12.631086
-12.59508
-12.559382
-12.523986
-12.488888
-12.454081
-12.419558
-12.385315
-12.351345
-12.317642
-12.284202
-12.251017
-12.218083
-12.185392
-12.152941
-12.120723
-12.088733
-12.056965
-12.025415
-11.994075
-11.962942
-11.932009
-11.901273
-11.870727
-11.840367
-11.810187
-11.780183
-11.75035
-11.720683
-11.691177
-11.661829
-11.632633
-11.603585
-11.574679
-11.545913
-11.517282
-11.488782
-11.460408
-11.432157
-11.404025
-11.376008
-11.348103
-11.320306
-11.292613
-11.265021
-11.237527
-11.210126
-11.182817
-11.155596
-11.12846
-11.101406
-11.07443
-11.047531
-11.020705
-10.99395
-10.967263
-10.940642
-10.914085
-10.887588
-10.86115
-10.834768
-10.80844
-10.782165
-10.75594
-10.729763
-10.703632
-10.677546
-10.651502
-10.6255
-10.599536
-10.573611
-10.547722
-10.521867
-10.496046
-10.470256
-10.444497
-10.418767
-10.393065
-10.36739
-10.341741
-10.316116
-10.290514
-10.264934
-10.239376
-10.213839
-10.188322
-10.162823
-10.137342
-10.111877
-10.086429
-10.060996
-10.035579
-10.010175
-9.9847854
-9.9594084
-9.9340434
-9.9086901
-9.883348
-9.8580167
-9.8326957
-9.8073844
-9.7820824
-9.756789
-9.7315041
-9.7062271
-9.6809578
-9.6556961
-9.6304417
-9.605194
-9.5799527
-9.5547175
-9.5294881
-9.5042643
-9.4790461
-9.4538333
-9.4286259
-9.4034234
-9.3782253
-9.3530316
-9.3278425
-9.3026579
-9.2774778
-9.2523017
-9.2271294
-9.201961
-9.1767965
-9.151636
-9.1264793
-9.1013261
-9.0761761
-9.0510297
-9.0258872
-9.0007483
-8.9756128
-8.9504803
-8.9253513
-8.9002258
-8.8751041
-8.8499857
-8.8248704
-8.7997585
-8.7746501
-8.7495453
-8.7244441
-8.6993461
-8.6742514
-8.6491601
-8.6240726
-8.598989
-8.5739091
-8.5488326
-8.5237593
-8.4986897
-8.473624
-8.4485624
-8.4235045
-8.39845
-8.373399
-8.3483517
-8.3233084
-8.2982694
-8.2732343
-8.2482031
-8.2231759
-8.1981526
-8.1731335
-8.1481184
-8.1231073
-8.0981003
-8.0730978
-8.0480998
-8.0231061
-7.9981165
-7.9731309
-7.9481496
-7.923173
-7.8982011
-7.8732339
-7.8482711
-7.8233126
-7.7983587
-7.7734095
-7.748465
-7.7235253
-7.6985903
-7.6736603
-7.6487352
-7.6238148
-7.5988991
-7.5739881
-7.5490824
-7.5241819
-7.4992864
-7.474396
-7.4495107
-7.4246304
-7.3997551
-7.3748849
-7.3500199
-7.3251604
-7.3003062
-7.2754572
-7.2506134
-7.2257749
-7.2009416
-7.1761135
-7.1512909
-7.1264739
-7.1016625
-7.0768564
-7.0520555
-7.02726
-7.0024699
-6.9776853
-6.9529063
-6.928133
-6.9033653
-6.8786029
-6.8538459
-6.8290942
-6.8043481
-6.7796075
-6.7548725
-6.730143
-6.7054189
-6.6807003
-6.6559868
-6.6312786
-6.6065758
-6.5818783
-6.5571862
-6.5324993
-6.5078176
-6.4831409
-6.4584691
-6.4338022
-6.4091402
-6.3844831
-6.359831
-6.3351836
-6.3105406
-6.2859016
-6.261267
-6.2366372
-6.2120118
-6.1873876
-6.1627632
-6.1381482
-6.113551
-6.088961
-6.0642688
-6.0395337
-6.0148818
-5.990309
-5.9657716
-5.9412189
-5.9166467
-5.8920849
-5.8675306
-5.8429811
-5.8184202
-5.7938512
-5.7693221
-5.7448337
-5.7202899
-5.6955897
-5.6710219
-5.6465693
-5.6221327
-5.5975652
-5.5730459
-5.5485355
-5.5240015
-5.4994733
-5.474963
-5.450426
-5.4258965
-5.4014025
-5.3769241
-5.3524307
-5.3279075
-5.3033815
-5.2788623
-5.2543512
-5.2298661
-5.2053984
-5.1808731
-5.1563591
-5.1318823
-5.1073389
-5.0828137
-5.0583958
-5.0340073
-5.0093957
-4.9848398
-4.9604173
-4.936027
-4.9114292
-4.8869203
-4.8625173
-4.8381666
-4.8137047
-4.7891656
-4.7646723
-4.7402393
-4.7158307
-4.6913774
-4.6669216
-4.642435
-4.617967
-4.5935257
-4.5691002
-4.5446671
-4.5202072
-4.4957528
-4.4712995
-4.4468622
-4.4224474
-4.3980401
-4.373614
-4.349175
-4.3247001
-4.3002616
-4.2758726
-4.2514996
-4.2271083
-4.2027044
-4.1781235
-4.1536499
-4.129339
-4.1050763
-4.0806856
-4.0563157
-4.0317999
-4.0073222
-3.9829934
-3.9587234
-3.934356
-3.9100106
-3.8855957
-3.8611904
-3.8368474
-3.8125346
-3.7881884
-3.7638469
-3.7394715
-3.7150967
-3.6907608
-3.6664488
-3.6421282
-3.6178123
-3.593498
-3.5690505
-3.5446257
-3.520368
-3.496184
-3.4718767
-3.447588
-3.4232907
-3.3989954
-3.374703
-3.3504154
-3.3261231
-3.3017712
-3.2774504
-3.2532159
-3.2290136
-3.2047508
-3.1804789
-3.1561881
-3.131949
-3.1077514
-3.0835253
-3.0592159
-3.0349446
-3.0107476
-2.9865748
-2.9623581
-2.9381453
-2.9139324
-2.8897243
-2.8655207
-2.8412783
-2.817004
-2.7928244
-2.7687062
-2.7445404
-2.7203682
-2.6961957
-2.6720229
-2.6478552
-2.6236994
-2.5994654
-2.5751634
-2.5510658
-2.5270766
-2.5029347
-2.4788067
-2.4546754
-2.4305468
-2.4064198
-2.3822912
-2.3581211
-2.3339769
-2.3099004
-2.2858474
-2.2617507
-2.2376594
-2.213566
-2.189472
-2.1653865
-2.1412698
-2.1170832
-2.0930304
-2.0690695
-2.0450244
-2.0209688
-1.9969084
-1.9728581
-1.9488125
-1.9247719
-1.9006814
-1.8764832
-1.8524937
-1.828634
-1.8046108
-1.7805995
-1.7565831
-1.7325735
-1.7085679
-1.6845651
-1.660568
-1.6365751
-1.612584
-1.5886036
-1.5646322
-1.5406614
-1.516694
-1.4927314
-1.4687707
-1.4448141
-1.420863
-1.3969143
-1.3729693
-1.3490297
-1.3250925
-1.3011577
-1.2772276
-1.2532982
-1.2293678
-1.2054359
-1.1814567
-1.1574069
-1.1335494
-1.1097969
-1.0859113
-1.0620332
-1.0381507
-1.0142685
-0.99039212
-0.96651659
-0.94264599
-0.91878051
-0.89491623
-0.87105912
-0.84720418
-0.82335309
-0.79950791
-0.77566301
-0.75182408
-0.72798811
-0.70415238
-0.68031895
-0.65647296
-0.63254562
-0.6086791
-0.58497519
-0.56125791
-0.53747978
-0.51370022
-0.4899237
-0.46614702
-0.44237616
-0.41860999
-0.39484628
-0.37109072
-0.34733781
-0.32359047
-0.29985105
-0.27611507
-0.25238792
-0.22866676
-0.20495072
-0.18124443
-0.15753822
-0.13382668
-0.11008553
-0.086205856
-0.062525557
-0.039034731
-0.015396628
0.0083049465
0.03204602
0.055779104
0.079505942
0.10322519
0.12693695
0.15064334
0.17434773
0.19804694
0.22174286
0.24543419
0.26911248
0.29278353
0.31645228
0.3401203
0.36378298
0.38743751
0.41108766
0.43473262
0.45837298
0.48200961
0.50563869
0.52926696
0.55288768
0.57650286
0.60011494
0.62371874
0.64732097
0.6709125
0.69449985
0.71808169
0.74166122
0.76524173
0.78882562
0.81241397
0.83600387
0.85959396
0.88316862
0.90669946
0.9302284
0.95376609
0.97731582
1.0008756
1.0244196
1.0479391
1.0714593
1.0949828
1.1185094
1.142028
1.1655396
1.1890469
1.2125487
1.2360459
1.2595386
1.2830294
1.3065187
1.3300005
1.3534785
1.3769564
1.4004351
1.4239085
1.4473819
1.4708426
1.4942876
1.5177322
1.5411794
1.5646293
1.5880814
1.6115255
1.6349586
1.6583881
1.6818074
1.7052227
1.7286383
1.7520539
1.7754703
1.7988764
1.8222731
1.8456689
1.8690649
1.8924592
1.9158462
1.9392259
1.9626026
1.9859765
2.009345
2.0327112
2.0560757
2.0794347
2.102789
2.1261383
2.1494837
2.1728291
2.1961674
2.2195018
2.2428335
2.2661599
2.2894845
2.3128043
2.3361183
2.3594311
2.3827394
2.4060424
2.4293434
2.4526395
2.4759317
2.4992225
2.5225052
2.5457867
2.5690636
2.5923372
2.6156061
2.6388709
2.6621341
2.6853908
2.7086455
2.7318939
2.7551411
2.7783831
2.8016212
2.8248568
2.8480869
2.8713158
2.8945378
2.9177594
2.9409743
2.9641867
2.9873939
3.0105986
3.0337996
3.0569955
3.0801899
3.1033777
3.1265649
3.1497449
3.1729237
3.1960964
3.2192674
3.2424333
3.2655959
3.288755
3.3119102
3.3350616
3.3582088
3.3813523
3.4044914
3.4276286
3.4507596
3.4738891
3.497013
3.5201351
3.5432523
3.5663655
3.5894748
3.6125806
3.6356837
3.6587807
3.6818766
3.7049663
3.7280545
3.7511374
3.7742174
3.7972944
3.8203651
3.8434349
3.8664986
3.8895607
3.912618
3.9356713
3.9587221
3.9817675
4.0048111
4.0278496
4.0508848
4.0739173
4.0969442
4.1199695
4.14299
4.1660066
4.1890212
4.21203
4.2350369
4.2580398
4.2810377
4.3040344
4.3270257
4.3500129
4.3729994
4.3959795
4.4189572
4.4419325
4.4649015
4.487869
4.5108326
4.5337912
4.556749
4.5797024
4.6026505
4.6255975
4.6485398
4.6714773
4.6944141
4.7173467
4.740275
4.7632009
4.786122
4.8090391
4.8319559
4.8548683
4.8777746
4.9006798
4.9235828
4.9464795
4.9693741
4.9922671
5.0151542
5.0380381
5.0609213
5.0837994
5.1066726
5.1295456
5.1524149
5.1752782
5.1981398
5.2210002
5.2438548
5.2667053
5.2895558
5.3124023
5.3352431
5.3580822
5.3809203
5.4037527
5.4265805
5.4494078
5.4722334
5.4950527
5.5178681
5.5406833
5.563496
5.5863023
5.6091059
5.631909
5.654709
5.677503
5.7002942
5.7230851
5.7458731
5.7686553
5.791434
5.8142121
5.8369889
5.8597595
5.8825257
5.9052915
5.9280559
5.9508161
5.9735709
5.9963231
6.0190755
6.041825
6.0645691
6.0873092
6.1100482
6.1327859
6.1555204
6.1782499
6.2009756
6.2237009
6.246424
6.2691437
6.2918593
6.314571
6.3372819
6.3599907
6.3826963
6.4053979
6.4280961
6.4507924
6.4734868
6.496179
6.5188667
6.5415512
6.5642335
6.5869136
6.6095918
6.6322664
6.6549377
6.6776058
6.7002719
6.722936
6.7455971
6.7682556
6.7909102
6.8135624
6.8362126
6.8588601
6.8815051
6.9041469
6.9267859
6.9494219
6.9720558
6.9946875
7.017316
7.0399421
7.0625649
7.0851851
7.107803
7.1304184
7.1530314
7.1756411
7.1982485
7.2208529
7.2434547
7.2660543
7.2886511
7.3112455
7.3338368
7.3564256
7.3790118
7.4015952
7.4241766
7.4467548
7.4693308
7.4919037
7.5144742
7.5370421
7.5596073
7.5821703
7.6047303
7.6272878
7.6498425
7.6723947
7.6949444
7.7174914
7.7400359
7.7625777
7.7851168
7.8076534
7.8301873
7.8527187
7.8752474
7.8977736
7.9202972
7.942818
7.9653363
7.9878519
8.0103649
8.0328754
8.0553832
8.0778884
8.1003909
8.1228909
8.1453882
8.167883
8.1903751
8.2128648
8.2353518
8.2578365
8.2803187
8.3027986
8.3252764
8.3477517
8.3702251
8.3926963
8.4151653
8.4376321
8.4600963
8.4825579
8.5050168
8.5274728
8.5499261
8.5723766
8.5948244
8.6172696
8.639712
8.6621517
8.6845882
8.7070219
8.7294528
8.751881
8.7743067
8.7967297
8.8191493
8.8415658
8.8639796
8.8863913
8.9088005
8.9312062
8.953608
8.9760073
8.9984045
9.0207993
9.0431903
9.0655776
9.0879624
9.1103453
9.1327255
9.1551021
9.1774752
9.199846
9.222215
9.2445814
9.2669442
9.2893036
9.3116604
9.334015
9.356367
9.3787156
9.4010602
9.4234015
9.4457404
9.468077
9.4904106
9.5127407
9.5350675
9.5573915
9.5797129
9.6020315
9.6243469
9.6466594
9.668969
9.6912761
9.7135804
9.7358816
9.7581793
9.7804739
9.8027656
9.825054
9.8473386
9.86962
9.8918986
9.9141743
9.9364465
9.958715
9.9809803
10.003243
10.025501
10.047757
10.070009
10.092258
10.114503
10.136746
10.158985
10.181221
10.203453
10.225682
10.247908
10.270132
10.292352
10.314568
10.336782
10.358993
10.381201
10.403405
10.425606
10.447805
10.470001
10.492193
10.514382
10.536568
10.558751
10.580931
10.603108
10.625281
10.647452
10.66962
10.691785
10.713946
10.736105
10.75826
10.780412
10.802561
10.824707
10.846849
10.868987
10.891122
10.913253
10.93538
10.957502
10.979619
11.00173
11.023836
11.045936
11.068031
11.090121
11.112206
11.134286
11.156364
11.178439
11.200511
11.222582
11.244651
11.266716
11.288777
11.310834
11.332887
11.354934
11.376979
11.399022
11.421063
11.443099
11.46513
11.487157
11.509183
11.531205
11.553223
11.575238
11.597249
11.619257
11.641262
11.663263
11.685259
11.707252
11.729241
11.751225
11.773206
11.795182
11.817154
11.839122
11.861087
11.883049
11.905007
11.926962
11.948913
11.97086
11.992804
12.014744
12.036681
12.058614
12.080544
12.10247
12.124392
12.146311
12.168226
12.190138
12.212047
12.233951
12.255852
12.27775
12.299644
12.321534
12.34342
12.365303
12.387183
12.409059
12.430931
12.4528
12.474665
12.496527
12.518386
12.54024
12.562091
12.583938
12.605782
12.627623
12.64946
12.671293
12.693122
12.714948
12.736772
12.758591
12.780407
12.802218
12.824025
12.84583
12.867632
12.88943
12.911225
12.933015
12.954802
12.976585
12.998364
13.020142
13.041915
13.063684
13.08545
13.107211
13.12897
13.150726
13.172478
13.194226
13.21597
13.237711
13.259449
13.281183
13.302914
13.32464
13.346363
13.368083
13.389799
13.411513
13.433222
13.454927
13.476629
13.498328
13.520024
13.541716
13.563404
13.585088
13.606769
13.628447
13.650122
13.671792
13.693459
13.715122
13.736782
13.758439
13.780092
13.801741
13.823387
13.845029
13.866669
13.888305
13.909936
13.931564
13.953189
13.974812
13.99643
14.018045
14.039655
14.061262
14.082865
14.104466
14.126064
14.147658
14.169248
14.190834
14.212417
14.233996
14.255572
14.277145
14.298715
14.32028
14.341842
14.3634
14.384955
14.406508
14.428056
14.449601
14.471141
14.492679
14.514213
14.535745
14.557272
14.578796
14.600316
14.621832
14.643346
14.664856
14.686363
14.707866
14.729365
14.750861
14.772354
14.793843
14.815329
14.836811
14.858289
14.879764
14.901236
14.922705
14.94417
14.965631
14.987089
15.008543
15.029994
15.051442
15.072886
15.094327
15.115764
15.137197
15.158628
15.180054
15.201478
15.222898
15.244314
15.265727
15.287137
15.308543
15.329945
15.351345
15.37274
15.394132
15.415521
15.436907
15.458289
15.479667
15.501042
15.522413
15.543782
15.565146
15.586508
15.607865
15.629219
15.65057
15.671918
15.693262
15.714602
15.735939
15.757273
15.778603
15.79993
15.821253
15.842573
15.86389
15.885203
15.906513
15.927819
15.949121
15.97042
15.991716
16.013008
16.034297
16.055583
16.076865
16.098144
16.119419
16.14069
16.161958
16.183223
16.204485
16.225743
16.246997
16.268249
16.289496
16.31074
16.331981
16.353218
16.374452
16.395682
16.416909
16.438133
16.459353
16.48057
16.501783
16.522993
16.544199
16.565402
16.586601
16.607797
16.62899
16.650179
16.671364
16.692547
16.713725
16.734901
16.756073
16.777241
16.798406
16.819567
16.840725
16.86188
16.883031
16.904178
16.925322
16.946462
16.9676
16.988733
17.009863
17.03099
17.052113
17.073233
17.094348
17.115461
17.13657
17.157676
17.178778
17.199876
17.220971
17.242062
17.26315
17.284234
17.305314
17.326391
17.347464
17.368534
17.3896
17.410662
17.431721
17.452776
17.473827
17.494875
17.515918
17.536959
17.557995
17.579028
17.600057
17.621081
17.642102
17.663119
17.684133
17.705142
17.726148
17.747149
17.768146
17.78914
17.810129
17.831114
17.852096
17.873072
17.894045
17.915013
17.935978
17.956937
17.977893
17.998843
18.01979
18.040732
18.061669
18.082602
18.10353
18.124453
18.145371
18.166285
18.187193
18.208097
18.228995
18.249888
18.270776
18.291658
18.312536
18.333407
18.354273
18.375133
18.395988
18.416836
18.437678
18.458515
18.479345
18.500168
18.520986
18.541796
18.5626
18.583397
18.604187
18.624969
18.645745
18.666513
18.687274
18.708026
18.72877
18.749507
18.770235
18.790954
18.811665
18.832368
18.853061
18.873744
18.894418
18.915082
18.935737
18.956381
18.977015
18.997638
19.01825
19.038851
19.05944
19.080017
19.100583
19.121136
19.141677
19.162205
19.182719
19.20322
19.223707
19.244179
19.264637
19.285081
19.305508
19.32592
19.346316
19.366696
19.387059
19.407405
19.427732
19.448042
19.468333
19.488605
19.508858
19.529091
19.549303
19.569495
19.589665
19.609814
19.62994
19.650043
19.670123
19.690178
19.71021
19.730216
19.750197
19.770151
19.790078
19.809978
19.829851
19.849694
19.869508
19.889292
19.909046
19.928768
19.948458
19.968116
19.987741
20.007331
20.026887
20.046407
20.065891
20.085339
20.104749
20.12412
20.143452
20.162744
20.181995
20.201205
20.220372
20.239496
20.258576
20.277612
20.296601
20.315545
20.33444
20.353288
20.372086
20.390835
20.409532
20.428178
20.446771
20.465311
20.483796
20.502226
20.520599
20.538915
20.557172
20.575371
20.59351
20.611588
20.629603
20.647556
20.665445
20.683268
20.701026
20.718718
20.736341
20.753896
20.771381
20.788796
20.806138
20.823408
20.840604
20.857726
20.874773
20.891743
20.908635
20.925449
20.942183
20.958837
20.97541
20.9919
21.008307
21.02463
21.040867
21.057019
21.073083
21.08906
21.104948
21.120746
21.136453
21.152069
21.167592
21.183022
21.198358
21.213599
21.228743
21.243792
21.258742
21.273594
21.288347
21.303
21.317552
21.332003
21.346351
21.360597
21.374739
21.388776
21.402708
21.416535
21.430255
21.443868
21.457373
21.47077
21.484058
21.497237
21.510305
21.523263
21.53611
21.548845
21.561468
21.573979
21.586377
21.598661
21.610832
21.622889
21.634831
21.646658
21.65837
21.669967
21.681448
21.692813
21.704062
21.715195
21.72621
21.73711
21.747892
21.758558
21.769107
21.779538
21.789853
21.80005
21.81013
21.820093
21.829939
21.839668
21.849281
21.858776
21.868155
21.877418
21.886565
21.895595
21.90451
21.913309
21.921993
21.930562
21.939017
21.947357
21.955584
21.963697
21.971697
21.979585
21.98736
21.995024
22.002577
22.010019
22.017351
22.024574
22.031688
22.038694
22.045592
22.052382
22.059067
22.065646
22.07212
22.078489
22.084755
22.090919
22.09698
22.10294
22.108799
22.114559
22.12022
22.125783
22.131248
22.136618
22.141892
22.147071
22.152157
22.15715
22.162051
22.166861
22.171581
22.176212
22.180755
22.185211
22.189581
22.193865
22.198066
22.202183
22.206217
22.210171
22.214044
22.217839
22.221555
22.225194
22.228756
22.232244
22.235657
22.238997
22.242265
22.245463
22.24859
22.251648
22.254638
22.257561
22.260418
22.263211
22.265939
22.268604
22.271208
22.273751
22.276234
22.278658
22.281024
22.283333
22.285587
22.287785
22.28993
22.292022
22.294062
22.29605
22.297989
22.299878
22.301719
22.303513
22.30526
22.306962
22.30862
22.310233
22.311804
22.313333
22.314821
22.316269
22.317677
22.319047
22.320379
22.321674
22.322933
22.324157
22.325347
22.326502
22.327625
22.328715
22.329774
22.330802
22.3318
22.332769
22.33371
22.334622
22.335507
22.336365
22.337198
22.338005
22.338788
22.339547
22.340282
22.340994
22.341684
22.342353
22.343
22.343627
22.344234
22.344821
22.34539
22.34594
22.346472
22.346987
22.347485
22.347967
22.348432
22.348882
22.349317
22.349737
22.350143
22.350535
22.350914
22.35128
22.351633
22.351974
22.352303
22.35262
22.352927
22.353222
22.353507
22.353782
22.354047
22.354302
22.354549
22.354786
22.355014
22.355235
22.355447
22.355651
22.355848
22.356037
22.356219
22.356395
22.356564
22.356726
22.356882
22.357033
22.357177
22.357316
22.35745
22.357578
22.357701
22.35782
22.357934
22.358043
22.358148
22.358249
22.358346
22.358439
22.358528
22.358614
22.358696
22.358775
22.35885
22.358923
22.358992
22.359059
22.359123
22.359184
22.359243
22.359299
22.359353
22.359405
22.359454
22.359502
22.359547
22.359591
22.359632
22.359672
22.35971
22.359747
22.359782
22.359815
22.359847
22.359877
22.359907
22.359935
22.359961
22.359987
22.360011
22.360035
22.360057
22.360078
22.360099
22.360118
22.360137
22.360155
22.360172
22.360188
22.360203
22.360218
22.360232
22.360246
22.360259
22.360271
22.360283
22.360294
22.360305
22.360315
22.360324
22.360334
22.360343
22.360351
22.360359
22.360367
22.360374
22.360381
22.360388
22.360394
22.3604
22.360406
22.360411
22.360417
22.360421
22.360426
22.360431
22.360435
22.360439
22.360443
22.360446
22.36045
22.360453
22.360456
22.360459
22.360462
22.360464
22.360467
22.360469
22.360471
22.360473
22.360475
22.360477
22.360479
22.36048
22.360481
22.360483
22.360484
22.360485
22.360486
22.360487
22.360488
22.360488
22.360489
22.36049
22.36049
22.36049
22.36049
22.360491
22.360491
22.360491
22.360491
22.36049
22.36049
22.36049
22.360489
22.360489
22.360489
22.360488
22.360487
22.360486
22.360486
22.360485
22.360484
22.360483
22.360482
22.36048
22.360479
22.360478
22.360476
22.360475
22.360473
22.360472
22.36047
22.360469
22.360467
22.360465
22.360463
22.360461
22.360459
22.360457
22.360455
22.360453
22.360451
22.360449
22.360446
22.360444
22.360442
22.360439
22.360437
22.360434
22.360432
22.360429
22.360426
22.360424
22.360421
22.360418
22.360416
22.360413
22.36041
22.360407
22.360404
22.360401
22.360398
22.360395
22.360392
22.360389
22.360386
22.360383
22.36038
22.360376
22.360373
22.36037
22.360367
22.360363
22.36036
22.360357
22.360353
22.36035
22.360346
22.360343
22.360339
22.360336
22.360332
22.360329
22.360325
22.360321
22.360318
22.360314
22.360311
22.360307
22.360304
22.3603
22.360296
22.360293
22.360289
22.360286
22.360282
22.360279
22.360275
22.360271
22.360268
22.360265
22.360261
22.360258
22.360254
22.360251
22.360247
22.360244
22.36024
22.360237
22.360233
22.36023
22.360227
22.360223
22.36022
22.360216
22.360213
22.36021
22.360207
22.360204
22.360202
22.360199
22.360196
22.360193
22.36019
22.360186
22.360183
22.36018
22.360176
22.360173
22.36017
22.360167
22.360165
22.360162
22.36016
22.360158
22.360157
22.360155
22.360152
22.360149
22.360146
22.360143
22.360138
22.360134
22.360131
22.360128
22.360125
22.360123
22.360122
22.360122
22.360122
22.360122
22.360123
22.360122
22.360121
22.360118
22.360113
22.360108
22.3601
22.360093
22.360087
22.360083
22.360082
22.360083
22.360087
22.360093
22.360101
22.360108
22.360114
22.360116
22.360114
22.360107
22.360095
22.360078
22.36006
22.360043
22.360031
22.360025
22.360028
22.360041
22.360063
22.360092
22.360124
22.360153
22.360173
22.36018
22.360171
22.360142
22.360096
22.360035
22.359972
22.359921
22.359899
22.359923
22.360009
22.360204
22.360649
22.361741
22.365202
22.364355
22.359938
22.359476
22.360045
22.360033
22.359922
22.359907
22.359929
22.359956
22.359995
22.360045
22.360093
22.360133
22.360163
22.360182
22.36019
22.360189
22.360181
22.36017
22.360159
22.360149
22.360143
22.36014
22.360142
22.360147
22.360155
22.360165
22.360176
22.360186
22.360195
22.3602
22.360197
22.360201
22.360213
22.360216
22.360216
22.360217
22.360219
22.360222
22.360226
22.360231
22.360236
22.360242
22.360248
22.360254
22.360259
22.360265
22.360269
22.360274
22.360278
22.360282
22.360286
22.36029
22.360294
22.360299
22.360303
22.360308
22.360313
22.360318
22.360323
22.360328
22.360333
22.360338
22.360342
22.360347
22.360352
22.360357
22.360362
22.360366
22.360371
22.360376
22.360382
22.360387
22.360392
22.360398
22.360404
22.360409
22.360415
22.360421
22.360428
22.360434
22.360441
22.360448
22.360454
22.360462
22.360469
22.360477
22.360486
22.360495
22.360503
22.360513
22.360523
22.360533
22.360545
22.360556
22.360569
22.360581
22.360595
22.360609
22.360625
22.360641
22.360658
22.360675
22.360694
22.360714
22.360736
22.360758
22.360782
22.360807
22.360834
22.360862
22.360892
22.360924
22.360957
22.360992
22.361029
22.361069
22.361111
22.361155
22.361201
22.36125
22.361302
22.361357
22.361414
22.361475
22.361539
22.361606
22.361677
22.361752
22.36183
22.361913
22.361999
22.36209
22.362186
22.362286
22.362392
22.362502
22.362618
22.36274
22.362867
22.363001
22.363141
22.363287
22.36344
22.363599
22.363767
22.363942
22.364125
22.364316
22.364516
22.364725
22.364943
22.36517
22.365407
22.365655
22.365912
22.366181
22.366461
22.366753
22.367056
22.367372
22.367702
22.368044
22.3684
22.36877
22.369156
22.369556
22.369972
22.370404
22.370852
22.371318
22.371802
22.372304
22.372824
22.373364
22.373924
22.374505
22.375107
22.375731
22.376377
22.377046
22.37774
22.378457
22.3792
22.379968
22.380763
22.381586
22.382437
22.383317
22.384226
22.385165
22.386136
22.387138
22.388175
22.389244
22.390349
22.391488
22.392663
22.393876
22.395127
22.396418
22.397749
22.399121
22.400534
22.401991
22.403491
22.405037
22.406629
22.408267
22.409954
22.41169
22.413476
22.415313
22.417203
22.419146
22.421144
22.423197
22.425308
22.427476
22.429704
22.431992
22.434341
22.436753
22.439229
22.441769
22.444376
22.447051
22.449794
22.452607
22.455491
22.458447
22.461476
22.464581
22.467761
22.471019
22.474355
22.47777
22.481266
22.484845
22.488506
22.492253
22.496085
22.500004
22.504011
22.508108
22.512295
22.516574
22.520947
22.525413
22.529975
22.534633
22.53939
22.544245
22.5492
22.554256
22.559414
22.564676
22.570043
22.575515
22.581093
22.58678
22.592575
22.598479
22.604495
22.610622
22.616862
22.623216
22.629684
22.636268
22.642968
22.649785
22.656721
22.663775
22.670949
22.678244
22.685659
22.693197
22.700858
22.708642
22.71655
22.724582
22.73274
22.741024
22.749434
22.757971
22.766635
22.775427
22.784348
22.793397
22.802575
22.811883
22.821321
22.830888
22.840587
22.850415
22.860375
22.870465
22.880686
22.891039
22.901523
22.912138
22.922885
22.933763
22.944773
22.955913
22.967185
22.978588
22.990122
23.001787
23.013582
23.025507
23.037562
23.049747
23.062062
23.074505
23.087077
23.099778
23.112606
23.125561
23.138643
23.151852
23.165186
23.178646
23.19223
23.205938
23.219769
23.233724
23.2478
23.261997
23.276315
23.290752
23.305309
23.319984
23.334776
23.349685
23.36471
23.379849
23.395103
23.410469
23.425947
23.441537
23.457236
23.473045
23.488962
23.504987
23.521117
23.537353
23.553693
23.570135
23.58668
23.603326
23.620072
23.636916
23.653858
23.670896
23.68803
23.705258
23.722579
23.739992
23.757497
23.775091
23.792773
23.810543
23.828398
23.846339
23.864364
23.882472
23.900661
23.918931
23.93728
23.955707
23.974211
23.992791
24.011445
24.030173
24.048973
24.067844
24.086785
24.105795
24.124872
24.144017
24.163226
24.1825
24.201838
24.221237
24.240698
24.260218
24.279797
24.299434
24.319127
24.338877
24.358681
24.378538
24.398448
24.418409
24.438421
24.458483
24.478593
24.49875
24.518954
24.539204
24.559498
24.579837
24.600218
24.62064
24.641104
24.661608
24.682151
24.702733
24.723352
24.744008
24.764699
24.785426
24.806187
24.826982
24.84781
24.86867
24.889561
24.910482
24.931433
24.952414
24.973422
24.994459
25.015522
25.036612
25.057728
25.078869
25.100035
25.121224
25.142436
25.163672
25.184929
25.206208
25.227509
25.24883
25.270172
25.291533
25.312913
25.334311
25.355727
25.377161
25.398613
25.420081
25.441566
25.463067
25.484583
25.506114
25.52766
25.549221
25.570795
25.592384
25.613985
25.6356
25.657227
25.678867
25.700519
25.722182
25.743857
25.765544
25.787241
25.808949
25.830667
25.852396
25.874134
25.895882
25.917639
25.939406
25.961182
25.982967
26.004761
26.026563
26.048373
26.070191
26.092017
26.113851
26.135693
26.157542
26.179398
26.201262
26.223132
26.245009
26.266893
26.288784
26.310681
26.332585
26.354496
26.376412
26.398334
26.420262
26.442196
26.464136
26.486082
26.508033
26.52999
26.551953
26.573921
26.595894
26.617872
26.639855
26.661844
26.683838
26.705836
26.72784
26.749849
26.771862
26.79388
26.815903
26.837931
26.859963
26.882
26.904042
26.926088
26.948138
26.970193
26.992253
27.014317
27.036385
27.058458
27.080535
27.102617
27.124702
27.146792
27.168886
27.190984
27.213087
27.235194
27.257304
27.279419
27.301538
27.323661
27.345789
27.36792
27.390056
27.412195
27.434339
27.456486
27.478638
27.500794
27.522953
27.545117
27.567285
27.589456
27.611632
27.633811
27.655994
27.678181
27.700373
27.722568
27.744768
27.766971
27.789178
27.811389
27.833603
27.855822
27.878044
27.900271
27.922501
27.944735
27.966974
27.989215
28.011461
28.033711
28.055964
28.078222
28.100484
28.122749
28.145018
28.167291
28.189567
28.211848
28.234133
28.256421
28.278713
28.301008
28.323308
28.345612
28.36792
28.390232
28.412548
28.434867
28.457189
28.479516
28.501846
28.524181
28.546519
28.568862
28.591208
28.613557
28.635911
28.658268
28.68063
28.702995
28.725365
28.747738
28.770114
28.792495
28.814879
28.837267
28.85966
28.882056
28.904456
28.92686
28.949267
28.971678
28.994093
29.016513
29.038936
29.061363
29.083793
29.106228
29.128666
29.151108
29.173554
29.196004
29.218458
29.240916
29.263377
29.285842
29.308312
29.330785
29.353262
29.375743
29.398227
29.420716
29.443208
29.465704
29.488205
29.510709
29.533216
29.555728
29.578244
29.600763
29.623287
29.645814
29.668345
29.69088
29.713418
29.735961
29.758508
29.781058
29.803612
29.826171
29.848733
29.871299
29.893869
29.916443
29.93902
29.961601
29.984187
30.006776
30.02937
30.051967
30.074568
30.097173
30.119782
30.142394
30.165011
30.187631
30.210256
30.232884
30.255517
30.278153
30.300793
30.323437
30.346085
30.368737
30.391392
30.414052
30.436716
30.459383
30.482054
30.50473
30.527409
30.550092
30.572779
30.59547
30.618165
30.640864
30.663567
30.686273
30.708984
30.731699
30.754417
30.77714
30.799866
30.822596
30.84533
30.868068
30.89081
30.913556
30.936306
30.95906
30.981818
31.004579
31.027345
31.050114
31.072887
31.095665
31.118446
31.141232
31.164021
31.186814
31.209611
31.232412
31.255217
31.278026
31.300838
31.323655
31.346476
31.369301
31.392129
31.414962
31.437798
31.460639
31.483483
31.506331
31.529183
31.552039
31.574899
31.597762
31.62063
31.643501
31.666377
31.689256
31.712139
31.735027
31.757918
31.780813
31.803712
31.826615
31.849522
31.872433
31.895347
31.918265
31.941187
31.964114
31.987044
32.009978
32.032916
32.055858
32.078803
32.101753
32.124707
32.147664
32.170625
32.19359
32.216559
32.239532
32.262509
32.28549
32.308475
32.331463
32.354455
32.377452
32.400452
32.423456
32.446464
32.469476
32.492491
32.515511
32.538534
32.561562
32.584593
32.607628
32.630667
32.65371
32.676757
32.699808
32.722862
32.745921
32.768983
32.79205
32.81512
32.838194
32.861272
32.884355
32.907441
32.930531
32.953625
32.976723
32.999825
33.022931
33.04604
33.069154
33.092271
33.115392
33.138518
33.161647
33.184781
33.207918
33.23106
33.254205
33.277355
33.300509
33.323666
33.346827
33.369993
33.393162
33.416335
33.439513
33.462694
33.48588
33.509069
33.532263
33.55546
33.578662
33.601867
33.625077
33.64829
33.671508
33.694729
33.717955
33.741185
33.764418
33.787656
33.810898
33.834143
33.857393
33.880646
33.903904
33.927166
33.950431
33.973701
33.996975
34.020252
34.043534
34.066819
34.090109
34.113402
34.136699
34.160001
34.183306
34.206615
34.229928
34.253246
34.276567
34.299892
34.323221
34.346554
34.36989
34.39323
34.416575
34.439923
34.463275
34.486631
34.509991
34.533354
34.556722
34.580093
34.603468
34.626846
34.650229
34.673615
34.697005
34.720399
34.743796
34.767197
34.790602
34.81401
34.837423
34.860838
34.884258
34.907681
34.931107
34.954537
34.977971
35.001408
35.024849
35.048294
35.071742
35.095194
35.118649
35.142108
35.16557
35.189036
35.212505
35.235978
35.259454
35.282933
35.306416
35.329902
35.353392
35.376884
35.400381
35.42388
35.447383
35.470889
35.494399
35.517912
35.541428
35.564948
35.588471
35.611997
35.635526
35.659058
35.682594
35.706133
35.729675
35.75322
35.776769
35.800321
35.823876
35.847434
35.870996
35.89456
35.918127
35.941698
35.965272
35.988849
36.012429
36.036012
36.059599
36.083188
36.106781
36.130376
36.153974
36.177575
36.201179
36.224786
36.248395
36.272007
36.295622
36.319241
36.342862
36.366488
36.390117
36.41375
36.437386
36.461024
36.484665
36.508308
36.531954
36.555603
36.579255
36.60291
36.626568
36.65023
36.673895
36.697563
36.721233
36.744907
36.768584
36.792264
36.815947
36.839633
36.863322
36.887014
36.910708
36.934404
36.958104
36.981806
37.005513
37.029224
37.052939
37.076658
37.10038
37.124106
37.147835
37.171567
37.195303
37.219043
37.242785
37.266531
37.290278
37.314026
37.337776
37.361526
37.385279
37.409034
37.432793
37.456557
37.480328
37.504107
37.527894
37.55169
37.575493
37.599301
37.623111
37.646919
37.67072
37.694514
37.718298
37.742082
37.76587
37.789664
37.813466
37.837274
37.861089
37.884911
37.908743
37.932587
37.956443
37.98031
38.004184
38.028048
38.051907
38.075731
38.099539
38.123353
38.147189
38.171053
38.194942
38.218843
38.242749
38.266624
38.290477
38.314334
38.338206
38.362095
38.385994
38.4099
38.433783
38.457648
38.48152
38.505412
38.529329
38.553263
38.577205
38.601126
38.624999
38.648878
38.672787
38.696742
38.720733
38.744734
38.768727
38.792591
38.816437
38.840315
38.864258
38.888266
38.912305
38.936359
38.960313
38.984207
39.008118
39.032069
39.056064
39.080087
39.104121
39.12812
39.15209
39.176065
39.200053
39.224055
39.248066
39.272079
39.296094
39.320113
39.344138
39.368169
39.392204
39.416231
39.440243
39.464261
39.488294
39.512349
39.536422
39.560501
39.584582
39.608623
39.632653
39.656692
39.680751
39.704831
39.728929
39.753032
39.777134
39.801205
39.825271
39.849345
39.873437
39.89755
39.92168
39.945814
39.969946
39.994051
40.018154
40.042265
40.066391
40.090534
40.114685
40.138841
40.162979
40.187107
40.21124
40.235387
40.259551
40.283731
40.307916
40.332103
40.356268
40.38043
40.404599
40.428782
40.452979
40.477188
40.501401
40.525614
40.549815
40.574016
40.59822
40.622429
40.646644
40.670865
40.695092
40.719325
40.743565
40.767811
40.792063
40.816319
40.840575
40.864832
40.889091
40.913354
40.937623
40.9619
40.986183
41.010469
41.034757
41.059045
41.083334
41.107627
41.131925
41.15623
41.180542
41.204858
41.229178
41.2535
41.277825
41.302153
41.326486
41.350827
41.375175
41.39953
41.423888
41.448246
41.472603
41.496963
41.521328
41.545702
41.570085
41.594472
41.618862
41.643248
41.667635
41.692027
41.716426
41.740836
41.765255
41.789679
41.814104
41.83853
41.862955
41.887384
41.911819
41.936259
41.960705
41.985154
42.009606
42.034062
42.058525
42.082998
42.107483
42.131977
42.156476
42.180976
42.205469
42.229955
42.254442
42.278935
42.303435
42.327944
42.352462
42.376987
42.401517
42.42605
42.450586
42.475125
42.49967
42.524219
42.548774
42.573332
42.597893
42.622456
42.647022
42.671593
42.696172
42.720759
42.745353
42.769951
42.79455
42.819149
42.84375
42.868355
42.892968
42.91759
42.942218
42.966851
42.991486
43.016122
43.040761
43.065403
43.090053
43.114709
43.139371
43.164037
43.188706
43.213378
43.238054
43.262735
43.287421
43.312112
43.336809
43.361509
43.386214
43.410922
43.435634
43.460351
43.485074
43.509801
43.534533
43.559269
43.584009
43.608754
43.633503
43.658257
43.683016
43.707779
43.732546
43.757317
43.782093
43.806873
43.831658
43.856447
43.88124
43.906039
43.930841
43.955649
43.980461
44.005277
44.030098
44.054923
44.079753
44.104586
44.129425
44.154268
44.179116
44.203969
44.228827
44.253689
44.278556
44.303427
44.328304
44.353185
44.378072
44.402964
44.427862
44.452766
44.477675
44.502589
44.527507
44.55243
44.577357
44.602286
44.627217
44.652149
44.677083
44.702019
44.726959
44.751904
44.776857
44.801817
44.826786
44.851763
44.876745
44.901731
44.926719
44.951707
44.976696
45.001688
45.026684
45.051688
45.0767
45.101721
45.126748
45.151779
45.176811
45.201844
45.226878
45.251916
45.276961
45.302014
45.327075
45.352141
45.37721
45.402281
45.427353
45.452429
45.47751
45.5026
45.527697
45.552801
45.577911
45.603024
45.62814
45.65326
45.678384
45.703514
45.728647
45.753785
45.778925
45.804068
45.829216
45.85437
45.879532
45.904702
45.929877
45.955057
45.980238
46.005419
46.030601
46.055785
46.080974
46.106172
46.131382
46.156604
46.181834
46.207068
46.232303
46.257528
46.282747
46.307969
46.333199
46.358443
46.383702
46.408973
46.434251
46.459532
46.484812
46.510086
46.535358
46.560631
46.58591
46.611195
46.636492
46.661799
46.687117
46.712444
46.737775
46.763107
46.788437
46.81376
46.839085
46.864413
46.88975
46.915099
46.940459
46.965831
46.99121
47.016594
47.041978
47.067361
47.092736
47.118112
47.14349
47.168874
47.194268
47.219674
47.245091
47.270517
47.29595
47.321386
47.346823
47.372258
47.397692
47.423128
47.448566
47.474011
47.499463
47.524926
47.550398
47.57588
47.60137
47.626864
47.65236
47.677856
47.703346
47.728832
47.75432
47.779814
47.805319
47.830836
47.856367
47.881906
47.907451
47.932998
47.958544
47.984089
48.009634
48.03518
48.060731
48.086286
48.111849
48.137421
48.163002
48.188594
48.214193
48.239798
48.265403
48.291008
48.316603
48.342196
48.36779
48.393392
48.419005
48.44463
48.470268
48.495915
48.521565
48.547216
48.572865
48.598512
48.624159
48.649807
48.675459
48.701116
48.726778
48.752449
48.77813
48.80382
48.829517
48.855217
48.880918
48.906615
48.932302
48.957986
48.983673
49.009366
49.035069
49.060783
49.086508
49.112241
49.137976
49.163713
49.189445
49.215176
49.240904
49.266632
49.29236
49.318089
49.343822
49.369561
49.395308
49.421064
49.446828
49.472596
49.498365
49.524133
49.549896
49.575653
49.601408
49.627163
49.652921
49.678684
49.704454
49.730231
49.756015
49.781805
49.807597
49.833391
49.859183
49.884973
49.910755
49.936534
49.962313
49.988097
50.013886
50.039681
50.065483
50.09129
50.117103
50.142918
50.168736
50.194554
50.220372
50.246187
50.272001
50.297817
50.323636
50.34946
50.375289
50.401121
50.426956
50.452793
50.478635
50.50448
50.53033
50.556184
50.582041
50.607901
50.633764
50.65963
50.685501
50.711376
50.737256
50.763139
50.789024
50.814913
50.840805
50.866701
50.892603
50.918511
50.944427
50.970351
50.996281
51.022216
51.048153
51.074089
51.100025
51.125966
51.151915
51.177874
51.203842
51.229818
51.255801
51.281789
51.307782
51.333781
51.359784
51.385792
51.411805
51.437824
51.46385
51.489883
51.515922
51.541968
51.568019
51.594075
51.620136
51.646204
51.67228
51.698365
51.724458
51.750558
51.776663
51.80277
51.82888
51.854993
51.881113
51.907242
51.933381
51.959529
51.985684
52.011844
52.038008
52.064176
52.090349
52.116527
52.14271
52.168898
52.195092
52.221293
52.247501
52.273717
52.299939
52.326168
52.352402
52.378639
52.404879
52.431123
52.457371
52.483624
52.509883
52.53615
52.562423
52.588702
52.614988
52.64128
52.667577
52.693876
52.720177
52.746481
52.772789
52.799102
52.825421
52.851746
52.878078
52.904415
52.930758
52.957106
52.983458
53.009812
53.036167
53.062526
53.088888
53.115255
53.141627
53.168004
53.194386
53.220773
53.247167
53.273566
53.299968
53.326371
53.352775
53.379182
53.405592
53.432007
53.458425
53.484846
53.511272
53.537703
53.564139
53.590578
53.617019
53.643461
53.669905
53.696353
53.722804
53.749258
53.775714
53.802171
53.828631
53.855096
53.881565
53.908038
53.934515
53.960996
53.987479
54.013965
54.040453
54.066936
54.093418
54.119902
54.146393
54.172893
54.1994
54.225911
54.252419
54.278919
54.305419
54.331923
54.358433
54.38495
54.411475
54.438006
54.464541
54.491078
54.517615
54.544143
54.570671
54.597201
54.623739
54.650286
54.676841
54.703402
54.729964
54.756526
54.783084
54.809644
54.836208
54.862776
54.889352
54.915933
54.94252
54.969111
54.995704
55.022295
55.048886
55.075481
55.102084
55.128699
55.155325
55.181958
55.208594
55.235226
55.261852
55.288481
55.315117
55.341764
55.368421
55.395086
55.421756
55.448427
55.4751
55.501774
55.528452
55.555135
55.581827
55.608528
55.635239
55.661958
55.688683
55.71541
55.742137
55.768863
55.795591
55.822327
55.849073
55.875829
55.902594
55.929364
55.956137
55.982915
56.009699
56.036489
56.063287
56.090089
56.116895
56.143704
56.170518
56.197338
56.224167
56.251003
56.277845
56.304691
56.331539
56.358389
56.385243
56.412103
56.438969
56.465843
56.492725
56.519613
56.546509
56.573411
56.60032
56.627235
56.654154
56.681076
56.708
56.734926
56.761857
56.788796
56.815744
56.842699
56.86966
56.896624
56.923589
56.950558
56.977531
57.004511
57.031498
57.058491
57.085488
57.112487
57.139489
57.166495
57.193505
57.22052
57.24754
57.274562
57.301588
57.328616
57.355647
57.382681
57.409718
57.436758
57.463803
57.490853
57.51791
57.544973
57.572042
57.599113
57.626187
57.65326
57.680333
57.707408
57.734484
57.761566
57.788652
57.815744
57.842839
57.869935
57.897031
57.924127
57.951225
57.978328
58.005435
58.032544
58.059655
58.086766
58.113879
58.140994
58.168114
58.195238
58.222365
58.249494
58.276623
58.303753
58.330884
58.358017
58.385153
58.412292
58.439436
58.466585
58.493735
58.520886
58.548035
58.575186
58.602342
58.629508
58.656682
58.683861
58.711042
58.738219
58.765396
58.792576
58.819762
58.846954
58.874153
58.901356
58.928565
58.95578
58.983001
59.010227
59.037457
59.064688
59.091922
59.119161
59.146406
59.173659
59.200917
59.228181
59.25545
59.282722
59.309998
59.337278
59.364565
59.391862
59.419171
59.446488
59.473809
59.501131
59.528455
59.555783
59.58312
59.610465
59.637817
59.665175
59.69254
59.719912
59.74729
59.774673
59.802058
59.829448
59.856845
59.884253
59.911671
59.939092
59.966516
59.993941
60.021374
60.048816
60.076269
60.103729
60.131191
60.158653
60.186117
60.213588
60.241073
60.268569
60.296072
60.323578
60.351082
60.378588
60.406102
60.433626
60.461163
60.488707
60.516256
60.543806
60.571357
60.598908
60.626464
60.654029
60.681607
60.709197
60.736792
60.76439
60.791989
60.819589
60.847192
60.874799
60.902413
60.930036
60.957664
60.985293
61.012925
61.040566
61.068217
61.095876
61.123537
61.151199
61.178856
61.206513
61.234177
61.261851
61.289531
61.317207
61.344882
61.372563
61.400252
61.427947
61.455646
61.483348
61.511044
61.538731
61.56642
61.594118
61.621823
61.64952
61.677208
61.704898
61.732589
61.760281
61.787962
61.815643
61.843324
61.871005
61.898684
61.926364
61.954042
61.981689
62.009332
62.036977
62.06463
62.092253
62.119869
62.147473
62.175081
62.202667
62.230236
62.257802
62.28534
62.312879
62.340379
62.367881
62.395359
62.422818
62.450271
62.477696
62.505125
62.532488
62.55983
62.587161
62.614473
62.641743
62.668976
62.696192
62.72338
62.750546
62.777647
62.804685
62.831689
62.85869
62.885634
62.912546
62.939403
62.966184
62.992915
63.019581
63.046233
63.072801
63.099288
63.125698
63.152048
63.178342
63.204537
63.230634
63.256648
63.28258
63.308425
63.334196
63.359822
63.385328
63.410719
63.43601
63.461195
63.486205
63.511079
63.535805
63.560403
63.584834
63.609074
63.633142
63.657027
63.680735
63.704267
63.727578
63.750634
63.773472
63.796079
63.818467
63.840575
63.862384
63.883931
63.90518
63.926149
63.946766
63.967036
63.986974
64.006548
64.025763
64.044543
64.06292
64.080861
64.098359
64.115443
64.132012
64.148066
64.163572
64.178559
64.193018
64.206855
64.220057
64.232613
64.244537
64.255792
64.266307
64.276056
64.285045
64.29325
64.300632
64.307123
64.312696
64.31737
64.321079
64.323801
64.325453
64.326031
64.325534
64.32388
64.320988
64.316788
64.311289
64.304432
64.296178
64.286482
64.275295
64.262569
64.248252
64.232291
64.214634
64.195226
64.174009
64.150924
64.125911
64.098913
64.069869
64.038716
64.00539
63.969827
63.93196
63.891721
63.849045
63.803863
63.756108
63.705711
63.652603
63.596715
63.537976
63.476317
63.411667
63.343958
63.273122
63.199092
63.121804
63.041193
62.957196
62.86975
62.778796
62.684277
62.586141
62.484337
62.378819
62.269543
62.156472
62.03957
61.918807
61.79416
61.665613
61.533156
61.396786
61.256499
61.112304
60.964218
60.812268
60.65649
60.496925
60.333625
60.166652
59.996076
59.821974
59.644436
59.463561
59.279461
59.092255
58.902071
58.709054
58.513351
58.315117
58.114517
57.911728
57.706938
57.500334
57.292111
57.08248
56.871658
56.659856
56.447287
56.234165
56.020731
55.807239
55.593901
55.380939
55.16858
54.957069
54.746619
54.537456
54.329792
54.123846
53.919796
53.717864
53.518219
53.321065
53.126574
52.934908
52.746195
52.560618
52.378274
52.199326
52.023885
51.852034
51.68387
51.519481
51.358927
51.202294
51.049642
50.900978
50.756351
50.615776
50.479297
50.346898
50.218578
50.094322
49.974124
49.857939
49.745789
49.637596
49.533323
49.432926
49.336346
49.243535
49.154461
49.069033
48.987179
48.908839
48.833951
48.762448
48.694245
48.629265
48.567429
48.508664
48.452897
48.400072
48.350068
48.302841
48.258286
48.216335
48.176932
48.140008
48.105446
48.073214
48.0432
48.015353
47.98963
47.965943
47.944212
47.924376
47.906378
47.890168
47.875679
47.862832
47.851599
47.841874
47.833654
47.826887
47.821501
47.817438
47.814653
47.813116
47.812783
47.81355
47.815436
47.818411
47.822421
47.827423
47.833382
47.840261
47.848024
47.856638
47.866069
47.876286
47.887258
47.898956
47.91135
47.924415
47.938122
47.952447
47.967365
47.982853
47.998887
48.015446
48.032508
48.050053
48.068062
48.086515
48.105395
48.124682
48.144363
48.164417
48.184833
48.205592
48.226682
48.248087
48.269795
48.291792
48.314067
48.336605
48.359398
48.382432
48.405699
48.429186
48.452886
48.476787
48.500883
48.525163
48.549622
48.57425
48.599041
48.623987
48.649084
48.674324
48.699703
48.725214
48.750853
48.776614
48.802495
48.828488
48.854592
48.880801
48.907113
48.933521
48.960025
48.986619
49.0133
49.040065
49.066911
49.093832
49.120829
49.147895
49.17503
49.202229
49.229491
49.256811
49.284189
49.31162
49.339103
49.366636
49.394217
49.421842
49.449512
49.477222
49.504974
49.532763
49.560589
49.58845
49.616345
49.644272
49.672231
49.700219
49.728235
49.756278
49.784347
49.81244
49.840556
49.868692
49.896849
49.925023
49.953214
49.981419
50.009637
50.037865
50.066102
50.094345
50.122594
50.150845
50.179099
50.207352
50.235608
50.263861
50.292119
50.320375
50.348638
50.376904
50.40518
50.433465
50.461764
50.490078
50.518411
50.546763
50.575137
50.603531
50.631947
50.660382
50.688837
50.717308
50.745796
50.774296
50.802809
50.831331
50.859863
50.888402
50.916949
50.945503
50.974064
51.002631
51.031206
51.059787
51.088376
51.116972
51.145576
51.174186
51.202804
51.231429
51.260062
51.288701
51.317348
51.346
51.374661
51.403327
51.432
51.460679
51.489363
51.518052
51.546746
51.575442
51.604142
51.632839
51.661535
51.690227
51.718899
51.747574
51.776197
51.804824
51.833359
51.861899
51.890292
51.918691
51.946887
51.975086
52.003054
52.03108
52.058687
52.087525
52.111443
52.155534
)
;

boundaryField
{
    leftSide
    {
        type            calculated;
        value           uniform -52.139732;
    }
    rightSide
    {
        type            calculated;
        value           uniform 52.139796;
    }
    emptywalls
    {
        type            empty;
    }
}


// ************************************************************************* //
