/*--------------------------------*- C++ -*----------------------------------*\
  =========                 |
  \\      /  F ield         | OpenFOAM: The Open Source CFD Toolbox
   \\    /   O peration     | Website:  https://openfoam.org
    \\  /    A nd           | Version:  7
     \\/     M anipulation  |
\*---------------------------------------------------------------------------*/
FoamFile
{
    version     2.0;
    format      ascii;
    class       surfaceScalarField;
    location    "0.00344";
    object      phi;
}
// * * * * * * * * * * * * * * * * * * * * * * * * * * * * * * * * * * * * * //

dimensions      [1 0 -1 0 0 0 0];

internalField   nonuniform List<scalar> 
4999
(
-3.0313752
-3.0300096
-3.0286439
-3.0272781
-3.0259122
-3.0245463
-3.0231803
-3.0218142
-3.0204481
-3.0190819
-3.0177156
-3.0163492
-3.0149828
-3.0136163
-3.0122497
-3.0108831
-3.0095164
-3.0081496
-3.0067827
-3.0054158
-3.0040487
-3.0026817
-3.0013145
-2.9999473
-2.99858
-2.9972126
-2.9958451
-2.9944776
-2.99311
-2.9917423
-2.9903746
-2.9890068
-2.9876389
-2.9862709
-2.9849029
-2.9835347
-2.9821666
-2.9807983
-2.97943
-2.9780616
-2.9766931
-2.9753245
-2.9739559
-2.9725872
-2.9712184
-2.9698496
-2.9684807
-2.9671117
-2.9657426
-2.9643734
-2.9630042
-2.9616349
-2.9602656
-2.9588961
-2.9575266
-2.956157
-2.9547874
-2.9534177
-2.9520479
-2.950678
-2.949308
-2.947938
-2.9465679
-2.9451977
-2.9438275
-2.9424572
-2.9410868
-2.9397163
-2.9383458
-2.9369752
-2.9356045
-2.9342337
-2.9328629
-2.931492
-2.930121
-2.9287499
-2.9273788
-2.9260076
-2.9246363
-2.923265
-2.9218936
-2.9205221
-2.9191505
-2.9177788
-2.9164071
-2.9150353
-2.9136635
-2.9122915
-2.9109195
-2.9095474
-2.9081753
-2.906803
-2.9054307
-2.9040583
-2.9026859
-2.9013134
-2.8999408
-2.8985681
-2.8971953
-2.8958225
-2.8944496
-2.8930766
-2.8917036
-2.8903305
-2.8889573
-2.887584
-2.8862107
-2.8848373
-2.8834638
-2.8820902
-2.8807166
-2.8793429
-2.8779691
-2.8765952
-2.8752213
-2.8738473
-2.8724732
-2.8710991
-2.8697249
-2.8683506
-2.8669762
-2.8656018
-2.8642273
-2.8628527
-2.861478
-2.8601033
-2.8587285
-2.8573536
-2.8559786
-2.8546036
-2.8532285
-2.8518533
-2.850478
-2.8491027
-2.8477273
-2.8463518
-2.8449763
-2.8436007
-2.842225
-2.8408492
-2.8394734
-2.8380975
-2.8367215
-2.8353454
-2.8339693
-2.8325931
-2.8312168
-2.8298404
-2.828464
-2.8270875
-2.8257109
-2.8243343
-2.8229576
-2.8215808
-2.8202039
-2.818827
-2.8174499
-2.8160729
-2.8146957
-2.8133185
-2.8119412
-2.8105638
-2.8091863
-2.8078088
-2.8064312
-2.8050535
-2.8036758
-2.8022979
-2.80092
-2.7995421
-2.798164
-2.7967859
-2.7954077
-2.7940295
-2.7926511
-2.7912727
-2.7898943
-2.7885157
-2.7871371
-2.7857584
-2.7843796
-2.7830008
-2.7816219
-2.7802429
-2.7788638
-2.7774847
-2.7761054
-2.7747262
-2.7733468
-2.7719674
-2.7705879
-2.7692083
-2.7678287
-2.7664489
-2.7650691
-2.7636893
-2.7623093
-2.7609293
-2.7595492
-2.7581691
-2.7567889
-2.7554085
-2.7540282
-2.7526477
-2.7512672
-2.7498866
-2.7485059
-2.7471253
-2.7457443
-2.7443636
-2.7429824
-2.7416017
-2.7402203
-2.7388394
-2.7374578
-2.7360769
-2.7346951
-2.733314
-2.7319321
-2.7305509
-2.7291687
-2.7277875
-2.7264051
-2.7250238
-2.7236412
-2.7222598
-2.7208771
-2.7194955
-2.7181126
-2.7167309
-2.7153479
-2.713966
-2.7125829
-2.7112007
-2.7098177
-2.7084352
-2.7070521
-2.7056693
-2.7042863
-2.7029033
-2.7015201
-2.7001369
-2.6987537
-2.6973703
-2.6959869
-2.6946034
-2.6932198
-2.6918362
-2.6904525
-2.6890687
-2.6876849
-2.686301
-2.684917
-2.6835329
-2.6821488
-2.6807646
-2.6793803
-2.6779959
-2.6766115
-2.675227
-2.6738425
-2.6724578
-2.6710731
-2.6696883
-2.6683035
-2.6669186
-2.6655336
-2.6641485
-2.6627634
-2.6613782
-2.6599929
-2.6586075
-2.6572221
-2.6558366
-2.654451
-2.6530654
-2.6516797
-2.6502939
-2.6489081
-2.6475222
-2.6461362
-2.6447501
-2.643364
-2.6419778
-2.6405915
-2.6392051
-2.6378187
-2.6364322
-2.6350457
-2.6336591
-2.6322724
-2.6308856
-2.6294987
-2.6281118
-2.6267248
-2.6253378
-2.6239507
-2.6225635
-2.6211762
-2.6197889
-2.6184015
-2.617014
-2.6156265
-2.6142388
-2.6128512
-2.6114634
-2.6100756
-2.6086877
-2.6072997
-2.6059117
-2.6045236
-2.6031354
-2.6017472
-2.6003588
-2.5989705
-2.597582
-2.5961935
-2.5948049
-2.5934162
-2.5920275
-2.5906387
-2.5892498
-2.5878609
-2.5864719
-2.5850828
-2.5836936
-2.5823044
-2.5809151
-2.5795258
-2.5781363
-2.5767468
-2.5753573
-2.5739676
-2.5725779
-2.5711882
-2.5697983
-2.5684084
-2.5670184
-2.5656284
-2.5642383
-2.5628481
-2.5614578
-2.5600675
-2.5586771
-2.5572866
-2.5558961
-2.5545055
-2.5531149
-2.5517241
-2.5503333
-2.5489424
-2.5475515
-2.5461605
-2.5447694
-2.5433783
-2.5419871
-2.5405958
-2.5392044
-2.537813
-2.5364215
-2.53503
-2.5336384
-2.5322467
-2.5308549
-2.5294631
-2.5280712
-2.5266793
-2.5252872
-2.5238952
-2.522503
-2.5211108
-2.5197185
-2.5183261
-2.5169337
-2.5155412
-2.5141486
-2.512756
-2.5113633
-2.5099706
-2.5085777
-2.5071848
-2.5057919
-2.5043989
-2.5030058
-2.5016126
-2.5002194
-2.4988261
-2.4974328
-2.4960393
-2.4946459
-2.4932523
-2.4918587
-2.490465
-2.4890713
-2.4876775
-2.4862836
-2.4848896
-2.4834956
-2.4821016
-2.4807074
-2.4793132
-2.477919
-2.4765246
-2.4751303
-2.4737358
-2.4723413
-2.4709467
-2.4695521
-2.4681573
-2.4667626
-2.4653677
-2.4639728
-2.4625779
-2.4611828
-2.4597878
-2.4583926
-2.4569974
-2.4556021
-2.4542068
-2.4528114
-2.4514159
-2.4500204
-2.4486248
-2.4472292
-2.4458335
-2.4444377
-2.4430419
-2.441646
-2.44025
-2.438854
-2.4374579
-2.4360618
-2.4346656
-2.4332694
-2.431873
-2.4304767
-2.4290802
-2.4276837
-2.4262872
-2.4248906
-2.4234939
-2.4220972
-2.4207004
-2.4193036
-2.4179067
-2.4165097
-2.4151127
-2.4137156
-2.4123185
-2.4109213
-2.4095241
-2.4081268
-2.4067294
-2.405332
-2.4039345
-2.402537
-2.4011394
-2.3997418
-2.3983441
-2.3969464
-2.3955485
-2.3941507
-2.3927528
-2.3913548
-2.3899568
-2.3885587
-2.3871606
-2.3857624
-2.3843642
-2.3829659
-2.3815676
-2.3801692
-2.3787707
-2.3773722
-2.3759737
-2.3745751
-2.3731764
-2.3717777
-2.3703789
-2.3689801
-2.3675813
-2.3661824
-2.3647834
-2.3633844
-2.3619853
-2.3605862
-2.359187
-2.3577878
-2.3563886
-2.3549892
-2.3535899
-2.3521905
-2.350791
-2.3493915
-2.3479919
-2.3465923
-2.3451926
-2.3437929
-2.3423932
-2.3409934
-2.3395935
-2.3381936
-2.3367936
-2.3353936
-2.3339936
-2.3325935
-2.3311933
-2.3297931
-2.3283929
-2.3269926
-2.3255922
-2.3241918
-2.3227914
-2.3213909
-2.3199903
-2.3185897
-2.3171891
-2.3157884
-2.3143876
-2.3129869
-2.311586
-2.3101851
-2.3087842
-2.3073832
-2.3059821
-2.304581
-2.3031799
-2.3017787
-2.3003774
-2.2989761
-2.2975748
-2.2961734
-2.2947719
-2.2933704
-2.2919689
-2.2905673
-2.2891656
-2.2877639
-2.2863621
-2.2849603
-2.2835584
-2.2821564
-2.2807544
-2.2793524
-2.2779503
-2.2765481
-2.2751459
-2.2737436
-2.2723412
-2.2709388
-2.2695364
-2.2681338
-2.2667312
-2.2653286
-2.2639259
-2.2625231
-2.2611203
-2.2597174
-2.2583144
-2.2569113
-2.2555082
-2.254105
-2.2527018
-2.2512985
-2.2498951
-2.2484916
-2.2470881
-2.2456845
-2.2442808
-2.242877
-2.2414732
-2.2400692
-2.2386652
-2.2372612
-2.235857
-2.2344527
-2.2330484
-2.231644
-2.2302395
-2.2288349
-2.2274301
-2.2260254
-2.2246206
-2.2232155
-2.2218106
-2.2204052
-2.2190003
-2.2175946
-2.2161895
-2.2147835
-2.2133782
-2.2119721
-2.2105666
-2.2091603
-2.2077545
-2.206348
-2.2049419
-2.2035353
-2.2021289
-2.2007221
-2.1993154
-2.1979085
-2.1965015
-2.1950943
-2.1936871
-2.1922796
-2.1908721
-2.1894645
-2.1880567
-2.1866487
-2.1852407
-2.1838325
-2.1824242
-2.1810157
-2.1796071
-2.1781983
-2.1767894
-2.1753803
-2.1739711
-2.1725618
-2.1711523
-2.1697426
-2.1683328
-2.1669229
-2.1655127
-2.1641024
-2.1626919
-2.1612814
-2.1598705
-2.1584596
-2.1570485
-2.1556372
-2.1542257
-2.1528141
-2.1514023
-2.1499904
-2.1485782
-2.1471659
-2.1457533
-2.1443407
-2.1429278
-2.1415147
-2.1401015
-2.138688
-2.1372744
-2.1358606
-2.1344466
-2.1330324
-2.131618
-2.1302035
-2.1287887
-2.1273737
-2.1259586
-2.1245432
-2.1231276
-2.1217119
-2.1202959
-2.1188798
-2.1174634
-2.1160469
-2.1146301
-2.1132131
-2.111796
-2.1103786
-2.108961
-2.1075433
-2.1061253
-2.1047071
-2.1032887
-2.1018701
-2.1004513
-2.0990323
-2.0976131
-2.0961937
-2.0947741
-2.0933543
-2.0919342
-2.090514
-2.0890936
-2.0876729
-2.0862521
-2.0848311
-2.0834098
-2.0819884
-2.0805667
-2.0791449
-2.0777229
-2.0763006
-2.0748782
-2.0734556
-2.0720327
-2.0706097
-2.0691865
-2.0677631
-2.0663395
-2.0649157
-2.0634917
-2.0620676
-2.0606432
-2.0592187
-2.0577939
-2.056369
-2.0549439
-2.0535187
-2.0520932
-2.0506676
-2.0492418
-2.0478158
-2.0463897
-2.0449634
-2.0435369
-2.0421102
-2.0406834
-2.0392564
-2.0378293
-2.036402
-2.0349745
-2.0335469
-2.0321191
-2.0306912
-2.0292631
-2.0278349
-2.0264065
-2.024978
-2.0235493
-2.0221205
-2.0206916
-2.0192625
-2.0178333
-2.016404
-2.0149745
-2.0135449
-2.0121151
-2.0106853
-2.0092553
-2.0078252
-2.006395
-2.0049646
-2.0035342
-2.0021036
-2.0006729
-1.9992421
-1.9978112
-1.9963802
-1.9949491
-1.9935179
-1.9920866
-1.9906552
-1.9892238
-1.9877922
-1.9863605
-1.9849287
-1.9834969
-1.982065
-1.980633
-1.9792009
-1.9777687
-1.9763364
-1.9749041
-1.9734717
-1.9720392
-1.9706067
-1.9691741
-1.9677414
-1.9663087
-1.9648759
-1.963443
-1.9620101
-1.9605771
-1.959144
-1.9577109
-1.9562778
-1.9548446
-1.9534113
-1.951978
-1.9505447
-1.9491113
-1.9476778
-1.9462443
-1.9448108
-1.9433772
-1.9419436
-1.9405099
-1.9390762
-1.9376424
-1.9362087
-1.9347748
-1.933341
-1.9319071
-1.9304732
-1.9290392
-1.9276053
-1.9261713
-1.9247372
-1.9233032
-1.9218691
-1.9204349
-1.9190008
-1.9175666
-1.9161324
-1.9146982
-1.9132639
-1.9118297
-1.9103954
-1.9089611
-1.9075267
-1.9060924
-1.904658
-1.9032236
-1.9017892
-1.9003548
-1.8989203
-1.8974858
-1.8960514
-1.8946169
-1.8931823
-1.8917478
-1.8903132
-1.8888787
-1.8874441
-1.8860095
-1.8845749
-1.8831403
-1.8817056
-1.880271
-1.8788363
-1.8774016
-1.8759669
-1.8745322
-1.8730975
-1.8716628
-1.870228
-1.8687932
-1.8673585
-1.8659237
-1.8644889
-1.8630541
-1.8616193
-1.8601844
-1.8587496
-1.8573147
-1.8558798
-1.8544449
-1.85301
-1.8515751
-1.8501402
-1.8487053
-1.8472703
-1.8458354
-1.8444004
-1.8429654
-1.8415304
-1.8400954
-1.8386604
-1.8372253
-1.8357903
-1.8343552
-1.8329201
-1.831485
-1.8300499
-1.8286148
-1.8271797
-1.8257445
-1.8243093
-1.8228742
-1.821439
-1.8200038
-1.8185686
-1.8171333
-1.8156981
-1.8142628
-1.8128275
-1.8113922
-1.8099569
-1.8085216
-1.8070863
-1.8056509
-1.8042155
-1.8027801
-1.8013447
-1.7999093
-1.7984739
-1.7970384
-1.795603
-1.7941675
-1.792732
-1.7912965
-1.7898609
-1.7884254
-1.7869898
-1.7855542
-1.7841186
-1.782683
-1.7812474
-1.7798117
-1.778376
-1.7769404
-1.7755047
-1.7740689
-1.7726332
-1.7711974
-1.7697616
-1.7683259
-1.76689
-1.7654542
-1.7640184
-1.7625825
-1.7611466
-1.7597107
-1.7582748
-1.7568388
-1.7554029
-1.7539669
-1.7525309
-1.7510949
-1.7496589
-1.7482228
-1.7467868
-1.7453507
-1.7439146
-1.7424785
-1.7410423
-1.7396062
-1.73817
-1.7367338
-1.7352976
-1.7338614
-1.7324251
-1.7309889
-1.7295526
-1.7281163
-1.72668
-1.7252437
-1.7238073
-1.7223709
-1.7209346
-1.7194982
-1.7180618
-1.7166253
-1.7151889
-1.7137524
-1.712316
-1.7108795
-1.709443
-1.7080064
-1.7065699
-1.7051333
-1.7036968
-1.7022602
-1.7008236
-1.699387
-1.6979503
-1.6965137
-1.6950771
-1.6936404
-1.6922037
-1.690767
-1.6893303
-1.6878936
-1.6864568
-1.6850201
-1.6835833
-1.6821466
-1.6807098
-1.679273
-1.6778362
-1.6763994
-1.6749625
-1.6735257
-1.6720888
-1.670652
-1.6692151
-1.6677782
-1.6663413
-1.6649044
-1.6634675
-1.6620306
-1.6605937
-1.6591567
-1.6577198
-1.6562828
-1.6548459
-1.6534089
-1.6519719
-1.6505349
-1.6490979
-1.6476609
-1.6462239
-1.6447869
-1.6433499
-1.6419129
-1.6404758
-1.6390388
-1.6376017
-1.6361647
-1.6347276
-1.6332906
-1.6318535
-1.6304164
-1.6289793
-1.6275423
-1.6261052
-1.6246681
-1.623231
-1.6217939
-1.6203568
-1.6189197
-1.6174825
-1.6160454
-1.6146083
-1.6131712
-1.611734
-1.6102969
-1.6088598
-1.6074226
-1.6059855
-1.6045483
-1.6031112
-1.601674
-1.6002369
-1.5987997
-1.5973626
-1.5959254
-1.5944882
-1.5930511
-1.5916139
-1.5901767
-1.5887395
-1.5873024
-1.5858652
-1.584428
-1.5829908
-1.5815536
-1.5801164
-1.5786792
-1.577242
-1.5758048
-1.5743676
-1.5729304
-1.5714932
-1.570056
-1.5686187
-1.5671815
-1.5657443
-1.564307
-1.5628698
-1.5614326
-1.5599953
-1.5585581
-1.5571208
-1.5556836
-1.5542463
-1.552809
-1.5513717
-1.5499345
-1.5484972
-1.5470599
-1.5456226
-1.5441853
-1.542748
-1.5413107
-1.5398734
-1.538436
-1.5369987
-1.5355614
-1.534124
-1.5326867
-1.5312493
-1.5298119
-1.5283745
-1.5269372
-1.5254998
-1.5240624
-1.522625
-1.5211875
-1.5197501
-1.5183127
-1.5168752
-1.5154378
-1.5140003
-1.5125628
-1.5111253
-1.5096878
-1.5082503
-1.5068128
-1.5053753
-1.5039377
-1.5025002
-1.5010626
-1.4996251
-1.4981875
-1.4967499
-1.4953123
-1.4938746
-1.492437
-1.4909994
-1.4895617
-1.488124
-1.4866863
-1.4852486
-1.4838109
-1.4823732
-1.4809354
-1.4794977
-1.4780599
-1.4766221
-1.4751843
-1.4737465
-1.4723087
-1.4708709
-1.469433
-1.4679951
-1.4665573
-1.4651194
-1.4636814
-1.4622435
-1.4608056
-1.4593676
-1.4579296
-1.4564916
-1.4550536
-1.4536156
-1.4521776
-1.4507395
-1.4493015
-1.4478634
-1.4464253
-1.4449872
-1.443549
-1.4421109
-1.4406727
-1.4392345
-1.4377963
-1.4363581
-1.4349198
-1.4334816
-1.4320433
-1.430605
-1.4291667
-1.4277283
-1.4262899
-1.4248516
-1.4234131
-1.4219747
-1.4205362
-1.4190978
-1.4176592
-1.4162207
-1.4147821
-1.4133435
-1.4119049
-1.4104663
-1.4090276
-1.4075889
-1.4061502
-1.4047114
-1.4032726
-1.4018338
-1.4003949
-1.398956
-1.3975171
-1.3960781
-1.3946391
-1.3932001
-1.391761
-1.3903219
-1.3888828
-1.3874436
-1.3860044
-1.3845652
-1.3831259
-1.3816866
-1.3802472
-1.3788079
-1.3773685
-1.375929
-1.3744895
-1.37305
-1.3716105
-1.3701709
-1.3687313
-1.3672917
-1.365852
-1.3644124
-1.3629726
-1.3615329
-1.3600931
-1.3586533
-1.3572135
-1.3557737
-1.3543338
-1.3528939
-1.351454
-1.3500141
-1.3485742
-1.3471342
-1.3456942
-1.3442542
-1.3428142
-1.3413742
-1.3399342
-1.3384941
-1.337054
-1.335614
-1.3341739
-1.3327338
-1.3312937
-1.3298536
-1.3284134
-1.3269733
-1.3255332
-1.324093
-1.3226528
-1.3212127
-1.3197725
-1.3183324
-1.3168922
-1.315452
-1.3140118
-1.3125716
-1.3111315
-1.3096913
-1.3082511
-1.3068109
-1.3053707
-1.3039305
-1.3024903
-1.3010501
-1.2996099
-1.2981698
-1.2967296
-1.2952894
-1.2938492
-1.292409
-1.2909688
-1.2895287
-1.2880885
-1.2866483
-1.2852081
-1.283768
-1.2823278
-1.2808876
-1.2794475
-1.2780073
-1.2765672
-1.275127
-1.2736869
-1.2722467
-1.2708066
-1.2693664
-1.2679263
-1.2664862
-1.2650461
-1.2636059
-1.2621658
-1.2607257
-1.2592856
-1.2578455
-1.2564054
-1.2549653
-1.2535252
-1.2520851
-1.2506451
-1.249205
-1.2477649
-1.2463248
-1.2448848
-1.2434447
-1.2420047
-1.2405646
-1.2391246
-1.2376845
-1.2362445
-1.2348045
-1.2333644
-1.2319244
-1.2304844
-1.2290444
-1.2276044
-1.2261644
-1.2247243
-1.2232843
-1.2218443
-1.2204043
-1.2189643
-1.2175243
-1.2160844
-1.2146444
-1.2132044
-1.2117644
-1.2103244
-1.2088844
-1.2074444
-1.2060044
-1.2045644
-1.2031244
-1.2016844
-1.2002445
-1.1988045
-1.1973645
-1.1959244
-1.1944844
-1.1930444
-1.1916044
-1.1901644
-1.1887243
-1.1872843
-1.1858443
-1.1844042
-1.1829641
-1.1815241
-1.180084
-1.1786439
-1.1772038
-1.1757637
-1.1743236
-1.1728834
-1.1714433
-1.1700031
-1.1685629
-1.1671227
-1.1656825
-1.1642423
-1.162802
-1.1613618
-1.1599215
-1.1584812
-1.1570409
-1.1556005
-1.1541602
-1.1527198
-1.1512794
-1.149839
-1.1483986
-1.1469581
-1.1455176
-1.1440771
-1.1426366
-1.1411961
-1.1397556
-1.138315
-1.1368744
-1.1354338
-1.1339932
-1.1325525
-1.1311118
-1.1296712
-1.1282305
-1.1267898
-1.125349
-1.1239083
-1.1224675
-1.1210267
-1.1195859
-1.1181451
-1.1167043
-1.1152635
-1.1138226
-1.1123818
-1.1109409
-1.1095
-1.1080591
-1.1066182
-1.1051773
-1.1037364
-1.1022955
-1.1008546
-1.0994136
-1.0979727
-1.0965317
-1.0950908
-1.0936498
-1.0922089
-1.0907679
-1.089327
-1.087886
-1.086445
-1.0850041
-1.0835631
-1.0821222
-1.0806812
-1.0792402
-1.0777993
-1.0763583
-1.0749174
-1.0734765
-1.0720355
-1.0705946
-1.0691536
-1.0677127
-1.0662718
-1.0648309
-1.06339
-1.0619491
-1.0605082
-1.0590673
-1.0576264
-1.0561856
-1.0547447
-1.0533038
-1.051863
-1.0504222
-1.0489813
-1.0475405
-1.0460997
-1.0446589
-1.0432181
-1.0417774
-1.0403366
-1.0388958
-1.0374551
-1.0360144
-1.0345736
-1.0331329
-1.0316922
-1.0302516
-1.0288109
-1.0273702
-1.0259296
-1.024489
-1.0230483
-1.0216077
-1.0201671
-1.0187266
-1.017286
-1.0158454
-1.0144049
-1.0129644
-1.0115239
-1.0100834
-1.0086429
-1.0072024
-1.005762
-1.0043215
-1.0028811
-1.0014407
-1.0000003
-0.99855995
-0.99711959
-0.99567925
-0.99423891
-0.9927986
-0.9913583
-0.98991802
-0.98847775
-0.9870375
-0.98559726
-0.98415704
-0.98271683
-0.98127665
-0.97983647
-0.97839632
-0.97695618
-0.97551605
-0.97407595
-0.97263586
-0.97119578
-0.96975573
-0.96831568
-0.96687566
-0.96543565
-0.96399565
-0.96255568
-0.96111571
-0.95967577
-0.95823584
-0.95679592
-0.95535603
-0.95391614
-0.95247627
-0.95103642
-0.94959659
-0.94815677
-0.94671697
-0.94527718
-0.94383741
-0.94239764
-0.9409579
-0.93951817
-0.93807845
-0.93663874
-0.93519905
-0.93375937
-0.9323197
-0.93088005
-0.9294404
-0.92800077
-0.92656115
-0.92512153
-0.92368193
-0.92224233
-0.92080274
-0.91936316
-0.91792358
-0.91648402
-0.91504445
-0.9136049
-0.91216536
-0.91072582
-0.90928628
-0.90784675
-0.90640723
-0.90496771
-0.90352819
-0.90208868
-0.90064916
-0.89920965
-0.89777014
-0.89633063
-0.89489111
-0.8934516
-0.89201209
-0.89057257
-0.88913306
-0.88769354
-0.88625402
-0.88481449
-0.88337497
-0.88193544
-0.8804959
-0.87905637
-0.87761683
-0.87617728
-0.87473773
-0.87329818
-0.87185863
-0.87041907
-0.8689795
-0.86753993
-0.86610036
-0.86466078
-0.8632212
-0.86178161
-0.86034203
-0.85890243
-0.85746284
-0.85602324
-0.85458364
-0.85314404
-0.85170444
-0.85026483
-0.84882522
-0.8473856
-0.84594599
-0.84450638
-0.84306677
-0.84162715
-0.84018754
-0.83874793
-0.83730832
-0.83586871
-0.83442911
-0.8329895
-0.8315499
-0.8301103
-0.8286707
-0.82723111
-0.82579151
-0.82435192
-0.82291234
-0.82147276
-0.82003318
-0.81859361
-0.81715405
-0.81571449
-0.81427495
-0.8128354
-0.81139587
-0.80995635
-0.80851683
-0.80707732
-0.80563782
-0.80419833
-0.80275885
-0.80131938
-0.79987991
-0.79844046
-0.79700101
-0.79556157
-0.79412215
-0.79268273
-0.79124333
-0.78980394
-0.78836456
-0.78692519
-0.78548583
-0.78404649
-0.78260716
-0.78116784
-0.77972853
-0.77828924
-0.77684996
-0.77541069
-0.77397143
-0.77253219
-0.77109296
-0.76965375
-0.76821454
-0.76677536
-0.76533618
-0.76389702
-0.76245787
-0.76101874
-0.75957962
-0.75814052
-0.75670143
-0.75526235
-0.75382329
-0.75238425
-0.75094522
-0.74950621
-0.74806722
-0.74662823
-0.74518927
-0.74375032
-0.74231138
-0.74087246
-0.73943356
-0.73799467
-0.73655579
-0.73511694
-0.73367809
-0.73223927
-0.73080046
-0.72936167
-0.7279229
-0.72648414
-0.7250454
-0.72360668
-0.72216797
-0.72072928
-0.7192906
-0.71785195
-0.7164133
-0.71497468
-0.71353607
-0.71209747
-0.7106589
-0.70922034
-0.7077818
-0.70634327
-0.70490477
-0.70346628
-0.7020278
-0.70058935
-0.69915091
-0.69771248
-0.69627408
-0.69483568
-0.69339731
-0.69195894
-0.69052059
-0.68908226
-0.68764395
-0.68620564
-0.68476736
-0.68332909
-0.68189083
-0.68045259
-0.67901436
-0.67757614
-0.67613794
-0.67469976
-0.67326158
-0.67182342
-0.67038528
-0.66894714
-0.66750901
-0.6660709
-0.6646328
-0.66319471
-0.66175663
-0.66031856
-0.6588805
-0.65744245
-0.65600441
-0.65456637
-0.65312835
-0.65169033
-0.65025232
-0.64881431
-0.64737632
-0.64593833
-0.64450034
-0.64306237
-0.6416244
-0.64018643
-0.63874847
-0.63731052
-0.63587257
-0.63443463
-0.63299668
-0.63155875
-0.63012081
-0.62868288
-0.62724496
-0.62580704
-0.62436912
-0.6229312
-0.62149329
-0.62005538
-0.61861747
-0.61717957
-0.61574166
-0.61430377
-0.61286587
-0.61142798
-0.60999009
-0.6085522
-0.60711432
-0.60567644
-0.60423856
-0.60280068
-0.60136281
-0.59992494
-0.59848708
-0.59704922
-0.59561136
-0.59417351
-0.59273567
-0.59129783
-0.58986
-0.58842217
-0.58698434
-0.58554653
-0.58410872
-0.58267091
-0.58123312
-0.57979533
-0.57835755
-0.57691978
-0.57548201
-0.57404426
-0.57260651
-0.57116877
-0.56973104
-0.56829332
-0.56685561
-0.56541791
-0.56398022
-0.56254254
-0.56110487
-0.55966722
-0.55822958
-0.55679194
-0.55535433
-0.55391672
-0.55247912
-0.55104154
-0.54960397
-0.54816642
-0.54672888
-0.54529135
-0.54385384
-0.54241634
-0.54097885
-0.53954138
-0.53810393
-0.53666649
-0.53522906
-0.53379165
-0.53235425
-0.53091687
-0.5294795
-0.52804215
-0.52660482
-0.5251675
-0.5237302
-0.52229291
-0.52085564
-0.51941838
-0.51798114
-0.51654391
-0.5151067
-0.51366951
-0.51223233
-0.51079517
-0.50935803
-0.5079209
-0.50648379
-0.50504669
-0.50360961
-0.50217254
-0.5007355
-0.49929847
-0.49786145
-0.49642445
-0.49498747
-0.49355051
-0.49211356
-0.49067662
-0.4892397
-0.4878028
-0.48636591
-0.48492904
-0.48349218
-0.48205533
-0.48061851
-0.4791817
-0.4777449
-0.47630812
-0.47487135
-0.47343461
-0.47199787
-0.47056115
-0.46912445
-0.46768776
-0.46625108
-0.46481442
-0.46337777
-0.46194114
-0.46050453
-0.45906792
-0.45763134
-0.45619476
-0.45475821
-0.45332166
-0.45188513
-0.45044862
-0.44901211
-0.44757562
-0.44613915
-0.44470268
-0.44326623
-0.4418298
-0.44039337
-0.43895696
-0.43752056
-0.43608417
-0.4346478
-0.43321143
-0.43177508
-0.43033875
-0.42890242
-0.4274661
-0.4260298
-0.42459351
-0.42315723
-0.42172096
-0.4202847
-0.41884845
-0.41741221
-0.41597598
-0.41453976
-0.41310355
-0.41166735
-0.41023116
-0.40879498
-0.4073588
-0.40592263
-0.40448647
-0.40305032
-0.40161417
-0.40017803
-0.3987419
-0.39730578
-0.39586966
-0.39443355
-0.39299744
-0.39156134
-0.39012524
-0.38868915
-0.38725306
-0.38581698
-0.3843809
-0.38294482
-0.38150875
-0.38007268
-0.37863661
-0.37720054
-0.37576448
-0.37432842
-0.37289235
-0.37145629
-0.37002023
-0.36858417
-0.36714811
-0.36571205
-0.36427599
-0.36283993
-0.36140386
-0.3599678
-0.35853173
-0.35709567
-0.3556596
-0.35422353
-0.35278745
-0.35135137
-0.34991529
-0.34847921
-0.34704312
-0.34560703
-0.34417094
-0.34273484
-0.34129873
-0.33986263
-0.33842651
-0.33699039
-0.33555427
-0.33411814
-0.332682
-0.33124585
-0.3298097
-0.32837354
-0.32693738
-0.3255012
-0.32406502
-0.32262882
-0.32119262
-0.3197564
-0.31832018
-0.31688394
-0.31544769
-0.31401143
-0.31257515
-0.31113886
-0.30970255
-0.30826623
-0.30682989
-0.30539354
-0.30395717
-0.30252077
-0.30108436
-0.29964793
-0.29821147
-0.29677499
-0.29533848
-0.29390195
-0.29246539
-0.2910288
-0.28959217
-0.28815552
-0.28671883
-0.28528211
-0.28384535
-0.28240854
-0.2809717
-0.27953481
-0.27809788
-0.2766609
-0.27522387
-0.27378679
-0.27234965
-0.27091245
-0.2694752
-0.26803787
-0.26660048
-0.26516302
-0.26372549
-0.26228788
-0.26085019
-0.25941241
-0.25797455
-0.25653659
-0.25509854
-0.25366039
-0.25222213
-0.25078376
-0.24934527
-0.24790666
-0.24646793
-0.24502907
-0.24359007
-0.24215093
-0.24071164
-0.2392722
-0.23783259
-0.23639283
-0.23495288
-0.23351276
-0.23207245
-0.23063195
-0.22919124
-0.22775033
-0.22630919
-0.22486783
-0.22342624
-0.22198441
-0.22054232
-0.21909997
-0.21765735
-0.21621445
-0.21477127
-0.21332778
-0.21188398
-0.21043985
-0.2089954
-0.2075506
-0.20610544
-0.20465992
-0.20321402
-0.20176772
-0.20032102
-0.1988739
-0.19742635
-0.19597836
-0.1945299
-0.19308097
-0.19163155
-0.19018163
-0.18873119
-0.18728021
-0.18582869
-0.18437659
-0.18292392
-0.18147064
-0.18001675
-0.17856222
-0.17710704
-0.1756512
-0.17419466
-0.17273741
-0.17127945
-0.16982073
-0.16836125
-0.16690099
-0.16543992
-0.16397803
-0.1625153
-0.16105169
-0.15958721
-0.15812181
-0.15665548
-0.1551882
-0.15371995
-0.1522507
-0.15078044
-0.14930913
-0.14783676
-0.14636331
-0.14488874
-0.14341305
-0.1419362
-0.14045817
-0.13897893
-0.13749847
-0.13601672
-0.13453372
-0.13304942
-0.13156382
-0.13007687
-0.12858855
-0.12709885
-0.12560773
-0.12411517
-0.12262115
-0.12112566
-0.11962865
-0.11813012
-0.11663003
-0.11512838
-0.11362512
-0.11212026
-0.11061375
-0.10910559
-0.10759574
-0.1060842
-0.10457094
-0.10305594
-0.10153918
-0.10002064
-0.098500312
-0.09697817
-0.0954542
-0.093928384
-0.092400708
-0.090871156
-0.089339714
-0.087806369
-0.086271106
-0.084733914
-0.083194781
-0.081653696
-0.080110649
-0.07856563
-0.07701863
-0.075469643
-0.07391866
-0.072365676
-0.070810686
-0.069253686
-0.067694673
-0.066133644
-0.0645706
-0.063005539
-0.061438463
-0.059869373
-0.058298272
-0.056725165
-0.055150055
-0.05357295
-0.051993855
-0.05041278
-0.048829733
-0.047244725
-0.045657768
-0.044068874
-0.042478056
-0.04088533
-0.039290712
-0.037694218
-0.036095868
-0.034495679
-0.032893674
-0.031289872
-0.029684298
-0.028076974
-0.026467926
-0.02485718
-0.023244762
-0.021630701
-0.020015026
-0.018397766
-0.016778954
-0.015158621
-0.013536801
-0.011913528
-0.010288837
-0.0086627652
-0.0070353496
-0.0054066283
-0.0037766392
-0.0021454212
-0.0005130157
0.0011205353
0.0027551903
0.0043909058
0.0060276386
0.0076653451
0.0093039793
0.010943495
0.012583844
0.014224982
0.015866862
0.017509434
0.019152651
0.020796464
0.022440823
0.024085679
0.025730982
0.02737668
0.029022724
0.030669062
0.032315643
0.033962416
0.03560933
0.037256333
0.038903373
0.040550399
0.042197359
0.043844203
0.045490877
0.047137331
0.048783515
0.050429377
0.052074866
0.053719934
0.055364529
0.057008604
0.058652107
0.060294993
0.061937211
0.063578716
0.065219459
0.066859396
0.068498479
0.070136665
0.071773908
0.073410166
0.075045395
0.076679553
0.0783126
0.079944495
0.081575199
0.083204672
0.084832879
0.086459781
0.088085344
0.089709533
0.091332313
0.092953653
0.094573521
0.096191886
0.097808718
0.099423988
0.10103767
0.10264974
0.10426016
0.10586892
0.107476
0.10908136
0.110685
0.11228688
0.113887
0.11548534
0.11708188
0.1186766
0.1202695
0.12186055
0.12344976
0.1250371
0.12662257
0.12820617
0.12978788
0.1313677
0.13294563
0.13452165
0.13609578
0.13766801
0.13923833
0.14080675
0.14237328
0.1439379
0.14550064
0.14706149
0.14862046
0.15017755
0.15173277
0.15328614
0.15483765
0.15638733
0.15793517
0.1594812
0.16102543
0.16256787
0.16410852
0.16564742
0.16718456
0.16871998
0.17025368
0.17178568
0.17331599
0.17484465
0.17637165
0.17789703
0.17942081
0.18094299
0.18246361
0.18398268
0.18550022
0.18701625
0.1885308
0.19004389
0.19155553
0.19306575
0.19457458
0.19608203
0.19758813
0.19909289
0.20059635
0.20209852
0.20359943
0.20509909
0.20659754
0.20809479
0.20959087
0.21108579
0.21257958
0.21407227
0.21556387
0.21705441
0.21854391
0.22003239
0.22151986
0.22300636
0.22449191
0.22597651
0.22746021
0.228943
0.23042493
0.23190599
0.23338623
0.23486564
0.23634426
0.23782211
0.23929919
0.24077554
0.24225116
0.24372607
0.2452003
0.24667386
0.24814677
0.24961904
0.25109069
0.25256173
0.25403219
0.25550207
0.2569714
0.25844018
0.25990844
0.26137618
0.26284342
0.26431017
0.26577645
0.26724226
0.26870764
0.27017257
0.27163708
0.27310118
0.27456489
0.2760282
0.27749114
0.27895371
0.28041592
0.28187779
0.28333932
0.28480053
0.28626143
0.28772201
0.2891823
0.2906423
0.29210202
0.29356146
0.29502065
0.29647957
0.29793826
0.2993967
0.3008549
0.30231289
0.30377065
0.3052282
0.30668555
0.3081427
0.30959966
0.31105643
0.31251302
0.31396944
0.31542569
0.31688178
0.3183377
0.31979348
0.32124911
0.3227046
0.32415994
0.32561516
0.32707024
0.3285252
0.32998004
0.33143477
0.33288937
0.33434387
0.33579827
0.33725256
0.33870676
0.34016086
0.34161486
0.34306878
0.34452262
0.34597637
0.34743003
0.34888363
0.35033714
0.35179059
0.35324396
0.35469727
0.35615051
0.35760369
0.35905681
0.36050987
0.36196287
0.36341582
0.36486872
0.36632156
0.36777436
0.3692271
0.37067981
0.37213246
0.37358508
0.37503765
0.37649018
0.37794267
0.37939512
0.38084754
0.38229992
0.38375227
0.38520458
0.38665686
0.38810911
0.38956133
0.39101352
0.39246568
0.39391782
0.39536993
0.39682201
0.39827407
0.39972611
0.40117812
0.40263011
0.40408208
0.40553402
0.40698595
0.40843786
0.40988974
0.41134161
0.41279346
0.41424529
0.4156971
0.41714889
0.41860066
0.42005242
0.42150416
0.42295589
0.4244076
0.42585929
0.42731097
0.42876263
0.43021428
0.43166592
0.43311754
0.43456915
0.43602075
0.43747233
0.4389239
0.44037545
0.44182699
0.44327852
0.44473004
0.44618154
0.44763303
0.4490845
0.45053597
0.45198742
0.45343887
0.4548903
0.45634172
0.45779312
0.45924452
0.4606959
0.46214728
0.46359864
0.46504999
0.46650132
0.46795265
0.46940396
0.47085526
0.47230655
0.47375783
0.4752091
0.47666035
0.47811159
0.47956282
0.48101404
0.48246525
0.48391644
0.48536762
0.48681879
0.48826994
0.48972108
0.49117221
0.49262332
0.49407443
0.49552551
0.49697658
0.49842764
0.49987869
0.50132971
0.50278073
0.50423173
0.50568271
0.50713368
0.50858463
0.51003557
0.51148649
0.5129374
0.51438829
0.51583916
0.51729002
0.51874085
0.52019167
0.52164248
0.52309326
0.52454402
0.52599477
0.5274455
0.52889621
0.5303469
0.53179757
0.53324822
0.53469885
0.53614945
0.53760005
0.53905061
0.54050116
0.54195169
0.54340219
0.54485268
0.54630314
0.54775358
0.549204
0.5506544
0.55210477
0.55355512
0.55500546
0.55645577
0.55790605
0.55935632
0.56080656
0.56225678
0.56370698
0.56515715
0.56660731
0.56805743
0.56950754
0.57095762
0.57240768
0.57385772
0.57530773
0.57675772
0.5782077
0.57965764
0.58110757
0.58255747
0.58400735
0.58545721
0.58690705
0.58835686
0.58980666
0.59125643
0.59270618
0.59415592
0.59560563
0.59705532
0.59850499
0.59995464
0.60140428
0.60285389
0.60430348
0.60575306
0.60720262
0.60865215
0.61010167
0.61155117
0.61300065
0.61445012
0.61589956
0.61734899
0.6187984
0.6202478
0.62169717
0.62314653
0.62459588
0.62604521
0.62749452
0.62894382
0.6303931
0.63184237
0.63329162
0.63474086
0.63619009
0.6376393
0.6390885
0.64053768
0.64198685
0.64343601
0.64488515
0.64633428
0.6477834
0.64923251
0.6506816
0.65213068
0.65357975
0.65502881
0.65647785
0.65792688
0.6593759
0.66082491
0.66227391
0.66372289
0.66517187
0.66662083
0.66806978
0.66951872
0.67096765
0.67241656
0.67386547
0.67531436
0.67676324
0.67821211
0.67966097
0.68110982
0.68255866
0.68400749
0.6854563
0.6869051
0.68835389
0.68980267
0.69125144
0.6927002
0.69414895
0.69559768
0.69704641
0.69849512
0.69994382
0.70139251
0.70284119
0.70428986
0.70573852
0.70718717
0.7086358
0.71008443
0.71153304
0.71298164
0.71443023
0.7158788
0.71732736
0.71877591
0.72022444
0.72167296
0.72312147
0.72456996
0.72601843
0.7274669
0.72891535
0.73036378
0.7318122
0.7332606
0.73470899
0.73615736
0.73760572
0.73905406
0.74050239
0.74195069
0.74339898
0.74484726
0.74629551
0.74774375
0.74919196
0.75064016
0.75208834
0.7535365
0.75498464
0.75643276
0.75788086
0.75932894
0.760777
0.76222504
0.76367306
0.76512105
0.76656903
0.76801698
0.76946491
0.77091282
0.7723607
0.77380857
0.7752564
0.77670422
0.77815201
0.77959977
0.78104751
0.78249523
0.78394292
0.78539058
0.78683822
0.78828583
0.78973341
0.79118097
0.79262849
0.79407599
0.79552346
0.79697091
0.79841832
0.79986571
0.80131306
0.80276039
0.80420769
0.80565496
0.80710219
0.8085494
0.80999657
0.81144372
0.81289083
0.81433791
0.81578496
0.81723197
0.81867895
0.8201259
0.82157281
0.82301968
0.82446653
0.82591333
0.8273601
0.82880684
0.83025353
0.8317002
0.83314682
0.8345934
0.83603995
0.83748646
0.83893293
0.84037936
0.84182575
0.8432721
0.84471841
0.84616468
0.8476109
0.84905708
0.85050322
0.85194931
0.85339536
0.85484136
0.85628732
0.85773323
0.85917909
0.86062491
0.86207068
0.8635164
0.86496207
0.86640768
0.86785325
0.86929876
0.87074421
0.87218961
0.87363495
0.87508023
0.87652546
0.87797062
0.87941572
0.88086076
0.88230573
0.88375064
0.88519548
0.88664026
0.88808497
0.88952961
0.89097417
0.89241867
0.89386309
0.89530744
0.89675171
0.8981959
0.89964002
0.90108405
0.90252799
0.90397186
0.90541564
0.90685933
0.90830293
0.90974644
0.91118985
0.91263318
0.91407641
0.91551954
0.91696257
0.9184055
0.91984832
0.92129105
0.92273366
0.92417617
0.92561856
0.92706084
0.92850301
0.92994506
0.93138699
0.93282881
0.9342705
0.93571207
0.9371535
0.93859481
0.940036
0.94147705
0.94291797
0.94435875
0.94579938
0.94723988
0.94868024
0.95012045
0.95156053
0.95300045
0.95444022
0.95587984
0.9573193
0.95875861
0.96019776
0.96163675
0.96307558
0.96451424
0.96595273
0.96739105
0.9688292
0.97026718
0.97170498
0.9731426
0.97458004
0.97601729
0.97745435
0.97889122
0.9803279
0.9817644
0.9832007
0.9846368
0.9860727
0.98750839
0.98894388
0.99037916
0.99181423
0.9932491
0.99468376
0.9961182
0.99755242
0.99898641
1.0004202
1.0018537
1.0032871
1.0047202
1.0061531
1.0075857
1.0090181
1.0104503
1.0118822
1.0133139
1.0147454
1.0161766
1.0176075
1.0190383
1.0204687
1.0218989
1.0233288
1.0247585
1.0261879
1.0276171
1.0290461
1.0304747
1.0319031
1.0333312
1.0347591
1.0361866
1.0376139
1.0390409
1.0404677
1.0418942
1.0433204
1.0447464
1.046172
1.0475974
1.0490225
1.0504473
1.0518719
1.0532961
1.0547201
1.0561439
1.0575673
1.0589904
1.0604132
1.0618358
1.063258
1.06468
1.0661017
1.0675231
1.0689443
1.0703652
1.0717858
1.073206
1.074626
1.0760456
1.077465
1.078884
1.0803027
1.0817213
1.0831395
1.0845574
1.0859751
1.0873925
1.0888095
1.0902262
1.0916425
1.0930587
1.0944745
1.09589
1.0973052
1.0987202
1.1001349
1.1015492
1.1029632
1.1043768
1.1057902
1.1072032
1.1086158
1.1100279
1.1114398
1.1128515
1.1142628
1.1156737
1.1170843
1.1184947
1.1199049
1.1213148
1.1227241
1.1241328
1.1255414
1.1269497
1.1283577
1.1297651
1.1311722
1.132579
1.133986
1.1353928
1.1367991
1.1382049
1.1396101
1.1410152
1.1424202
1.1438254
1.1452302
1.1466346
1.1480382
1.1494414
1.1508443
1.152247
1.1536496
1.155052
1.1564542
1.1578562
1.1592583
1.1606604
1.1620625
1.1634642
1.1648655
1.1662664
1.1676671
1.1690676
1.1704683
1.1718693
1.1732702
1.1746705
1.1760697
1.1774676
1.1788643
1.1802607
1.1816578
1.1830562
1.1844559
1.1858556
1.1872533
1.1886473
1.1900368
1.1914225
1.1928069
1.1941925
1.1955805
1.1969665
1.1983368
1.1996591
1.2008485
1.2016634
1.2014239
1.2007219
1.1997999
1.1987157
1.197504
1.1961981
1.1948309
1.1934332
1.1920323
1.1906528
1.1893168
1.1880443
1.1868528
1.1857578
1.1847718
1.1839046
1.1831631
1.1825518
1.1820727
1.1817258
1.1815096
1.1814212
1.1814564
1.1816101
1.1818765
1.182249
1.182721
1.1832855
1.1839354
1.1846635
1.1854629
1.1863267
1.1872485
1.1882222
1.1892421
1.1903032
1.1914007
1.1925304
1.1936881
1.1948704
1.196074
1.1972961
1.198534
1.1997851
1.2010472
1.2023187
1.2035981
1.2048847
1.2061774
1.2074753
1.2087773
1.2100822
1.2113889
1.2126967
1.2140048
1.2153132
1.216623
1.217937
1.219253
1.2205693
1.221886
1.2232029
1.22452
1.2258371
1.2271542
1.2284712
1.2297882
1.231105
1.2324217
1.2337383
1.2350547
1.2363711
1.2376873
1.2390034
1.2403193
1.2416352
1.242951
1.2442667
1.2455822
1.2468978
1.2482132
1.2495286
1.250844
1.2521593
1.2534745
1.2547897
1.256105
1.2574201
1.2587353
1.2600505
1.2613656
1.2626808
1.263996
1.2653111
1.2666263
1.2679415
1.2692566
1.2705718
1.271887
1.2732022
1.2745174
1.2758326
1.2771478
1.278463
1.2797782
1.2810934
1.2824087
1.2837239
1.2850391
1.2863543
1.2876695
1.2889848
1.2903
1.2916152
1.2929304
1.2942457
1.2955609
1.2968761
1.2981914
1.2995067
1.300822
1.3021373
1.3034526
1.3047679
1.3060833
1.3073987
1.3087142
1.3100297
1.3113452
1.3126608
1.3139764
1.3152921
1.3166078
1.3179236
1.3192395
1.3205554
1.3218714
1.3231875
1.3245037
1.3258199
1.3271363
1.3284527
1.3297692
1.3310859
1.3324026
1.3337195
1.3350364
1.3363535
1.3376707
1.338988
1.3403054
1.341623
1.3429407
1.3442585
1.3455765
1.3468946
1.3482128
1.3495312
1.3508498
1.3521685
1.3534873
1.3548063
1.3561255
1.3574449
1.3587644
1.3600841
1.3614039
1.362724
1.3640442
1.3653646
1.3666852
1.368006
1.369327
1.3706481
1.3719695
1.3732911
1.3746129
1.3759348
1.377257
1.3785794
1.3799021
1.3812249
1.3825479
1.3838712
1.3851947
1.3865185
1.3878424
1.3891666
1.390491
1.3918157
1.3931406
1.3944658
1.3957912
1.3971168
1.3984427
1.3997688
1.4010952
1.4024219
1.4037488
1.405076
1.4064035
1.4077312
1.4090591
1.4103874
1.4117159
1.4130447
1.4143738
1.4157031
1.4170327
1.4183626
1.4196928
1.4210233
1.422354
1.4236851
1.4250164
1.426348
1.4276799
1.4290121
1.4303446
1.4316774
1.4330105
1.4343439
1.4356776
1.4370116
1.4383459
1.4396804
1.4410153
1.4423505
1.4436861
1.4450219
1.446358
1.4476944
1.4490312
1.4503683
1.4517056
1.4530433
1.4543813
1.4557197
1.4570583
1.4583973
1.4597366
1.4610762
1.4624161
1.4637564
1.4650969
1.4664378
1.467779
1.4691206
1.4704625
1.4718047
1.4731472
1.4744901
1.4758333
1.4771768
1.4785207
1.4798649
1.4812094
1.4825542
1.4838994
1.485245
1.4865908
1.487937
1.4892836
1.4906305
1.4919777
1.4933252
1.4946731
1.4960213
1.4973699
1.4987188
1.5000681
1.5014177
1.5027676
1.5041179
1.5054685
1.5068195
1.5081708
1.5095224
1.5108744
1.5122267
1.5135794
1.5149324
1.5162858
1.5176395
1.5189935
1.5203479
1.5217026
1.5230577
1.5244131
1.5257688
1.5271249
1.5284813
1.5298381
1.5311952
1.5325526
1.5339104
1.5352685
1.5366269
1.5379857
1.5393448
1.5407042
1.5420639
1.543424
1.5447844
1.5461452
1.5475062
1.5488676
1.5502293
1.5515914
1.5529537
1.5543164
1.5556794
1.5570426
1.5584063
1.5597702
1.5611344
1.5624989
1.5638638
1.5652289
1.5665944
1.5679601
1.5693262
1.5706925
1.5720592
1.5734261
1.5747933
1.5761608
1.5775286
1.5788967
1.5802651
1.5816338
1.5830027
1.5843719
1.5857414
1.5871111
1.5884812
1.5898515
1.591222
1.5925928
1.5939639
1.5953353
1.5967068
1.5980787
1.5994508
1.6008231
1.6021957
1.6035686
1.6049416
1.606315
1.6076885
1.6090623
1.6104363
1.6118106
1.613185
1.6145597
1.6159347
1.6173098
1.6186852
1.6200607
1.6214365
1.6228125
1.6241887
1.6255651
1.6269417
1.6283185
1.6296955
1.6310726
1.63245
1.6338276
1.6352053
1.6365833
1.6379614
1.6393396
1.6407181
1.6420967
1.6434755
1.6448545
1.6462336
1.6476129
1.6489923
1.6503719
1.6517516
1.6531315
1.6545116
1.6558917
1.6572721
1.6586525
1.6600331
1.6614138
1.6627947
1.6641757
1.6655568
1.666938
1.6683193
1.6697008
1.6710823
1.672464
1.6738458
1.6752277
1.6766097
1.6779918
1.679374
1.6807563
1.6821387
1.6835212
1.6849038
1.6862864
1.6876692
1.689052
1.6904349
1.6918179
1.693201
1.6945841
1.6959673
1.6973506
1.698734
1.7001174
1.7015009
1.7028845
1.7042681
1.7056518
1.7070355
1.7084193
1.7098032
1.7111871
1.7125711
1.7139551
1.7153392
1.7167234
1.7181075
1.7194918
1.7208761
1.7222604
1.7236448
1.7250292
1.7264137
1.7277982
1.7291828
1.7305674
1.7319521
1.7333368
1.7347215
1.7361063
1.7374911
1.7388759
1.7402608
1.7416458
1.7430308
1.7444158
1.7458008
1.7471859
1.748571
1.7499562
1.7513413
1.7527266
1.7541118
1.7554971
1.7568824
1.7582678
1.7596531
1.7610386
1.762424
1.7638095
1.765195
1.7665805
1.767966
1.7693516
1.7707372
1.7721229
1.7735085
1.7748942
1.7762799
1.7776657
1.7790514
1.7804372
1.781823
1.7832089
1.7845947
1.7859806
1.7873665
1.7887524
1.7901383
1.7915243
1.7929103
1.7942962
1.7956823
1.7970683
1.7984543
1.7998404
1.8012264
1.8026125
1.8039986
1.8053847
1.8067708
1.808157
1.8095431
1.8109293
1.8123155
1.8137016
1.8150878
1.816474
1.8178602
1.8192465
1.8206327
1.8220189
1.8234052
1.8247914
1.8261777
1.8275639
1.8289502
1.8303365
1.8317228
1.8331091
1.8344953
1.8358816
1.8372679
1.8386542
1.8400405
1.8414268
1.8428132
1.8441995
1.8455858
1.8469721
1.8483584
1.8497447
1.851131
1.8525173
1.8539036
1.8552899
1.8566762
1.8580625
1.8594488
1.860835
1.8622213
1.8636076
1.8649938
1.8663801
1.8677663
1.8691525
1.8705388
1.871925
1.8733112
1.8746974
1.8760835
1.8774697
1.8788558
1.880242
1.8816281
1.8830142
1.8844003
1.8857863
1.8871724
1.8885584
1.8899444
1.8913304
1.8927163
1.8941023
1.8954882
1.8968741
1.89826
1.8996458
1.9010316
1.9024174
1.9038032
1.9051889
1.9065746
1.9079603
1.9093459
1.9107315
1.9121171
1.9135027
1.9148882
1.9162737
1.9176591
1.9190445
1.9204299
1.9218153
1.9232006
1.9245859
1.9259712
1.9273564
1.9287416
1.9301267
1.9315119
1.932897
1.934282
1.9356671
1.937052
1.938437
1.9398219
1.9412068
1.9425917
1.9439766
1.9453614
1.9467462
1.9481309
1.9495157
1.9509004
1.952285
1.9536697
1.9550543
1.9564389
1.9578235
1.959208
1.9605926
1.9619771
1.9633616
1.964746
1.9661305
1.9675149
1.9688993
1.9702837
1.971668
1.9730524
1.9744367
1.975821
1.9772053
1.9785896
1.9799739
1.9813581
1.9827424
1.9841266
1.9855108
1.986895
1.9882792
1.9896633
1.9910475
1.9924316
1.9938157
1.9951999
1.996584
1.9979681
1.9993522
2.0007362
2.0021203
2.0035043
2.0048884
2.0062724
2.0076564
2.0090405
2.0104245
2.0118085
2.0131924
2.0145764
2.0159604
2.0173443
2.0187283
2.0201122
2.0214962
2.0228801
2.024264
2.0256479
2.0270318
2.0284157
2.0297996
2.0311835
2.0325673
2.0339512
2.035335
2.0367189
2.0381027
2.0394865
2.0408703
2.0422542
2.043638
2.0450218
2.0464055
2.0477893
2.0491731
2.0505569
2.0519406
2.0533244
2.0547081
2.0560919
2.0574756
2.0588593
2.060243
2.0616267
2.0630105
2.0643942
2.0657778
2.0671615
2.0685452
2.0699289
2.0713125
2.0726962
2.0740799
2.0754635
2.0768471
2.0782308
2.0796144
2.080998
2.0823816
2.0837652
2.0851488
2.0865324
2.087916
2.0892995
2.0906831
2.0920666
2.0934501
2.0948337
2.0962172
2.0976007
2.0989842
2.1003676
2.1017511
2.1031345
2.104518
2.1059014
2.1072848
2.1086682
2.1100516
2.1114349
2.1128183
2.1142016
2.1155849
2.1169682
2.1183514
2.1197347
2.1211179
2.1225011
2.1238843
2.1252675
2.1266506
2.1280337
2.1294168
2.1307999
2.132183
2.133566
2.134949
2.136332
2.137715
2.1390979
2.1404809
2.1418638
2.1432467
2.1446296
2.1460124
2.1473953
2.1487781
2.1501609
2.1515437
2.1529265
2.1543092
2.155692
2.1570747
2.1584575
2.1598402
2.1612229
2.1626056
2.1639883
2.1653709
2.1667536
2.1681363
2.1695189
2.1709016
2.1722843
2.1736669
2.1750496
2.1764322
2.1778149
2.1791976
2.1805802
2.1819629
2.1833456
2.1847283
2.186111
2.1874937
2.1888764
2.1902591
2.1916418
2.1930246
2.1944073
2.1957901
2.1971729
2.1985557
2.1999385
2.2013213
2.2027041
2.204087
2.2054698
2.2068527
2.2082356
2.2096185
2.2110014
2.2123844
2.2137673
2.2151503
2.2165333
2.2179163
2.2192993
2.2206823
2.2220653
2.2234484
2.2248315
2.2262146
2.2275977
2.2289808
2.2303639
2.231747
2.2331302
2.2345133
2.2358965
2.2372797
2.2386629
2.2400461
2.2414293
2.2428126
2.2441958
2.2455791
2.2469623
2.2483456
2.2497289
2.2511121
2.2524954
2.2538787
2.255262
2.2566453
2.2580286
2.2594119
2.2607953
2.2621786
2.2635619
2.2649452
2.2663286
2.2677119
2.2690952
2.2704785
2.2718619
2.2732452
2.2746285
2.2760118
2.2773951
2.2787784
2.2801617
2.281545
2.2829283
2.2843116
2.2856949
2.2870781
2.2884614
2.2898446
2.2912278
2.2926111
2.2939943
2.2953775
2.2967606
2.2981438
2.2995269
2.3009101
2.3022932
2.3036763
2.3050593
2.3064424
2.3078254
2.3092084
2.3105913
2.3119743
2.3133572
2.3147401
2.3161229
2.3175058
2.3188886
2.3202713
2.3216541
2.3230367
2.3244194
2.325802
2.3271846
2.3285671
2.3299496
2.331332
2.3327144
2.3340968
2.3354791
2.3368613
2.3382435
2.3396257
2.3410078
2.3423898
2.3437718
2.3451537
2.3465356
2.3479174
2.3492992
2.3506808
2.3520625
2.353444
2.3548255
2.3562069
2.3575883
2.3589696
2.3603508
2.361732
2.3631131
2.3644941
2.3658751
2.367256
2.3686368
2.3700175
2.3713982
2.3727788
2.3741594
2.3755399
2.3769203
2.3783006
2.3796809
2.3810611
2.3824413
2.3838214
2.3852014
2.3865813
2.3879613
2.3893411
2.3907209
2.3921006
2.3934803
2.3948599
2.3962395
2.397619
2.3989984
2.4003778
2.4017572
2.4031365
2.4045157
2.405895
2.4072741
2.4086532
2.4100323
2.4114113
2.4127903
2.4141692
2.4155481
2.416927
2.4183057
2.4196846
2.4210632
2.422442
2.4238206
2.4251993
2.4265777
2.4279565
2.4293348
2.4307135
2.4320917
2.4334703
2.4348484
2.436227
2.4376051
2.4389836
2.4403616
2.44174
2.443118
2.4444962
2.4458742
2.4472524
2.4486304
2.4500084
2.4513864
2.4527643
2.4541423
2.4555201
2.456898
2.4582758
2.4596536
2.4610314
2.4624092
2.4637869
2.4651646
2.4665422
2.4679199
2.4692975
2.4706751
2.4720526
2.4734302
2.4748077
2.4761851
2.4775626
2.47894
2.4803174
2.4816948
2.4830722
2.4844495
2.4858268
2.4872041
2.4885813
2.4899586
2.4913358
2.492713
2.4940901
2.4954672
2.4968444
2.4982215
2.4995985
2.5009756
2.5023526
2.5037296
2.5051065
2.5064835
2.5078604
2.5092373
2.5106142
2.511991
2.5133679
2.5147446
2.5161214
2.5174982
2.5188749
2.5202516
2.5216282
2.5230048
2.5243814
2.525758
2.5271345
2.528511
2.5298875
2.5312639
2.5326403
2.5340167
2.535393
2.5367693
2.5381455
2.5395217
2.5408978
2.5422739
2.54365
2.545026
2.546402
2.5477779
2.5491538
2.5505296
2.5519053
2.5532811
2.5546567
2.5560323
2.5574079
2.5587834
2.5601588
2.5615342
2.5629095
2.5642848
2.56566
2.5670351
2.5684102
2.5697853
2.5711603
2.5725352
2.5739101
2.5752849
2.5766597
2.5780344
2.5794091
2.5807837
2.5821582
2.5835328
2.5849072
2.5862817
2.587656
2.5890304
2.5904046
2.5917789
2.5931531
2.5945272
2.5959013
2.5972754
2.5986494
2.6000234
2.6013973
2.6027713
2.6041451
2.6055189
2.6068927
2.6082665
2.6096402
2.6110138
2.6123875
2.6137611
2.6151346
2.6165081
2.6178816
2.619255
2.6206283
2.6220017
2.623375
2.6247482
2.6261214
2.6274945
2.6288676
2.6302406
2.6316136
2.6329865
2.6343594
2.6357322
2.637105
2.6384777
2.6398503
2.6412229
2.6425954
2.6439678
2.6453402
2.6467125
2.6480847
2.6494569
2.650829
2.652201
2.6535729
2.6549447
2.6563165
2.6576882
2.6590597
2.6604312
2.6618026
2.6631739
2.6645451
2.6659162
2.6672872
2.6686581
2.6700289
2.6713996
2.6727702
2.6741406
2.675511
2.6768812
2.6782513
2.6796212
2.6809911
2.6823608
2.6837304
2.6850998
2.6864691
2.6878383
2.6892073
2.6905762
2.6919449
2.6933135
2.6946819
2.6960501
2.6974182
2.6987862
2.700154
2.7015216
2.702889
2.7042563
2.7056234
2.7069903
2.7083571
2.7097236
2.71109
2.7124562
2.7138222
2.715188
2.7165536
2.7179191
2.7192843
2.7206494
2.7220142
2.7233788
2.7247432
2.7261074
2.7274714
2.7288352
2.7301988
2.7315622
2.7329253
2.7342882
2.7356509
2.7370134
2.7383757
2.7397377
2.7410995
2.7424611
2.7438224
2.7451836
2.7465444
2.7479051
2.7492655
2.7506257
2.7519856
2.7533454
2.7547048
2.7560641
2.757423
2.7587818
2.7601403
2.7614986
2.7628566
2.7642144
2.7655719
2.7669292
2.7682863
2.7696431
2.7709997
2.772356
2.7737121
2.7750679
2.7764235
2.7777789
2.779134
2.7804889
2.7818435
2.7831979
2.7845521
2.785906
2.7872597
2.7886131
2.7899663
2.7913193
2.792672
2.7940245
2.7953768
2.7967288
2.7980806
2.7994322
2.8007835
2.8021346
2.8034855
2.8048362
2.8061866
2.8075369
2.8088868
2.8102366
2.8115862
2.8129355
2.8142846
2.8156336
2.8169822
2.8183308
2.819679
2.8210271
2.822375
2.8237226
2.8250701
2.8264174
2.8277644
2.8291113
2.8304579
2.8318044
2.8331507
2.8344968
2.8358427
2.8371884
2.8385339
2.8398793
2.8412245
2.8425695
2.8439143
2.8452589
2.8466034
2.8479477
2.8492918
2.8506358
2.8519796
2.8533233
2.8546667
2.8560101
2.8573532
2.8586963
2.8600391
2.8613818
2.8627244
2.8640668
2.8654091
2.8667512
2.8680932
2.8694351
2.8707768
2.8721184
2.8734598
2.8748012
2.8761424
2.8774834
2.8788244
2.8801652
2.8815059
2.8828465
2.8841869
2.8855273
2.8868675
2.8882076
2.8895476
2.8908875
2.8922273
2.893567
2.8949065
2.896246
2.8975853
2.8989246
2.9002637
2.9016028
2.9029417
2.9042806
2.9056194
2.906958
2.9082966
2.9096351
2.9109735
2.9123118
2.91365
2.9149881
2.9163262
2.9176641
2.919002
2.9203398
2.9216775
2.9230151
2.9243527
2.9256902
2.9270275
2.9283649
2.9297021
2.9310393
2.9323764
2.9337134
2.9350503
2.9363872
2.937724
2.9390607
2.9403973
2.9417339
2.9430704
2.9444069
2.9457432
2.9470795
2.9484158
2.9497519
2.951088
2.9524241
2.95376
2.9550959
2.9564317
2.9577675
2.9591032
2.9604388
2.9617744
2.9631099
2.9644453
2.9657807
2.967116
2.9684512
2.9697864
2.9711215
2.9724565
2.9737915
2.9751264
2.9764613
2.9777961
2.9791308
2.9804654
2.9818
2.9831346
2.984469
2.9858035
2.9871378
2.9884721
2.9898063
2.9911404
2.9924745
2.9938086
2.9951425
2.9964764
2.9978103
2.999144
3.0004777
3.0018114
3.003145
3.0044785
3.0058119
3.0071453
3.0084787
3.0098119
3.0111451
3.0124782
3.0138113
3.0151443
3.0164773
3.0178101
3.019143
3.0204757
3.0218084
3.023141
3.0244736
3.025806
3.0271385
3.0284708
3.0298031
3.0311353
3.0324675
3.0337996
3.0351316
3.0364636
3.0377955
3.0391273
3.0404591
3.0417908
3.0431225
3.044454
3.0457856
3.047117
3.0484484
3.0497797
3.0511109
3.0524421
3.0537732
3.0551043
3.0564353
3.0577662
3.059097
3.0604278
3.0617585
3.0630892
3.0644198
3.0657503
3.0670807
3.0684111
3.0697414
3.0710717
3.0724019
3.073732
3.0750621
3.076392
3.077722
3.0790518
3.0803816
3.0817113
3.083041
3.0843706
3.0857001
3.0870296
3.088359
3.0896883
3.0910176
3.0923468
3.0936759
3.0950049
3.096334
3.0976629
3.0989918
3.1003206
3.1016493
3.102978
3.1043066
3.1056351
3.1069636
3.108292
3.1096204
3.1109487
3.1122769
3.113605
3.1149331
3.1162612
3.1175891
3.118917
3.1202449
3.1215726
3.1229003
3.124228
3.1255556
3.1268831
3.1282105
3.1295379
3.1308652
3.1321925
3.1335197
3.1348468
3.1361739
3.1375009
3.1388279
3.1401548
3.1414816
3.1428084
3.1441351
3.1454617
3.1467883
3.1481148
3.1494413
3.1507676
3.152094
3.1534203
3.1547465
3.1560726
3.1573987
3.1587247
3.1600507
3.1613766
3.1627025
3.1640282
3.165354
3.1666796
3.1680053
3.1693308
3.1706563
3.1719817
3.1733071
3.1746324
3.1759577
3.1772828
3.178608
3.1799331
3.1812581
3.182583
3.1839079
3.1852328
3.1865576
3.1878823
3.189207
3.1905316
3.1918561
3.1931806
3.194505
3.1958294
3.1971537
3.198478
3.1998022
3.2011264
3.2024505
3.2037745
3.2050985
3.2064224
3.2077462
3.20907
3.2103938
3.2117175
3.2130411
3.2143647
3.2156882
3.2170117
3.2183351
3.2196584
3.2209817
3.2223049
3.2236281
3.2249512
3.2262743
3.2275973
3.2289203
3.2302432
3.231566
3.2328888
3.2342115
3.2355342
3.2368568
3.2381793
3.2395018
3.2408243
3.2421467
3.243469
3.2447913
3.2461135
3.2474356
3.2487577
3.2500798
3.2514017
3.2527237
3.2540455
3.2553673
3.2566891
3.2580108
3.2593324
3.260654
3.2619755
3.263297
3.2646184
3.2659398
3.267261
3.2685823
3.2699034
3.2712246
3.2725456
3.2738666
3.2751875
3.2765085
3.2778292
3.2791501
3.2804706
3.2817916
3.2831117
3.2844328
3.2857526
3.2870737
3.2883934
3.2897144
3.2910339
3.2923548
3.2936741
3.2949949
3.2963142
3.2976348
3.298954
3.3002745
3.3015936
3.3029139
3.3042329
3.3055531
3.306872
3.308192
3.3095109
3.3108306
3.3121496
3.313469
3.314788
3.3161071
3.3174261
3.3187451
3.320064
3.3213828
3.3227016
3.3240203
3.3253389
3.3266575
3.327976
3.3292945
3.3306129
3.3319312
3.3332495
3.3345677
3.3358858
3.3372039
3.3385219
3.3398398
3.3411577
3.3424755
3.3437933
3.345111
3.3464286
3.3477462
3.3490637
3.3503811
3.3516985
3.3530158
3.354333
3.3556502
3.3569673
3.3582844
3.3596014
3.3609183
3.3622351
3.3635519
3.3648686
3.3661853
3.3675019
3.3688184
3.3701349
3.3714512
3.3727676
3.3740838
3.3754
3.3767161
3.3780322
3.3793482
3.3806641
3.38198
3.3832957
3.3846115
3.3859271
3.3872427
3.3885582
3.3898737
3.391189
3.3925043
3.3938196
3.3951348
3.3964499
3.3977649
3.3990799
3.4003948
3.4017096
3.4030243
3.404339
3.4056536
3.4069682
3.4082826
3.409597
3.4109114
3.4122256
3.4135398
3.4148539
3.416168
3.4174819
3.4187958
3.4201097
3.4214234
3.4227371
3.4240507
3.4253642
3.4266777
3.4279911
3.4293044
3.4306176
3.4319308
3.4332439
3.4345569
3.4358698
3.4371827
3.4384955
3.4398082
3.4411208
3.4424334
3.4437458
3.4450582
3.4463706
3.4476828
3.448995
3.4503071
3.4516191
3.4529311
3.4542429
3.4555547
3.4568664
3.4581781
3.4594896
3.4608011
3.4621125
3.4634238
3.4647351
3.4660463
3.4673574
3.4686684
3.4699793
3.4712902
3.472601
3.4739117
3.4752224
3.4765329
3.4778434
3.4791538
3.4804642
3.4817744
3.4830846
3.4843947
3.4857048
3.4870147
3.4883246
3.4896344
3.4909442
3.4922539
3.4935635
3.494873
3.4961825
3.4974918
3.4988012
3.5001104
3.5014196
3.5027287
3.5040377
3.5053467
3.5066556
3.5079644
3.5092732
3.5105818
3.5118905
3.513199
3.5145075
3.5158159
3.5171243
3.5184326
3.5197408
3.521049
3.5223571
3.5236651
3.5249731
3.526281
3.5275888
3.5288966
3.5302043
3.531512
3.5328196
3.5341271
3.5354345
3.5367419
3.5380493
3.5393566
3.5406638
3.5419709
3.543278
3.5445851
3.5458921
3.547199
3.5485058
3.5498126
3.5511194
3.552426
3.5537326
3.5550392
3.5563457
3.5576521
3.5589585
3.5602648
3.5615711
3.5628772
3.5641834
3.5654894
3.5667955
3.5681014
3.5694073
3.5707131
3.5720189
3.5733246
3.5746302
3.5759358
3.5772413
3.5785468
3.5798522
3.5811575
3.5824628
3.583768
3.5850731
3.5863782
3.5876832
3.5889882
3.5902931
3.5915979
3.5929026
3.5942073
3.595512
3.5968165
3.598121
3.5994254
3.6007298
3.6020341
3.6033384
3.6046425
3.6059466
3.6072507
3.6085546
3.6098585
3.6111624
3.6124661
3.6137698
3.6150734
3.616377
3.6176805
3.6189839
3.6202872
3.6215905
3.6228937
3.6241968
3.6254999
3.6268029
3.6281058
3.6294087
3.6307114
3.6320142
3.6333168
3.6346194
3.6359218
3.6372243
3.6385266
3.6398289
3.6411311
3.6424332
3.6437352
3.6450372
3.6463391
3.6476409
3.6489426
3.6502443
3.6515459
3.6528474
3.6541489
3.6554502
3.6567515
3.6580527
3.6593539
3.6606549
3.6619559
3.6632568
3.6645577
3.6658584
3.6671591
3.6684597
3.6697602
3.6710606
3.672361
3.6736613
3.6749615
3.6762616
3.6775616
3.6788616
3.6801615
3.6814613
3.682761
3.6840607
3.6853602
3.6866597
3.6879591
3.6892584
3.6905577
3.6918568
3.6931559
3.6944549
3.6957538
3.6970527
3.6983514
3.6996501
3.7009487
3.7022472
3.7035456
3.7048439
3.7061422
3.7074404
3.7087385
3.7100365
3.7113344
3.7126323
3.71393
3.7152277
3.7165253
3.7178228
3.7191203
3.7204176
3.7217149
3.723012
3.7243091
3.7256062
3.7269031
3.7281999
3.7294967
3.7307934
3.7320899
3.7333864
3.7346829
3.7359792
3.7372754
3.7385716
3.7398677
3.7411637
3.7424596
3.7437554
3.7450511
3.7463468
3.7476424
3.7489378
3.7502332
3.7515285
3.7528237
3.7541189
3.7554139
3.7567089
3.7580038
3.7592986
3.7605933
3.7618879
3.7631824
3.7644769
3.7657712
3.7670655
3.7683597
3.7696538
3.7709478
3.7722417
3.7735355
3.7748293
3.7761229
3.7774165
3.77871
3.7800034
3.7812967
3.7825899
3.7838831
3.7851761
3.7864691
3.787762
3.7890548
3.7903475
3.7916401
3.7929326
3.7942251
3.7955174
3.7968097
3.7981019
3.799394
3.800686
3.801978
3.8032698
3.8045616
3.8058532
3.8071448
3.8084363
3.8097278
3.8110191
3.8123103
3.8136015
3.8148926
3.8161836
3.8174745
3.8187654
3.8200561
3.8213468
3.8226374
3.8239279
3.8252183
3.8265086
3.8277989
3.8290891
3.8303791
3.8316692
3.8329591
3.834249
3.8355387
3.8368284
3.838118
3.8394076
3.840697
3.8419864
3.8432757
3.8445649
3.8458541
3.8471432
3.8484322
3.8497211
3.8510099
3.8522987
3.8535874
3.854876
3.8561645
3.857453
3.8587414
3.8600297
3.8613179
3.8626061
3.8638942
3.8651822
3.8664701
3.867758
3.8690458
3.8703336
3.8716212
3.8729088
3.8741963
3.8754838
3.8767711
3.8780584
3.8793457
3.8806328
3.8819199
3.8832069
3.8844939
3.8857808
3.8870676
3.8883543
3.889641
3.8909276
3.8922142
3.8935006
3.894787
3.8960734
3.8973596
3.8986459
3.899932
3.9012181
3.9025041
3.90379
3.9050759
3.9063617
)
;

boundaryField
{
    leftSide
    {
        type            calculated;
        value           uniform 3.0327408;
    }
    rightSide
    {
        type            calculated;
        value           uniform 3.9076475;
    }
    emptywalls
    {
        type            empty;
        value           nonuniform 0();
    }
}


// ************************************************************************* //
