/*--------------------------------*- C++ -*----------------------------------*\
  =========                 |
  \\      /  F ield         | OpenFOAM: The Open Source CFD Toolbox
   \\    /   O peration     | Website:  https://openfoam.org
    \\  /    A nd           | Version:  7
     \\/     M anipulation  |
\*---------------------------------------------------------------------------*/
FoamFile
{
    version     2.0;
    format      ascii;
    class       volScalarField;
    location    "0.0002";
    object      mag(U);
}
// * * * * * * * * * * * * * * * * * * * * * * * * * * * * * * * * * * * * * //

dimensions      [0 1 -1 0 0 0 0];

internalField   nonuniform List<scalar> 
5000
(
8.4931163
8.4962763
8.4680047
8.4455405
8.4198957
8.3947946
8.3691579
8.3435974
8.3179522
8.2923173
8.2666717
8.241028
8.2153857
8.1897463
8.1641109
8.1384799
8.1128537
8.0872326
8.0616168
8.0360062
8.010401
7.9848012
7.9592068
7.9336178
7.9080341
7.882456
7.8568833
7.831316
7.8057543
7.7801981
7.7546475
7.7291025
7.703563
7.6780292
7.652501
7.6269784
7.6014614
7.57595
7.5504443
7.5249441
7.4994497
7.4739608
7.4484776
7.4229999
7.3975279
7.3720616
7.3466008
7.3211457
7.2956962
7.2702523
7.2448141
7.2193815
7.1939545
7.1685331
7.1431173
7.1177072
7.0923027
7.0669038
7.0415105
7.0161228
6.9907407
6.9653643
6.9399934
6.9146282
6.8892686
6.8639145
6.8385661
6.8132233
6.7878861
6.7625545
6.7372284
6.711908
6.6865932
6.661284
6.6359804
6.6106823
6.5853899
6.5601031
6.5348218
6.5095461
6.4842761
6.4590116
6.4337527
6.4084994
6.3832517
6.3580096
6.332773
6.3075421
6.2823167
6.2570969
6.2318827
6.2066741
6.1814711
6.1562736
6.1310817
6.1058954
6.0807147
6.0555395
6.03037
6.005206
5.9800475
5.9548947
5.9297474
5.9046057
5.8794696
5.854339
5.829214
5.8040946
5.7789808
5.7538725
5.7287698
5.7036726
5.6785811
5.6534951
5.6284146
5.6033398
5.5782705
5.5532067
5.5281485
5.5030959
5.4780489
5.4530074
5.4279715
5.4029411
5.3779163
5.3528971
5.3278834
5.3028753
5.2778728
5.2528758
5.2278843
5.2028985
5.1779182
5.1529434
5.1279742
5.1030106
5.0780525
5.0531
5.0281531
5.0032117
4.9782758
4.9533455
4.9284208
4.9035017
4.8785881
4.85368
4.8287775
4.8038806
4.7789892
4.7541034
4.7292232
4.7043485
4.6794794
4.6546158
4.6297578
4.6049053
4.5800584
4.5552171
4.5303813
4.5055511
4.4807264
4.4559073
4.4310938
4.4062858
4.3814834
4.3566865
4.3318952
4.3071095
4.2823293
4.2575546
4.2327856
4.2080221
4.1832641
4.1585117
4.1337648
4.1090236
4.0842878
4.0595576
4.034833
4.0101139
3.9854004
3.9606925
3.93599
3.9112932
3.8866018
3.8619161
3.8372359
3.8125612
3.787892
3.7632284
3.7385704
3.7139179
3.6892709
3.6646295
3.6399936
3.6153632
3.5907383
3.566119
3.5415052
3.5168969
3.4922941
3.4676968
3.4431051
3.4185188
3.393938
3.3693627
3.3447929
3.3202285
3.2956696
3.2711162
3.2465681
3.2220255
3.1974883
3.1729565
3.1484301
3.123909
3.0993932
3.0748828
3.0503777
3.0258778
3.0013831
2.9768937
2.9524094
2.9279303
2.9034562
2.8789872
2.8545232
2.8300642
2.8056101
2.7811608
2.7567164
2.7322767
2.7078417
2.6834113
2.6589854
2.6345641
2.6101471
2.5857345
2.5613261
2.5369219
2.5125218
2.4881258
2.4637337
2.4393454
2.4149609
2.3905802
2.3662031
2.3418295
2.3174595
2.2930929
2.2687297
2.2443699
2.2200134
2.1956602
2.1713104
2.146964
2.1226209
2.0982813
2.0739452
2.0496128
2.0252842
2.0009597
1.9766393
1.9523236
1.9280126
1.9037069
1.8794069
1.8551131
1.830826
1.8065464
1.7822749
1.7580124
1.7337599
1.7095182
1.6852887
1.6610725
1.636871
1.6126857
1.5885184
1.5643707
1.5402447
1.5161425
1.4920664
1.4680188
1.4440024
1.4200201
1.3960748
1.37217
1.3483089
1.3244954
1.3007332
1.2770266
1.2533798
1.2297975
1.2062843
1.1828454
1.1594861
1.1362117
1.113028
1.0899409
1.0669565
1.0440813
1.0213216
0.99868432
0.97617628
0.95380458
0.93157643
0.90949922
0.88758044
0.8658277
0.84424868
0.82285118
0.80164302
0.78063205
0.75982616
0.73923322
0.71886106
0.69871749
0.6788102
0.65914682
0.63973485
0.62058164
0.60169436
0.58308001
0.56474538
0.54669701
0.52894118
0.51148392
0.49433093
0.47748763
0.46095906
0.44474997
0.42886469
0.41330719
0.39808107
0.3831895
0.36863525
0.35442066
0.34054766
0.32701772
0.3138319
0.30099083
0.28849467
0.27634319
0.26453568
0.25307105
0.24194775
0.23116386
0.22071703
0.21060453
0.20082324
0.19136968
0.18224003
0.17343011
0.16493545
0.15675124
0.14887242
0.14129365
0.13400932
0.12701363
0.12030054
0.11386384
0.10769713
0.10179388
0.096147416
0.090750959
0.085597637
0.080680506
0.075992568
0.071526789
0.067276115
0.063233493
0.059391882
0.055744273
0.0522837
0.049003257
0.04589611
0.042955508
0.040174799
0.037547432
0.035066978
0.032727128
0.03052171
0.02844469
0.026490181
0.024652449
0.022925916
0.021305165
0.019784943
0.018360164
0.017025911
0.015777435
0.014610158
0.013519672
0.012501738
0.011552287
0.010667415
0.0098433826
0.0090766151
0.0083636955
0.0077013643
0.0070865148
0.0065161904
0.0059875799
0.0054980141
0.0050449614
0.0046260235
0.0042389308
0.0038815383
0.0035518207
0.0032478681
0.0029678811
0.0027101664
0.0024731326
0.0022552851
0.0020552218
0.0018716292
0.0017032776
0.0015490172
0.0014077739
0.0012785452
0.0011603967
0.001052458
0.00095391942
0.00086402823
0.00078208547
0.0007074427
0.00063949893
0.00057769767
0.0005215241
0.00047050245
0.00042419337
0.00038219157
0.00034412351
0.0003096452
0.00027844018
0.00025021756
0.00022471019
0.00020167295
0.0001808811
0.00016212881
0.00014522769
0.0001300055
0.00011630486
0.00010398212
9.2906245e-05
8.2957831e-05
7.4028154e-05
6.6018296e-05
5.8838334e-05
5.2406591e-05
4.6648934e-05
4.149814e-05
3.6893296e-05
3.2779249e-05
2.9106103e-05
2.5828755e-05
2.2906464e-05
2.0302457e-05
1.7983571e-05
1.5919919e-05
1.408459e-05
1.2453366e-05
1.1004476e-05
9.7183562e-06
8.5774445e-06
7.5659853e-06
6.6698547e-06
5.8764003e-06
5.1742951e-06
4.5534098e-06
4.0046889e-06
3.5200444e-06
3.0922576e-06
2.7148895e-06
2.3822005e-06
2.0890792e-06
1.8309776e-06
1.6038479e-06
1.4040942e-06
1.2285223e-06
1.0742965e-06
9.389029e-07
8.2011245e-07
7.1595051e-07
6.2466959e-07
5.4472327e-07
4.7474512e-07
4.1352859e-07
3.6000733e-07
3.1324112e-07
2.724005e-07
2.367555e-07
2.0566306e-07
1.7855709e-07
1.5493995e-07
1.343741e-07
1.1647573e-07
1.0090702e-07
8.7372882e-08
7.5613441e-08
6.5402027e-08
5.6540136e-08
4.8853028e-08
4.2188922e-08
3.6415166e-08
3.1414968e-08
2.7087145e-08
2.3343573e-08
2.0107024e-08
1.7310425e-08
1.4895052e-08
1.2809884e-08
1.1011314e-08
9.4605839e-09
8.1235637e-09
6.9721626e-09
5.9812257e-09
5.1282503e-09
4.3949714e-09
3.7648446e-09
3.222943e-09
2.7578879e-09
2.3589961e-09
2.016617e-09
1.7229531e-09
1.4715373e-09
1.256122e-09
1.0716654e-09
9.1424438e-10
7.7889397e-10
6.6355371e-10
5.65308e-10
4.8131939e-10
4.0929899e-10
3.477657e-10
2.9562079e-10
2.5131923e-10
2.1337752e-10
1.81126e-10
1.5350279e-10
1.3002302e-10
1.1038371e-10
9.348743e-11
7.9270696e-11
6.7072143e-11
5.6515983e-11
4.7927435e-11
4.0724854e-11
3.4369556e-11
2.9166886e-11
2.4555578e-11
2.0552993e-11
1.74812e-11
1.4670722e-11
1.246328e-11
1.0648633e-11
8.9222714e-12
7.4595347e-12
6.1684639e-12
4.9387227e-12
4.2027584e-12
3.6839704e-12
3.0331781e-12
2.3532506e-12
1.8074329e-12
1.597216e-12
1.3070426e-12
9.2350977e-13
8.1633188e-13
8.8134421e-13
6.039195e-13
4.4561396e-13
3.39467e-13
3.2821252e-13
3.9593891e-13
2.5587444e-13
2.5969666e-13
2.3219245e-13
4.348423e-14
2.8380414e-14
1.2247329e-13
1.348694e-13
1.3440318e-13
3.5486312e-14
1.4594009e-13
1.3464286e-13
1.6560342e-13
5.1429393e-13
2.2668842e-13
3.876077e-13
4.8178166e-13
5.7523854e-13
6.2531889e-13
4.7678221e-13
3.8472088e-13
2.5584194e-13
1.8642253e-13
2.4056516e-13
2.3026306e-13
5.5057783e-15
1.3390418e-13
5.3737941e-14
3.5526967e-14
2.5971838e-14
4.4670121e-14
1.6273509e-13
2.0866682e-13
2.558454e-13
5.1892318e-13
5.2252794e-13
4.8531148e-13
4.9319319e-13
6.9186934e-13
7.0817946e-13
6.1174161e-13
6.041982e-13
6.4660592e-13
5.6863271e-13
5.0562451e-13
4.3902345e-13
3.6457492e-13
5.7326285e-13
5.4208051e-13
3.3749705e-13
4.1856334e-13
3.0414578e-13
3.1747438e-13
3.6832363e-13
4.9936677e-13
4.7772419e-13
4.5874463e-13
3.0539605e-13
3.5678888e-13
3.664168e-13
3.3060203e-13
2.6782875e-13
2.6266851e-13
1.5312434e-13
2.3675818e-13
3.1237412e-13
2.2235368e-13
3.1493723e-13
3.4556998e-13
2.9486094e-13
9.5076421e-14
2.5667405e-13
1.5905709e-13
7.7310014e-14
2.1620721e-13
2.6704333e-14
6.3831631e-14
9.9851355e-14
4.7800725e-14
1.6127022e-13
7.1382442e-14
1.9846967e-13
1.2716433e-13
1.7789275e-13
7.0027283e-14
2.5217543e-13
6.7763662e-14
6.5330406e-14
2.21104e-13
1.4655253e-13
2.9007571e-13
3.1410531e-13
1.4831577e-13
1.8843275e-13
8.032778e-14
7.0709753e-14
2.6302445e-15
1.9751944e-13
9.3377012e-14
5.2271108e-14
2.4878326e-13
1.0196291e-13
1.9467731e-13
2.1230761e-13
5.739033e-14
8.8046285e-14
1.0040909e-13
2.0344252e-13
2.6311613e-13
1.1152114e-13
1.6884594e-13
2.7249871e-13
3.6036316e-13
3.5374023e-13
3.285559e-13
2.6314209e-13
1.9498225e-13
2.808514e-13
1.1266695e-13
2.2404641e-13
3.4324627e-13
4.6451181e-13
4.9564362e-13
4.5362043e-13
5.0761538e-13
3.7671791e-13
2.8763223e-13
2.6572849e-13
2.8132934e-13
1.1179432e-13
8.6197079e-14
8.2966804e-15
1.818371e-13
1.3986555e-13
2.4814085e-13
2.2048776e-13
3.0057692e-14
1.8858587e-15
1.1118336e-14
8.7019262e-14
9.7089436e-14
2.4106905e-13
1.5616084e-13
2.7480344e-13
2.3749517e-13
1.3871852e-13
1.4947155e-13
3.8196134e-13
3.2817144e-13
1.2698009e-13
2.3168284e-13
2.4718177e-13
2.1662739e-13
2.5532944e-13
3.6210517e-14
1.1725644e-13
2.5154193e-13
4.9812042e-14
6.1556501e-14
1.12216e-13
7.8520369e-14
5.1776974e-14
1.9303314e-14
8.857006e-15
1.1054039e-13
7.1823042e-14
1.2324354e-13
1.1923581e-13
3.737927e-14
4.4618851e-14
1.3274025e-13
1.2239369e-13
9.8861425e-15
8.4336651e-14
2.2724218e-13
2.3589428e-13
7.4014157e-14
6.5713564e-14
1.4087916e-13
8.1180223e-14
4.3003598e-14
6.8690826e-14
9.6706094e-14
3.5065434e-14
1.2405555e-13
1.7905557e-13
5.7108999e-15
1.4053746e-13
2.9944235e-13
4.0007203e-13
4.0500583e-13
4.6802337e-13
4.6490604e-13
4.4597654e-13
4.8579328e-13
2.9944786e-13
2.6962401e-13
3.6727234e-13
4.297076e-13
3.7196261e-13
4.2268667e-13
3.6313298e-13
3.3980734e-13
5.3071276e-13
5.9771539e-13
6.6539533e-13
4.9966512e-13
3.9946239e-13
3.1753039e-13
4.4352362e-13
5.6212368e-13
6.7100858e-13
5.3531258e-13
3.5278394e-13
4.7830869e-13
5.0596046e-13
4.4437618e-13
3.7406074e-13
5.4030666e-13
5.7864715e-13
2.8433113e-13
2.1150486e-13
3.504302e-13
5.3056751e-13
6.6522313e-13
6.7690682e-13
6.9386485e-13
5.6769617e-13
5.8191972e-13
6.2969742e-13
6.667401e-13
4.9128963e-13
4.2345868e-13
8.141377e-13
8.6938958e-13
7.5744132e-13
5.4497337e-13
5.8873797e-13
7.9807352e-13
7.7558659e-13
7.5558163e-13
7.2527012e-13
5.2676053e-13
3.835573e-13
3.6972148e-13
3.550777e-13
5.8189014e-13
5.6665221e-13
4.466062e-13
3.8442768e-13
2.9695118e-13
3.4569898e-13
3.0831266e-13
3.8013962e-13
3.9921921e-13
2.2729546e-13
2.8605054e-13
2.9395072e-13
3.3514483e-13
4.4225429e-13
4.034591e-13
5.4140162e-13
7.3654692e-13
6.8124009e-13
7.3472502e-13
9.5110276e-13
1.2497027e-12
9.7491199e-13
8.5637715e-13
9.8674415e-13
1.0138267e-12
8.8444626e-13
8.8022549e-13
8.1674132e-13
7.6589013e-13
1.0809855e-12
1.0809981e-12
1.1202556e-12
1.0643346e-12
8.3285047e-13
1.0080792e-12
8.8956884e-13
9.2206571e-13
1.1467869e-12
8.2569697e-13
6.9958093e-13
8.8477925e-13
7.9790284e-13
5.8896434e-13
6.6010408e-13
8.3094645e-13
8.1083716e-13
5.7476766e-13
6.8790604e-13
5.4352311e-13
3.2615234e-13
3.5488481e-13
3.7256013e-13
5.5276693e-13
4.6687829e-13
5.0280805e-13
6.1259739e-13
5.9516382e-13
5.9204718e-13
6.7431307e-13
9.9885331e-13
8.8440946e-13
7.4135253e-13
5.7340423e-13
5.8476943e-13
4.7268273e-13
6.5889972e-13
6.2613387e-13
5.2698984e-13
5.0053839e-13
5.3082547e-13
6.5740607e-13
9.2299713e-13
1.013297e-12
9.1063748e-13
7.7226264e-13
7.4692967e-13
9.7113895e-13
8.1291755e-13
6.0960421e-13
7.923314e-13
8.7518515e-13
8.4597061e-13
8.452813e-13
8.0827361e-13
1.0222176e-12
7.9122959e-13
3.717862e-13
5.433225e-13
7.0733125e-13
6.4408051e-13
7.1207825e-13
8.6666105e-13
9.0148052e-13
7.0773795e-13
7.1526033e-13
7.6042231e-13
6.6580035e-13
6.1042195e-13
5.7870114e-13
4.0063818e-13
5.2633518e-13
4.6923312e-13
7.1104264e-13
7.3659178e-13
7.3590315e-13
5.3079259e-13
6.7345175e-13
5.7326176e-13
5.5445468e-13
4.5308498e-13
3.1878952e-13
4.4035906e-13
2.2518713e-13
1.5016134e-13
3.7060004e-14
1.048458e-13
2.4434805e-13
5.1129417e-13
3.8556979e-13
4.6589862e-13
4.8895436e-13
2.0901584e-13
3.3989621e-13
3.2134042e-13
4.236968e-13
3.9253939e-13
4.0503978e-13
5.0539629e-13
4.4857776e-13
5.4257556e-13
5.156554e-13
2.7922071e-13
1.4612066e-13
6.5609807e-14
2.8257445e-13
1.1890654e-13
1.6322265e-13
4.4018154e-14
2.3729764e-13
3.3378271e-13
1.278058e-13
1.5598029e-13
7.234986e-14
2.7915877e-13
3.6024194e-13
4.1346893e-13
5.1304463e-13
3.2592264e-13
3.2537798e-13
5.7446796e-13
4.3064386e-13
3.6309606e-13
3.5455719e-13
1.9003028e-13
2.7705431e-13
3.5972299e-13
1.6665641e-13
6.5051543e-14
2.0759518e-13
1.9758978e-13
2.2342846e-13
2.8760882e-13
4.8567157e-13
5.401595e-13
6.2062424e-13
5.7613983e-13
4.5817514e-13
5.5443197e-13
3.8202528e-13
2.4355024e-13
4.1634466e-13
2.8853516e-13
2.2614095e-13
3.2842699e-13
3.7430274e-13
6.4803314e-13
6.3706937e-13
4.5220765e-13
3.3835788e-13
1.1460805e-13
1.3231146e-13
7.5360217e-14
6.1358627e-14
6.5101673e-14
8.2837508e-14
6.2019187e-14
9.3065088e-14
3.3259211e-13
3.5190576e-13
5.7070172e-13
5.7838436e-13
7.9409654e-13
8.9918488e-13
9.1634207e-13
7.1102938e-13
6.4129375e-13
7.1821239e-13
6.5679022e-13
7.1872517e-13
6.0019076e-13
6.7047071e-13
7.903219e-13
6.4518187e-13
5.4296584e-13
5.987352e-13
6.349073e-13
7.0063738e-13
6.8796223e-13
8.006007e-13
7.9048104e-13
7.945795e-13
8.0395228e-13
6.0326828e-13
6.1211878e-13
8.3556094e-13
8.7701785e-13
8.2801855e-13
6.1371224e-13
4.6831547e-13
5.3839804e-13
5.6679543e-13
5.4335351e-13
4.5049157e-13
4.365209e-13
3.2060702e-13
2.3636471e-13
1.2777327e-13
1.5614126e-13
3.4339846e-13
3.6188518e-13
2.0529288e-13
2.0716475e-13
1.4205417e-13
1.9431301e-13
1.4698858e-13
2.4394076e-13
1.1328662e-13
1.645975e-13
6.7092909e-14
2.3728935e-14
8.9187823e-14
1.183811e-13
2.0488559e-13
1.5661214e-13
1.243862e-13
2.3709436e-13
4.4282219e-13
3.1111788e-13
2.7666297e-13
1.6431049e-13
2.5767797e-13
3.3235515e-13
2.0766344e-13
1.448536e-14
3.8501156e-14
2.2109056e-13
2.9235288e-13
4.8761202e-13
5.0533864e-13
4.7022663e-13
3.757021e-13
3.2180112e-13
1.8798213e-13
1.4129221e-13
1.9332259e-14
8.8464139e-14
6.7671615e-14
1.2405181e-13
1.7367571e-13
1.8794266e-13
6.8865206e-14
5.8857054e-14
1.0838433e-13
2.100021e-13
8.1803509e-14
1.9650771e-13
1.5571542e-13
1.0605288e-13
1.068766e-13
1.0055498e-13
1.2288059e-13
1.8550458e-14
1.2129145e-13
2.8808992e-13
2.1485205e-13
1.4799723e-13
3.3382054e-13
3.1188833e-13
1.0968384e-13
2.4355783e-13
2.1805901e-13
4.3860261e-13
5.3639642e-13
4.0416816e-13
5.2162844e-13
1.5726227e-13
9.8423167e-14
1.3686373e-13
2.2770888e-13
1.7115124e-13
2.9585926e-13
2.1739278e-13
8.1853859e-14
2.9013238e-13
1.8017655e-13
1.3757507e-13
1.7419051e-13
9.969074e-14
2.1966791e-13
6.9657732e-13
5.49838e-13
4.9285616e-13
4.4583192e-13
2.8840552e-13
1.8487257e-13
1.8475028e-13
2.7151548e-13
3.0642757e-13
2.141136e-13
6.003438e-14
1.615111e-13
1.3643851e-13
5.7780459e-14
1.2975147e-13
2.8483649e-13
2.716641e-13
7.5283588e-14
1.8933048e-13
3.3532527e-13
1.9677356e-13
2.6097577e-13
3.90418e-13
2.4861213e-13
1.6543129e-13
1.4344091e-13
1.6360779e-13
2.8665992e-13
2.9272429e-13
3.2046072e-13
2.3010348e-13
1.3754296e-13
2.8495495e-13
3.9854093e-13
4.3872397e-13
3.4480924e-13
3.4137553e-13
2.6770759e-13
1.838828e-13
1.8136999e-13
2.1648174e-13
1.9932334e-13
2.4018037e-13
3.2922059e-13
2.7209631e-13
2.6012659e-13
2.3035618e-13
4.7774226e-13
4.9353978e-13
4.8335114e-13
3.7431057e-13
4.4211661e-13
4.5589241e-13
2.9749997e-13
6.5945123e-13
5.5632471e-13
6.3093451e-13
6.0340043e-13
5.9429738e-13
6.8003422e-13
4.5066027e-13
4.4520144e-13
3.7993173e-13
4.8160444e-13
3.8910405e-13
4.7479509e-13
3.7865033e-13
6.0329224e-14
1.1056319e-13
2.6886551e-14
5.6751445e-14
2.4404849e-13
1.2831534e-13
2.4537651e-13
3.2352178e-13
4.5305079e-13
5.2922813e-13
4.6449013e-13
3.4373181e-13
4.2004947e-13
3.6596611e-13
4.3397645e-13
2.1891419e-13
1.1643385e-13
1.513164e-13
3.8298602e-14
2.3922233e-13
1.4419981e-13
3.9225758e-13
3.1193607e-13
5.3221908e-13
3.3712531e-13
2.6794138e-13
4.7027359e-13
4.1948776e-13
3.7271072e-13
2.0236623e-13
2.2948066e-13
3.632065e-13
3.9463948e-13
4.2216379e-13
5.0419539e-13
3.5509205e-13
5.4262182e-13
3.2230524e-13
2.8814217e-13
3.9314706e-13
4.5343407e-13
5.8260763e-13
5.7806953e-13
7.9124917e-13
6.573945e-13
7.6656787e-13
6.0807562e-13
5.5576254e-13
7.263016e-13
9.1342892e-13
7.9824533e-13
7.9517987e-13
7.3317893e-13
8.1097976e-13
8.2185578e-13
8.2936282e-13
7.9385012e-13
7.6429644e-13
8.8020756e-13
7.2356649e-13
6.8190848e-13
5.9522683e-13
8.4535002e-13
7.3045524e-13
8.4191705e-13
8.2652636e-13
7.6012088e-13
5.3706354e-13
5.1891639e-13
7.4791632e-13
8.1837208e-13
7.0730783e-13
5.2885033e-13
6.6352367e-13
3.4796034e-13
3.5382262e-13
2.3148978e-13
4.7812893e-14
1.0019939e-13
3.0203566e-13
1.837608e-13
2.917909e-13
4.7831616e-13
4.4261265e-13
2.6553732e-13
1.7076856e-13
9.5121818e-14
7.1963548e-14
2.1959313e-13
9.0639435e-14
1.0995336e-13
8.4280225e-14
7.6232176e-14
1.1360346e-13
2.8475049e-14
9.9735094e-14
1.500554e-14
3.3570437e-13
2.3868539e-13
2.6212878e-13
2.9530043e-13
1.9913029e-13
6.1019599e-14
6.8388706e-14
1.4178936e-13
1.8386397e-13
1.7168499e-13
6.3215524e-15
8.6107894e-14
2.043025e-14
1.5441312e-13
5.8373121e-14
7.3567544e-14
6.4080311e-15
6.087607e-14
1.2183083e-13
1.8644483e-13
1.3823423e-16
5.087256e-14
1.1397339e-13
9.2807499e-15
7.8577407e-14
8.6269969e-14
1.7332732e-13
1.9977135e-14
4.9080923e-14
4.7361136e-14
3.9302031e-15
1.3004749e-13
2.3313374e-13
3.6232459e-13
1.796614e-13
3.0037283e-13
1.7954926e-13
6.9588245e-14
2.1025644e-13
3.6944059e-14
1.4188132e-13
5.2348245e-14
3.9145907e-14
2.2442516e-13
3.223402e-13
2.8112965e-13
4.8404608e-13
5.181501e-13
5.7317659e-13
6.3588239e-13
6.0152578e-13
8.8075117e-13
9.8080052e-13
6.6527832e-13
8.1437259e-13
1.109901e-12
8.3619051e-13
7.7679107e-13
7.0841077e-13
7.1885993e-13
7.3341168e-13
7.5107269e-13
6.9487896e-13
5.3197411e-13
6.6819506e-13
4.9392456e-13
4.9235457e-13
4.5776554e-13
2.7118032e-13
2.4516859e-13
1.1281474e-13
8.6378996e-14
4.6554148e-14
2.6105879e-14
1.030379e-13
9.6743333e-14
3.4117234e-14
1.6904365e-13
2.7804211e-13
3.2250607e-13
4.3041339e-13
5.3463314e-13
6.270747e-13
7.587458e-13
5.0555739e-13
5.3418792e-13
5.2640005e-13
4.6677211e-13
5.6478237e-13
7.3028757e-13
5.5497202e-13
6.625615e-13
6.8680826e-13
4.00298e-13
4.9977652e-13
4.2931857e-13
2.9185897e-13
4.6493532e-13
5.4039602e-13
5.283717e-13
6.3421076e-13
5.6008072e-13
4.7301184e-13
2.6824012e-13
5.2163323e-13
6.3315566e-13
5.9416407e-13
6.1695008e-13
5.0574215e-13
6.350787e-13
4.4063364e-13
4.264743e-13
4.0046579e-13
2.388675e-13
3.1848632e-13
4.0244529e-13
3.8203888e-13
3.7897183e-13
3.6408961e-13
3.3279611e-13
2.7863746e-13
3.1835979e-13
1.2936412e-13
2.2005828e-13
2.6960141e-13
4.4040094e-13
2.6895999e-13
1.1360798e-13
2.8381375e-13
2.3215529e-15
1.9394154e-14
2.1662894e-15
1.3732487e-13
1.3445777e-13
9.1970691e-14
1.2848919e-13
2.3205832e-13
2.6309635e-13
5.0245907e-13
4.6295436e-13
7.9961335e-13
9.2989552e-13
7.1040861e-13
6.516683e-13
4.8060697e-13
7.012006e-13
6.5050577e-13
6.8354669e-13
6.6266525e-13
7.5053879e-13
5.1795016e-13
3.7643336e-13
3.6286153e-13
4.1237143e-13
1.6969385e-13
1.8223718e-13
2.1257719e-13
3.8450557e-14
3.7297445e-14
2.5352818e-13
2.8541627e-13
2.1080271e-13
3.4162986e-13
3.3124816e-13
6.5168166e-13
6.0651908e-13
5.4693939e-13
5.2149932e-13
4.586847e-13
6.0891212e-13
6.217698e-13
5.6129661e-13
5.2344205e-13
4.0812639e-13
4.7802913e-13
3.3641448e-13
3.7692351e-13
5.162762e-13
4.3341467e-13
4.4394554e-13
5.1639766e-13
5.7805775e-13
3.3691883e-13
3.6769526e-13
5.0700564e-13
3.9712662e-13
3.362032e-13
4.355732e-13
3.5271243e-13
4.6628455e-13
4.7573743e-13
4.2718505e-13
4.1716887e-13
2.1119741e-13
1.5498025e-13
1.7072765e-13
1.5451449e-13
1.2408487e-13
1.1387383e-13
8.2418749e-14
1.0382239e-13
5.7672462e-14
1.1608465e-13
3.3880784e-14
1.6671522e-13
9.9979545e-14
6.2629761e-14
3.1016432e-13
2.9495751e-13
4.1502026e-13
4.9326054e-13
6.0109028e-13
6.0482939e-13
5.6570607e-13
2.509234e-13
3.6997113e-13
4.6860127e-13
5.0056637e-13
4.1428873e-13
3.9955629e-13
3.4301932e-13
3.2737397e-13
4.8282204e-13
6.1088275e-13
6.7807681e-13
5.5789144e-13
5.0430878e-13
6.9513228e-13
5.7760799e-13
6.4594239e-13
8.2461193e-13
8.9140277e-13
8.9045591e-13
7.5357135e-13
7.271597e-13
7.6082674e-13
6.4329284e-13
4.7431569e-13
3.1586587e-13
2.3401155e-13
4.7642379e-13
5.7010885e-13
3.1845754e-13
3.1145739e-13
3.8525806e-13
3.9747794e-13
7.5058814e-13
6.4901315e-13
7.2436448e-13
5.8722254e-13
5.2624656e-13
4.2189926e-13
4.0401936e-13
4.1784103e-13
5.002432e-13
5.4543039e-13
3.860291e-13
5.092031e-13
4.6424208e-13
4.7567592e-13
1.588222e-13
2.0926903e-14
2.3375916e-14
4.1038531e-14
8.9258646e-14
7.1888861e-14
8.6389408e-14
1.3340858e-13
1.2291215e-13
1.4007868e-13
1.0013917e-13
1.3459476e-13
2.3946809e-13
4.174399e-13
4.0484641e-13
2.04386e-13
4.462072e-14
1.105684e-13
2.6180268e-13
2.2788868e-13
1.6881789e-13
1.7398032e-13
3.3859094e-14
3.9717252e-14
3.3851577e-15
1.7059101e-14
1.859631e-13
3.2698268e-13
4.1953927e-13
2.7266665e-13
2.0101337e-13
4.2437008e-13
4.6409545e-13
3.7960157e-13
5.150747e-13
4.9534413e-13
4.6056908e-13
2.7365542e-13
5.4475826e-14
1.1948458e-13
2.7395201e-13
3.1685958e-13
1.9688124e-13
5.0213913e-13
6.2886217e-14
1.2939001e-13
2.2799818e-13
1.2786842e-13
3.5816428e-14
1.4383477e-13
8.5269896e-14
2.9861403e-14
9.5976357e-14
4.0918771e-14
1.2843123e-13
8.1127286e-14
5.2786962e-14
1.0348357e-13
3.0904659e-13
3.7453161e-13
3.9446381e-13
3.0280217e-13
4.54272e-13
3.4168059e-13
3.4647463e-13
3.7221335e-13
2.9764381e-13
2.0224901e-13
5.8963279e-14
7.513868e-14
7.3708902e-14
1.8457274e-13
1.1841947e-13
2.1017914e-13
3.808894e-13
3.4525341e-13
2.5445203e-13
1.1178478e-13
2.153753e-13
2.0299839e-13
1.5552591e-13
5.4687005e-14
2.7294331e-14
1.3713241e-13
5.4770845e-14
5.9538022e-16
1.187572e-13
1.6400175e-13
1.9223589e-14
1.9549507e-13
2.4133487e-13
5.310824e-13
3.6029672e-13
3.8844231e-13
4.8419045e-13
4.2599202e-13
3.6818457e-13
3.2835741e-13
2.0835964e-13
7.3679781e-14
4.0776675e-14
9.8145064e-14
8.619267e-14
1.6100024e-13
1.6146539e-13
1.8980552e-13
1.297425e-13
8.1929769e-14
3.9227702e-14
5.4891356e-14
1.3723145e-13
7.6413169e-14
6.2477378e-14
7.8776793e-15
9.1994442e-14
7.2312488e-15
7.189782e-14
1.3905306e-13
1.3144621e-13
3.6961579e-13
5.1912051e-13
4.6301836e-13
5.9780486e-13
6.390385e-13
7.3895577e-13
7.5330261e-13
5.7455669e-13
8.5689236e-13
9.5235744e-13
9.1623015e-13
6.9772457e-13
6.6588825e-13
6.8659775e-13
5.7907597e-13
5.704636e-13
3.5147635e-13
2.9135779e-13
2.7972965e-13
4.7340738e-13
5.0025263e-13
3.107071e-13
2.099417e-13
3.4885356e-13
4.300853e-13
2.6813981e-13
1.5968741e-13
4.1273417e-13
4.7356307e-13
4.1852901e-13
1.4721439e-13
1.0143779e-14
2.3301569e-14
7.2768746e-14
1.4463714e-13
1.2526146e-13
2.8843183e-15
1.8991438e-13
3.8390054e-13
3.6503957e-13
1.5012226e-13
2.1449298e-13
2.0480804e-13
2.3189342e-13
2.3696287e-13
3.8290001e-13
6.1024509e-13
6.2789558e-13
4.5278605e-13
5.5122349e-13
5.1358964e-13
4.7302807e-13
6.1301224e-13
3.7998417e-13
4.0136988e-13
4.5371879e-13
4.6520823e-13
4.8690921e-13
6.6208855e-13
5.365375e-13
2.4755984e-13
2.0383616e-13
1.5723705e-13
1.9221179e-13
2.245387e-13
4.2509722e-13
4.5849505e-13
2.7039368e-13
1.1652678e-13
7.2549514e-14
1.0333876e-13
2.2487755e-13
3.5936972e-13
4.1044348e-13
2.8142093e-13
3.0665054e-13
4.0967752e-13
4.1977751e-13
3.1071073e-13
4.5769267e-13
6.9042558e-13
6.0703799e-13
7.860971e-13
7.9636024e-13
8.5386106e-13
9.1192272e-13
6.4489046e-13
8.4161831e-13
7.5885859e-13
5.3122828e-13
4.731996e-13
5.1504962e-13
6.594052e-13
4.5070123e-13
5.4824756e-13
7.4620957e-13
5.5296785e-13
4.6554508e-13
5.8818369e-13
5.7811885e-13
6.3921761e-13
7.1268419e-13
5.9330485e-13
8.0035266e-13
6.2491297e-13
5.761052e-13
5.310805e-13
5.3293567e-13
4.6188109e-13
1.9832785e-13
4.0570172e-13
2.6329693e-13
2.0550342e-13
1.9230501e-13
1.4840935e-13
4.0065315e-14
4.5875455e-14
5.9248951e-15
1.6913796e-13
3.0521162e-14
3.2781356e-15
1.5142295e-13
2.1454622e-13
1.3838663e-13
3.1961272e-13
2.6015158e-13
3.2684094e-13
3.1105706e-13
5.268618e-13
6.579216e-13
5.5584441e-13
5.4337053e-13
5.268797e-13
3.8082385e-13
3.1112653e-13
2.0094269e-13
8.5515221e-14
9.6153434e-14
1.9840841e-13
2.9945165e-13
2.777629e-13
1.8601209e-13
3.838175e-14
5.7449688e-14
2.54075e-14
3.1524043e-13
4.891138e-14
5.7883474e-14
2.3566073e-13
2.0398529e-13
1.2008635e-13
8.3119659e-14
1.9448602e-13
3.572938e-13
4.5146604e-13
4.5941101e-13
4.5520109e-13
5.7453399e-13
6.5648032e-13
7.0732076e-13
8.991359e-13
9.2877571e-13
1.0163257e-12
9.6024567e-13
9.4394979e-13
8.84781e-13
6.9658754e-13
6.2755588e-13
6.2014756e-13
5.7926072e-13
6.3271191e-13
6.8555004e-13
6.4981635e-13
5.8414061e-13
4.7131896e-13
2.4394261e-13
2.7048916e-13
4.2003528e-13
2.9984277e-13
3.0347653e-13
2.6913042e-13
1.077756e-13
1.4524951e-13
1.2939664e-13
8.9069504e-14
7.3063207e-14
1.9808687e-13
9.1764435e-14
1.4839796e-13
1.7624674e-13
6.7914503e-14
1.8924401e-13
2.0084855e-13
2.3390705e-13
2.1180778e-13
3.2685542e-13
5.8940946e-13
3.151927e-13
2.45794e-13
4.3134658e-13
3.0470312e-13
2.9258405e-13
1.9296355e-13
3.4656748e-13
4.7147009e-13
3.6140228e-13
2.4468305e-13
1.8096639e-13
2.2415212e-13
1.5664847e-13
1.6323023e-13
2.4230722e-13
1.4934155e-13
2.2506151e-14
1.3959484e-14
3.6605117e-14
1.0924295e-13
1.818955e-13
1.8207446e-13
2.1404962e-13
3.4388223e-13
5.1961715e-13
6.1223515e-13
7.1070579e-13
6.8668444e-13
5.631798e-13
7.3976931e-13
6.8771588e-13
7.7087097e-13
1.1595409e-12
1.4243471e-12
1.7094539e-12
2.0135819e-12
2.205272e-12
2.6676156e-12
3.1110925e-12
3.4709279e-12
4.1661817e-12
4.7622091e-12
5.6236375e-12
6.6452889e-12
7.8033933e-12
9.1244545e-12
1.1023007e-11
1.2987349e-11
1.551321e-11
1.890005e-11
2.2258971e-11
2.6352516e-11
3.1351055e-11
3.7779735e-11
4.5021311e-11
5.3892169e-11
6.4441079e-11
7.6575184e-11
9.1276828e-11
1.0876975e-10
1.3008426e-10
1.5501554e-10
1.8455298e-10
2.1943929e-10
2.6066602e-10
3.0992472e-10
3.6837079e-10
4.3765629e-10
5.1986494e-10
6.174356e-10
7.3208041e-10
8.6738535e-10
1.0275682e-09
1.2172884e-09
1.4418428e-09
1.7056226e-09
2.017253e-09
2.3851265e-09
2.8182534e-09
3.3285596e-09
3.9294741e-09
4.6366919e-09
5.4687067e-09
6.447412e-09
7.5973026e-09
8.9478196e-09
1.0533473e-08
1.2393601e-08
1.4575108e-08
1.7132535e-08
2.012914e-08
2.3638122e-08
2.7745206e-08
3.2549455e-08
3.816775e-08
4.473327e-08
5.2401189e-08
6.1353967e-08
7.1800625e-08
8.3983265e-08
9.8183722e-08
1.1472795e-07
1.3399141e-07
1.5640998e-07
1.824862e-07
2.1280122e-07
2.4802468e-07
2.8892853e-07
3.3640412e-07
3.914778e-07
4.5533133e-07
5.293221e-07
6.1501319e-07
7.142011e-07
8.2894744e-07
9.6161927e-07
1.1149302e-06
1.2919935e-06
1.4963742e-06
1.7321523e-06
2.0039985e-06
2.3172519e-06
2.6780139e-06
3.0932519e-06
3.5709152e-06
4.1200724e-06
4.7510583e-06
5.4756433e-06
6.3072255e-06
7.2610443e-06
8.3544226e-06
9.6070378e-06
1.1041227e-05
1.2682332e-05
1.4559078e-05
1.6704008e-05
1.9153962e-05
2.1950618e-05
2.5141094e-05
2.8778617e-05
3.2923277e-05
3.7642861e-05
4.3013786e-05
4.9122136e-05
5.6064814e-05
6.395082e-05
7.2902676e-05
8.3058e-05
9.4571249e-05
0.00010761565
0.00012238536
0.00013909777
0.00015799616
0.00017935256
0.0002034709
0.00023069048
0.00026138981
0.00029599083
0.00033496345
0.00037883066
0.00042817403
0.00048363973
0.00054594516
0.00061588613
0.00069434469
0.00078229769
0.00088082602
0.00099112474
0.001114514
0.0012524507
0.0014065418
0.0015785574
0.0017704465
0.0019843525
0.0022226308
0.0024878673
0.0027828984
0.0031108329
0.0034750741
0.003879345
0.0043277141
0.0048246237
0.005374919
0.00598388
0.0066572549
0.0074012953
0.0082227936
0.0091291227
0.010128277
0.011228916
0.012440412
0.013772893
0.015237299
0.016845431
0.018610003
0.020544702
0.022664244
0.024984435
0.027522232
0.030295807
0.03332461
0.036629438
0.0402325
0.044157486
0.048429635
0.053075804
0.058124537
0.063606134
0.069552718
0.075998304
0.082978859
0.090532371
0.098698906
0.10752067
0.11704205
0.12730969
0.1383725
0.15028174
0.16309101
0.17685632
0.19163607
0.2074911
0.22448468
0.24268248
0.26215262
0.2829656
0.30519425
0.32891377
0.35420156
0.38113725
0.40980259
0.44028132
0.47265914
0.50702353
0.54346365
0.5820702
0.62293526
0.66615212
0.71181512
0.76001942
0.81086085
0.86443564
0.92084024
0.98017108
1.0425243
1.1079955
1.1766796
1.2486702
1.32406
1.4029397
1.4853983
1.5715227
1.6613972
1.7551035
1.8527202
1.9543226
2.0599825
2.1697677
2.2837421
2.401965
2.5244912
2.6513705
2.7826477
2.9183622
3.0585476
3.203232
3.3524375
3.5061798
3.6644685
3.8273066
3.9946904
4.1666097
4.3430471
4.5239784
4.7093724
4.8991905
5.0933871
5.2919093
5.4946971
5.7016829
5.9127922
6.1279429
6.3470458
6.5700045
6.7967155
7.0270681
7.2609447
7.4982207
7.7387648
7.9824389
8.2290983
8.478592
8.7307627
8.9854468
9.2424751
9.5016724
9.762858
10.025846
10.290445
10.556459
10.823688
11.091926
11.360965
11.630592
11.900591
12.170741
12.440825
12.710606
12.979873
13.248382
13.515916
13.78224
14.047121
14.310338
14.571649
14.83084
15.087672
15.34193
15.59339
15.84183
16.087048
16.32882
16.566958
16.801252
17.031517
17.25757
17.479227
17.696334
17.908716
18.116238
18.318752
18.516131
18.708264
18.895032
19.076359
19.252146
19.422338
19.586874
19.745709
19.898824
20.046189
20.18782
20.323714
20.453904
20.578429
20.697332
20.810691
20.918565
21.021059
21.118258
21.210277
21.297238
21.379258
21.456491
21.52906
21.597132
21.660856
21.720389
21.775908
21.827564
21.875546
21.920006
21.96113
21.999086
22.034036
22.066164
22.095615
22.122574
22.14718
22.169597
22.189978
22.208452
22.225178
22.240268
22.253868
22.266084
22.277035
22.286837
22.295572
22.303359
22.310266
22.316391
22.321804
22.326571
22.330775
22.334452
22.337681
22.340494
22.342948
22.345084
22.346927
22.348534
22.349909
22.351102
22.352122
22.352996
22.35375
22.354383
22.354935
22.355393
22.355789
22.356124
22.356402
22.356648
22.356844
22.357021
22.357163
22.357287
22.357396
22.357482
22.357569
22.357632
22.357697
22.357754
22.357818
22.35788
22.357928
22.35798
22.358029
22.358091
22.358146
22.358194
22.358233
22.358257
22.358291
22.358357
22.358448
22.358508
22.358527
22.35855
22.358638
22.358746
22.358798
22.35882
22.358869
22.358959
22.359035
22.359066
22.359081
22.359095
22.35915
22.35924
22.359308
22.359335
22.359356
22.359415
22.359498
22.359558
22.359588
22.35963
22.359708
22.359786
22.359825
22.359844
22.359893
22.359962
22.360005
22.36003
22.360064
22.360118
22.360167
22.360207
22.360257
22.360311
22.360352
22.360352
22.36034
22.360354
22.360378
22.360412
22.360456
22.360482
22.360478
22.360474
22.3605
22.360548
22.360592
22.360633
22.360677
22.360718
22.360765
22.360813
22.360851
22.360877
22.360908
22.360939
22.360965
22.360979
22.361003
22.361043
22.361085
22.361133
22.361202
22.361252
22.361255
22.361232
22.361237
22.361247
22.361235
22.361225
22.361238
22.361235
22.361239
22.36127
22.361262
22.361223
22.361209
22.361222
22.361222
22.361227
22.361236
22.361252
22.361268
22.361289
22.361312
22.361324
22.361341
22.361365
22.361381
22.361388
22.361398
22.361414
22.361425
22.361439
22.361455
22.361473
22.361502
22.361509
22.361488
22.361472
22.361494
22.361505
22.361491
22.361458
22.361426
22.361404
22.361405
22.361409
22.361411
22.36141
22.36139
22.361343
22.361333
22.361337
22.361318
22.361279
22.361268
22.361271
22.36126
22.36124
22.361229
22.361227
22.361226
22.361214
22.361189
22.361161
22.361163
22.361164
22.361156
22.361143
22.361142
22.361138
22.361125
22.361123
22.361122
22.361114
22.361091
22.361088
22.361091
22.361083
22.361057
22.361046
22.36105
22.361044
22.361026
22.361019
22.361015
22.361005
22.36098
22.360976
22.360973
22.360961
22.360936
22.360926
22.360921
22.36091
22.360889
22.360872
22.360861
22.360846
22.360827
22.360822
22.360814
22.360797
22.360769
22.360756
22.360752
22.360742
22.360725
22.360708
22.360695
22.360681
22.360662
22.360647
22.360642
22.360633
22.360618
22.360598
22.360574
22.360565
22.360557
22.360545
22.360528
22.360504
22.360491
22.360486
22.360477
22.360462
22.360443
22.360422
22.360418
22.360415
22.360407
22.360393
22.360373
22.360348
22.36032
22.360292
22.36028
22.360275
22.360271
22.36027
22.360275
22.360283
22.360292
22.360307
22.360325
22.360344
22.360364
22.360384
22.360376
22.360331
22.360247
22.36015
22.360072
22.360118
22.360502
22.361884
22.365989
22.374787
22.370602
22.357957
22.358156
22.359931
22.35995
22.359882
22.359999
22.360123
22.360168
22.360202
22.360226
22.36023
22.360223
22.360211
22.360168
22.360143
22.360161
22.360154
22.360139
22.360128
22.360118
22.360109
22.360101
22.360095
22.360091
22.360086
22.36008
22.360074
22.360067
22.36006
22.36005
22.36004
22.360028
22.360016
22.360004
22.359992
22.359978
22.359964
22.359949
22.359933
22.359925
22.359916
22.359906
22.359902
22.359898
22.359891
22.359887
22.359881
22.359876
22.359873
22.359869
22.359867
22.359864
22.359857
22.35985
22.359849
22.359856
22.359861
22.359855
22.359849
22.359842
22.359832
22.35982
22.359815
22.359811
22.359806
22.359801
22.359796
22.359788
22.35978
22.359772
22.359763
22.359755
22.359746
22.359737
22.359728
22.359718
22.359706
22.359692
22.35968
22.359667
22.359652
22.359635
22.359618
22.359601
22.359583
22.359564
22.359543
22.359522
22.3595
22.359477
22.359453
22.359428
22.359402
22.359374
22.359346
22.359317
22.359287
22.359269
22.359261
22.359252
22.359244
22.359235
22.359225
22.359214
22.359203
22.359192
22.35918
22.359165
22.35915
22.359136
22.35912
22.359102
22.359082
22.359062
22.35904
22.359018
22.358994
22.358969
22.358955
22.358949
22.358943
22.358938
22.35893
22.35892
22.358913
22.358906
22.358896
22.358882
22.358868
22.358854
22.358838
22.358819
22.358798
22.358775
22.35875
22.358723
22.358711
22.358702
22.358691
22.35868
22.358668
22.358654
22.358638
22.358621
22.358603
22.358582
22.358568
22.358554
22.358537
22.35852
22.3585
22.358477
22.358451
22.358422
22.358389
22.358352
22.358318
22.358309
22.358303
22.358294
22.358285
22.358272
22.358257
22.35824
22.358225
22.358208
22.358188
22.358164
22.358133
22.358097
22.358046
22.35802
22.358027
22.358046
22.358042
22.358034
22.358021
22.357997
22.357968
22.357928
22.357865
22.357829
22.357838
22.357865
22.357851
22.357824
22.357777
22.357748
22.357766
22.35783
22.357818
22.357778
22.357747
22.357719
22.357717
22.357692
22.357684
22.357718
22.357789
22.357733
22.357696
22.35775
22.357841
22.357804
22.357774
22.3578
22.357793
22.357759
22.357767
22.357853
22.358051
22.358101
22.357994
22.357956
22.358031
22.358219
22.358207
22.358146
22.358203
22.35836
22.358503
22.358473
22.358432
22.35849
22.358662
22.358698
22.358622
22.358676
22.358835
22.358903
22.35892
22.358944
22.358944
22.358945
22.358953
22.358941
22.358904
22.358842
22.358759
22.358653
22.358513
22.358342
22.35814
22.357903
22.357627
22.357306
22.356935
22.356506
22.35601
22.355438
22.354779
22.35402
22.353148
22.352147
22.350999
22.349684
22.348181
22.346464
22.344507
22.34228
22.339748
22.336875
22.33362
22.329939
22.325781
22.321095
22.315819
22.309891
22.303241
22.295793
22.287465
22.278168
22.267808
22.256281
22.243477
22.229277
22.213556
22.196179
22.177002
22.155873
22.13263
22.107104
22.079114
22.048472
22.014978
21.978425
21.938598
21.895269
21.848204
21.797161
21.741889
21.682131
21.617622
21.54809
21.473262
21.392857
21.306592
21.214181
21.11534
21.009785
20.897232
20.777403
20.650025
20.514834
20.371574
20.220002
20.059887
19.891016
19.713196
19.526248
19.330025
19.124399
18.909272
18.684579
18.45028
18.206377
17.952907
17.68994
17.417594
17.136017
16.845412
16.54602
16.238117
15.922039
15.598146
15.26686
14.928634
14.583953
14.233364
13.877418
13.516727
13.151921
12.78364
12.412587
12.039435
11.664904
11.289719
10.914575
10.540236
10.167393
9.7967584
9.4290238
9.0648614
8.7049198
8.3498202
8.0001532
7.6564749
7.3193047
6.9891226
6.6663673
6.3514347
6.0446772
5.7464025
5.4568741
5.176311
4.904889
4.642741
4.3899588
4.1465948
3.9126634
3.6881435
3.4729806
3.2670889
3.0703544
2.8826369
2.7037724
2.5335764
2.3718454
2.2183603
2.0728881
1.9351843
1.8049955
1.6820607
1.5661138
1.4568853
1.3541037
1.2574972
1.1667949
1.0817283
1.0020322
0.92744567
0.85771293
0.79258412
0.73181588
0.67517188
0.62242324
0.57334885
0.52773565
0.4853788
0.44608178
0.40965647
0.37592311
0.34471028
0.31585483
0.2892017
0.26460379
0.24192181
0.221024
0.20178596
0.18409043
0.16782696
0.15289174
0.13918726
0.12662211
0.11511064
0.10457278
0.094933666
0.086123475
0.078077104
0.070733941
0.064037615
0.057935755
0.052379759
0.047324569
0.042728458
0.03855282
0.034761976
0.031322983
0.028205453
0.025381384
0.022824997
0.020512579
0.018422342
0.016534282
0.014830053
0.01329284
0.011907251
0.010659202
0.0095358252
0.0085253674
0.0076171066
0.0068012688
0.0060689516
0.0054120538
0.004823209
0.0042957248
0.0038235262
0.0034011029
0.0030234614
0.0026860796
0.0023848658
0.002116121
0.0018765034
0.0016629967
0.0014728801
0.0013037017
0.0011532534
0.0010195483
0.00090079957
0.00079540209
0.00070191463
0.00061904428
0.00054563197
0.00048063945
0.00042313735
0.00037229438
0.00032736753
0.00028769316
0.00025267898
0.00022179675
0.00019457568
0.00017059646
0.00014948598
0.00013091235
0.00011458068
0.00010022903
8.7624971e-05
7.6562351e-05
6.6858475e-05
5.8351538e-05
5.0898338e-05
4.4372219e-05
3.8661237e-05
3.3666519e-05
2.9300791e-05
2.5487071e-05
2.21575e-05
1.92523e-05
1.6718848e-05
1.4510845e-05
1.2587587e-05
1.0913309e-05
9.4566082e-06
8.1899287e-06
7.0891046e-06
6.1329574e-06
5.3029385e-06
4.5828128e-06
3.9583785e-06
3.4172197e-06
2.9484899e-06
2.5427185e-06
2.1916421e-06
1.8880542e-06
1.6256739e-06
1.3990305e-06
1.2033633e-06
1.0345297e-06
8.8892725e-07
7.6342697e-07
6.5531029e-07
5.6221988e-07
4.8211011e-07
4.1320585e-07
3.5397116e-07
3.0307634e-07
2.5936987e-07
2.2185556e-07
1.8967302e-07
1.6207923e-07
1.3843108e-07
1.1817508e-07
1.0083411e-07
8.5995377e-08
7.3304828e-08
6.2456752e-08
5.3188206e-08
4.5273524e-08
3.851788e-08
3.2754799e-08
2.7840152e-08
2.3651776e-08
2.0084388e-08
1.7046775e-08
1.4461849e-08
1.2263173e-08
1.0393941e-08
8.805108e-09
7.4558965e-09
6.311043e-09
5.3389579e-09
4.5144404e-09
3.8161461e-09
3.2241994e-09
2.7223164e-09
2.2977744e-09
1.9388986e-09
1.6351478e-09
1.3782354e-09
1.1606899e-09
9.7751316e-10
8.2293121e-10
6.9235456e-10
5.8226931e-10
4.8951726e-10
4.1128444e-10
3.4546978e-10
2.9021111e-10
2.4333955e-10
2.0379483e-10
1.7070057e-10
1.4301799e-10
1.1960035e-10
1.0007468e-10
8.366105e-11
7.005272e-11
5.8637533e-11
4.8804297e-11
4.0459719e-11
3.3785184e-11
2.8362582e-11
2.357595e-11
1.927868e-11
1.5952586e-11
1.3382465e-11
1.1032437e-11
9.1452782e-12
7.6019098e-12
6.2519372e-12
5.4181459e-12
4.5040548e-12
3.7662444e-12
2.9508551e-12
2.3969468e-12
2.0892475e-12
1.6423913e-12
1.4353921e-12
9.8394514e-13
9.4332146e-13
8.5109468e-13
4.8095977e-13
4.7583285e-13
4.8248928e-13
2.6653287e-13
6.1571489e-14
8.3655793e-14
3.7793835e-14
1.2236265e-14
2.4357272e-14
2.5243246e-14
6.3456541e-14
3.2557457e-15
2.8047357e-15
2.0233442e-14
8.7534712e-16
1.7222639e-13
2.0300984e-13
2.254019e-13
2.1551044e-13
1.6729854e-13
2.0760448e-13
2.051815e-13
1.0924809e-14
1.0198187e-13
6.4400088e-14
1.2502227e-13
1.0701239e-13
1.2105178e-13
4.8777941e-14
6.5317652e-14
2.5244641e-13
1.7601934e-13
1.1982259e-13
2.6846487e-14
9.3362761e-15
3.247265e-15
1.238075e-13
9.9280272e-14
3.5840423e-14
6.816251e-14
2.0891773e-13
8.559759e-14
8.8291826e-15
1.0279376e-13
1.0128122e-13
1.0066189e-13
1.610416e-13
8.9202299e-14
1.3514859e-13
4.0434122e-14
1.2464157e-13
2.1929228e-13
2.1187467e-13
3.0143674e-13
2.5203761e-13
1.9645041e-13
3.2696467e-13
2.1222145e-13
2.0393359e-13
1.3765078e-13
3.7989988e-14
1.7774598e-13
1.6585521e-13
1.5345441e-13
2.1315943e-13
1.4347203e-13
1.3223645e-13
1.7860346e-13
1.9148698e-13
2.8404167e-13
1.9833644e-13
3.3535122e-13
1.6683601e-13
2.3765822e-13
1.5060167e-13
1.4721162e-13
6.8862466e-14
1.1995568e-14
1.3013915e-13
5.9479284e-14
3.3246388e-14
1.6320114e-13
1.9580418e-13
2.0957759e-13
1.976782e-13
2.0885429e-13
2.3424512e-13
1.5065249e-13
2.5071699e-13
1.6512485e-13
2.2417008e-13
3.9015686e-14
3.8781067e-14
6.6316195e-14
2.4355668e-13
1.8510138e-13
3.2170152e-13
1.290931e-13
2.3146999e-13
2.7133556e-13
1.7198306e-13
2.3483894e-13
3.6055777e-13
4.5777753e-13
6.1926337e-13
6.0495164e-13
3.3995197e-13
3.2797663e-13
2.310538e-13
2.5376396e-13
1.4871471e-13
1.2566719e-13
2.2227594e-13
3.1374536e-13
4.0978377e-13
3.3263058e-13
3.9339483e-13
5.3727964e-13
4.4986452e-13
3.1306391e-13
2.4157471e-13
2.9646464e-13
4.1092797e-13
3.0180964e-13
2.7129233e-13
2.0594424e-13
2.6697668e-13
2.4880803e-13
1.5036423e-13
2.0093364e-13
1.205375e-13
7.1257633e-14
8.420861e-14
1.9291314e-13
8.6550015e-14
2.3591884e-13
1.8656362e-13
1.2032906e-13
1.9298482e-13
2.2318074e-13
1.5095578e-13
1.4015738e-13
1.3961014e-13
5.0487549e-14
7.5142667e-14
1.4454504e-13
1.2385682e-13
1.3525404e-13
1.976802e-13
1.5662496e-13
1.0515783e-13
6.0385423e-14
1.9069657e-13
2.1902772e-13
3.8675751e-14
1.6478598e-13
1.3689996e-13
1.0389805e-13
1.72919e-13
1.6701659e-13
2.1702604e-13
3.2351533e-13
1.5482306e-13
1.5452381e-15
9.3732982e-14
1.1101862e-13
4.5738773e-14
7.3269162e-14
1.0003899e-13
1.0089277e-13
3.0357054e-14
1.3893598e-14
9.2610071e-14
2.4022774e-13
2.9336378e-13
1.3317511e-13
4.0364238e-14
1.7460431e-13
1.5832183e-13
1.0841855e-13
1.784818e-13
1.2636589e-13
4.0584609e-13
4.1738422e-13
4.2220361e-13
4.0573026e-13
2.576553e-13
1.1378993e-13
6.6477665e-14
1.5242761e-14
9.1568519e-14
2.8735619e-14
9.7604249e-15
9.3691168e-14
2.090864e-13
2.8975381e-13
2.1906377e-13
4.5047481e-13
3.7806943e-13
3.4881946e-13
2.7159176e-13
3.7481095e-13
3.4195416e-13
3.5664414e-13
2.0541728e-13
5.0224662e-14
1.8315065e-13
4.8981312e-14
5.8945343e-14
4.2481342e-14
1.2802954e-13
7.0358756e-15
3.7284579e-14
1.6645079e-14
5.7783451e-14
2.3912471e-14
3.4007165e-15
6.0365614e-14
4.6217796e-14
1.0559504e-13
5.610732e-14
1.4553983e-13
1.6994372e-13
2.2209016e-13
2.6160431e-13
2.7893177e-13
1.8234727e-13
1.3231103e-13
1.1433046e-13
9.7051813e-15
2.051818e-13
1.2037493e-13
3.5214295e-13
3.4319279e-13
3.0357728e-13
5.4678054e-13
3.1061021e-13
2.7796066e-13
4.2938438e-13
2.6012349e-13
2.3983865e-13
1.3107865e-13
2.9931418e-13
4.5973814e-13
1.654239e-13
3.9172136e-13
3.9418492e-13
4.1910542e-13
1.9000975e-13
1.5778126e-13
2.2667948e-13
6.7704021e-14
2.2015052e-13
1.6211101e-13
2.4406839e-13
1.6980012e-13
1.675767e-13
9.8366718e-14
3.016763e-14
1.3606674e-13
1.4641892e-13
2.0021055e-13
2.2325318e-13
2.3311174e-13
2.8330557e-13
2.2569536e-13
4.0101554e-13
2.1851247e-13
4.2776374e-13
4.2237983e-13
3.4976939e-13
3.1592053e-13
2.0450141e-13
2.6537779e-13
4.4014176e-15
9.6583295e-16
5.3332859e-14
4.5343031e-14
5.589247e-14
1.227539e-13
1.475705e-13
3.670379e-14
5.372632e-15
9.5565584e-14
5.0504269e-16
8.8242068e-14
1.1881487e-13
5.7962626e-14
5.7576378e-14
1.5249739e-15
1.2796586e-13
6.8268285e-14
2.7843855e-13
1.8869424e-13
2.0348871e-13
3.3851937e-13
3.165559e-13
1.7093806e-13
1.3389753e-13
2.4155601e-13
2.0019362e-13
1.223073e-13
2.8779332e-13
2.2888618e-13
3.9397151e-13
5.5123146e-13
2.3289598e-13
1.592633e-13
2.4384375e-13
2.5840322e-13
1.5782498e-13
1.9738599e-13
5.3852847e-13
2.2760053e-13
6.3812011e-15
1.7428833e-13
2.4998814e-13
2.8718327e-13
2.5088005e-13
3.1155383e-13
5.2429108e-13
5.5775689e-13
5.2649791e-13
6.6530305e-13
5.6333048e-13
5.0334323e-13
3.2390251e-13
2.3788338e-13
1.4601792e-13
2.0559894e-13
3.3845732e-14
4.733695e-14
4.3451616e-14
9.9525898e-14
1.1844715e-13
1.0563406e-13
1.4308193e-13
2.2475854e-13
1.1603193e-13
8.2707932e-14
1.9837997e-13
1.4536682e-13
2.0477703e-14
6.9192961e-15
2.8080383e-13
9.2979286e-14
6.0238391e-14
5.649464e-14
3.0576983e-14
2.0221785e-13
2.2254788e-14
7.1069949e-14
5.9093623e-14
9.7362586e-14
7.1408837e-14
6.7321018e-14
3.4658538e-14
2.1145351e-16
1.1955746e-13
1.4312923e-13
1.5968755e-13
2.174937e-13
2.0978796e-13
1.3163709e-13
3.202089e-13
3.0722191e-13
1.4294211e-13
1.1112611e-13
8.111989e-14
4.3903756e-14
1.2694096e-13
7.6212849e-14
1.9658236e-13
5.9209999e-14
1.7642705e-13
2.4460208e-13
1.6456663e-13
1.2889988e-13
5.9322873e-14
2.222165e-13
1.894584e-13
2.3162075e-13
1.413447e-13
3.3848643e-14
1.7110311e-13
1.8290107e-13
2.6584808e-13
1.209449e-13
6.6858526e-14
1.8201301e-14
1.74179e-13
3.2812284e-13
1.9805338e-13
1.8882615e-13
1.2792912e-13
2.5450689e-14
1.6063486e-13
1.3691506e-13
1.7404909e-13
1.4205342e-13
1.8012673e-13
8.0477425e-14
1.7948659e-13
1.6342143e-13
4.3520613e-14
9.444256e-14
9.1784152e-16
1.4617928e-13
1.4224293e-13
1.2251093e-13
1.4494985e-13
3.4293303e-14
8.4432592e-15
1.2788759e-13
2.1086005e-13
1.7110596e-14
3.8857688e-14
1.9695342e-13
2.5386521e-14
9.2153095e-14
1.5703629e-13
2.2279815e-13
1.7300522e-13
2.8517965e-13
3.0723086e-13
2.4352188e-13
2.4749144e-13
2.8668453e-13
2.4040106e-13
3.6474826e-13
3.2193978e-13
3.0739754e-13
4.6589573e-13
5.5002729e-13
4.7040074e-13
6.2061052e-13
5.6252617e-13
3.5646996e-13
3.5164488e-13
4.2431098e-13
5.2156121e-13
4.7432552e-13
6.1697689e-13
3.9622697e-13
4.9864207e-13
3.7387885e-13
1.8190946e-13
6.0077652e-14
2.7670056e-14
1.5621916e-13
4.240757e-14
2.6272156e-14
6.6623583e-14
8.0094666e-14
8.7255797e-14
2.509333e-13
3.6544176e-13
3.1597367e-13
1.1124026e-13
1.4057304e-13
1.2571789e-13
1.4317135e-13
1.1718987e-14
3.8545397e-14
2.1583012e-13
1.8443904e-13
2.5739444e-13
1.3134199e-13
1.428519e-13
8.2097483e-14
2.406769e-13
2.0828408e-13
2.3587256e-13
3.4360223e-13
3.3889139e-13
3.123235e-13
2.4372939e-13
2.4023887e-13
3.1547782e-13
2.5018228e-13
1.0940562e-13
1.2277482e-13
1.1417438e-13
2.1163437e-14
1.290402e-13
2.7345291e-13
1.1878696e-13
2.7593957e-14
1.4243121e-14
7.2570136e-15
8.7649092e-14
5.2247819e-14
1.6858105e-14
1.5707277e-14
6.8625684e-14
2.3804985e-14
1.0255074e-13
7.6335462e-14
3.4080569e-13
1.7707148e-13
1.7404451e-13
3.1838873e-13
3.8342218e-13
3.524669e-13
1.9781443e-13
1.7386293e-13
6.2652867e-14
2.1543474e-13
1.6965712e-13
1.6392815e-13
3.119585e-13
4.3107813e-13
3.5776142e-13
2.8048278e-13
2.5157295e-13
2.2706494e-13
2.6821767e-13
3.9925972e-13
4.3378642e-13
1.6491029e-13
2.8918479e-13
3.4133515e-13
3.3279136e-13
4.7917968e-13
4.596045e-13
3.303407e-13
3.2423946e-13
3.8203974e-13
2.509819e-13
2.6748897e-13
1.0129504e-13
3.7977247e-14
2.9629996e-13
1.7243728e-13
1.9961279e-13
2.8842874e-13
3.2812961e-13
3.0786709e-13
1.0750805e-13
1.2390397e-13
9.7349629e-14
8.1155677e-15
4.7129283e-14
2.496273e-13
1.1955851e-13
1.7556524e-13
1.396613e-13
9.4703816e-14
2.9328755e-13
1.1242174e-13
2.0224092e-13
7.1743435e-14
1.7502438e-13
1.6905253e-13
1.1789375e-13
1.0333486e-14
1.6113557e-13
1.5443335e-13
1.9375931e-13
2.3139176e-13
3.117101e-13
2.3657458e-13
2.1132524e-13
2.1940189e-13
5.329048e-14
3.3131266e-14
1.1257268e-13
1.5434631e-13
1.9839908e-14
1.7975489e-14
1.2819638e-13
1.296372e-13
3.5592694e-13
9.8795798e-14
1.6954463e-14
2.6244823e-13
1.8222913e-13
9.6639372e-14
3.503574e-14
7.9109206e-14
7.2264413e-14
2.197083e-13
1.1018582e-13
1.0167416e-14
1.5989587e-13
5.9398677e-14
1.2479329e-14
1.3202505e-13
2.5100515e-13
2.3580744e-13
1.6565073e-13
1.0275205e-13
7.8069909e-14
9.1406019e-14
7.7005705e-14
6.4114673e-14
1.7981236e-13
7.9815732e-14
5.9254926e-14
4.4509186e-14
4.8213936e-14
4.846335e-14
5.6599032e-14
8.6577951e-14
1.5943069e-13
1.9303938e-13
1.0402317e-13
8.0304045e-14
3.5424003e-14
1.0152551e-13
2.7911402e-14
1.409812e-13
2.8471753e-13
2.8067582e-13
3.2133464e-13
2.660378e-13
1.6693331e-13
1.1839148e-13
1.2443108e-13
1.5586891e-13
1.7247087e-14
9.7931876e-14
8.1339828e-14
1.016272e-14
5.2167479e-14
5.5375802e-14
1.4590658e-13
6.167675e-15
2.9031451e-15
7.5319555e-14
7.2654563e-15
1.1625368e-13
2.4413363e-13
3.1826256e-13
1.6211181e-13
1.7879021e-13
1.2809842e-13
4.3121474e-14
1.6618265e-13
4.8193946e-14
1.8785247e-13
1.640779e-13
2.510159e-13
2.1505073e-13
2.4548228e-13
8.2692112e-14
4.5384753e-14
3.2157392e-13
3.1665687e-13
3.3579741e-13
1.0285768e-13
3.1798492e-13
1.8925063e-13
5.4715656e-14
1.6900649e-13
2.2843686e-14
4.819014e-15
1.2217903e-13
4.8100586e-15
4.579425e-15
3.9523139e-16
1.5954136e-13
1.5276787e-13
2.222589e-13
4.3047444e-13
2.416675e-13
3.0250888e-13
5.218389e-14
1.2595097e-13
2.1925387e-13
2.6667858e-13
5.0323944e-13
4.3705434e-13
3.9955931e-13
3.5194788e-13
2.6505703e-13
2.5220701e-13
4.6877249e-13
3.026506e-13
3.6031015e-13
2.8914863e-13
1.0628775e-13
1.1274518e-13
3.8927072e-13
4.0886447e-13
3.3804314e-13
4.353473e-13
3.459205e-13
2.7574527e-13
2.8963001e-14
1.1698259e-13
2.2419159e-13
2.6053585e-14
1.0129429e-13
2.2969335e-13
6.1046131e-14
6.1500231e-14
1.7456137e-13
5.8853006e-14
1.197337e-13
1.2474691e-13
7.6511495e-14
1.5293053e-13
4.7468824e-14
1.5034711e-13
2.4307551e-13
2.1056971e-13
2.9531059e-13
1.5904362e-13
3.0244895e-14
3.8773683e-14
1.098086e-13
7.1136086e-14
4.9249272e-14
6.3013732e-15
2.1387463e-13
1.4057266e-13
2.2284692e-13
5.8815025e-14
2.1261276e-13
3.5599409e-14
3.9785135e-14
6.2488508e-14
5.9599728e-14
1.2284023e-13
1.260986e-14
3.002242e-13
1.3071673e-13
1.6793478e-13
1.6302635e-13
1.5642137e-13
2.0149795e-13
2.630099e-13
1.3167504e-13
3.8040915e-14
1.2470508e-13
1.0221058e-14
1.1096738e-13
9.439352e-14
1.2021635e-13
2.4621248e-13
3.6276102e-13
2.5151326e-13
1.7163104e-13
9.2543856e-14
2.9595203e-14
1.886339e-14
1.0449676e-13
6.9146532e-15
5.3313566e-14
3.2575808e-14
2.1174699e-15
4.7182436e-14
2.7103325e-14
1.5608055e-13
5.6573098e-14
1.3322818e-13
2.1053e-13
2.4221153e-13
2.1890561e-13
1.8603154e-13
1.2419852e-13
2.7892275e-14
1.9011974e-13
3.0174271e-13
3.9139996e-14
6.4433301e-14
3.4513224e-14
4.4311831e-14
4.8166818e-14
1.1982157e-14
9.9080048e-14
9.8031912e-14
1.7993855e-13
1.1637828e-13
9.6774536e-14
1.8164489e-13
6.2087529e-14
1.7719483e-14
2.7490215e-13
3.1207024e-13
1.648219e-13
3.0496657e-13
2.9586562e-13
1.2738273e-13
1.3022208e-13
7.1338079e-14
1.7307995e-13
3.3581108e-13
1.9486732e-13
3.0568726e-13
4.038059e-13
7.7127245e-14
9.5824899e-14
1.7234672e-14
3.970067e-14
2.6681332e-14
6.8932776e-14
3.473963e-16
3.3191086e-13
3.0730636e-13
1.6480792e-13
2.0562368e-13
2.6367775e-13
4.0520335e-13
4.2335692e-13
3.3680521e-13
5.1681244e-13
4.9829026e-13
4.0955047e-13
4.6112204e-13
5.0360381e-13
5.497432e-13
4.0122051e-13
6.2515329e-13
4.6796977e-13
3.0528274e-13
3.7770977e-13
4.1567322e-13
3.3363365e-13
2.6405483e-13
1.753246e-13
2.3722328e-13
3.4147054e-13
4.0213225e-14
3.7926208e-14
5.193437e-14
1.1505099e-14
3.5648231e-14
1.0894754e-13
7.0159238e-14
9.2144634e-15
1.2008033e-13
6.1507641e-14
2.9137729e-13
2.6546847e-13
7.5306146e-15
1.5689323e-13
2.6240344e-13
4.0066197e-13
5.5811295e-13
3.5144191e-13
4.0761787e-13
3.6098352e-13
6.1506701e-13
5.4101475e-13
4.1749114e-13
4.2652341e-13
2.6950665e-13
2.9487936e-13
2.375169e-13
1.8425017e-13
2.5635794e-13
5.4373565e-14
4.3022469e-14
1.5212491e-13
7.7486316e-14
7.8174586e-14
3.2166061e-13
3.0992269e-13
3.7899313e-13
2.5683229e-13
4.079459e-13
7.1630664e-13
8.7230272e-13
8.4896037e-13
6.314927e-13
7.6143678e-13
6.7187924e-13
6.4590613e-13
6.8536691e-13
6.5356653e-13
5.6818409e-13
5.9856177e-13
4.5439374e-13
2.0173421e-13
2.7170724e-14
2.0993672e-13
2.2091197e-13
7.6144062e-14
1.3934145e-13
2.1515665e-16
6.806538e-14
2.8327033e-14
7.2920761e-14
2.0340724e-13
1.1633591e-13
3.1756246e-13
3.9103164e-13
1.6532878e-13
2.1866331e-13
3.2652451e-13
1.3409935e-13
9.1190679e-14
5.69304e-14
6.0698617e-14
2.5866992e-14
1.3043552e-13
2.0508626e-13
1.8758925e-14
9.0729847e-14
1.7916232e-13
9.2333095e-14
8.8825495e-14
2.7972646e-14
2.5540827e-13
2.6344484e-13
2.6072896e-13
5.6334347e-14
1.0323022e-13
1.7776636e-13
4.0415485e-14
9.5613681e-14
2.0201142e-13
3.1812128e-13
2.5293644e-13
3.3706132e-13
3.052884e-13
1.7388953e-13
1.9011537e-13
1.0183445e-13
8.4508183e-14
9.4821002e-14
4.7810576e-14
6.2401206e-15
1.8972598e-14
1.0818484e-13
6.5307828e-14
4.3369925e-15
1.2178702e-13
6.1463668e-14
1.2302867e-13
1.1518645e-14
8.3505861e-15
1.0542061e-13
2.4485407e-13
1.0880441e-13
3.3321083e-13
2.3245159e-13
1.5720689e-13
4.2753987e-13
3.8556161e-13
2.6816301e-13
2.4924264e-13
3.1635533e-13
2.5521098e-13
2.3088669e-13
1.9651232e-13
1.9461903e-13
2.611672e-13
2.4920754e-13
2.2436649e-13
2.42196e-13
2.0180412e-13
2.4226588e-13
1.5370687e-13
2.2894667e-13
3.3236963e-13
3.4751058e-13
2.6276487e-13
3.3111261e-13
3.0698727e-13
2.9921507e-13
4.4349882e-13
5.7225892e-13
3.1216798e-13
2.1035684e-13
3.048763e-13
3.7827453e-13
2.4550249e-13
2.7237437e-13
5.1086658e-13
3.1237401e-13
2.617882e-13
1.1993225e-13
2.3719622e-14
2.6949074e-13
7.1498394e-14
4.5548496e-15
1.1752295e-13
2.2636917e-13
2.1407197e-13
3.5114545e-13
4.4529806e-13
6.0000921e-13
6.0921285e-13
4.4361974e-13
3.7032955e-13
3.7633872e-13
4.6021822e-13
4.6984402e-13
4.0967088e-13
2.5141024e-13
1.3469185e-13
1.4228264e-13
3.3317437e-13
4.4457826e-13
6.3612978e-13
6.0054377e-13
6.4334926e-13
6.7326176e-13
5.7031788e-13
5.4254683e-13
5.8606265e-13
6.1364635e-13
6.4432916e-13
7.3830684e-13
5.9102846e-13
6.3420027e-13
6.0867715e-13
6.5341855e-13
5.5690315e-13
7.1826225e-13
9.6829153e-13
7.8161685e-13
9.7020164e-13
8.5024656e-13
7.7423941e-13
9.5160486e-13
1.0066365e-12
8.5125986e-13
8.7300952e-13
8.4718001e-13
8.784828e-13
8.4789456e-13
4.6206306e-13
3.4278786e-13
2.3452837e-13
2.0291709e-13
1.2567435e-13
1.286957e-13
1.8080283e-13
1.5307895e-13
9.7713338e-14
3.1424152e-14
6.0962379e-14
1.5495029e-13
1.9907661e-13
2.7999513e-13
2.0353883e-13
3.7996346e-13
3.8865012e-13
3.4063773e-13
3.8706811e-13
2.6736726e-13
3.2255801e-13
3.9829123e-13
5.0546998e-13
6.3375673e-13
6.6813618e-13
6.9859075e-13
6.3095707e-13
7.8341315e-13
6.9556741e-13
5.5270394e-13
7.0720456e-13
5.5209961e-13
6.7599356e-13
5.9551907e-13
6.4223966e-13
6.8883175e-13
5.5009256e-13
5.4516889e-13
4.7739455e-13
4.2738086e-13
2.3698238e-13
3.284875e-13
4.0539439e-13
3.5183746e-13
3.1125171e-13
4.5586182e-13
6.3910629e-13
6.7550274e-13
4.5696967e-13
3.2559858e-13
3.2029612e-13
3.397368e-13
2.9315163e-13
4.882521e-14
1.8099e-13
1.6220106e-13
1.6805399e-13
1.5440533e-13
9.9902927e-14
6.8037271e-14
1.0288288e-14
1.3677566e-15
8.1686025e-14
1.6397306e-14
3.3786146e-14
1.0634533e-13
4.5860187e-14
8.1805163e-14
7.5704072e-14
1.5394885e-13
1.910318e-13
2.4364336e-13
1.256589e-13
1.7825611e-13
2.1636123e-13
1.4839905e-13
2.1660478e-13
1.4000797e-13
1.1501238e-13
3.5906e-14
9.9542694e-14
1.2858242e-13
9.4111108e-15
4.7973737e-14
9.4857499e-14
1.3601232e-13
1.1102987e-13
1.3566077e-13
1.0437582e-13
1.7214359e-13
1.6255328e-13
2.4814721e-13
1.6992613e-13
4.0046354e-13
2.0084663e-13
1.0190203e-13
1.5469438e-13
1.0669342e-13
1.5325466e-13
1.6924653e-13
6.6854488e-14
2.4116106e-13
1.6788517e-13
2.5127743e-13
1.9556385e-13
2.3568558e-13
4.1943294e-13
2.8470648e-13
3.3563631e-13
5.1871137e-13
6.740554e-13
3.4036125e-13
5.7553833e-13
5.9700598e-13
3.451771e-13
6.3712035e-13
5.3389715e-13
7.4360159e-13
8.6899331e-13
5.9143836e-13
6.0671989e-13
4.332133e-13
4.1922589e-13
3.9391119e-13
3.935419e-13
2.7491939e-13
3.7029491e-13
2.7009006e-13
1.828816e-13
2.9835804e-13
3.1663706e-13
5.0457226e-13
2.3010697e-13
3.32569e-13
2.6647147e-13
7.1245255e-14
1.7227705e-13
1.7492157e-13
4.0481924e-14
8.183706e-14
1.9931568e-13
2.2396498e-13
3.2926267e-13
2.5045103e-13
8.5385619e-14
1.6335952e-13
1.129169e-13
3.72925e-14
1.7875262e-13
1.1831498e-13
1.6381223e-13
2.3041966e-13
2.5996297e-13
2.9811503e-13
3.8336355e-13
4.6179834e-13
4.0872827e-13
4.4614275e-13
2.6851646e-13
5.4628947e-13
6.7526666e-13
6.2625288e-13
8.4667268e-13
7.2151728e-13
6.9563212e-13
8.6680828e-13
7.8695996e-13
6.0946329e-13
6.4772255e-13
6.5862268e-13
8.5164428e-13
9.8993012e-13
7.1659061e-13
7.447063e-13
5.525963e-13
6.8142907e-13
8.012061e-13
7.0055443e-13
8.505283e-13
8.3552562e-13
9.8630545e-13
1.0504971e-12
9.6733899e-13
1.0967176e-12
1.1514691e-12
1.0557836e-12
7.8175321e-13
7.5064399e-13
7.0324583e-13
5.8439739e-13
6.1133051e-13
5.9979743e-13
5.8518399e-13
5.1870359e-13
5.3653417e-13
5.5937809e-13
4.2667787e-13
3.9044322e-13
4.4677643e-13
3.9475189e-13
3.2273455e-13
1.9364204e-13
1.7647733e-13
1.4853622e-13
3.0999488e-13
2.7049372e-13
2.2383374e-13
4.2652631e-13
4.7683041e-13
3.744114e-13
3.4805493e-13
5.1560377e-13
4.8399254e-13
2.708115e-13
2.8076076e-13
6.8400288e-14
6.35468e-14
4.1802838e-14
4.6650198e-14
7.4198075e-14
1.7001808e-13
1.700244e-13
2.6386632e-13
4.8880286e-13
6.188866e-13
4.4492282e-13
3.7139201e-13
4.3301665e-13
2.529577e-13
2.6844334e-13
2.552997e-13
5.1814058e-13
3.9054407e-13
3.6698662e-13
2.5968892e-13
1.075785e-13
2.6471661e-13
3.5624948e-13
5.6498963e-13
6.369324e-13
4.7084537e-13
1.4713014e-13
2.1796392e-13
3.3676176e-13
2.6812859e-13
2.1564158e-13
5.4230001e-14
1.7740815e-13
1.646912e-13
5.8030911e-14
3.3043126e-14
1.7579117e-13
2.6862835e-13
9.1347511e-14
2.7496666e-14
8.0890662e-14
4.2995174e-14
1.1910605e-13
8.8219297e-14
2.1728667e-13
1.1275345e-13
1.6185025e-13
2.1447983e-13
1.8937527e-13
2.1143715e-13
8.1377874e-14
4.8257034e-14
1.1820164e-14
2.1008457e-14
9.1160663e-14
6.5646442e-14
1.0271463e-13
1.6908117e-13
1.6953213e-13
2.5403479e-13
2.4044396e-13
2.7269039e-13
1.9075299e-13
1.106442e-13
6.7648684e-14
1.7089333e-13
3.7835561e-13
3.1212918e-13
4.0407597e-13
2.7816439e-13
2.2915763e-13
2.8448037e-14
2.0757129e-14
8.4416364e-14
1.5237783e-13
1.1824895e-13
8.2558221e-14
3.8087386e-14
7.2500392e-14
1.2033726e-13
3.0299897e-13
2.0488757e-13
2.512399e-14
1.097628e-13
1.6650701e-13
1.4842396e-13
4.106024e-14
1.9562899e-14
1.3336053e-13
3.6000831e-13
5.4526374e-13
9.2013184e-13
1.1267273e-12
1.6586404e-12
1.9291138e-12
2.3062248e-12
3.0220794e-12
3.8008533e-12
4.6618169e-12
5.5892275e-12
6.6174212e-12
8.0003858e-12
9.565827e-12
1.1690713e-11
1.4126912e-11
1.6907643e-11
2.0154455e-11
2.3774138e-11
2.8296523e-11
3.349925e-11
3.9771165e-11
4.7441838e-11
5.6223562e-11
6.6595874e-11
7.8902769e-11
9.3436941e-11
1.1026984e-10
1.2975534e-10
1.5324507e-10
1.8075786e-10
2.1314327e-10
2.5142555e-10
2.9582478e-10
3.4781415e-10
4.0912417e-10
4.8092701e-10
5.6480203e-10
6.6349264e-10
7.7888365e-10
9.1385906e-10
1.0717831e-09
1.2561442e-09
1.4714768e-09
1.7231389e-09
2.0166213e-09
2.3591987e-09
2.7583213e-09
3.2228626e-09
3.764481e-09
4.395311e-09
5.1287122e-09
5.9813879e-09
6.9726624e-09
8.1243632e-09
9.4612005e-09
1.1012336e-08
1.2811031e-08
1.4896122e-08
1.7311547e-08
2.0107804e-08
2.3344715e-08
2.7088768e-08
3.1416511e-08
3.6416666e-08
4.21906e-08
4.8855048e-08
5.6542044e-08
6.5403385e-08
7.5614771e-08
8.737442e-08
1.0090809e-07
1.1647672e-07
1.3437535e-07
1.5494064e-07
1.7855813e-07
2.0566443e-07
2.367568e-07
2.7240122e-07
3.1324185e-07
3.6000834e-07
4.1352962e-07
4.7474641e-07
5.4472438e-07
6.2467072e-07
7.1595156e-07
8.2011321e-07
9.3890433e-07
1.0742978e-06
1.228523e-06
1.4040951e-06
1.6038491e-06
1.8309789e-06
2.0890809e-06
2.3822016e-06
2.7148902e-06
3.0922588e-06
3.5200459e-06
4.0046906e-06
4.5534113e-06
5.1742964e-06
5.876401e-06
6.6698558e-06
7.5659872e-06
8.5774462e-06
9.7183575e-06
1.1004477e-05
1.2453367e-05
1.4084591e-05
1.5919921e-05
1.7983572e-05
2.0302459e-05
2.2906466e-05
2.5828757e-05
2.9106104e-05
3.277925e-05
3.6893297e-05
4.1498142e-05
4.6648935e-05
5.2406591e-05
5.8838335e-05
6.6018297e-05
7.4028155e-05
8.2957831e-05
9.2906245e-05
0.00010398212
0.00011630487
0.0001300055
0.00014522769
0.00016212881
0.0001808811
0.00020167295
0.00022471019
0.00025021756
0.00027844018
0.0003096452
0.00034412351
0.00038219157
0.00042419337
0.00047050245
0.00052152411
0.00057769767
0.00063949893
0.0007074427
0.00078208547
0.00086402823
0.00095391942
0.001052458
0.0011603967
0.0012785452
0.0014077739
0.0015490172
0.0017032776
0.0018716292
0.0020552218
0.0022552851
0.0024731326
0.0027101664
0.0029678811
0.0032478681
0.0035518207
0.0038815383
0.0042389308
0.0046260235
0.0050449614
0.0054980141
0.0059875799
0.0065161904
0.0070865148
0.0077013643
0.0083636955
0.0090766151
0.0098433826
0.010667415
0.011552287
0.012501738
0.013519672
0.014610158
0.015777435
0.017025911
0.018360164
0.019784943
0.021305165
0.022925916
0.024652449
0.026490181
0.02844469
0.03052171
0.032727128
0.035066978
0.037547432
0.040174799
0.042955508
0.04589611
0.049003257
0.0522837
0.055744273
0.059391882
0.063233493
0.067276115
0.071526789
0.075992568
0.080680506
0.085597637
0.090750959
0.096147416
0.10179388
0.10769713
0.11386384
0.12030054
0.12701363
0.13400932
0.14129365
0.14887242
0.15675124
0.16493545
0.17343011
0.18224003
0.19136968
0.20082324
0.21060453
0.22071703
0.23116386
0.24194775
0.25307105
0.26453568
0.27634319
0.28849467
0.30099083
0.3138319
0.32701772
0.34054766
0.35442066
0.36863525
0.3831895
0.39808107
0.41330719
0.42886469
0.44474997
0.46095906
0.47748763
0.49433093
0.51148392
0.52894118
0.54669701
0.56474538
0.58308001
0.60169436
0.62058164
0.63973485
0.65914682
0.6788102
0.69871749
0.71886106
0.73923322
0.75982616
0.78063205
0.80164302
0.82285118
0.84424868
0.8658277
0.88758044
0.90949922
0.93157643
0.95380458
0.97617628
0.99868432
1.0213216
1.0440813
1.0669565
1.0899409
1.113028
1.1362117
1.1594861
1.1828454
1.2062843
1.2297975
1.2533798
1.2770266
1.3007332
1.3244954
1.3483089
1.37217
1.3960748
1.4200201
1.4440024
1.4680188
1.4920664
1.5161425
1.5402447
1.5643707
1.5885184
1.6126857
1.636871
1.6610725
1.6852887
1.7095182
1.7337599
1.7580124
1.7822749
1.8065464
1.830826
1.8551131
1.8794069
1.9037069
1.9280126
1.9523236
1.9766393
2.0009597
2.0252842
2.0496128
2.0739452
2.0982813
2.1226209
2.146964
2.1713104
2.1956602
2.2200134
2.2443699
2.2687297
2.2930929
2.3174595
2.3418295
2.3662031
2.3905802
2.4149609
2.4393454
2.4637337
2.4881258
2.5125218
2.5369219
2.5613261
2.5857345
2.6101471
2.6345641
2.6589854
2.6834113
2.7078417
2.7322767
2.7567164
2.7811608
2.8056101
2.8300642
2.8545232
2.8789872
2.9034562
2.9279303
2.9524094
2.9768937
3.0013831
3.0258778
3.0503777
3.0748828
3.0993932
3.123909
3.1484301
3.1729565
3.1974883
3.2220255
3.2465681
3.2711162
3.2956696
3.3202285
3.3447929
3.3693627
3.393938
3.4185188
3.4431051
3.4676968
3.4922941
3.5168969
3.5415052
3.566119
3.5907383
3.6153632
3.6399936
3.6646295
3.6892709
3.7139179
3.7385704
3.7632284
3.787892
3.8125612
3.8372359
3.8619161
3.8866018
3.9112932
3.93599
3.9606925
3.9854004
4.0101139
4.034833
4.0595576
4.0842878
4.1090236
4.1337648
4.1585117
4.1832641
4.2080221
4.2327856
4.2575546
4.2823293
4.3071095
4.3318952
4.3566865
4.3814834
4.4062858
4.4310938
4.4559073
4.4807264
4.5055511
4.5303813
4.5552171
4.5800584
4.6049053
4.6297578
4.6546158
4.6794794
4.7043485
4.7292232
4.7541034
4.7789892
4.8038806
4.8287775
4.85368
4.8785881
4.9035017
4.9284208
4.9533455
4.9782758
5.0032117
5.0281531
5.0531
5.0780525
5.1030106
5.1279742
5.1529434
5.1779182
5.2028985
5.2278843
5.2528758
5.2778728
5.3028753
5.3278834
5.3528971
5.3779163
5.4029411
5.4279715
5.4530074
5.4780489
5.5030959
5.5281485
5.5532067
5.5782705
5.6033398
5.6284146
5.6534951
5.6785811
5.7036726
5.7287698
5.7538725
5.7789808
5.8040946
5.829214
5.854339
5.8794696
5.9046057
5.9297474
5.9548947
5.9800475
6.005206
6.03037
6.0555395
6.0807147
6.1058954
6.1310817
6.1562736
6.1814711
6.2066741
6.2318827
6.2570969
6.2823167
6.3075421
6.332773
6.3580096
6.3832517
6.4084994
6.4337527
6.4590116
6.4842761
6.5095461
6.5348218
6.5601031
6.5853899
6.6106823
6.6359804
6.661284
6.6865932
6.711908
6.7372284
6.7625545
6.7878861
6.8132233
6.8385661
6.8639145
6.8892686
6.9146282
6.9399934
6.9653643
6.9907407
7.0161228
7.0415105
7.0669038
7.0923027
7.1177072
7.1431173
7.1685331
7.1939545
7.2193815
7.2448141
7.2702523
7.2956962
7.3211457
7.3466008
7.3720616
7.3975279
7.4229999
7.4484776
7.4739608
7.4994497
7.5249441
7.5504443
7.57595
7.6014614
7.6269784
7.652501
7.6780292
7.703563
7.7291025
7.7546475
7.7801981
7.8057543
7.831316
7.8568833
7.882456
7.9080341
7.9336178
7.9592068
7.9848012
8.010401
8.0360062
8.0616168
8.0872326
8.1128537
8.1384799
8.1641109
8.1897463
8.2153857
8.241028
8.2666717
8.2923173
8.3179522
8.3435974
8.3691579
8.3947946
8.4198957
8.4455405
8.4680047
8.4962763
8.4931163
)
;

boundaryField
{
    leftSide
    {
        type            calculated;
        value           uniform 8.4800259;
    }
    rightSide
    {
        type            calculated;
        value           uniform 8.4800259;
    }
    emptywalls
    {
        type            empty;
    }
}


// ************************************************************************* //
