/*--------------------------------*- C++ -*----------------------------------*\
  =========                 |
  \\      /  F ield         | OpenFOAM: The Open Source CFD Toolbox
   \\    /   O peration     | Website:  https://openfoam.org
    \\  /    A nd           | Version:  7
     \\/     M anipulation  |
\*---------------------------------------------------------------------------*/
FoamFile
{
    version     2.0;
    format      ascii;
    class       volScalarField;
    location    "0.0028";
    object      Uz;
}
// * * * * * * * * * * * * * * * * * * * * * * * * * * * * * * * * * * * * * //

dimensions      [0 1 -1 0 0 0 0];

internalField   nonuniform List<scalar> 
5000
(
0
0
0
0
0
-1.0793162e-21
-2.4305467e-36
3.5382014e-21
1.1968102e-21
-2.4398528e-21
-2.4527548e-21
1.2182251e-21
-1.0349541e-35
-1.0718176e-35
2.4410407e-21
-2.444191e-21
-9.7994554e-53
-1.0765752e-35
-1.2218402e-21
2.4435719e-21
1.2217229e-21
0
0
-1.2214349e-21
1.0413633e-35
-1.0065534e-35
-1.2210735e-21
1.2209303e-21
1.220778e-21
-1.2206181e-21
2.1332654e-35
-1.0404624e-35
-1.2200733e-21
1.2198717e-21
1.2196644e-21
0
0
-1.2190047e-21
-1.2187679e-21
1.2185232e-21
-2.0428999e-35
-1.2180211e-21
1.2177641e-21
-2.0589022e-35
-1.2172241e-21
1.21694e-21
-4.1840676e-35
4.1657202e-35
-4.181933e-35
2.0731526e-35
1.2153908e-21
0
0
0
0
0
0
0
0
0
0
0
0
-1.2040796e-21
-1.2017745e-21
1.197637e-21
-2.0594836e-35
2.4301197e-52
1.203564e-21
0
0
-1.199743e-21
-1.2000491e-21
0
1.2013603e-21
4.1634894e-35
-1.2084822e-21
-1.2051267e-21
1.1998538e-21
2.3970987e-21
-2.4034162e-21
6.8506664e-37
3.6005005e-21
-2.3841816e-21
-1.2412478e-34
2.3996432e-21
-3.5948826e-21
1.1937087e-21
1.1971215e-21
-1.1961856e-21
1.18912e-21
1.1898534e-21
4.1642711e-35
-2.3879917e-21
-8.2325501e-35
-1.193732e-21
-1.1930096e-21
-4.1612675e-35
8.2586237e-35
2.3848648e-21
1.1904774e-21
-1.1858053e-21
1.6909631e-37
1.1890994e-21
0
-1.1886813e-21
-4.135658e-35
1.1832944e-21
-1.1873446e-21
-1.1866981e-21
2.3584258e-21
1.1798948e-21
-3.5598567e-21
-1.1850368e-21
3.5322099e-21
-1.1780558e-21
-1.1847236e-21
-6.7247067e-37
-1.1752307e-21
3.527897e-21
-8.2676586e-35
-2.3662016e-21
2.3627403e-21
1.1805085e-21
-1.177796e-21
1.174084e-21
-1.1734025e-21
-2.3569361e-21
1.1772942e-21
4.0380596e-35
1.1698683e-21
2.3538564e-21
-1.1750715e-21
-1.1701133e-21
-1.1741656e-21
-4.0933291e-35
-4.0710445e-35
4.0842289e-35
2.3414814e-21
1.1731394e-21
-1.1717752e-21
-2.3278658e-21
-1.16426e-21
-1.1715597e-21
8.1142034e-35
2.3281114e-21
-3.3133062e-37
3.3109994e-37
-1.2131809e-51
1.1687069e-21
-8.1024041e-35
1.6203022e-34
1.1677244e-21
-1.1674559e-21
1.1593859e-21
4.0222196e-35
-1.1678647e-21
1.1666112e-21
-1.651e-37
-1.1665117e-21
0
1.1614207e-21
8.0706317e-35
-2.3321684e-21
1.1578977e-21
-3.2928637e-37
-1.1667925e-21
1.1659633e-21
-1.1575195e-21
1.158212e-21
-4.861135e-34
-3.2346567e-34
1.157664e-21
-2.3166949e-21
0
-8.0873395e-35
-2.4165082e-34
1.1665214e-21
1.1664339e-21
8.0079968e-35
-1.1669178e-21
1.1668913e-21
7.9951395e-35
4.9764765e-37
1.620536e-34
-2.3329254e-21
1.1632053e-21
1.1624598e-21
-8.0380126e-35
8.0542545e-35
-2.4124549e-34
8.0195528e-35
-1.1699216e-21
0
0
0
0
-1.1655943e-21
2.4406851e-34
1.1708128e-21
1.1663863e-21
-1.1715731e-21
-1.171954e-21
2.3277638e-21
8.0610333e-35
-2.4366701e-34
-1.1731319e-21
-1.1686571e-21
1.1739252e-21
0
1.1698332e-21
8.1325841e-35
-1.1755603e-21
-1.1675315e-21
1.6273357e-34
1.1774953e-21
-2.3544221e-21
1.1730793e-21
1.1785616e-21
-1.1784835e-21
1.1738571e-21
0
0
0
1.1810111e-21
-1.184633e-21
-2.3674753e-21
1.1832245e-21
-8.2092689e-35
1.1783304e-21
1.1789428e-21
-2.3720851e-21
3.3805461e-37
-3.3788252e-37
1.1885876e-21
1.1875765e-21
-2.3724725e-21
1.6804041e-37
-2.4659354e-34
1.1923158e-21
-6.6230453e-34
-1.6426352e-34
1.1855939e-21
-1.1952172e-21
0
-1.1983638e-21
1.1982325e-21
1.1974882e-21
-1.1965755e-21
0
-1.1948513e-21
1.2034851e-21
1.2037985e-21
-4.166209e-34
-2.4121103e-21
-2.4143797e-21
3.5995914e-21
2.4032497e-21
0
-2.4233796e-21
-1.208082e-21
1.2141507e-21
1.2183449e-21
1.2179005e-21
-2.435709e-21
-2.4335452e-21
1.2148254e-21
2.4324305e-21
3.3959001e-34
-2.450601e-21
1.2182222e-21
-1.6925338e-34
-1.2303536e-21
2.4617751e-21
-1.2274466e-21
1.7185606e-34
1.2353298e-21
-1.2320246e-21
1.2386188e-21
-2.4799601e-21
5.1601786e-34
2.4864884e-21
-2.487669e-21
-8.5819912e-35
1.2473335e-21
0
0
1.2532397e-21
-1.2534246e-21
-2.5139428e-21
1.2645384e-21
-3.5942278e-37
1.2643817e-21
1.2644127e-21
-1.2624336e-21
0
-1.2684499e-21
-1.2652845e-21
0
2.5523607e-21
1.2758632e-21
-2.5518717e-21
8.8299787e-35
-3.6256809e-37
1.2727164e-21
1.2706444e-21
-1.2718216e-21
1.2781461e-21
-1.2889943e-21
7.333127e-37
2.5732888e-21
-1.2935161e-21
-1.2952203e-21
-1.2879348e-21
-1.7894585e-34
1.3007925e-21
0
0
-1.3045293e-21
1.8127561e-34
-3.6132983e-34
-1.8190271e-34
1.3138936e-21
-1.3136079e-21
1.8667384e-37
1.3125902e-21
0
0
0
0
0
0
0
-1.3278074e-21
0
1.3222167e-21
0
-1.3387225e-21
-3.741371e-34
1.3412709e-21
0
0
-1.3288265e-21
-1.853828e-34
1.3421318e-21
0
0
-1.3454377e-21
-1.3442533e-21
1.3393538e-21
1.3404866e-21
0
-1.3506622e-21
1.9105006e-37
1.3463352e-21
-1.348681e-21
-1.348323e-21
1.3489816e-21
1.3498685e-21
0
-1.3604082e-21
-1.359135e-21
1.3503851e-21
1.3518791e-21
0
-1.3628734e-21
-1.3581454e-21
1.3647586e-21
1.3654661e-21
0
0
0
0
0
0
0
0
-1.37299e-21
-2.7484501e-51
1.3742181e-21
0
0
0
-1.3769254e-21
-1.9100399e-34
1.3673763e-21
-1.3685303e-21
1.9154529e-34
-1.9603301e-37
-1.908093e-34
1.3807779e-21
-1.3844024e-21
1.3811472e-21
-7.6527641e-34
-1.3765768e-21
1.3847385e-21
0
0
-1.386684e-21
-1.9260839e-34
1.3821871e-21
-1.3889169e-21
-1.3894758e-21
0
1.3911415e-21
1.3917281e-21
-1.3865782e-21
-3.8672031e-34
2.0113955e-51
-1.9210915e-34
1.3849168e-21
-1.3971632e-21
-8.2778064e-51
-1.9335431e-34
-1.4003473e-21
0
0
1.4028894e-21
1.998194e-37
-5.8595737e-34
1.4097759e-21
0
0
-1.4258746e-21
3.9702037e-34
1.4370072e-21
0
0
0
-1.4532895e-21
2.0704966e-37
1.4606386e-21
-1.4642685e-21
1.4678664e-21
-4.0899489e-34
-2.9493465e-21
1.477721e-21
6.1680248e-34
2.0604908e-34
-2.0649042e-34
-1.4902378e-21
0
0
1.4974438e-21
2.0824814e-34
-4.1689787e-34
-1.0562121e-52
-1.5066331e-21
1.5093919e-21
1.5124303e-21
0
-1.5182177e-21
-2.1114916e-34
1.5236928e-21
0
0
-1.5332284e-21
4.3640818e-37
-1.127276e-52
-1.5401569e-21
1.5427404e-21
-2.1406931e-34
2.1476425e-34
-4.2973316e-34
-1.5497448e-21
1.5510294e-21
-4.3102002e-34
4.3158337e-34
-4.3198094e-34
-1.5564504e-21
1.5581514e-21
-4.3319798e-34
2.1731134e-34
0
-1.5656263e-21
1.5681088e-21
-2.1817429e-34
2.237779e-37
-2.1898599e-34
2.1956464e-34
1.583067e-21
-1.5869671e-21
-1.5910732e-21
1.5945686e-21
1.597519e-21
0
-1.6040932e-21
-1.6075417e-21
0
1.6140552e-21
-2.2454469e-34
2.3030345e-37
2.2519441e-34
-1.6263294e-21
1.6332133e-21
2.2854589e-34
-4.6139242e-34
-1.662868e-21
-1.6569927e-21
3.3156155e-21
-2.3639577e-37
2.313434e-34
1.6700269e-21
-1.6652506e-21
2.3081334e-34
1.6693775e-21
0
0
0
-1.6841633e-21
-1.6911583e-21
1.7007654e-21
1.7053478e-21
0
-1.7031486e-21
-1.7114866e-21
1.7235175e-21
1.7286184e-21
0
-1.7231925e-21
-1.7330655e-21
1.7497723e-21
4.8783719e-34
-1.7529842e-21
0
0
0
0
1.7426808e-21
-4.8791545e-34
-1.7692017e-21
1.7746047e-21
2.4669743e-34
-2.4574819e-34
1.6401065e-52
1.7659321e-21
1.7854554e-21
-3.5885173e-21
-2.4862945e-34
2.4886451e-34
-1.7978187e-21
0
1.8124731e-21
1.8218392e-21
-1.8138901e-21
-5.0010258e-34
1.8015276e-21
0
0
-1.8387201e-21
2.5709637e-34
1.8595464e-21
0
-1.8549674e-21
2.6422463e-37
-5.1754038e-34
-2.5854009e-34
1.8645201e-21
-1.8639262e-21
2.651438e-37
-5.1851713e-34
-1.8655405e-21
1.8673898e-21
5.2181674e-34
2.6858802e-37
-2.6306257e-34
-1.9127343e-21
1.937195e-21
0
-1.0772277e-33
-2.6925434e-34
-8.0911037e-34
-2.7680312e-37
-1.9468918e-21
1.9396955e-21
-9.2308713e-52
-2.6927888e-34
5.3848711e-34
-2.6925938e-34
3.8789083e-21
-1.9401104e-21
-1.9404898e-21
-2.6983897e-34
2.7124006e-34
3.9190085e-21
-1.9592301e-21
-1.9641818e-21
2.2877416e-52
0
2.678948e-52
-1.9602553e-21
1.9648856e-21
-3.8701545e-52
-2.7519984e-34
-2.8281554e-37
-1.9968721e-21
4.0048591e-21
5.5541621e-34
-1.9995934e-21
2.7754643e-34
-2.7762185e-34
1.999053e-21
-1.9928146e-21
2.9337484e-51
-8.3836307e-34
5.6227545e-34
-5.6185386e-34
-5.6120427e-34
-2.6797435e-52
0
2.0267443e-21
0
0
-2.0477392e-21
-5.6875859e-34
2.0541568e-21
0
0
-4.1183283e-21
-1.7148356e-33
4.1199391e-21
-2.05902e-21
2.9324782e-37
-2.8776826e-34
-2.0801755e-21
0
0
0
-2.1015784e-21
-5.8219766e-34
2.102917e-21
0
0
-2.1088148e-21
2.9994666e-37
2.1146184e-21
0
0
-2.1424774e-21
-5.9476602e-34
-5.958701e-34
5.9672678e-34
2.1547706e-21
-2.1555382e-21
5.9683335e-34
-5.965057e-34
5.9680979e-34
2.1510654e-21
0
0
-2.1646814e-21
8.6825029e-51
2.175894e-21
0
0
-2.1735181e-21
7.1786054e-51
2.1838594e-21
0
0
-2.1818625e-21
1.3158714e-50
2.2009681e-21
0
0
-2.2154189e-21
3.1599239e-37
2.2318721e-21
-2.2306093e-21
6.1832266e-34
-6.191093e-34
6.1753724e-34
2.2152951e-21
0
0
0
0
0
-2.2451515e-21
6.2374933e-34
2.2544636e-21
0
0
0
0
0
0
0
-2.2995057e-21
1.2811276e-33
2.2978425e-21
0
0
0
0
0
0
0
-2.3014936e-21
6.3950722e-34
2.3044467e-21
0
0
-2.3123945e-21
6.4252668e-34
2.310336e-21
0
0
0
-2.3302509e-21
-6.4652938e-34
2.3238317e-21
0
0
0
0
0
0
0
-2.3505581e-21
3.3480918e-37
2.3549602e-21
0
0
0
0
0
0
0
-2.3338467e-21
-3.327973e-37
2.3540572e-21
0
0
0
-2.3484453e-21
1.3078815e-33
2.3553128e-21
0
-2.3702574e-21
-6.5848983e-34
2.3715354e-21
0
0
-2.3855983e-21
-2.3767493e-21
2.3726319e-21
2.3685582e-21
0
0
0
0
2.3905847e-21
-3.395416e-37
-4.7837878e-21
-2.394216e-21
4.7762452e-21
4.76173e-21
-2.3839543e-21
-2.384737e-21
0
0
0
0
-2.3931953e-21
-6.6491188e-34
2.3944495e-21
0
0
0
0
0
0
0
0
0
0
0
0
0
0
-2.3990898e-21
1.3310142e-33
2.4026365e-21
0
0
2.4147419e-21
-6.6926742e-34
3.4227063e-37
-2.4124157e-21
-2.419742e-21
-1.3472302e-33
6.7420291e-34
2.4264897e-21
0
0
0
0
0
-2.4299402e-21
1.3465069e-33
2.4375697e-21
0
0
0
0
0
0
0
-2.4736094e-21
1.3735718e-33
2.4600845e-21
0
0
0
0
0
0
0
-2.492268e-21
2.0742756e-33
2.4858352e-21
0
0
0
0
0
0
0
0
-2.524086e-21
3.5743934e-37
2.5204669e-21
0
0
0
0
-2.5391073e-21
2.5438131e-21
2.5408923e-21
-5.1050176e-21
-7.1222163e-34
2.558829e-21
0
0
0
0
-2.5657663e-21
7.1732717e-34
5.1916594e-21
-2.5756969e-21
-2.5557098e-21
2.5662232e-21
0
0
0
-2.5877281e-21
-7.1475712e-34
2.5879549e-21
2.6025956e-21
-2.6129615e-21
-2.6145835e-21
2.6063854e-21
0
0
-2.6313667e-21
-2.629011e-21
2.6372356e-21
2.6435569e-21
2.6401442e-21
1.4669033e-33
-2.6520535e-21
0
0
0
-2.6799292e-21
-2.6748666e-21
2.6766085e-21
2.6888636e-21
2.6938685e-21
7.4828414e-34
-2.7114368e-21
0
0
0
-2.7584008e-21
7.6140401e-34
2.7363514e-21
0
0
0
0
0
0
0
-2.7762965e-21
7.7960877e-34
5.67762e-21
7.9008057e-34
-2.8308779e-21
0
0
-2.7973717e-21
4.0155972e-37
-7.890287e-34
7.8841961e-34
2.8526374e-21
2.8647041e-21
-7.9433578e-34
-2.8704358e-21
0
0
-2.8457421e-21
2.3835411e-33
7.9903698e-34
-4.0945866e-37
2.9021339e-21
-2.9228367e-21
-2.9112692e-21
5.8051157e-21
-1.6208995e-33
-2.9339675e-21
2.9176761e-21
0
-2.9250323e-21
-8.1519566e-34
2.9358978e-21
0
-2.9693823e-21
2.9618431e-21
-3.2980765e-33
-2.9891414e-21
2.9803044e-21
0
-2.9824611e-21
0
2.9915942e-21
0
-3.0183041e-21
3.0171598e-21
-1.6828661e-33
-3.0488847e-21
3.0348956e-21
0
-3.042144e-21
-8.4915641e-34
3.0694962e-21
0
-3.070278e-21
3.0603006e-21
-8.7547108e-37
-3.0956035e-21
3.0915593e-21
0
-3.1137942e-21
-3.0993619e-21
3.089487e-21
3.1091631e-21
-3.11778e-21
3.1089643e-21
3.1189467e-21
-3.1297757e-21
0
0
0
0
0
0
-3.1658565e-21
5.503288e-52
6.3634466e-21
-3.2078389e-21
-3.2165129e-21
3.2103375e-21
0
0
-3.2101213e-21
-3.2435487e-21
3.2494723e-21
3.2327198e-21
0
-3.1901516e-21
-8.8589191e-34
3.2032262e-21
0
0
-3.2405828e-21
-3.2619318e-21
3.2919768e-21
3.2904079e-21
0
-3.251939e-21
9.075795e-34
3.2816642e-21
-3.289933e-21
-1.8302745e-33
-4.6647744e-37
-3.2675907e-21
3.2778187e-21
3.3020042e-21
0
0
-3.3275823e-21
9.2004095e-34
3.3022001e-21
0
-3.3200301e-21
-3.3560929e-21
3.3903948e-21
3.3954965e-21
0
0
0
0
0
0
-3.4235799e-21
9.4521999e-34
3.3831871e-21
0
0
0
0
0
0
-3.4063151e-21
7.8042783e-53
3.4137883e-21
3.4456786e-21
9.6411204e-34
-3.4735466e-21
0
0
0
0
-3.4581039e-21
-9.658443e-34
3.4971383e-21
-3.4938169e-21
-3.484426e-21
3.4845342e-21
-1.9372275e-33
-2.9135546e-33
-2.9238654e-33
9.7857096e-34
-1.9565527e-33
9.7766983e-34
3.5294811e-21
0
-3.5564552e-21
2.9623294e-33
-5.0529882e-37
-3.5589079e-21
3.570318e-21
3.5911542e-21
-3.6060165e-21
9.9992002e-34
-2.9936344e-33
-1.9984909e-33
-2.0032323e-33
1.0075927e-33
-2.0266436e-33
-3.6509401e-21
3.6429356e-21
3.6431432e-21
-3.6492473e-21
1.0155266e-33
-4.0871263e-33
-1.0260184e-33
1.0260798e-33
1.0237629e-33
1.0253636e-33
-3.7031938e-21
0
3.7351333e-21
-1.0390883e-33
-7.4062694e-52
3.7431293e-21
0
-3.7602697e-21
3.7791868e-21
3.7966658e-21
-3.7998043e-21
0
0
0
0
-3.8296526e-21
1.0678621e-33
-2.1423702e-33
3.8592432e-21
3.8605491e-21
-3.867515e-21
0
0
0
0
-3.9219951e-21
-5.593537e-37
3.9399841e-21
0
0
0
0
0
0
0
-4.0107174e-21
-4.0155352e-21
4.0242326e-21
4.0335417e-21
0
0
0
0
0
0
-4.1025347e-21
-4.1145252e-21
4.1322721e-21
4.1488268e-21
0
0
0
0
0
0
-4.2136939e-21
-4.2268533e-21
4.2326654e-21
4.2378696e-21
0
0
0
0
0
0
-4.3156059e-21
2.4001709e-33
4.3328685e-21
0
0
0
0
0
0
-4.4105421e-21
1.2278096e-33
4.4338822e-21
0
0
0
0
-4.4906583e-21
-6.3991573e-37
4.5181292e-21
-4.5339377e-21
3.6025826e-52
4.5528348e-21
-4.5621929e-21
2.539978e-33
4.5867403e-21
-4.6031288e-21
-2.5643277e-33
-2.5697557e-33
7.2057362e-51
-2.5796091e-33
-1.2925587e-33
4.6730071e-21
-4.6890022e-21
-4.7043219e-21
9.4302966e-21
-2.6211737e-33
-9.4727265e-21
0
4.7628886e-21
-1.3268771e-33
-1.3318929e-33
-4.0013623e-33
-4.0111008e-33
-2.6794526e-33
4.0323629e-33
-2.6953006e-33
1.3536127e-33
4.8879141e-21
0
-4.9140572e-21
-7.0016183e-37
-4.1133486e-33
-4.1268859e-33
7.0665703e-37
2.7684925e-33
-1.3886593e-33
-5.0144661e-21
0
5.0447802e-21
-2.8095902e-33
-7.2159816e-37
5.0919453e-21
0
-5.1210927e-21
5.1376849e-21
5.1546304e-21
-5.1705391e-21
0
0
-5.2175356e-21
5.8130759e-33
-2.914564e-33
2.9255845e-33
-1.4681595e-33
5.3008816e-21
5.3185163e-21
-5.337819e-21
0
0
0
0
-5.4241542e-21
-1.5115188e-33
-6.0655832e-33
5.4829733e-21
5.4999936e-21
-5.5169447e-21
0
0
0
0
-5.615798e-21
-5.6341208e-21
5.652587e-21
5.6721665e-21
0
0
0
0
0
0
-5.8174732e-21
-5.8390122e-21
5.8615691e-21
5.8851197e-21
0
0
0
0
0
0
-6.0415621e-21
5.0515591e-33
1.2180339e-20
-6.1133437e-21
-1.8409343e-20
-6.1602966e-21
0
1.2418856e-20
-6.9230098e-33
-2.0848113e-32
-6.2867894e-21
-1.2625365e-20
1.2675586e-20
-6.3631404e-21
-6.3892887e-21
6.4158513e-21
-6.44283e-21
9.1954706e-37
6.4993083e-21
6.5273425e-21
-6.5544555e-21
-6.5817326e-21
6.6098982e-21
-6.6385755e-21
-9.4753312e-37
6.6976552e-21
0
0
0
1.363541e-20
-6.848195e-21
-1.3758613e-20
6.9107154e-21
-6.942554e-21
-6.9752049e-21
1.4017035e-20
-1.2632389e-50
-7.0742777e-21
7.1070176e-21
1.4280978e-20
7.1745812e-21
-2.1627414e-20
7.2444134e-21
-1.8936366e-49
-2.1950048e-20
1.4704982e-20
7.388197e-21
7.4245275e-21
1.4923302e-20
-1.4998874e-20
-7.5379224e-21
-7.5769345e-21
7.6160374e-21
7.6550533e-21
-2.3082877e-20
7.7341676e-21
7.7748199e-21
-7.8162494e-21
-7.8583225e-21
-1.1227562e-36
2.3829412e-20
-7.9857738e-21
1.3367679e-32
-1.3445325e-32
-2.4352591e-20
8.1630586e-21
8.2089971e-21
1.6509939e-20
-8.3010946e-21
-1.6695663e-20
1.6790966e-20
-8.444106e-21
8.4934612e-21
8.5430556e-21
-2.5778066e-20
8.6427095e-21
8.6935802e-21
-1.7491011e-20
-8.7983459e-21
8.8516584e-21
2.6715184e-20
-8.9587224e-21
-3.6052617e-20
5.0338004e-33
1.8250517e-20
9.1825843e-21
0
1.8595635e-20
2.077068e-32
-2.8245885e-20
9.4755631e-21
-2.1174674e-32
9.5988396e-21
9.6612142e-21
-1.9447831e-20
0
0
0
-9.9830041e-21
5.5798919e-33
2.0234811e-20
-1.0185571e-20
-2.0509102e-20
3.0973245e-20
-3.4620487e-32
-2.0933177e-20
1.0538812e-20
0
0
0
2.167226e-20
-1.0912411e-20
-2.1979048e-20
3.3202915e-20
-3.168117e-36
-2.2453879e-20
0
0
-1.1471469e-20
6.4153832e-33
2.3278168e-20
-1.1724519e-20
-2.3621673e-20
3.5693794e-20
-1.995576e-32
-2.4149401e-20
1.2164565e-20
-1.2255408e-20
2.4694317e-20
1.2439814e-20
-4.1738613e-32
-1.2628232e-20
-2.5448145e-20
3.8462514e-20
-7.3432527e-36
-1.3016745e-20
7.280438e-33
-1.3216689e-20
-1.3318514e-20
7.4499069e-33
4.0575565e-20
-3.873805e-36
-4.1205539e-20
2.7683423e-20
-2.5054768e-49
-2.8116879e-20
1.4168464e-20
-1.4279411e-20
2.8782514e-20
1.4504096e-20
-3.2460688e-32
-1.473322e-20
-2.9699089e-20
-1.4966919e-20
-1.5085249e-20
4.5613613e-20
0
-1.5446452e-20
-8.642113e-33
8.7109064e-33
-8.7780067e-33
1.5943979e-20
-1.7841094e-32
1.6198911e-20
-5.4380511e-32
-4.9376464e-20
3.3180955e-20
5.0169273e-20
1.6856675e-20
-5.0974086e-20
-3.4254588e-20
5.1793528e-20
-1.7402923e-20
-5.262721e-20
0
0
1.7967028e-20
1.8110917e-20
0
-1.8402438e-20
-1.8549891e-20
3.7396751e-20
-4.1848111e-32
-5.699587e-20
2.1260049e-32
1.930379e-20
1.9458202e-20
1.9613725e-20
-1.9770317e-20
-1.9928006e-20
2.0086868e-20
6.0740907e-20
-2.0408325e-20
-8.2283568e-20
2.07346e-20
4.1798818e-20
2.1065336e-20
0
-2.1400787e-20
0
-2.1741187e-20
2.1913154e-20
-4.9038208e-32
2.2260524e-20
-7.4722091e-32
-6.7838112e-20
2.2790644e-20
2.296978e-20
-2.3150087e-20
-2.3331579e-20
2.3514294e-20
7.1094782e-20
-2.3883468e-20
-9.6279499e-20
4.0401082e-32
2.4446219e-20
4.9272459e-20
2.482753e-20
-5.0040228e-20
-1.3995647e-32
-3.6108262e-36
2.5605114e-20
-5.7289457e-32
-2.6001234e-20
7.8603764e-20
-2.9310865e-32
-5.321028e-20
0
0
-2.7220258e-20
1.5224547e-32
5.527359e-20
-2.784705e-20
-5.6117201e-20
-2.8271428e-20
3.1615181e-32
8.6102865e-20
2.8917706e-20
-2.9135812e-20
5.8710553e-20
-1.681206e-35
-9.9250205e-32
-3.0021739e-20
-6.049318e-20
9.1418467e-20
-3.4090907e-32
-6.1859062e-20
0
0
6.3250349e-20
-7.0738579e-32
-3.5622314e-32
-9.1897678e-36
-9.7718246e-20
-6.5626759e-20
5.5054341e-32
9.9897342e-20
3.3544232e-20
-3.3790883e-20
6.8078189e-20
3.8056125e-32
-1.15025e-31
-3.4793239e-20
-7.0095678e-20
1.0591224e-19
-3.556198e-20
-3.5821554e-20
3.6082816e-20
-3.6345785e-20
7.3220985e-20
-4.0939048e-32
-3.7145266e-20
-5.3170447e-36
-7.5374623e-20
7.5922177e-20
-6.3662019e-32
-7.7028616e-20
3.8793844e-20
0
-3.9358937e-20
-2.2000091e-32
1.1979653e-19
-4.0221923e-20
-8.1027654e-20
-4.0807943e-20
-4.1104313e-20
4.1402969e-20
4.1703938e-20
4.2007257e-20
-4.2312974e-20
2.3657975e-32
-2.3824331e-32
4.32451e-20
-4.83717e-32
4.3879561e-20
-1.4720905e-31
-1.3357495e-19
8.9703946e-20
-1.276602e-49
-4.5514836e-20
-5.0894878e-32
2.5645507e-32
1.3959699e-19
-4.6878019e-20
-1.416814e-19
0
0
4.8295877e-20
4.8659519e-20
9.8054062e-20
-4.9398544e-20
-9.9548388e-20
1.003082e-19
-5.0538379e-20
-1.5278139e-19
5.1320466e-20
5.1718528e-20
5.2121474e-20
5.2529477e-20
-1.0588541e-19
-5.3361326e-20
5.3785489e-20
1.6264605e-19
-5.4651084e-20
2.3135038e-48
-9.2472585e-32
-1.119911e-19
1.1291369e-19
1.1385012e-19
-5.7400418e-20
-1.157663e-19
1.1674703e-19
5.8871803e-20
-1.781349e-19
-1.7967984e-19
6.0417019e-20
1.2189956e-19
6.1491865e-20
-3.4438914e-32
-1.2521073e-19
-6.317754e-20
6.3760512e-20
1.2870931e-19
-9.2314199e-36
-1.3115592e-19
1.3241584e-19
-1.1134061e-31
-1.3501336e-19
6.8176446e-20
1.3772095e-19
1.3911859e-19
0
-7.1003454e-20
-2.1524968e-19
-7.2513335e-20
7.3294392e-20
0
0
0
0
-7.7487677e-20
4.3511833e-32
2.3793869e-19
-8.0260296e-20
-2.4369613e-19
-8.222904e-20
1.3865754e-31
1.6860486e-19
8.538071e-20
-8.6488056e-20
1.7525109e-19
8.8794304e-20
-2.9975152e-31
-9.123018e-20
-1.8499919e-19
2.8141476e-19
-2.7042535e-35
-9.6528596e-20
1.3919499e-35
-9.9412427e-20
-1.0091804e-19
1.1375512e-31
3.1219208e-19
-3.0043886e-35
-3.222008e-19
-2.1828804e-19
6.1548941e-32
2.2558386e-19
1.1469986e-19
-1.1666634e-19
2.3738677e-19
1.2078308e-19
-4.0940327e-31
-1.2515916e-19
-2.5490022e-19
3.8943846e-19
-1.468549e-31
-1.3476341e-19
-1.3735642e-19
-1.4003142e-19
-7.9219371e-32
8.0819751e-32
2.9715279e-19
8.4132326e-32
-3.0947196e-19
3.1592806e-19
-8.0582603e-31
-4.9419916e-19
3.3656167e-19
-1.9093083e-31
-3.5144172e-19
1.7962068e-19
1.8364558e-19
3.7559912e-19
-1.920867e-19
-5.8953363e-19
0
0
0
6.4701641e-19
6.6255473e-19
-6.7858935e-19
-6.9513546e-19
4.7480583e-19
-6.9142949e-35
2.4933402e-19
-8.5136097e-31
-7.8610471e-19
8.060661e-19
-1.3768098e-30
-5.6526703e-19
-1.6089595e-31
1.6516092e-31
6.1047969e-19
-3.1325261e-19
3.2151578e-19
-1.0993601e-30
-1.0164678e-18
1.0436438e-18
3.5722043e-19
-8.1451407e-31
7.5354429e-19
-7.7400238e-19
-3.9754372e-19
-4.084085e-19
-1.2588135e-18
4.7863193e-31
4.43027e-19
1.3658168e-18
-3.1165501e-30
-1.4426381e-18
0
5.080428e-19
1.0444687e-18
-5.3684687e-19
5.5189136e-19
-1.889631e-30
-1.166643e-18
1.7991911e-18
-1.3689033e-30
-7.0419184e-31
-7.2368216e-31
-7.4410553e-31
6.8919926e-19
-2.1260006e-18
-2.1860693e-18
7.4928158e-19
1.5409126e-18
0
-8.1461148e-19
9.2964877e-31
-1.912286e-30
9.8312782e-31
9.1055858e-19
-9.3622513e-19
-9.6259518e-19
2.9690552e-18
-1.4663854e-46
-1.742277e-30
1.0754405e-18
-1.2267308e-30
2.2730397e-18
-2.3365697e-18
-2.4017818e-18
-1.2343564e-18
1.4082695e-30
1.3039407e-18
0
0
0
2.9085237e-18
-1.4942809e-18
-3.0706323e-18
4.7321651e-18
-1.6205186e-18
-4.9941849e-18
5.1301167e-18
-5.8498534e-30
-3.6081008e-18
5.5583868e-18
3.805461e-18
0
-4.0125218e-18
-6.85983e-30
-2.1148271e-18
-4.3421153e-18
2.2286183e-18
0
4.6956549e-18
6.8482821e-34
2.7450184e-30
-2.5372304e-18
-7.8098653e-18
8.0125521e-18
-4.5649657e-30
-8.4317727e-18
8.6484625e-18
-1.4773054e-29
-6.0642621e-18
3.1092641e-18
-3.1880846e-18
6.5372391e-18
3.3508959e-18
-1.5253226e-29
-3.5207816e-18
-7.2168908e-18
-3.6979596e-18
-3.7893519e-18
7.7652994e-18
3.9778809e-18
0
-4.1742549e-18
2.3738091e-30
-2.0085755e-47
4.4840132e-18
-1.304963e-33
4.7009765e-18
-2.6071812e-46
-1.4779702e-17
1.5128004e-17
1.548303e-17
-1.0563242e-17
-1.0809057e-17
0
1.1314689e-17
-5.7873087e-18
-1.7759041e-17
1.8163461e-17
-1.0312445e-29
-1.2663028e-17
6.4737889e-18
0
-6.7659947e-18
-6.9159789e-18
7.068586e-18
-1.2029344e-29
1.4763546e-17
4.2873605e-33
-2.3117284e-17
0
2.4122257e-17
1.6424872e-17
-2.5160831e-17
-1.71286e-17
2.6233584e-17
8.9276513e-18
-3.645477e-17
-9.3026739e-18
1.8989235e-17
1.9379091e-17
-1.0976604e-29
-1.0088439e-17
-1.0292445e-17
-1.0499518e-17
1.0709677e-17
-1.2126125e-29
2.2278658e-17
-3.7830175e-29
-3.4744638e-17
0
0
2.4537462e-17
-2.7766721e-29
-1.2742945e-17
3.8954769e-17
-1.3230167e-17
-2.2441259e-29
-4.5728832e-29
-4.1956853e-17
1.4244046e-17
-8.049759e-30
1.6397926e-29
1.5039311e-17
-1.5311089e-17
2.2149358e-33
-8.8061284e-30
1.7922883e-29
1.6431846e-17
0
-1.7012488e-17
3.4615781e-17
1.7606683e-17
-3.5817736e-17
0
1.8523418e-17
-1.8835782e-17
-3.8303074e-17
5.8412044e-17
-6.5931671e-29
-6.7005858e-29
2.0448415e-17
-6.2343234e-17
3.0009213e-33
2.1456494e-17
2.1799233e-17
-2.2145315e-17
-2.2494729e-17
2.2847467e-17
0
-2.3562866e-17
4.7851004e-17
-4.0457643e-29
-2.4660582e-17
-5.5587974e-29
-5.6407677e-29
-7.3292459e-33
-5.2339078e-17
7.9664287e-17
8.0829426e-17
0
-5.5458582e-17
-8.4381054e-17
-4.0540466e-33
2.8931665e-17
2.9338539e-17
-2.9748413e-17
-3.0161263e-17
3.0577062e-17
0
6.2834804e-17
6.3683773e-17
-9.6807628e-17
-3.2699341e-17
3.313225e-17
-9.5405731e-33
-3.4006281e-17
-6.8894674e-17
-3.4891044e-17
5.8854817e-29
1.431451e-16
-1.2068816e-28
-1.1007509e-16
3.7148143e-17
3.7607028e-17
3.8068316e-17
-3.853197e-17
-3.8997951e-17
-3.9466221e-17
-1.1350704e-32
4.040947e-17
-4.0884369e-17
1.2408419e-16
8.3681029e-17
-1.2696503e-16
4.2804846e-17
8.6579953e-17
-8.7554054e-17
4.4265955e-17
-4.4756715e-17
-9.0498531e-17
1.3723068e-16
-4.6239559e-17
1.5568279e-28
1.4170944e-16
-9.5474621e-17
-4.8239664e-17
-4.8743492e-17
-9.8497499e-17
4.9755391e-17
-2.1512385e-72
1.0154528e-16
5.1283152e-17
-5.7500169e-29
-5.2307724e-17
-1.0564338e-16
1.0667342e-16
-5.3852741e-17
-1.631092e-16
1.6466293e-16
5.5406421e-17
2.7188982e-45
5.6446389e-17
-1.7090246e-16
-5.7489262e-17
5.8011671e-17
1.1706933e-16
-5.9058196e-17
5.9582219e-17
-2.0018267e-28
-1.212631e-16
1.834703e-16
6.8511773e-29
-2.7627698e-28
1.3927084e-28
-1.2652042e-16
1.2757298e-16
-6.4312841e-17
-2.593569e-16
6.5365592e-17
1.317838e-16
0
1.3388831e-16
-1.4980394e-28
-3.8651045e-32
-7.6068703e-29
-6.9046003e-17
-6.9570656e-17
7.0094901e-17
7.0618694e-17
-1.4228399e-16
1.4332952e-16
-8.0138488e-29
-1.4541706e-16
1.4645889e-16
2.4562001e-28
-8.2450044e-29
-7.4787859e-17
-1.5061151e-16
7.5822794e-17
-7.6338944e-17
4.2659902e-29
7.736842e-17
1.5576334e-16
-7.8393884e-17
-1.5781004e-16
7.9415048e-17
-7.992393e-17
1.3395986e-28
-8.0938119e-17
-1.808753e-28
1.6389463e-16
1.6489992e-16
1.8415342e-28
-2.7795418e-28
2.7961459e-28
-8.4446756e-17
-8.4942356e-17
-8.5436454e-17
8.5929023e-17
0
0
-8.7397265e-17
4.8781981e-29
1.2557837e-32
9.8637806e-29
8.93318e-17
0
-9.0288683e-17
-1.8152888e-16
9.1238379e-17
1.8342094e-16
1.8436138e-16
1.8529804e-16
-2.7934631e-16
-3.116638e-28
2.8212734e-16
-1.8900599e-16
-1.8992309e-16
0
-9.5872575e-17
1.9265003e-16
9.677538e-17
-1.9444731e-16
-9.7669818e-17
1.0892129e-28
2.9566725e-16
-9.8995481e-17
-2.9829911e-16
2.9960521e-16
1.0030156e-16
-3.021975e-16
1.1228993e-28
1.0158766e-16
2.0402371e-16
1.1368794e-28
-2.0570681e-16
2.0654147e-16
-1.0368576e-16
-3.1229538e-16
0
1.0491686e-16
2.1064505e-16
-5.8715921e-29
1.0612677e-16
2.1305064e-16
-2.1384297e-16
-2.1463051e-16
0
-1.0809557e-16
-1.2043161e-28
-1.2087349e-28
-1.2128172e-28
3.2888125e-16
2.2000772e-16
0
-2.2150012e-16
-2.4668741e-28
-1.1148641e-16
-3.3555266e-16
1.1221288e-16
-6.2470241e-29
1.6048239e-32
1.1328399e-16
2.2727211e-16
-1.1398563e-16
-2.2866543e-16
1.146773e-16
0
2.3071798e-16
-1.1569608e-16
-3.4809202e-16
1.1636276e-16
1.1669235e-16
2.3403888e-16
-1.1734402e-16
-3.5299832e-16
1.1798569e-16
-1.3131724e-28
-2.3723469e-16
1.1892942e-16
1.1923899e-16
2.3909215e-16
3.5955198e-16
-2.403055e-16
-2.409047e-16
2.4149891e-16
1.3434291e-28
-2.426724e-16
2.4325169e-16
1.3534197e-28
-2.4439539e-16
0
2.4551929e-16
2.4607383e-16
0
-3.7075218e-16
-1.2385394e-16
-3.5277414e-32
-1.2438634e-16
-1.2464887e-16
-1.3863242e-28
2.5033321e-16
2.5084363e-16
-4.185537e-28
-2.518499e-16
2.5234577e-16
4.2103091e-28
-2.5332301e-16
0
0
0
0
2.5568205e-16
1.422133e-28
-2.5659226e-16
-1.2852012e-16
2.5748349e-16
-4.2957226e-28
-2.5835584e-16
2.5878496e-16
1.4391775e-28
-1.2981458e-16
2.6004425e-16
-4.3379046e-28
-2.6086049e-16
2.6126166e-16
2.6165821e-16
-2.6205015e-16
-2.624375e-16
0
0
0
0
-1.3215287e-16
1.3233288e-16
1.3251064e-16
-1.4730179e-28
-1.3739922e-72
-1.3303044e-16
-2.6639846e-16
-1.333658e-16
2.6706028e-16
4.0107683e-16
-1.338522e-16
-2.6801986e-16
4.0249637e-16
2.6863759e-16
-4.0340983e-16
-2.6923784e-16
-1.3476572e-16
-1.49771e-28
2.7010566e-16
0
-1.3533133e-16
1.3546735e-16
-3.0107597e-28
-3.8577639e-32
-4.5244589e-28
-1.3599014e-16
-1.3611554e-16
3.8721406e-32
2.7272004e-16
2.7295822e-16
-4.5488847e-28
-2.7342202e-16
0
0
0
-1.3714988e-16
-1.3725444e-16
1.3735694e-16
1.3745739e-16
-1.3755579e-16
2.7530431e-16
4.1323946e-16
0
-2.7585814e-16
-1.5318098e-28
-1.3810357e-16
-4.1456341e-16
1.3827003e-16
-2.3038472e-28
2.7685698e-16
-9.2264655e-28
-2.7715798e-16
-7.6961984e-29
-1.9713518e-32
1.3878987e-16
-1.3885623e-16
2.7784123e-16
1.3898304e-16
-2.7808702e-16
2.7820405e-16
3.9551251e-32
-1.545874e-28
-1.3926591e-16
-4.1794997e-16
2.7873094e-16
-6.0773262e-48
1.3945731e-16
-2.3233953e-28
-2.7908294e-16
1.3958068e-16
2.7923595e-16
-1.5499676e-28
-4.1906052e-16
3.9710363e-32
1.397481e-16
-1.3977589e-16
2.7960357e-16
1.3982579e-16
-2.7969581e-16
2.7973628e-16
1.5525551e-28
-7.7660754e-28
3.1069931e-28
-2.7986061e-16
2.7988234e-16
-1.3995016e-16
-2.7991456e-16
1.3996254e-16
-1.399659e-16
2.7993467e-16
-2.3311653e-28
-4.1989366e-16
0
0
4.1983943e-16
1.3993675e-16
-2.7985037e-16
2.7982355e-16
7.9521966e-32
-6.211497e-28
-1.5526641e-28
-2.7967946e-16
2.7963425e-16
2.7958536e-16
-1.3976641e-16
-4.192149e-16
-1.3970837e-16
1.396766e-16
0
0
-1.3957034e-16
7.7450452e-29
4.1847108e-16
3.9633402e-32
-2.7880618e-16
-1.3935672e-16
1.5461405e-28
4.1777556e-16
3.0908115e-28
-2.7830606e-16
0
-1.3904026e-16
2.7796229e-16
1.3892021e-16
-3.0834524e-28
-1.3879289e-16
-2.7745301e-16
1.386583e-16
0
0
0
0
-1.3828998e-16
7.6717531e-29
4.1438977e-16
-1.3804716e-16
-4.1388776e-16
4.1362856e-16
1.3778797e-16
-2.7539585e-16
-1.3760606e-16
-2.2896991e-28
4.1225061e-16
-7.8057121e-32
-4.5704544e-28
-1.371194e-16
-2.740332e-16
-1.3691197e-16
-1.5183603e-28
1.3669723e-16
1.3658711e-16
1.3647517e-16
1.363614e-16
-3.0250707e-28
-2.7225672e-16
0
0
-1.3576506e-16
-2.2585272e-28
-1.9257652e-32
1.9239399e-32
1.3525495e-16
2.7024566e-16
2.6997773e-16
-2.6970613e-16
-1.4963116e-28
-1.3457593e-16
-4.0330379e-16
0
0
1.3399952e-16
1.338508e-16
0
-1.3354781e-16
7.4043553e-29
1.3323742e-16
-1.3307945e-16
2.6583924e-16
-4.4214445e-28
-3.9778319e-16
1.32429e-16
1.3226175e-16
2.6418529e-16
-1.3192167e-16
-3.9524654e-16
1.3157416e-16
-7.2954335e-29
2.6243842e-16
1.3103895e-16
-2.6171363e-16
2.6134565e-16
2.6461472e-46
-2.6059852e-16
0
0
2.594499e-16
-1.4365049e-28
-4.308106e-28
2.8518211e-46
-3.8679942e-16
-1.4292875e-28
1.2852607e-16
2.566395e-16
2.5622314e-16
-2.5580306e-16
-2.8350981e-28
-1.2747589e-16
-4.2390714e-28
1.2704284e-16
-2.5364709e-16
0
-1.263794e-16
1.4001488e-28
1.2592789e-16
2.5139875e-16
1.3925402e-28
-2.5047368e-16
0
0
-1.2452934e-16
6.8990316e-29
3.7214571e-16
1.3744289e-28
-2.4712113e-16
0
1.2306537e-16
-1.2281508e-16
-1.2256302e-16
-1.2230917e-16
-1.2205356e-16
2.4359236e-16
3.6461114e-16
-1.2127617e-16
-2.4202709e-16
3.6224759e-16
9.7896082e-47
-2.4043067e-16
0
0
0
0
2.3770211e-16
2.3714642e-16
-1.1829373e-16
-3.5403787e-16
-1.3076501e-28
1.1744561e-16
-2.3431945e-16
-2.3374457e-16
1.1658329e-16
4.6517111e-16
2.3200149e-16
-3.4712167e-16
-2.3082446e-16
3.4534736e-16
2.5489802e-28
-2.2903725e-16
0
0
0
2.2661571e-16
1.2544927e-28
-2.5024843e-28
1.123862e-16
-3.3622964e-16
1.1176572e-16
1.1145377e-16
-3.3342212e-16
-2.2165316e-16
1.1051143e-16
2.2039056e-16
2.1975636e-16
-3.6494758e-28
1.2130547e-28
-3.0957372e-32
-2.1720216e-16
0
-1.0795795e-16
-1.0763541e-16
1.0731229e-16
1.0698864e-16
-1.0666452e-16
-1.0633999e-16
2.1203024e-16
1.0568996e-16
-1.0536457e-16
1.0503904e-16
-1.0471342e-16
-2.0877559e-16
0
0
3.1023494e-16
1.0308678e-16
-2.0552461e-16
-1.0243833e-16
-1.0211493e-16
2.0358445e-16
-1.1270513e-28
-2.0229851e-16
0
1.0051028e-16
3.0057773e-16
2.2172718e-28
-5.5269765e-28
1.984961e-16
-2.9680949e-16
-9.8626822e-17
-2.7943988e-32
9.8013679e-17
-1.6268251e-28
-1.6223726e-28
2.913354e-16
-2.9044976e-16
4.8228754e-28
-1.6028112e-28
-1.9189935e-16
9.5667586e-17
-9.5389271e-17
1.9022988e-16
9.4844817e-17
-1.8915825e-16
1.8863619e-16
-5.3468047e-32
-7.2903816e-28
-5.318583e-32
-6.2168707e-28
1.8618359e-16
-2.7859257e-16
-6.1724577e-28
2.7728688e-16
-1.8444394e-16
-1.8404501e-16
1.836618e-16
-3.0528009e-28
-2.7441812e-16
1.013645e-28
2.7345117e-16
-5.1729598e-32
-1.8173428e-16
1.8148245e-16
3.0182717e-28
-3.014831e-28
1.0036731e-28
-1.8070598e-16
1.8057446e-16
1.8047005e-16
0
-2.7052051e-16
-1.8033068e-16
2.7051911e-16
-2.002909e-28
-2.0035704e-28
-9.0297708e-17
-1.807507e-16
-5.0206089e-29
1.0056756e-28
9.0726506e-17
-9.0885508e-17
1.0111095e-28
-9.1271265e-17
-3.0473578e-28
1.8350613e-16
0
1.8467628e-16
1.8534358e-16
-1.8606838e-16
-9.3426371e-17
-9.3849403e-17
-1.8860877e-16
0
-9.5314787e-17
-1.9174514e-16
-9.6467057e-17
9.7099515e-17
-3.2567843e-28
1.0933179e-28
-2.2038085e-28
1.0003583e-16
2.017571e-16
-2.0353535e-16
-1.0270473e-16
2.0738263e-16
1.0472903e-16
0
0
-1.0816579e-16
-1.0942502e-16
0
-1.1212473e-16
-1.1356828e-16
2.3015212e-16
-2.5898819e-28
-1.1018181e-16
-2.3913359e-28
1.1414916e-16
2.3663904e-16
-2.4259354e-16
2.7533708e-28
2.532914e-16
-2.583245e-16
-1.3168637e-16
2.6849827e-16
-1.3689076e-16
-2.7912945e-16
2.8462582e-16
2.9031917e-16
0
-3.022263e-16
-1.5422173e-16
3.1487627e-16
1.7849681e-28
-1.6419948e-16
-1.6774032e-16
1.9032053e-28
-1.9443243e-28
-2.5445317e-32
-4.0655367e-28
1.8721326e-16
3.8296081e-16
-3.9175039e-16
-2.00401e-16
4.1012387e-16
4.1971956e-16
-4.2958906e-16
-2.1986718e-16
4.5016002e-16
0
-2.3593263e-16
-4.8314767e-16
-2.4735916e-16
5.0657833e-16
5.1872831e-16
-5.311682e-16
-5.4389727e-16
0
0
2.9190195e-16
5.9767192e-16
3.0590866e-16
-6.2623505e-16
-6.4091921e-16
6.5586379e-16
-7.4479062e-28
-6.8650791e-16
7.0219109e-16
-7.9730429e-28
-3.6711477e-16
3.752813e-16
0
-3.9189729e-16
4.4448708e-28
4.0884289e-16
-4.1741929e-16
9.4608855e-28
-4.827456e-28
4.9223985e-28
4.5220356e-16
4.6096874e-16
4.6973956e-16
-9.5700845e-16
-9.7450092e-16
9.9193111e-16
-1.1201593e-27
-3.4190013e-27
1.043582e-15
0
0
-1.0936874e-15
-2.4644962e-27
5.6292223e-16
-1.1414594e-15
5.7836254e-16
5.8580568e-16
-1.1860883e-15
-8.5274084e-32
-1.3474725e-27
-8.7167057e-32
-1.3760906e-27
-6.2565342e-16
0
1.2735282e-15
1.2837061e-15
-1.2932305e-15
-2.8911969e-27
1.3102319e-15
-1.3176689e-15
-2.9408869e-27
-1.4772444e-27
-6.6775999e-16
-1.4876283e-27
-9.5466183e-32
6.7320162e-16
-6.7421921e-16
1.4984325e-27
1.3500897e-15
-6.7484927e-16
1.4973853e-27
1.3463993e-15
0
0
-1.3354511e-15
1.4767829e-27
-1.470551e-27
-4.8574058e-45
-1.4546985e-27
-1.3020704e-15
1.2932619e-15
6.4189358e-16
-1.2736678e-15
6.3146336e-16
1.2515877e-15
0
-6.136077e-16
-1.214234e-15
6.6659717e-28
-1.317713e-27
-5.3913463e-45
-1.285152e-27
-5.7122859e-16
0
1.1110604e-15
1.0948985e-15
0
0
0
-1.0278034e-15
-5.0527584e-16
9.9316069e-16
-5.4163214e-28
-9.5805966e-16
5.2205878e-28
4.6134548e-16
-4.5248127e-16
4.9248183e-28
8.6952311e-16
4.2592589e-16
0
0
0
-7.8191084e-16
-1.6980687e-27
7.4761215e-16
-7.3068081e-16
-7.1391155e-16
1.0459738e-15
6.8090435e-16
-3.3234344e-16
-3.2433625e-16
-6.3286941e-16
3.0864258e-16
6.019265e-16
-2.9339974e-16
-5.7190953e-16
2.7863068e-16
-1.2053893e-27
-5.2870618e-16
0
2.5057992e-16
-2.7078442e-28
-2.3731973e-16
4.6176719e-16
4.4915434e-16
0
0
0
-4.0129293e-16
-4.3292695e-28
3.7890339e-16
0
-3.5752415e-16
-1.7360395e-16
-1.8711281e-28
1.6365462e-16
1.5886053e-16
1.7121238e-28
1.4962577e-16
-2.9036354e-16
-1.4085105e-16
2.732636e-16
-1.3252219e-16
-5.707815e-28
-5.534787e-28
-5.7434985e-45
-5.202157e-28
-2.2710409e-16
0
2.1332772e-16
1.0336181e-16
-1.4232427e-32
9.7031844e-17
-1.8799991e-16
-4.4619022e-45
1.7638499e-16
0
-1.6542762e-16
-1.6018589e-16
0
7.507872e-17
1.0328683e-32
-7.0355491e-17
0
0
1.2756952e-16
1.2344925e-16
-1.1945345e-16
1.2832645e-28
1.1182205e-16
0
0
-1.0122777e-16
-4.8955739e-17
-1.0513569e-28
4.5791947e-17
-1.966455e-28
-8.5644173e-17
0
0
3.8707313e-17
-4.1548586e-29
3.6175879e-17
6.9940057e-17
0
0
0
-6.103801e-17
-5.89878e-17
0
5.5083276e-17
2.6612522e-17
-2.5713488e-17
-2.4843619e-17
-2.4002025e-17
4.6375685e-17
4.4800454e-17
-4.3276723e-17
-4.1802898e-17
0
1.9499415e-17
-2.0907282e-29
-1.8188197e-17
0
0
1.6379506e-17
-3.5118944e-29
-1.5271571e-17
2.9490251e-17
2.8472503e-17
0
0
0
-2.4730543e-17
-5.3006914e-29
2.3043002e-17
-1.1120369e-17
-2.1464744e-17
2.3002557e-29
-2.2210667e-29
1.0724047e-29
-2.0722341e-29
9.0144189e-18
1.7413857e-17
0
0
0
-1.5129513e-17
-1.4598028e-17
0
1.3579034e-17
-1.4537333e-29
-6.3097479e-18
-1.3503233e-29
-5.8604851e-18
1.1294567e-17
1.088327e-17
0
-1.0104526e-17
2.1617126e-29
9.3808807e-18
0
-8.7074198e-18
-8.3878893e-18
0
0
3.744932e-18
5.1226472e-34
3.4690614e-18
6.6754742e-18
-6.4212266e-18
-3.0875385e-18
-6.5919273e-30
-2.8529322e-18
5.4822279e-18
2.6327658e-18
-1.9927313e-47
-2.4259581e-18
-2.327244e-18
-2.4779358e-30
-1.5862669e-46
2.0484464e-18
1.9609185e-18
1.8759128e-18
-3.5866555e-18
3.8035222e-30
1.6350328e-18
-3.1182407e-18
1.4852497e-18
2.8266862e-18
-2.6865884e-18
-5.6626175e-30
1.2084559e-18
-2.2870101e-18
-1.5349063e-34
-2.2607431e-30
-1.3608233e-34
1.7967167e-18
-8.4037271e-19
1.739755e-30
-4.8487073e-30
-2.0852934e-47
1.23913e-18
-1.1336498e-18
-1.0298869e-18
0
8.2704539e-19
7.2772859e-19
3.1483203e-19
-5.3275084e-19
-6.5531709e-19
1.7096963e-19
1.2390956e-19
-7.7207337e-20
3.0821137e-20
3.3952307e-32
6.1189379e-20
1.1871237e-31
-1.6937448e-31
4.3987261e-31
2.4359556e-19
-2.8911234e-19
7.4325636e-31
3.8035831e-19
0
-9.4432618e-19
-1.0367502e-18
0
0
0
-7.062041e-19
-2.5118106e-30
1.6048686e-18
1.702488e-18
1.2798066e-34
3.1658453e-30
-1.0009151e-18
-1.0519813e-18
2.2073754e-18
-1.1560765e-18
-3.6274437e-18
1.4024422e-30
1.3175222e-18
0
0
2.971968e-18
-3.4277522e-30
3.5589644e-30
3.3242014e-18
-3.4451935e-18
7.9236131e-30
1.8463877e-18
4.2409157e-30
1.9739887e-18
-4.0784996e-18
9.3508922e-30
9.6495864e-30
9.9500823e-30
2.3102512e-18
5.2857677e-30
2.4517609e-18
-2.5240268e-18
5.7667423e-30
2.6715408e-18
0
-5.6459397e-18
-5.8002548e-18
5.9564376e-18
-6.7889011e-30
-6.2743224e-18
6.4359394e-18
2.1980313e-29
-6.7641671e-18
6.9307083e-18
3.5493605e-18
8.0693505e-30
-3.7195215e-18
1.6899105e-29
7.7844761e-18
-7.9588514e-18
-8.1342716e-18
0
0
0
8.8435483e-18
2.0033416e-29
-9.2011791e-18
9.380312e-18
9.5594209e-18
0
-9.9171378e-18
1.1207422e-29
5.1365593e-18
1.7403196e-29
-5.313053e-18
-5.4005425e-18
-1.2185261e-29
-5.5735847e-18
1.1317895e-17
-2.5506085e-29
-5.8269961e-18
1.1818962e-17
8.5135021e-34
1.3481956e-29
6.1497793e-18
0
0
-1.2754903e-17
-1.2900243e-17
0
1.3180325e-17
1.4783259e-29
-1.3445119e-17
0
6.8466683e-18
1.3810811e-17
-7.7307137e-30
-7.0159556e-18
7.0676075e-18
-1.5802413e-29
1.590585e-29
7.2073487e-18
-7.2486449e-18
-1.4574456e-17
7.3230392e-18
3.2669373e-29
-1.4772327e-17
7.4133855e-18
-7.4377014e-18
7.4590497e-18
2.2432231e-17
-1.4985579e-17
-7.5051208e-18
7.5144419e-18
7.5207099e-18
1.0692149e-33
1.6706907e-29
-7.5212609e-18
0
7.5064594e-18
1.6640173e-29
7.4796537e-18
-7.4618054e-18
2.4784139e-29
7.4173606e-18
0
0
-7.3293704e-18
1.6199171e-29
7.2570011e-18
-1.4433709e-17
-1.434828e-17
0
0
1.4062398e-17
-3.0996216e-29
-6.9242221e-18
6.8674368e-18
6.8085484e-18
-7.4908996e-30
1.484317e-29
-7.3501818e-30
-6.5535008e-18
6.485255e-18
-6.4153781e-18
-1.2687899e-17
0
0
0
1.2088755e-17
1.1932867e-17
0
-1.1614934e-17
-5.7266064e-18
1.1289877e-17
-6.1760556e-30
-1.095899e-17
-5.3958792e-18
1.062354e-17
-1.1607559e-29
2.2838204e-29
-1.437355e-33
-9.9438251e-18
0
9.6018868e-18
9.4308793e-18
0
-4.5447239e-18
9.9036491e-30
-8.749616e-18
-8.5805923e-18
4.2061582e-18
0
0
7.9130094e-18
-3.8743711e-18
-7.5857143e-18
7.4240068e-18
7.2637093e-18
-3.9437564e-30
1.157088e-29
3.3960016e-18
-3.3190284e-18
3.6006089e-30
-3.1677403e-18
-6.1869598e-18
0
0
0
5.6123979e-18
5.4738423e-18
-8.006081e-18
-5.2030564e-18
5.0708746e-18
4.9408593e-18
3.4198693e-34
-4.6874215e-18
-2.2820103e-18
0
-2.1619426e-18
-1.1132515e-47
2.0463409e-18
3.9804348e-18
2.0976825e-47
-3.7626164e-18
3.6570313e-18
3.5536481e-18
0
-1.6767341e-18
3.6160505e-30
-1.5809691e-18
-3.0693676e-18
2.9789135e-18
1.4452759e-18
3.1137506e-30
-2.720003e-18
-2.6377591e-18
3.8362663e-18
1.239615e-18
-1.2014482e-18
1.1642378e-18
1.1279661e-18
0
-1.0581833e-18
-2.0492998e-18
-9.9200237e-19
1.9204405e-18
-4.1268523e-30
-8.991799e-19
1.7397992e-18
-8.4142734e-19
-1.627491e-18
1.5736667e-18
3.3780682e-30
-7.3525481e-19
7.1056242e-19
6.8658564e-19
9.4261357e-35
-1.2814e-18
-6.1875335e-19
1.1949029e-18
-2.5614613e-30
2.4724783e-30
3.0542964e-34
-1.0369269e-18
1.0003542e-18
9.6491158e-19
0
-8.9730375e-19
1.9208308e-30
1.1849353e-34
8.9219192e-31
7.7426159e-19
-7.45909e-19
-3.5923723e-19
2.5163256e-48
-3.330974e-19
0
3.0861359e-19
2.9698342e-19
2.85735e-19
-3.0516432e-31
5.8693887e-31
-5.6433901e-31
5.4247821e-31
2.3481705e-19
0
-4.3354311e-19
-4.1640376e-19
0
0
0
3.5359001e-19
1.1298887e-30
7.2222212e-31
1.5596235e-19
3.319768e-31
2.036194e-35
-2.7455289e-19
1.3147067e-19
1.2587164e-19
-2.4095415e-19
-2.30566e-19
-9.4734632e-49
1.0544546e-19
0
0
1.8396731e-19
3.5442785e-48
-3.40849e-48
1.5990881e-19
-1.5247711e-19
1.6133118e-31
6.9193567e-20
-6.5869797e-20
-6.2682533e-20
-5.9610953e-20
1.1329607e-19
5.3795131e-20
-5.1057306e-20
-4.8427227e-20
-4.5894643e-20
8.6952966e-20
4.1172684e-20
4.3235419e-32
3.6755033e-20
0
-6.5351464e-20
-6.1636244e-20
0
0
0
4.7637383e-20
1.9794137e-31
-4.158646e-20
0
3.5962396e-20
1.6649987e-20
3.4119386e-32
-1.4222267e-20
-1.3230698e-20
-1.3499708e-32
-1.0942135e-20
1.9574502e-20
8.8492351e-21
-1.6165228e-20
7.2394971e-21
1.3877771e-32
-3.0352129e-36
1.3043842e-36
1.7355941e-32
6.436073e-21
-5.1060417e-21
4.2543965e-33
1.2365125e-21
-1.3188122e-21
-3.171993e-22
-1.0502934e-22
-1.3831994e-21
2.8642204e-21
3.9236669e-21
0
-4.8794955e-21
-5.9514828e-21
3.6059374e-21
-9.079542e-33
-4.3704763e-21
0
0
9.7235235e-21
1.0727945e-20
-1.1578023e-20
-1.6926765e-36
1.2161132e-20
0
-1.3322297e-20
3.4555735e-49
7.0719066e-21
-7.130936e-21
7.3201124e-21
-1.6913784e-32
-1.5944233e-20
-8.1428918e-21
0
8.139402e-21
-1.8375229e-32
8.3345353e-21
1.6982079e-20
0
-8.7247105e-21
-1.7448872e-20
-8.8034686e-21
2.6821191e-20
-4.456567e-49
-9.0655537e-21
-2.0036985e-32
-9.0788288e-21
-2.0475336e-32
-9.4411814e-21
1.899986e-20
1.8693212e-20
-1.8616763e-20
-1.8757157e-20
9.3457678e-21
9.3813728e-21
-9.4953769e-21
-9.4658295e-21
0
0
9.4873036e-21
-2.1243121e-32
-9.5080815e-21
1.8865178e-20
1.8899005e-20
0
0
0
0
-1.8828491e-20
2.688932e-36
9.405585e-21
-1.8775992e-20
-9.4509183e-21
0
9.3151051e-21
-2.0629356e-32
9.2980488e-21
1.8668892e-20
0
0
0
-1.831764e-20
-1.8186019e-20
0
1.8109059e-20
9.0083333e-21
-8.9327251e-21
-8.8927514e-21
-8.8800104e-21
1.7809228e-20
1.7651672e-20
-1.7470971e-20
-1.7380364e-20
0
1.737885e-20
1.7130842e-20
-1.6944462e-20
-1.7100694e-20
0
8.3077363e-21
-3.6835141e-32
-8.3643719e-21
1.6601975e-20
1.6437246e-20
0
0
0
-1.6167162e-20
-3.5502177e-32
7.9474353e-21
-7.9260829e-21
-7.9405555e-21
-3.8376646e-49
-3.4314632e-32
1.4458471e-49
7.7452664e-21
7.5828113e-21
7.5527591e-21
0
-1.5108025e-20
-7.4768113e-21
-1.0555883e-36
-7.399813e-21
0
0
1.4491109e-20
7.1970263e-21
-1.4348435e-20
7.9768571e-33
7.0689795e-21
0
7.0306941e-21
-6.9816445e-21
3.0307235e-32
1.3558715e-20
0
-6.7973119e-21
7.4769903e-33
6.6906273e-21
0
0
0
-6.5383456e-21
-6.5020926e-21
-6.4964168e-21
-2.1881262e-50
-3.5429607e-32
-6.2848696e-21
0
0
1.2305122e-20
6.1027291e-21
6.1513501e-21
0
0
6.0242196e-21
-6.662081e-33
-6.0159101e-21
-1.1891111e-20
5.8626943e-21
5.7860319e-21
-1.1289087e-20
-1.2408002e-32
-2.5238241e-32
-1.1538146e-20
1.1427559e-20
5.6474386e-21
-5.6084851e-21
0
0
0
1.0960838e-20
1.0882113e-20
-5.4116579e-21
-5.4260194e-21
0
-1.0676802e-20
-1.0685951e-20
1.050534e-20
1.0283142e-20
0
-1.0359297e-20
-1.1441645e-32
5.1017977e-21
-5.0651572e-21
0
0
-5.0057148e-21
4.9457638e-21
2.7390555e-50
1.0832643e-32
1.4676279e-20
4.8387776e-21
-9.6106813e-21
-1.4428125e-20
4.7209316e-21
1.3795732e-20
-4.5572365e-21
-9.2160454e-21
4.6091431e-21
4.568966e-21
0
0
-9.0606689e-21
-8.963576e-21
8.8506025e-21
1.3168925e-20
-4.3654944e-21
-8.7669905e-21
0
0
8.6205504e-21
1.2019323e-36
-4.1146058e-21
-4.5286431e-33
-4.1320326e-21
-4.133762e-21
-4.0956988e-21
8.1283346e-21
8.0973386e-21
0
-8.0635599e-21
-7.9707025e-21
7.9206196e-21
3.9518145e-21
-3.9731715e-21
0
3.8799411e-21
3.8927277e-21
-7.6405185e-21
-7.4232286e-21
1.1025908e-20
7.4522141e-21
-7.4569987e-21
3.6924889e-21
3.6625664e-21
-3.6476858e-21
0
3.6377871e-21
-3.5988153e-21
-7.9923773e-33
-3.5778646e-21
-3.4786514e-21
1.4903523e-50
-6.4638693e-21
6.5012231e-21
3.3122931e-21
-4.7442423e-37
6.7257466e-21
-3.4086381e-21
9.5783503e-37
-1.0830144e-52
-6.5707349e-21
3.2479051e-21
-3.2683956e-21
3.2486742e-21
6.4510562e-21
-9.6594202e-21
7.0091943e-33
6.1489844e-21
0
0
-6.200227e-21
-6.1419109e-21
0
6.0010586e-21
3.026034e-21
-6.0226053e-21
2.9741793e-21
2.9385111e-21
-5.8056206e-21
-6.4971434e-33
5.821041e-21
4.1091435e-37
2.889039e-21
5.6538853e-21
-2.750425e-21
-2.731504e-21
0
0
2.7458222e-21
-5.4263333e-21
-2.6883285e-21
2.7151084e-21
-5.3939217e-21
2.6599023e-21
2.6324828e-21
0
3.7462527e-37
-2.6062203e-21
5.1605172e-21
-1.1447629e-32
-5.5898012e-33
4.8857216e-21
-4.8487957e-21
1.0976399e-32
2.4681027e-21
-4.8587077e-21
-7.9743456e-33
2.3655852e-21
0
0
-4.6870303e-21
2.3190212e-21
-1.0134859e-49
-6.9856259e-21
4.575397e-21
6.7700926e-21
-2.2543155e-21
-4.3935959e-21
-2.124532e-21
2.1045441e-21
4.2982447e-21
-2.1448331e-21
-2.1062481e-21
2.0689698e-21
2.03609e-21
0
0
0
2.0393592e-21
-2.0163709e-21
-3.9419626e-21
0
-1.9709959e-21
1.9307943e-21
3.7746119e-21
0
-3.5862443e-21
-1.8360458e-21
3.6666998e-21
-3.9878204e-33
-1.7530205e-21
3.4177924e-21
-1.7342751e-21
-2.3280535e-49
3.4578422e-21
-3.4403735e-21
-3.7062186e-33
3.2137686e-21
-1.585708e-21
-1.6263281e-21
-1.6254016e-21
1.5906241e-21
5.1635481e-33
-4.5209379e-21
3.0669682e-21
1.5352292e-21
-1.5027454e-21
0
-1.4146748e-21
1.4398154e-21
2.8966589e-21
1.4372883e-21
-3.171563e-33
-1.3779549e-21
0
0
0
0
0
0
0
-1.2487047e-21
-2.5017681e-21
1.2202623e-21
1.1776247e-21
-1.1308153e-21
1.1556761e-21
-1.1654686e-21
-5.1343278e-33
1.1484622e-21
-1.0995089e-21
2.0895126e-21
-1.0332123e-21
2.7808681e-49
1.0662484e-21
-1.0263495e-21
-2.1931214e-33
9.4993754e-22
-9.7650195e-22
-9.7996434e-22
2.7067271e-37
-1.8571108e-21
2.7559111e-21
-3.1400636e-33
-2.7508189e-21
1.7843018e-21
8.8696729e-22
-8.4139321e-22
0
1.5540923e-21
-1.814422e-33
-8.0993209e-22
1.5426122e-21
8.1515096e-34
-6.9867682e-22
0
0
0
0
0
0
0
-1.3283015e-21
-6.321894e-22
6.0962715e-22
0
0
-5.7297373e-22
-5.6631897e-22
0
9.8628289e-22
1.3855863e-21
-4.8871095e-22
2.1970186e-33
1.3739273e-37
-4.7784761e-22
4.3638129e-22
3.8289901e-22
-3.630274e-22
2.0920237e-50
-8.7746948e-34
-1.0868516e-21
3.30718e-22
-6.6736094e-34
-6.5555428e-22
6.4902318e-22
2.8894924e-22
-2.5412861e-22
0
0
0
-2.447721e-22
4.7912736e-22
3.9612945e-22
-4.4906239e-22
-2.7917863e-22
3.5374239e-22
3.3404272e-22
0
0
0
-1.848415e-22
-1.9733789e-34
5.4258272e-23
-3.6080152e-23
-2.3083673e-39
3.1152149e-23
-1.9710989e-23
-1.1212706e-23
-1.4551307e-35
3.4624815e-23
-2.4682085e-22
4.050105e-34
-2.4455233e-34
6.72956e-23
1.0796127e-22
-2.8102409e-22
-1.6874072e-22
1.437481e-22
-2.2165097e-50
2.7288936e-51
6.1736085e-22
-2.2155504e-22
4.4138768e-34
4.2561772e-22
-2.3032551e-22
-4.6671547e-22
3.0381294e-34
3.2150893e-22
0
0
-6.2237303e-22
-7.0540476e-22
3.8554758e-22
4.1321722e-22
0
0
0
-4.1982139e-22
4.5406347e-22
4.9254254e-22
4.97102e-22
-4.9817871e-22
3.4270297e-33
5.2200081e-22
-5.598491e-22
5.8455386e-22
5.4994667e-22
-5.6350558e-22
2.6872179e-33
1.2727163e-21
-6.6035144e-22
-1.2740912e-21
-6.37576e-22
-6.5190277e-22
-6.5735208e-22
6.9628042e-22
7.461812e-22
0
-7.336403e-22
7.4396349e-22
1.5631059e-21
-8.1035037e-22
8.3342386e-22
-8.0936572e-22
-1.6391456e-21
1.718794e-21
2.5317202e-37
-1.0155728e-33
8.9124053e-22
0
-9.1066462e-22
-1.8334685e-21
9.5303097e-22
-2.2136768e-33
-2.0121204e-21
9.7484377e-22
1.9808678e-21
-1.0323509e-21
1.0618432e-21
3.2534415e-21
-2.1232628e-21
4.7621373e-33
2.2236214e-21
0
-2.3380574e-21
-1.1451713e-21
1.1435369e-21
0
0
-1.2019286e-21
-2.7638984e-33
-1.7793708e-37
-1.2218303e-21
-1.239513e-21
-1.2827168e-21
1.3124361e-21
1.3348605e-21
0
0
0
0
1.437593e-21
1.4139024e-21
1.4001184e-21
-1.4006378e-21
-1.3965082e-21
0
1.4536693e-33
1.3125746e-21
2.7612461e-21
2.9007439e-21
-2.9849284e-21
3.3714199e-33
4.6029028e-21
8.5281537e-50
-3.0139309e-21
1.5330134e-21
-6.8803226e-33
7.0797919e-33
3.2595542e-21
-1.6275298e-21
5.3999171e-33
1.6133101e-21
0
0
-2.9628101e-21
-1.5384186e-21
1.5993738e-21
0
1.6591707e-21
-2.377407e-37
-3.2947617e-21
-1.646849e-21
-1.6605083e-21
-4.7359061e-37
1.6984277e-21
0
0
0
0
0
1.6070643e-21
1.6186742e-21
1.6909734e-21
-1.7540211e-21
-1.7926445e-21
0
1.8257351e-21
3.5905844e-21
-3.5846323e-21
-1.8052352e-21
-1.8051738e-21
1.8255653e-21
6.1572399e-33
-5.5268106e-21
1.8038325e-21
3.624368e-21
-1.8444119e-21
1.8604056e-21
5.602524e-21
-1.8364519e-21
6.1312486e-33
1.8716517e-21
0
-5.6945566e-21
-3.731699e-21
3.7188723e-21
-1.8651767e-21
8.2505813e-33
1.8356267e-21
-1.780222e-21
0
-1.8283703e-21
1.8810274e-21
1.9110005e-21
4.2758048e-33
-2.1432335e-33
8.4299557e-33
-4.2220025e-33
-1.9306794e-21
0
1.9629518e-21
1.9279743e-21
1.9089111e-21
-1.901834e-21
-1.8892807e-21
1.8666073e-21
1.8102157e-21
-2.0025379e-33
-3.6950807e-21
2.6912577e-37
1.9189557e-21
1.9292618e-21
-3.8598516e-21
-5.6850722e-21
5.6813051e-21
1.8697393e-21
-5.3996798e-21
1.8622336e-21
3.9448045e-21
-1.9733504e-21
-1.9572795e-21
-1.9637843e-21
-5.4277763e-37
5.4759307e-21
3.6082855e-21
-3.6738334e-21
-1.8846481e-21
1.9113777e-21
0
0
0
-1.8797449e-21
2.0923834e-33
-8.3593718e-33
2.1103372e-33
-4.2648365e-33
1.9154895e-21
3.7514629e-21
0
-3.6852409e-21
-3.5293595e-21
3.5343596e-21
1.2087277e-32
-1.8507197e-21
3.6492276e-21
-1.9375817e-33
-1.7436192e-21
-1.7935118e-21
1.827978e-21
3.6560821e-21
-1.8144402e-21
-1.7872514e-21
-3.4581175e-21
7.6386498e-33
-7.8163985e-33
-1.8036985e-21
1.0382863e-36
1.8325285e-21
3.6571419e-21
-1.7918281e-21
-1.7914386e-21
3.5394271e-21
-3.7544873e-33
3.7517273e-33
-1.7396605e-21
-3.5461493e-21
3.5425727e-21
1.7569939e-21
0
0
-1.6678148e-21
-3.4105733e-21
1.7468592e-21
1.769104e-21
-3.5495798e-21
1.7703532e-21
5.2030441e-21
1.7358069e-21
-3.5238208e-21
-3.5486266e-21
0
-1.7406311e-21
3.4512111e-21
1.720683e-21
7.5883141e-33
7.5050867e-33
7.2858373e-33
3.2696806e-21
-3.3463345e-21
-3.4312642e-21
0
-1.7470783e-21
3.8708617e-33
1.707859e-21
0
0
0
0
-1.7716267e-21
1.7618571e-21
3.4750933e-21
1.7422246e-21
-1.7065121e-21
7.3024179e-33
3.2469514e-21
-3.2971932e-21
-3.3861436e-21
3.3494144e-21
3.2010918e-21
-1.5990551e-21
-1.6491818e-21
-3.370001e-21
-1.6908661e-21
3.3762573e-21
3.4101874e-21
-3.4483152e-21
-1.7188512e-21
5.0501929e-21
-1.6835261e-21
-4.9886056e-21
-1.771011e-33
3.2023205e-21
3.6563875e-33
-1.6819594e-21
3.3230441e-21
-3.5356214e-33
-1.5944086e-21
3.2835757e-21
-1.6752711e-21
7.4485038e-33
1.665469e-21
-3.2887776e-21
-1.5959661e-21
0
3.2585265e-21
3.3469949e-21
-3.3137473e-21
-3.1698015e-21
-1.5839753e-21
-2.3214854e-37
3.3587291e-21
3.6956548e-33
-1.597743e-21
3.2030685e-21
3.3008699e-21
-3.3694485e-21
-1.6874002e-21
3.3561947e-21
1.6613933e-21
-1.6177939e-21
-3.227436e-21
-1.6510936e-21
0
0
1.6072167e-21
-3.5661725e-33
-1.6557262e-21
1.7038955e-21
2.462967e-37
-1.7460789e-21
1.7475176e-21
1.7165987e-21
-1.7093392e-21
-1.7102352e-21
-1.7022232e-21
1.8760977e-33
3.301972e-21
3.2997653e-21
2.4001921e-37
3.8493266e-33
1.7209824e-21
-3.3076378e-21
-3.3071893e-21
3.40529e-21
-1.7437791e-21
-1.7207665e-21
1.612135e-21
1.553213e-21
-1.5930786e-21
-3.3297669e-21
3.4860289e-21
1.788363e-21
1.7917112e-21
1.803191e-21
-5.3786196e-21
-3.5030462e-21
1.76235e-21
0
1.6823193e-21
-1.6803418e-21
1.7264862e-21
3.5217798e-21
-3.5369769e-21
-1.7673121e-21
3.5684303e-21
-8.0074665e-33
-1.7973866e-21
1.7628622e-21
1.7650975e-21
-1.7531052e-21
3.765336e-33
-2.3086443e-50
-1.7462428e-21
-8.7704095e-51
1.7677932e-21
3.7908491e-33
-3.4232611e-21
0
1.7888973e-21
3.585278e-21
-1.980758e-33
-1.7670216e-21
0
0
-3.5062096e-21
-1.7942791e-21
1.7802061e-21
3.4298079e-21
-1.7142065e-21
-3.5178583e-21
3.6004276e-21
1.7865261e-21
1.7263283e-21
-1.7306576e-21
1.1820438e-32
4.0078503e-33
-3.616373e-21
0
3.5712197e-21
1.7457074e-21
1.9320986e-33
-1.7729406e-21
-3.6227256e-21
0
3.4632497e-21
-3.8403353e-33
-3.5488067e-21
-1.81847e-21
-1.4571668e-50
3.4867771e-21
3.4878487e-21
-3.5781999e-21
6.0704895e-33
-6.0794862e-33
-6.0573201e-33
1.8047299e-21
-3.5329577e-21
0
1.7937576e-21
3.662293e-21
-1.8169828e-21
-1.752551e-21
1.7498888e-21
1.7936882e-21
-3.6690942e-21
-3.641015e-21
1.7659416e-21
0
-1.8980337e-21
-2.1040651e-33
3.7684217e-21
3.7828178e-21
-1.8751236e-21
8.3094412e-33
6.3938172e-50
-1.8226237e-21
-2.0379825e-33
-1.8274685e-21
3.5310964e-21
3.5287908e-21
-3.6137686e-21
-1.8398181e-21
4.1054294e-33
-1.8478594e-21
1.8618977e-21
-4.167417e-33
1.8682963e-21
8.1552228e-33
-3.6784398e-21
1.8237921e-21
1.9647118e-33
-3.5599875e-21
3.6365661e-21
-2.1738931e-50
-3.6582536e-21
3.545305e-21
1.9715116e-33
-1.8156923e-21
1.8437606e-21
3.6922554e-21
-1.8376821e-21
-1.8224705e-21
1.782846e-21
1.7760775e-21
-1.8060152e-21
-1.8425064e-21
-5.1996057e-37
-1.7700241e-21
0
1.8099731e-21
1.8464189e-21
1.8333155e-21
-1.7787802e-21
-3.9617248e-33
-4.0327229e-50
-1.8520037e-21
3.7120228e-21
-1.8497438e-21
4.0791816e-33
1.8008776e-21
-3.5905793e-21
1.8235164e-21
1.8582968e-21
-5.5367408e-21
3.9655022e-33
1.7847186e-21
-1.8247955e-21
0
0
1.7962288e-21
3.5963148e-21
-3.6766132e-21
-3.7352591e-21
2.077625e-33
1.6421221e-51
1.8531092e-21
3.6357678e-21
8.0500405e-33
-1.8393112e-21
3.7444394e-21
-1.8590585e-21
-5.3998188e-21
1.7973148e-21
3.6723962e-21
-1.8763148e-21
7.3254501e-52
2.1256071e-33
-1.9146532e-21
0
3.7530805e-21
1.874434e-21
-1.867047e-21
-1.8570099e-21
1.8222308e-21
-4.034159e-33
-1.844308e-21
3.7540546e-21
-1.864189e-21
8.023311e-33
1.8052883e-21
-3.6869068e-21
1.8732518e-21
8.3360137e-33
4.1505869e-33
-5.2739166e-37
-1.8186958e-21
3.6281813e-21
-1.844105e-21
-3.754076e-21
1.86274e-21
3.622174e-21
-3.6343775e-21
2.5305215e-50
5.6424516e-21
-3.7310617e-21
-3.6308328e-21
3.6598095e-21
4.1788858e-33
-1.909543e-21
3.8078767e-21
-1.8927005e-21
-1.8732996e-21
3.6594614e-21
-1.8203367e-21
-3.6954181e-21
-1.8822916e-21
3.7413768e-21
1.8166801e-21
8.0734536e-33
5.269215e-37
-5.6570229e-21
3.7447657e-21
5.4671793e-21
-1.8343254e-21
-3.7644022e-21
-1.9083726e-21
-1.904763e-21
-2.1039563e-33
3.7584831e-21
1.8398309e-21
-1.8312816e-21
1.8560481e-21
1.8879719e-21
-1.8758791e-21
-1.8207698e-21
-1.8191111e-21
1.8544123e-21
-1.8880006e-21
-1.8761339e-21
3.6485864e-21
3.6537695e-21
-3.724051e-21
-3.7740239e-21
3.7806657e-21
6.2752207e-33
1.8717124e-21
-1.8369461e-21
-3.6587594e-21
3.7049572e-21
2.6752873e-37
4.1526919e-33
1.8147942e-21
1.8119141e-21
-1.8459915e-21
-3.763149e-21
0
-1.9122658e-21
2.7091592e-37
3.7553052e-21
3.7433308e-21
-3.7451454e-21
1.2431274e-32
5.5701349e-21
-1.8228594e-21
-1.8159782e-21
-1.8390449e-21
-3.7365523e-21
3.7113054e-21
3.6018407e-21
-3.5942984e-21
2.602165e-37
3.717772e-21
1.8710021e-21
-3.7199791e-21
-3.7035585e-21
0
3.716e-21
3.2634762e-51
-1.8517027e-21
1.8412189e-21
-1.8264589e-21
-1.8193594e-21
3.6545308e-21
5.2613962e-37
-1.835184e-21
6.9081531e-51
1.8021807e-21
8.2430345e-33
-1.8820616e-21
0
1.8612813e-21
1.8377173e-21
-1.7908896e-21
-1.7784483e-21
-1.802662e-21
3.66881e-21
-1.8223313e-21
-3.5444696e-21
3.5488603e-21
2.0053286e-33
-3.6657003e-21
3.6376263e-21
5.31334e-21
-1.7848665e-21
-1.8354485e-21
-1.8608871e-21
1.8548915e-21
-4.0942308e-33
-1.8246649e-21
3.5674698e-21
2.5205374e-37
5.980757e-33
1.8248207e-21
-1.8134561e-21
-1.7627281e-21
-1.7620653e-21
-2.5498331e-37
-6.0766082e-33
1.8129e-21
1.765247e-21
-3.5468101e-21
-1.8154483e-21
3.6798942e-21
-8.1589751e-33
-5.4828765e-21
-5.1587618e-37
5.3489859e-21
1.1835424e-32
-1.7981158e-21
0
1.8153943e-21
1.7651443e-21
-1.7636334e-21
-1.7960147e-21
-2.0316965e-33
3.6424212e-21
1.767739e-21
-3.5270313e-21
7.9870009e-33
8.1182995e-33
-1.8326902e-21
2.5966243e-37
2.0184046e-33
3.5811888e-21
-1.9839069e-33
4.0165735e-33
-3.6733032e-21
-3.652932e-21
1.7774843e-21
0
1.8088834e-21
3.6672552e-21
-1.8380388e-21
-1.8325244e-21
1.8265398e-21
-1.8078124e-21
-2.5641256e-37
-2.0005018e-33
-2.5433752e-37
-2.5434462e-37
-1.9870854e-52
-1.9947585e-33
1.8198932e-21
-1.852394e-21
-3.6877518e-21
5.397521e-21
-4.0178235e-33
1.2353198e-32
3.7628242e-21
-3.7599957e-21
4.1517614e-33
3.6977602e-21
0
-1.7966731e-21
-3.6546754e-21
1.8647709e-21
-1.8545609e-21
-3.628767e-21
1.8285318e-21
0
-1.8830112e-21
4.1517732e-33
3.6574952e-21
-1.4751803e-50
-1.9133348e-21
3.8832655e-21
4.2975634e-33
-1.9237347e-21
2.1099011e-33
-1.8585739e-21
1.8489863e-21
3.7408822e-21
-1.8993715e-21
-1.890284e-21
1.8451057e-21
-3.6938042e-21
-1.8781365e-21
3.8114961e-21
3.7896823e-21
-1.8531517e-21
-3.7433549e-21
3.850289e-21
3.9019447e-21
-5.8369118e-21
-1.9355883e-21
5.7518748e-21
-1.8801027e-21
4.1566424e-33
3.7828901e-21
-3.8355898e-21
8.4733072e-33
1.8619362e-21
-2.6454753e-37
1.8914089e-21
-3.8424739e-21
-1.9127273e-21
-1.8658879e-21
-1.8647796e-21
1.8955128e-21
0
0
0
-1.9092941e-21
-2.6748654e-37
3.7541327e-21
3.7912475e-21
-1.9200949e-21
-3.8188345e-21
3.7259171e-21
8.2644545e-33
-5.6686416e-21
3.8197566e-21
1.913982e-21
-1.9080695e-21
-2.1088547e-33
-3.7671367e-21
2.0858445e-33
3.7422842e-21
3.7195844e-21
-1.8528862e-21
-3.6825076e-21
-1.8429969e-21
3.7291422e-21
1.079616e-36
-1.8919117e-21
4.1020489e-33
-1.8541731e-21
1.8941647e-21
3.8346128e-21
8.5153855e-33
1.2724212e-32
3.8292624e-21
-3.8356914e-21
1.2667039e-32
3.7462822e-21
-3.7506847e-21
-3.7356006e-21
1.8452163e-21
3.7223527e-21
2.6607994e-37
-3.754034e-21
1.8593491e-21
-1.8174502e-21
-1.8438147e-21
3.8234919e-21
0
-1.9306938e-21
1.9159083e-21
-1.8794653e-21
-3.6487214e-21
1.8065383e-21
3.6407255e-21
5.2356256e-37
-1.8289484e-21
-1.9799704e-33
-1.7813557e-21
0
0
3.6202457e-21
-7.8486927e-33
3.9697611e-33
3.6919179e-21
-3.7403743e-21
-3.7267693e-21
1.850629e-21
1.8189456e-21
-1.7681292e-21
-1.751239e-21
3.5275511e-21
-5.0704953e-37
-1.7706282e-21
3.4478378e-21
-1.7201821e-21
7.7435128e-33
3.5306053e-21
-3.5040153e-21
-3.4132825e-21
1.7126495e-21
-1.7507006e-21
1.1177792e-51
1.7646581e-21
1.7542413e-21
-1.7357645e-21
-3.3960974e-21
3.3710932e-21
1.6978451e-21
-1.7168296e-21
1.7034137e-21
3.3124499e-21
-3.301628e-21
-1.6733675e-21
3.3977786e-21
-1.9063438e-33
-1.717265e-21
1.7043856e-21
-1.6757829e-21
-3.3411713e-21
3.3422813e-21
3.3288667e-21
-3.3100113e-21
-3.2497077e-21
1.6156111e-21
1.8096992e-33
-1.6491151e-21
0
0
1.5979456e-21
1.8178011e-33
1.6596285e-21
-3.678789e-33
-3.2962127e-21
0
1.5915451e-21
-1.7553098e-33
-6.7997588e-37
1.6112977e-21
0
0
-3.1110423e-21
-1.5775099e-21
1.5895092e-21
3.1544793e-21
-1.5229902e-21
-3.0030348e-21
3.1309536e-21
1.644874e-21
1.6645508e-21
-1.6567107e-21
1.086571e-32
6.9871121e-33
-3.0783038e-21
3.0889251e-21
3.1330373e-21
0
0
-3.0265995e-21
-3.0726781e-21
0
1.5396038e-21
-1.6700168e-33
-1.5395059e-21
1.6150896e-21
1.6498647e-21
0
0
0
1.5301698e-21
-3.0047247e-21
4.6871077e-50
1.5321173e-21
-3.044302e-21
0
1.4825923e-21
3.014656e-21
-1.6977819e-33
-1.5180587e-21
0
-1.5023373e-21
1.5599308e-21
-1.5822869e-50
-3.17162e-21
0
-1.5503614e-21
-5.0224681e-33
2.9929755e-21
-2.2609854e-51
-1.5321793e-21
3.0477372e-21
-1.4845035e-21
-2.969475e-21
1.510217e-21
0
3.0666683e-21
1.4883935e-21
-2.964118e-21
2.1466229e-37
1.5382077e-21
-1.545294e-21
5.1370986e-33
-1.7060397e-33
1.5151066e-21
3.359059e-33
-3.0601272e-21
1.5524299e-21
3.4312631e-33
-3.0159453e-21
-2.1575866e-37
4.6856379e-21
-3.5107676e-33
-1.5765111e-21
0
-1.5733335e-21
1.5724315e-21
3.1437388e-21
-1.5622767e-21
-1.5613227e-21
1.5584262e-21
1.542906e-21
-3.0892305e-21
-3.1262035e-21
1.5895725e-21
0
0
1.5809212e-21
1.6489646e-21
1.6783807e-21
-1.6715514e-21
4.7193785e-37
7.2520504e-33
-1.5880281e-21
1.7503344e-33
-1.6002794e-21
3.2621536e-21
3.2675662e-21
-3.2539666e-21
7.3152236e-33
-3.6805798e-33
-4.9822157e-21
3.29916e-21
1.6012508e-21
3.5202591e-33
-4.0160224e-50
-3.4544536e-21
1.7415473e-21
3.473487e-21
-3.4577913e-21
5.6329893e-33
-5.5506561e-33
-3.3526277e-21
1.7025866e-21
3.3969487e-21
1.1079693e-32
-1.6652754e-21
3.3832347e-21
1.7093898e-21
-1.7022477e-21
-1.6680871e-21
0
-1.7208009e-21
-5.0682264e-37
3.5787775e-21
-1.7868282e-21
-3.5646968e-21
1.7413252e-21
1.7150223e-21
1.7234058e-21
-1.7476919e-21
7.7403527e-33
4.6394179e-50
-5.1264697e-21
3.4693033e-21
1.7612414e-21
3.9015728e-33
3.4442926e-21
-3.4648724e-21
1.5749221e-32
1.1977404e-32
-5.3966997e-21
1.7932518e-21
1.7816993e-21
-1.7551484e-21
0
0
1.7862179e-21
3.5582319e-21
-3.4884678e-21
-3.5113717e-21
1.9969995e-33
-5.1576157e-37
1.8061438e-21
3.6004485e-21
7.9920833e-33
-3.5962582e-21
3.5913411e-21
-3.9676784e-33
-1.7851731e-21
1.776544e-21
0
-1.755053e-21
-1.9669842e-33
3.6009159e-21
-1.7955987e-21
-3.5228067e-21
3.5324502e-21
-1.7908078e-21
-1.804146e-21
1.804763e-21
-1.7925895e-21
0
0
-1.8600084e-21
2.6397046e-37
1.849797e-21
3.7216958e-21
4.1529616e-33
1.648141e-32
3.6299614e-21
-3.6109548e-21
-3.5915368e-21
1.7594408e-21
0
-3.6514496e-21
-2.0562113e-33
3.7017568e-21
3.6812458e-21
-3.6253738e-21
-3.5369104e-21
3.5009043e-21
5.8584939e-33
1.7755876e-21
3.5257667e-21
-3.4523754e-21
-1.7290807e-21
3.5014446e-21
-1.768664e-21
-1.7574112e-21
3.4318546e-21
-1.7105522e-21
-3.4596479e-21
3.4883321e-21
-1.7445373e-21
-3.4765523e-21
3.4570138e-21
3.4045217e-21
-5.3582772e-52
3.7831225e-33
1.7179579e-21
-3.4230225e-21
-3.3644703e-21
0
3.3767225e-21
3.7735987e-33
-3.4049714e-21
0
1.6970286e-21
3.3815912e-21
1.6833244e-21
0
-3.3869428e-21
1.4934122e-32
3.2657572e-21
-4.8434998e-21
-3.2677375e-21
3.3156682e-21
3.3232679e-21
-1.6529007e-21
7.2692554e-33
1.2672282e-50
-1.600766e-21
-1.7717378e-33
1.5765243e-21
9.1523949e-37
-1.6711467e-21
-3.7056927e-33
5.3921394e-33
-1.6177351e-21
1.6398699e-21
1.6152266e-21
-3.2327567e-21
3.2763261e-21
-1.6093581e-21
-3.2172135e-21
3.2630143e-21
3.558306e-33
-3.1473367e-21
3.1396176e-21
4.7134259e-21
-1.5769316e-21
-1.5772855e-21
-1.5689757e-21
-3.1001027e-21
-3.4942485e-51
1.5169815e-21
3.0087147e-21
1.4879709e-21
4.9435249e-33
1.4852132e-21
-1.4925123e-21
-4.5047857e-21
-1.4978158e-21
2.9584982e-21
-1.6137816e-33
1.4525579e-21
1.4600077e-21
-1.6167197e-33
-1.448463e-21
-2.8067935e-51
-8.1417531e-37
-1.4156156e-21
-3.1135759e-33
1.3962078e-21
-6.1321273e-33
-2.7484186e-21
0
2.8061024e-21
2.7947433e-21
0
-2.7414222e-21
-2.8032415e-21
2.8340789e-21
2.8290805e-21
-2.8122702e-21
-1.3865864e-21
2.7085532e-21
-2.6814948e-21
-2.6910156e-21
4.0755243e-21
1.3513019e-21
-2.6370369e-21
1.3103912e-21
-1.3219409e-21
-2.6760153e-21
1.3325079e-21
0
1.2947015e-21
2.6212288e-21
-1.3230909e-21
-1.3219781e-21
1.3146048e-21
-1.3054176e-21
1.4267814e-33
-1.2558167e-51
4.2654168e-33
1.4360046e-33
2.8585813e-33
-1.3910729e-33
1.2408261e-21
-1.2515437e-21
-2.5446086e-21
1.2884239e-21
-1.2878356e-21
-4.2457241e-33
3.7589483e-21
5.5576357e-33
5.5751996e-33
2.5012302e-21
-2.4884871e-21
-1.2268021e-21
1.2193039e-21
1.2247906e-21
-2.4761406e-21
-2.5004803e-21
1.2489292e-21
0
-1.21496e-21
4.0447217e-33
2.442106e-21
1.3538558e-33
-1.2161659e-21
2.4241928e-21
8.0731655e-33
-1.2015235e-21
3.9713287e-33
-1.1932582e-21
1.1880748e-21
2.3709681e-21
-1.1901875e-21
-1.2144879e-21
-2.7429897e-33
1.2172244e-21
2.666759e-33
-1.1994828e-21
1.1976891e-21
-1.199066e-21
-1.188947e-21
2.3440048e-21
5.1558281e-33
-3.4712028e-21
1.1540426e-21
2.5554668e-33
-1.149671e-21
3.4317898e-21
2.2850426e-21
-2.2888405e-21
2.5407139e-33
2.2875441e-21
0
0
-1.1497988e-21
-1.1576624e-21
-2.329386e-21
-1.1548921e-21
3.4202837e-21
1.016307e-32
-1.1537356e-21
1.1469825e-21
0
0
0
-2.2527985e-21
-1.1271558e-21
3.3694517e-21
2.2436142e-21
-2.214414e-21
-1.0915761e-21
2.1926479e-21
-1.1048631e-21
-1.1142198e-21
1.1274401e-21
-2.2621363e-21
-1.1285343e-21
2.2531449e-21
2.4966266e-33
-1.1201046e-21
0
2.201819e-21
2.1946221e-21
-3.2826996e-21
-2.176846e-21
-1.5449306e-37
-1.2064251e-33
2.1678235e-21
1.5390689e-37
-1.0807242e-21
2.157415e-21
2.1543106e-21
-2.1508631e-21
4.775117e-33
-2.3844508e-33
-3.0473691e-37
-4.7589889e-33
-1.071284e-21
-2.3793871e-33
-1.0720616e-21
0
0
-1.0714716e-21
1.0696403e-21
2.1365094e-21
1.0688255e-21
-1.0684126e-21
2.365088e-33
-1.054655e-21
-1.0307736e-21
3.0214577e-21
9.9981446e-22
-2.0159993e-21
-1.0282809e-21
2.0952537e-21
3.4647108e-33
-2.0177316e-21
-2.2258476e-33
2.039757e-21
-2.0247947e-21
-9.9510003e-22
2.9739227e-21
-9.9946233e-22
-2.0312805e-21
1.0158501e-21
1.012127e-21
-1.0208468e-21
-1.0221446e-21
2.022065e-21
-4.4750501e-33
-1.0167426e-21
2.036106e-21
-1.007605e-21
4.4638231e-33
1.0138325e-21
-2.0241339e-21
-9.9702812e-22
1.9851338e-21
-9.9632198e-22
-1.0023199e-21
1.0167387e-21
-1.0070702e-21
-9.9278007e-22
-2.2334957e-33
2.0190027e-21
1.0045436e-21
-9.9997802e-22
9.8858986e-22
-9.7451685e-22
-1.9218819e-21
9.6198277e-22
0
1.0095776e-21
1.0016688e-21
9.820782e-22
1.1106392e-33
-2.0312636e-21
1.0145977e-21
1.0152101e-21
-2.0337693e-21
-1.0191915e-21
1.0222616e-21
2.0674299e-21
-1.0447969e-21
-2.1022893e-21
0
1.0631474e-21
0
1.0749565e-21
3.6112059e-37
-2.0591019e-21
0
1.5618752e-21
4.6258917e-22
)
;

boundaryField
{
    leftSide
    {
        type            calculated;
        value           uniform 0;
    }
    rightSide
    {
        type            calculated;
        value           uniform 4.6258917e-22;
    }
    emptywalls
    {
        type            empty;
    }
}


// ************************************************************************* //
