/*--------------------------------*- C++ -*----------------------------------*\
  =========                 |
  \\      /  F ield         | OpenFOAM: The Open Source CFD Toolbox
   \\    /   O peration     | Website:  https://openfoam.org
    \\  /    A nd           | Version:  7
     \\/     M anipulation  |
\*---------------------------------------------------------------------------*/
FoamFile
{
    version     2.0;
    format      ascii;
    class       volScalarField;
    location    "0.00243";
    object      T;
}
// * * * * * * * * * * * * * * * * * * * * * * * * * * * * * * * * * * * * * //

dimensions      [0 0 0 1 0 0 0];

internalField   nonuniform List<scalar> 
5000
(
253.81902
253.83344
253.83998
253.85148
253.85822
253.86965
253.8764
253.88785
253.89459
253.90604
253.91279
253.92424
253.93099
253.94244
253.94918
253.96064
253.96738
253.97884
253.98557
253.99702
254.00375
254.0152
254.02192
254.03337
254.04008
254.05154
254.05825
254.06971
254.07643
254.08789
254.09461
254.10608
254.11279
254.12426
254.13098
254.14244
254.14915
254.16062
254.16732
254.17879
254.18548
254.19695
254.20364
254.2151
254.22179
254.23325
254.23993
254.25139
254.25806
254.26953
254.27619
254.28765
254.29431
254.30577
254.31243
254.32389
254.33054
254.342
254.34864
254.3601
254.36673
254.37819
254.38482
254.39628
254.4029
254.41436
254.42098
254.43244
254.43905
254.4505
254.45711
254.46856
254.47516
254.48662
254.49321
254.50467
254.51126
254.52271
254.52929
254.54074
254.54732
254.55877
254.56534
254.57679
254.58336
254.59481
254.60137
254.61282
254.61937
254.63082
254.63736
254.64881
254.65535
254.6668
254.67334
254.68479
254.69131
254.70276
254.70928
254.72073
254.72725
254.73869
254.7452
254.75665
254.76315
254.7746
254.7811
254.79254
254.79904
254.81048
254.81697
254.82841
254.83489
254.84633
254.85281
254.86425
254.87072
254.88216
254.88863
254.90007
254.90652
254.91797
254.92442
254.93586
254.9423
254.95375
254.96018
254.97163
254.97805
254.9895
254.99592
255.00736
255.01378
255.02522
255.03164
255.04308
255.04948
255.06092
255.06732
255.07877
255.08516
255.0966
255.10299
255.11443
255.12081
255.13225
255.13862
255.15006
255.15643
255.16787
255.17424
255.18568
255.19203
255.20347
255.20982
255.22126
255.22761
255.23905
255.24538
255.25682
255.26315
255.27459
255.28091
255.29235
255.29867
255.3101
255.31641
255.32785
255.33415
255.34559
255.35189
255.36333
255.36962
255.38106
255.38734
255.39878
255.40506
255.41651
255.42278
255.43423
255.4405
255.45195
255.45822
255.46967
255.47593
255.48739
255.49364
255.5051
255.51135
255.52281
255.52906
255.54051
255.54676
255.55821
255.56445
255.57591
255.58214
255.5936
255.59982
255.61129
255.6175
255.62896
255.63518
255.64663
255.65284
255.6643
255.67049
255.68197
255.68813
255.69962
255.70578
255.71726
255.72344
255.73488
255.74109
255.7525
255.75872
255.77015
255.77631
255.78782
255.79388
255.80548
255.81146
255.82309
255.82909
255.84062
255.8468
255.85808
255.86457
255.87546
255.88238
255.89281
255.9002
255.91016
255.91799
255.92754
255.93574
255.94495
255.95343
255.9624
255.97107
255.97988
255.98868
255.99739
256.00625
256.01492
256.0238
256.03244
256.04134
256.04997
256.05887
256.0675
256.07639
256.08502
256.0939
256.10253
256.11141
256.12004
256.12891
256.13754
256.14641
256.15503
256.1639
256.17252
256.18138
256.19
256.19886
256.20748
256.21634
256.22495
256.23381
256.24241
256.25127
256.25987
256.26873
256.27732
256.28618
256.29477
256.30361
256.31222
256.32104
256.32967
256.33846
256.34711
256.35587
256.36455
256.37328
256.38197
256.39068
256.39939
256.40808
256.4168
256.42548
256.43421
256.44287
256.4516
256.46026
256.46899
256.47764
256.48638
256.49502
256.50375
256.51239
256.52112
256.52975
256.53848
256.54711
256.55584
256.56447
256.57319
256.58181
256.59054
256.59916
256.60788
256.61649
256.62521
256.63383
256.64254
256.65116
256.65987
256.66848
256.67719
256.6858
256.69451
256.70312
256.71183
256.72044
256.72914
256.73775
256.74645
256.75505
256.76376
256.77236
256.78106
256.78966
256.79836
256.80696
256.81566
256.82425
256.83295
256.84154
256.85023
256.85882
256.86752
256.8761
256.88479
256.89338
256.90206
256.91065
256.91933
256.92791
256.93659
256.94517
256.95385
256.96242
256.9711
256.97967
256.98834
256.99691
257.00558
257.01415
257.02281
257.03138
257.04004
257.0486
257.05726
257.06582
257.07448
257.08303
257.09169
257.10024
257.10889
257.11744
257.12609
257.13464
257.14329
257.15183
257.16047
257.16902
257.17766
257.1862
257.19483
257.20337
257.21201
257.22054
257.22917
257.2377
257.24633
257.25486
257.26349
257.27201
257.28064
257.28916
257.29778
257.3063
257.31492
257.32343
257.33205
257.34056
257.34918
257.35768
257.3663
257.3748
257.38341
257.39191
257.40052
257.40902
257.41763
257.42612
257.43473
257.44322
257.45182
257.46031
257.46891
257.47739
257.48599
257.49447
257.50307
257.51155
257.52014
257.52861
257.5372
257.54568
257.55426
257.56273
257.57132
257.57978
257.58837
257.59683
257.60541
257.61387
257.62245
257.6309
257.63948
257.64793
257.65651
257.66496
257.67352
257.68198
257.69054
257.699
257.70754
257.71601
257.72454
257.73301
257.74154
257.75001
257.75853
257.767
257.77551
257.78399
257.79249
257.80097
257.80946
257.81795
257.82643
257.83492
257.8434
257.85188
257.86036
257.86884
257.87732
257.88579
257.89427
257.90274
257.91121
257.91969
257.92816
257.93663
257.9451
257.95356
257.96203
257.9705
257.97896
257.98743
257.99589
258.00435
258.01282
258.02128
258.02974
258.0382
258.04665
258.05511
258.06357
258.07202
258.08048
258.08893
258.09738
258.10583
258.11429
258.12274
258.13118
258.13963
258.14808
258.15652
258.16497
258.17341
258.18185
258.19029
258.19873
258.20717
258.21561
258.22404
258.23248
258.24091
258.24934
258.25777
258.2662
258.27463
258.28306
258.29148
258.29991
258.30833
258.31675
258.32517
258.33359
258.34201
258.35042
258.35884
258.36725
258.37566
258.38408
258.39249
258.40089
258.4093
258.41771
258.42611
258.43451
258.44292
258.45132
258.45972
258.46811
258.47651
258.48491
258.4933
258.50169
258.51008
258.51847
258.52686
258.53525
258.54364
258.55202
258.5604
258.56879
258.57717
258.58555
258.59392
258.6023
258.61068
258.61905
258.62742
258.6358
258.64417
258.65254
258.6609
258.66927
258.67763
258.686
258.69436
258.70272
258.71108
258.71944
258.7278
258.73615
258.74451
258.75286
258.76121
258.76956
258.77791
258.78626
258.79461
258.80295
258.8113
258.81964
258.82798
258.83632
258.84466
258.853
258.86134
258.86967
258.878
258.88634
258.89467
258.903
258.91133
258.91965
258.92798
258.9363
258.94463
258.95295
258.96127
258.96959
258.9779
258.98622
258.99454
259.00285
259.01116
259.01947
259.02778
259.03609
259.0444
259.0527
259.06101
259.06931
259.07761
259.08591
259.09421
259.10251
259.11081
259.1191
259.1274
259.13569
259.14398
259.15227
259.16056
259.16885
259.17714
259.18542
259.19371
259.20199
259.21027
259.21856
259.22684
259.23511
259.24339
259.25167
259.25995
259.26822
259.27649
259.28477
259.29304
259.30131
259.30958
259.31785
259.32611
259.33438
259.34265
259.35091
259.35917
259.36744
259.3757
259.38396
259.39221
259.40047
259.40873
259.41698
259.42523
259.43349
259.44174
259.44999
259.45823
259.46648
259.47472
259.48297
259.49121
259.49945
259.50769
259.51593
259.52416
259.53239
259.54063
259.54886
259.55708
259.56531
259.57354
259.58176
259.58998
259.5982
259.60642
259.61463
259.62284
259.63106
259.63927
259.64747
259.65568
259.66388
259.67208
259.68028
259.68847
259.69667
259.70486
259.71305
259.72123
259.72942
259.7376
259.74578
259.75395
259.76213
259.7703
259.77847
259.78663
259.79479
259.80296
259.81111
259.81927
259.82742
259.83556
259.84371
259.85185
259.85999
259.86812
259.87625
259.88438
259.89251
259.90063
259.90874
259.91686
259.92497
259.93307
259.94117
259.94927
259.95737
259.96546
259.97354
259.98162
259.9897
259.99777
260.00584
260.0139
260.02196
260.03001
260.03806
260.0461
260.05414
260.06217
260.0702
260.07822
260.08624
260.09425
260.10225
260.11025
260.11824
260.12623
260.13421
260.14219
260.15015
260.15811
260.16607
260.17402
260.18196
260.18989
260.19782
260.20574
260.21365
260.22155
260.22945
260.23733
260.24521
260.25309
260.26095
260.2688
260.27665
260.28449
260.29232
260.30013
260.30794
260.31574
260.32354
260.33132
260.33909
260.34685
260.3546
260.36234
260.37007
260.37779
260.3855
260.39319
260.40088
260.40856
260.41622
260.42387
260.43151
260.43914
260.44675
260.45435
260.46194
260.46952
260.47708
260.48464
260.49217
260.4997
260.50721
260.5147
260.52219
260.52966
260.53711
260.54455
260.55197
260.55938
260.56678
260.57416
260.58152
260.58887
260.5962
260.60351
260.61081
260.61809
260.62536
260.63261
260.63984
260.64705
260.65425
260.66143
260.66859
260.67573
260.68285
260.68995
260.69704
260.70411
260.71115
260.71818
260.72519
260.73218
260.73914
260.74609
260.75302
260.75992
260.76681
260.77367
260.78051
260.78733
260.79413
260.80091
260.80767
260.8144
260.82111
260.8278
260.83446
260.8411
260.84772
260.85431
260.86089
260.86743
260.87396
260.88046
260.88693
260.89338
260.89981
260.90621
260.91259
260.91894
260.92527
260.93157
260.93785
260.9441
260.95032
260.95652
260.9627
260.96884
260.97496
260.98106
260.98713
260.99317
260.99919
261.00518
261.01114
261.01708
261.02299
261.02887
261.03472
261.04055
261.04635
261.05213
261.05788
261.0636
261.06929
261.07495
261.08059
261.0862
261.09178
261.09734
261.10286
261.10836
261.11383
261.11927
261.12469
261.13008
261.13544
261.14077
261.14607
261.15135
261.1566
261.16182
261.16702
261.17218
261.17732
261.18243
261.18752
261.19257
261.1976
261.2026
261.20757
261.21252
261.21743
261.22232
261.22718
261.23202
261.23683
261.24161
261.24636
261.25108
261.25578
261.26045
261.2651
261.26972
261.27431
261.27887
261.28341
261.28792
261.29241
261.29687
261.3013
261.30571
261.31009
261.31445
261.31878
261.32309
261.32737
261.33162
261.33585
261.34006
261.34424
261.34839
261.35252
261.35663
261.36071
261.36477
261.36881
261.37282
261.3768
261.38077
261.38471
261.38862
261.39252
261.39639
261.40024
261.40406
261.40786
261.41165
261.4154
261.41914
261.42286
261.42655
261.43022
261.43387
261.4375
261.44111
261.4447
261.44827
261.45181
261.45534
261.45885
261.46233
261.4658
261.46925
261.47268
261.47609
261.47948
261.48285
261.4862
261.48954
261.49285
261.49615
261.49943
261.50269
261.50593
261.50916
261.51237
261.51556
261.51873
261.52189
261.52503
261.52815
261.53126
261.53435
261.53742
261.54048
261.54352
261.54656
261.54956
261.55256
261.55554
261.55851
261.56146
261.5644
261.56733
261.57023
261.57313
261.57601
261.57887
261.58173
261.58457
261.58739
261.59021
261.59301
261.59579
261.59857
261.60133
261.60408
261.60682
261.60954
261.61225
261.61495
261.61764
261.62032
261.62299
261.62564
261.62829
261.63092
261.63354
261.63615
261.63875
261.64135
261.64393
261.6465
261.64906
261.65161
261.65415
261.65668
261.6592
261.66171
261.66422
261.66671
261.66919
261.67167
261.67414
261.6766
261.67905
261.68149
261.68392
261.68635
261.68877
261.69117
261.69358
261.69597
261.69836
261.70074
261.70311
261.70548
261.70783
261.71018
261.71253
261.71486
261.71719
261.71952
261.72183
261.72414
261.72645
261.72875
261.73104
261.73332
261.7356
261.73788
261.74014
261.74241
261.74466
261.74691
261.74916
261.7514
261.75363
261.75586
261.75808
261.7603
261.76251
261.76472
261.76692
261.76912
261.77132
261.77351
261.77569
261.77787
261.78005
261.78222
261.78438
261.78655
261.7887
261.79086
261.79301
261.79515
261.7973
261.79943
261.80157
261.8037
261.80582
261.80795
261.81006
261.81218
261.81429
261.8164
261.81851
261.82061
261.8227
261.8248
261.82689
261.82897
261.83106
261.83314
261.83521
261.83729
261.83936
261.84143
261.8435
261.84556
261.84762
261.84968
261.85173
261.85379
261.85583
261.85788
261.85992
261.86197
261.864
261.86604
261.86807
261.8701
261.87213
261.87416
261.87618
261.87819
261.88021
261.88223
261.88424
261.88625
261.88826
261.89027
261.89227
261.89427
261.89627
261.89827
261.90025
261.90225
261.90423
261.90622
261.9082
261.91019
261.91216
261.91414
261.91611
261.91809
261.92005
261.92203
261.92399
261.92595
261.92791
261.92987
261.93182
261.93377
261.93572
261.93766
261.93961
261.94154
261.94348
261.94541
261.94735
261.94928
261.95121
261.95313
261.95505
261.95697
261.95889
261.96079
261.96271
261.96461
261.96652
261.96842
261.97032
261.97221
261.9741
261.97599
261.97788
261.97976
261.98164
261.98352
261.98539
261.98726
261.98913
261.99099
261.99285
261.99471
261.99656
261.99841
262.00025
262.0021
262.00394
262.00577
262.0076
262.00943
262.01126
262.01308
262.01489
262.01671
262.01852
262.02032
262.02212
262.02392
262.02572
262.0275
262.02929
262.03107
262.03285
262.03462
262.0364
262.03816
262.03992
262.04167
262.04343
262.04517
262.04692
262.04865
262.05039
262.05212
262.05384
262.05556
262.05728
262.05899
262.0607
262.0624
262.06409
262.06579
262.06747
262.06915
262.07083
262.0725
262.07417
262.07583
262.07749
262.07914
262.08079
262.08243
262.08407
262.0857
262.08733
262.08894
262.09056
262.09217
262.09377
262.09537
262.09697
262.09856
262.10014
262.10172
262.10329
262.10486
262.10642
262.10797
262.10952
262.11107
262.11261
262.11414
262.11567
262.11718
262.1187
262.12021
262.12172
262.12321
262.12471
262.12619
262.12767
262.12915
262.13061
262.13208
262.13353
262.13499
262.13643
262.13787
262.1393
262.14073
262.14215
262.14357
262.14498
262.14638
262.14778
262.14917
262.15055
262.15193
262.15331
262.15467
262.15604
262.15739
262.15874
262.16008
262.16142
262.16275
262.16408
262.1654
262.16671
262.16802
262.16932
262.17062
262.17191
262.17319
262.17447
262.17575
262.17701
262.17827
262.17953
262.18078
262.18202
262.18326
262.1845
262.18572
262.18695
262.18816
262.18937
262.19058
262.19178
262.19297
262.19416
262.19535
262.19652
262.1977
262.19886
262.20003
262.20118
262.20234
262.20348
262.20462
262.20576
262.20689
262.20802
262.20914
262.21026
262.21137
262.21247
262.21358
262.21467
262.21576
262.21685
262.21793
262.21901
262.22008
262.22115
262.22222
262.22328
262.22433
262.22538
262.22643
262.22747
262.2285
262.22954
262.23056
262.23159
262.23261
262.23362
262.23464
262.23564
262.23665
262.23764
262.23864
262.23963
262.24062
262.2416
262.24258
262.24356
262.24452
262.2455
262.24646
262.24742
262.24838
262.24932
262.25028
262.25122
262.25217
262.2531
262.25404
262.25497
262.2559
262.25683
262.25774
262.25867
262.25958
262.26049
262.2614
262.2623
262.26321
262.2641
262.26501
262.26589
262.26679
262.26767
262.26857
262.26944
262.27033
262.2712
262.27207
262.27294
262.27381
262.27468
262.27554
262.2764
262.27726
262.27811
262.27897
262.27981
262.28067
262.28151
262.28236
262.28319
262.28403
262.28487
262.2857
262.28654
262.28737
262.2882
262.28902
262.28985
262.29067
262.29149
262.2923
262.29312
262.29394
262.29475
262.29556
262.29637
262.29718
262.29798
262.29878
262.29959
262.30039
262.30119
262.30199
262.30278
262.30358
262.30437
262.30516
262.30595
262.30674
262.30753
262.30832
262.30911
262.30989
262.31068
262.31146
262.31224
262.31302
262.31381
262.31459
262.31537
262.31614
262.31692
262.3177
262.31848
262.31925
262.32003
262.3208
262.32158
262.32235
262.32313
262.3239
262.32467
262.32545
262.32622
262.327
262.32777
262.32855
262.32932
262.3301
262.33087
262.33165
262.33243
262.3332
262.33398
262.33476
262.33554
262.33632
262.3371
262.33788
262.33867
262.33945
262.34024
262.34102
262.34181
262.3426
262.34339
262.34418
262.34498
262.34577
262.34657
262.34737
262.34817
262.34897
262.34978
262.35058
262.35139
262.3522
262.35301
262.35383
262.35464
262.35546
262.35629
262.35711
262.35794
262.35877
262.3596
262.36043
262.36127
262.36211
262.36295
262.3638
262.36465
262.3655
262.36635
262.36721
262.36807
262.36894
262.3698
262.37068
262.37155
262.37243
262.37331
262.37419
262.37508
262.37597
262.37687
262.37777
262.37867
262.37957
262.38048
262.3814
262.38231
262.38323
262.38416
262.38509
262.38602
262.38696
262.3879
262.38884
262.38979
262.39074
262.3917
262.39266
262.39362
262.39459
262.39557
262.39654
262.39752
262.39851
262.3995
262.40049
262.40149
262.40249
262.4035
262.40451
262.40552
262.40654
262.40757
262.40859
262.40963
262.41066
262.4117
262.41275
262.4138
262.41485
262.41591
262.41697
262.41804
262.41911
262.42019
262.42126
262.42235
262.42343
262.42453
262.42562
262.42672
262.42782
262.42893
262.43004
262.43116
262.43228
262.43341
262.43453
262.43567
262.4368
262.43794
262.43909
262.44024
262.44139
262.44254
262.4437
262.44487
262.44603
262.4472
262.44838
262.44956
262.45074
262.45193
262.45312
262.45431
262.45551
262.4567
262.45791
262.45911
262.46032
262.46153
262.46275
262.46397
262.46519
262.46641
262.46764
262.46887
262.4701
262.47133
262.47257
262.47381
262.47505
262.4763
262.47755
262.4788
262.48006
262.48132
262.48258
262.48384
262.4851
262.48637
262.48763
262.4889
262.49018
262.49145
262.49272
262.494
262.49528
262.49656
262.49784
262.49912
262.50041
262.50169
262.50298
262.50427
262.50556
262.50686
262.50815
262.50944
262.51074
262.51204
262.51334
262.51464
262.51594
262.51724
262.51854
262.51984
262.52115
262.52245
262.52376
262.52506
262.52637
262.52768
262.52898
262.53029
262.5316
262.53291
262.53422
262.53553
262.53684
262.53815
262.53946
262.54077
262.54208
262.54339
262.5447
262.54601
262.54732
262.54863
262.54994
262.55125
262.55256
262.55387
262.55518
262.55649
262.5578
262.55911
262.56042
262.56173
262.56303
262.56434
262.56564
262.56695
262.56826
262.56956
262.57087
262.57217
262.57347
262.57478
262.57608
262.57738
262.57868
262.57998
262.58127
262.58257
262.58387
262.58516
262.58646
262.58775
262.58904
262.59033
262.59162
262.59291
262.5942
262.59549
262.59678
262.59806
262.59935
262.60063
262.60191
262.60319
262.60447
262.60575
262.60702
262.6083
262.60957
262.61085
262.61212
262.61339
262.61466
262.61593
262.6172
262.61847
262.61973
262.62099
262.62225
262.62351
262.62477
262.62603
262.62729
262.62854
262.6298
262.63105
262.63231
262.63356
262.6348
262.63605
262.6373
262.63854
262.63978
262.64102
262.64226
262.6435
262.64474
262.64597
262.64721
262.64844
262.64967
262.6509
262.65213
262.65336
262.65458
262.65581
262.65703
262.65825
262.65947
262.66068
262.6619
262.66311
262.66433
262.66554
262.66674
262.66795
262.66916
262.67036
262.67157
262.67277
262.67397
262.67517
262.67637
262.67756
262.67876
262.67995
262.68114
262.68233
262.68352
262.6847
262.68589
262.68707
262.68825
262.68943
262.69061
262.69178
262.69296
262.69413
262.69531
262.69647
262.69764
262.69881
262.69997
262.70114
262.7023
262.70346
262.70462
262.70577
262.70693
262.70808
262.70924
262.71039
262.71154
262.71268
262.71383
262.71497
262.71611
262.71725
262.71839
262.71953
262.72067
262.7218
262.72293
262.72406
262.72519
262.72632
262.72744
262.72857
262.72969
262.73081
262.73193
262.73304
262.73416
262.73527
262.73638
262.73749
262.7386
262.73971
262.74082
262.74192
262.74302
262.74412
262.74522
262.74631
262.74741
262.7485
262.74959
262.75068
262.75177
262.75285
262.75394
262.75502
262.7561
262.75718
262.75825
262.75933
262.7604
262.76148
262.76255
262.76361
262.76468
262.76575
262.76681
262.76787
262.76893
262.76999
262.77104
262.7721
262.77315
262.7742
262.77525
262.77629
262.77734
262.77838
262.77942
262.78046
262.7815
262.78254
262.78357
262.7846
262.78563
262.78666
262.78769
262.78871
262.78974
262.79076
262.79178
262.7928
262.79382
262.79483
262.79584
262.79686
262.79786
262.79887
262.79988
262.80088
262.80188
262.80288
262.80388
262.80488
262.80588
262.80687
262.80786
262.80885
262.80984
262.81083
262.81182
262.8128
262.81378
262.81476
262.81574
262.81672
262.81769
262.81867
262.81964
262.82061
262.82157
262.82254
262.8235
262.82447
262.82543
262.82639
262.82735
262.8283
262.82926
262.83021
262.83116
262.83211
262.83306
262.834
262.83494
262.83588
262.83682
262.83776
262.8387
262.83963
262.84057
262.8415
262.84243
262.84335
262.84428
262.8452
262.84613
262.84705
262.84797
262.84888
262.8498
262.85071
262.85163
262.85254
262.85345
262.85435
262.85526
262.85616
262.85706
262.85796
262.85886
262.85976
262.86065
262.86155
262.86244
262.86333
262.86422
262.8651
262.86598
262.86687
262.86775
262.86863
262.8695
262.87038
262.87125
262.87213
262.873
262.87386
262.87473
262.8756
262.87646
262.87732
262.87818
262.87904
262.87989
262.88075
262.8816
262.88245
262.8833
262.88415
262.88499
262.88584
262.88668
262.88752
262.88836
262.8892
262.89003
262.89086
262.8917
262.89253
262.89335
262.89418
262.89501
262.89583
262.89665
262.89747
262.89829
262.89911
262.89992
262.90073
262.90154
262.90235
262.90316
262.90397
262.90477
262.90557
262.90637
262.90717
262.90797
262.90876
262.90956
262.91035
262.91114
262.91193
262.91272
262.9135
262.91428
262.91507
262.91584
262.91662
262.9174
262.91817
262.91894
262.91971
262.92048
262.92125
262.92202
262.92278
262.92354
262.9243
262.92506
262.92582
262.92657
262.92733
262.92808
262.92883
262.92957
262.93032
262.93107
262.93181
262.93255
262.93329
262.93403
262.93476
262.9355
262.93623
262.93696
262.93769
262.93842
262.93915
262.93987
262.94059
262.94131
262.94203
262.94274
262.94346
262.94417
262.94488
262.94559
262.9463
262.94701
262.94771
262.94841
262.94911
262.94981
262.95051
262.9512
262.95189
262.95258
262.95327
262.95396
262.95465
262.95533
262.95602
262.9567
262.95738
262.95806
262.95874
262.95941
262.96008
262.96075
262.96142
262.96209
262.96275
262.96341
262.96407
262.96473
262.96539
262.96605
262.9667
262.96735
262.968
262.96865
262.96929
262.96994
262.97058
262.97122
262.97186
262.9725
262.97314
262.97377
262.9744
262.97504
262.97566
262.97629
262.97691
262.97754
262.97816
262.97878
262.97939
262.98001
262.98062
262.98123
262.98184
262.98245
262.98305
262.98366
262.98426
262.98487
262.98547
262.98606
262.98666
262.98726
262.98786
262.98844
262.98903
262.98962
262.9902
262.99079
262.99137
262.99195
262.99253
262.9931
262.99368
262.99425
262.99482
262.99539
262.99596
262.99653
262.99709
262.99766
262.99822
262.99878
262.99933
262.99989
263.00044
263.001
263.00155
263.00209
263.00264
263.00318
263.00373
263.00427
263.00481
263.00535
263.00588
263.00642
263.00695
263.00748
263.00801
263.00854
263.00907
263.0096
263.01012
263.01064
263.01116
263.01168
263.0122
263.01271
263.01322
263.01373
263.01424
263.01475
263.01525
263.01576
263.01626
263.01676
263.01726
263.01776
263.01825
263.01875
263.01924
263.01973
263.02022
263.02071
263.02119
263.02168
263.02216
263.02264
263.02312
263.02359
263.02407
263.02454
263.02502
263.02549
263.02595
263.02642
263.02689
263.02735
263.02781
263.02827
263.02873
263.02919
263.02964
263.0301
263.03055
263.031
263.03145
263.03189
263.03234
263.03278
263.03323
263.03367
263.03411
263.03454
263.03498
263.03541
263.03585
263.03628
263.0367
263.03713
263.03755
263.03798
263.0384
263.03881
263.03923
263.03965
263.04006
263.04048
263.04089
263.0413
263.04171
263.04211
263.04252
263.04293
263.04333
263.04373
263.04413
263.04453
263.04492
263.04532
263.04571
263.0461
263.04649
263.04687
263.04726
263.04764
263.04802
263.0484
263.04878
263.04915
263.04952
263.0499
263.05027
263.05064
263.05101
263.05137
263.05174
263.0521
263.05246
263.05282
263.05318
263.05354
263.05389
263.05425
263.0546
263.05495
263.0553
263.05564
263.05599
263.05633
263.05667
263.05701
263.05734
263.05768
263.05801
263.05834
263.05868
263.059
263.05933
263.05966
263.05998
263.06031
263.06063
263.06095
263.06127
263.06158
263.0619
263.06221
263.06252
263.06283
263.06314
263.06345
263.06375
263.06406
263.06436
263.06466
263.06495
263.06525
263.06555
263.06584
263.06613
263.06642
263.06671
263.067
263.06729
263.06757
263.06785
263.06813
263.06841
263.06869
263.06897
263.06924
263.06951
263.06979
263.07006
263.07033
263.07059
263.07086
263.07112
263.07139
263.07165
263.07191
263.07216
263.07242
263.07267
263.07293
263.07318
263.07343
263.07368
263.07393
263.07417
263.07442
263.07466
263.0749
263.07514
263.07538
263.07561
263.07585
263.07608
263.07632
263.07655
263.07678
263.07701
263.07723
263.07746
263.07769
263.07791
263.07813
263.07835
263.07857
263.07878
263.079
263.07921
263.07942
263.07963
263.07983
263.08004
263.08024
263.08044
263.08064
263.08084
263.08104
263.08124
263.08144
263.08163
263.08182
263.08201
263.0822
263.08239
263.08257
263.08275
263.08293
263.08311
263.08329
263.08347
263.08364
263.08382
263.08399
263.08416
263.08433
263.0845
263.08466
263.08482
263.08498
263.08514
263.0853
263.08545
263.08561
263.08576
263.08591
263.08605
263.0862
263.08635
263.08649
263.08663
263.08677
263.0869
263.08704
263.08717
263.0873
263.08743
263.08755
263.08768
263.0878
263.08792
263.08804
263.08816
263.08828
263.08839
263.0885
263.08861
263.08872
263.08883
263.08893
263.08903
263.08913
263.08923
263.08932
263.08941
263.08951
263.08959
263.08968
263.08977
263.08985
263.08993
263.09001
263.09009
263.09016
263.09024
263.09031
263.09038
263.09044
263.09051
263.09057
263.09063
263.09069
263.09075
263.0908
263.09086
263.09091
263.09095
263.091
263.09105
263.09109
263.09113
263.09117
263.0912
263.09124
263.09127
263.0913
263.09133
263.09136
263.09138
263.09141
263.09143
263.09145
263.09147
263.09148
263.0915
263.09151
263.09152
263.09152
263.09153
263.09153
263.09153
263.09153
263.09153
263.09152
263.09152
263.09151
263.0915
263.09149
263.09147
263.09146
263.09144
263.09142
263.0914
263.09138
263.09136
263.09133
263.0913
263.09127
263.09124
263.09121
263.09117
263.09113
263.09109
263.09105
263.09101
263.09096
263.09092
263.09087
263.09082
263.09076
263.09071
263.09066
263.0906
263.09054
263.09048
263.09042
263.09036
263.09029
263.09023
263.09016
263.09009
263.09002
263.08995
263.08988
263.08981
263.08973
263.08965
263.08957
263.08949
263.08941
263.08933
263.08925
263.08916
263.08907
263.08898
263.08889
263.0888
263.0887
263.0886
263.0885
263.0884
263.0883
263.0882
263.08809
263.08798
263.08788
263.08777
263.08766
263.08755
263.08743
263.08732
263.0872
263.08708
263.08697
263.08684
263.08672
263.0866
263.08647
263.08635
263.08622
263.08609
263.08596
263.08583
263.08569
263.08556
263.08543
263.08529
263.08515
263.08501
263.08487
263.08473
263.08458
263.08444
263.08429
263.08414
263.08399
263.08383
263.08368
263.08353
263.08337
263.08321
263.08305
263.08289
263.08272
263.08257
263.08239
263.08224
263.08205
263.0819
263.08172
263.08155
263.08137
263.08119
263.08102
263.08083
263.08066
263.08047
263.08028
263.08011
263.07991
263.07972
263.07953
263.07933
263.07915
263.07894
263.07875
263.07855
263.07835
263.07815
263.07795
263.07774
263.07755
263.07733
263.07713
263.07692
263.0767
263.07649
263.07628
263.07605
263.07584
263.07562
263.07539
263.07517
263.07495
263.07472
263.07449
263.07426
263.07402
263.07379
263.07355
263.07331
263.07307
263.07284
263.07259
263.07235
263.07211
263.07186
263.07161
263.07137
263.07111
263.07086
263.07061
263.07035
263.07009
263.06983
263.06957
263.06931
263.06904
263.06878
263.06851
263.06824
263.06797
263.06771
263.06743
263.06715
263.06688
263.0666
263.06632
263.06604
263.06577
263.06548
263.0652
263.06491
263.06463
263.06434
263.06405
263.06376
263.06347
263.06318
263.06288
263.06259
263.06229
263.06199
263.06169
263.0614
263.0611
263.0608
263.06049
263.06019
263.05988
263.05958
263.05926
263.05895
263.05865
263.05834
263.05802
263.05771
263.0574
263.05709
263.05677
263.05646
263.05614
263.05583
263.05551
263.05519
263.05487
263.05456
263.05424
263.05392
263.05359
263.05327
263.05295
263.05263
263.0523
263.05197
263.05164
263.05131
263.05098
263.05065
263.05031
263.04997
263.04963
263.0493
263.04897
263.04862
263.04828
263.04794
263.0476
263.04726
263.04691
263.04655
263.04619
263.04584
263.04549
263.04513
263.04476
263.04439
263.04402
263.04366
263.04329
263.0429
263.04249
263.04208
263.04167
263.04128
263.04087
263.04046
263.04003
263.03959
263.03916
263.03872
263.03829
263.03783
263.03736
263.03686
263.03637
263.03588
263.03541
263.03494
263.03446
263.03395
263.03342
263.03289
263.03237
263.03187
263.03137
263.03085
263.0303
263.02973
263.02917
263.02864
263.02816
263.0277
263.02725
263.02678
263.02629
263.02579
263.02531
263.02488
263.02449
263.02415
263.02381
263.02345
263.02306
263.02264
263.02222
263.02183
263.02149
263.02119
263.02093
263.02068
263.0204
263.02008
263.0197
263.01929
263.01886
263.01844
263.01806
263.0177
263.01738
263.01707
263.01675
263.01642
263.01602
263.01557
263.01503
263.01442
263.01374
263.01302
263.01229
263.0116
263.01098
263.01044
263.01002
263.00971
263.00951
263.0094
263.00934
263.00931
263.00931
263.00941
263.00984
263.01122
263.01533
263.02714
263.06084
263.15713
263.43319
264.04319
264.75675
265.52146
266.32262
267.14587
267.97704
268.80288
269.6114
270.39221
271.13661
271.83776
272.4906
273.09184
273.63976
274.13404
274.5756
274.96633
275.30893
275.60666
275.86317
276.08232
276.26803
276.42416
276.5544
276.66224
276.75086
276.82314
276.88165
276.92864
276.96607
276.99561
277.0187
277.03655
277.05017
277.06041
277.06798
277.07344
277.07726
277.07982
277.08144
277.08235
277.08278
277.08292
277.08292
277.08281
277.08235
277.08113
277.07973
277.0784
277.07713
277.0759
277.07472
277.07356
277.07244
277.07134
277.07026
277.0692
277.06816
277.06713
277.06612
277.06511
277.06411
277.06312
277.06212
277.06113
277.06014
277.05913
277.05813
277.05711
277.05608
277.05504
277.05399
277.05293
277.05185
277.05076
277.04965
277.04854
277.04741
277.04628
277.04513
277.04399
277.04283
277.04168
277.04052
277.03936
277.03821
277.03706
277.03591
277.03477
277.03364
277.03251
277.0314
277.03029
277.02919
277.0281
277.02702
277.02594
277.02488
277.02383
277.02279
277.02175
277.02073
277.01971
277.0187
277.01769
277.01669
277.0157
277.01471
277.01373
277.01275
277.01177
277.0108
277.00983
277.00886
277.00789
277.00693
277.00597
277.00501
277.00405
277.00309
277.00214
277.00118
277.00023
276.99928
276.99832
276.99737
276.99642
276.99547
276.99452
276.99357
276.99261
276.99166
276.99071
276.98976
276.9888
276.98785
276.9869
276.98594
276.98499
276.98403
276.98307
276.98212
276.98116
276.9802
276.97924
276.97828
276.97732
276.97636
276.9754
276.97444
276.97348
276.97252
276.97155
276.97059
276.96963
276.96866
276.96769
276.96673
276.96576
276.96479
276.96382
276.96284
276.96187
276.96089
276.95992
276.95894
276.95796
276.95698
276.956
276.95502
276.95404
276.95306
276.95207
276.95109
276.9501
276.94912
276.94813
276.94714
276.94615
276.94516
276.94417
276.94317
276.94218
276.94119
276.94019
276.93919
276.93819
276.93719
276.93619
276.93519
276.93419
276.93319
276.93218
276.93117
276.93017
276.92916
276.92815
276.92714
276.92613
276.92511
276.9241
276.92308
276.92207
276.92105
276.92003
276.91901
276.91799
276.91696
276.91594
276.91491
276.91389
276.91286
276.91183
276.9108
276.90977
276.90874
276.90771
276.90667
276.90564
276.9046
276.90356
276.90252
276.90148
276.90044
276.8994
276.89835
276.89731
276.89626
276.89521
276.89416
276.89311
276.89206
276.89101
276.88995
276.8889
276.88784
276.88678
276.88572
276.88466
276.8836
276.88253
276.88147
276.8804
276.87933
276.87826
276.87719
276.87612
276.87505
276.87397
276.8729
276.87182
276.87074
276.86966
276.86858
276.8675
276.86641
276.86533
276.86424
276.86315
276.86206
276.86097
276.85988
276.85878
276.85769
276.85659
276.85549
276.85439
276.85329
276.85218
276.85108
276.84997
276.84886
276.84775
276.84664
276.84553
276.84441
276.8433
276.84218
276.84107
276.83995
276.83882
276.8377
276.83658
276.83545
276.83433
276.8332
276.83207
276.83093
276.8298
276.82867
276.82753
276.82639
276.82525
276.82411
276.82297
276.82182
276.82067
276.81953
276.81838
276.81723
276.81607
276.81492
276.81376
276.81261
276.81145
276.81029
276.80912
276.80796
276.80679
276.80562
276.80445
276.80328
276.80211
276.80094
276.79976
276.79858
276.79741
276.79622
276.79504
276.79386
276.79267
276.79149
276.7903
276.7891
276.78791
276.78672
276.78552
276.78432
276.78312
276.78192
276.78072
276.77951
276.7783
276.77709
276.77588
276.77467
276.77346
276.77224
276.77103
276.76981
276.76859
276.76736
276.76614
276.76491
276.76369
276.76246
276.76122
276.75999
276.75875
276.75752
276.75628
276.75504
276.75379
276.75255
276.7513
276.75006
276.74881
276.74756
276.7463
276.74505
276.74379
276.74254
276.74128
276.74001
276.73875
276.73749
276.73622
276.73495
276.73368
276.73241
276.73114
276.72986
276.72859
276.72731
276.72603
276.72475
276.72346
276.72218
276.72089
276.7196
276.71831
276.71702
276.71573
276.71443
276.71313
276.71183
276.71053
276.70923
276.70793
276.70662
276.70531
276.704
276.70269
276.70138
276.70007
276.69875
276.69743
276.69611
276.69479
276.69347
276.69215
276.69082
276.68949
276.68816
276.68683
276.6855
276.68417
276.68283
276.68149
276.68015
276.67881
276.67747
276.67612
276.67478
276.67343
276.67208
276.67073
276.66937
276.66802
276.66666
276.6653
276.66394
276.66258
276.66121
276.65985
276.65848
276.65711
276.65574
276.65437
276.653
276.65162
276.65024
276.64887
276.64749
276.6461
276.64472
276.64333
276.64194
276.64056
276.63916
276.63777
276.63638
276.63498
276.63358
276.63218
276.63078
276.62938
276.62797
276.62656
276.62516
276.62375
276.62233
276.62092
276.61951
276.61809
276.61667
276.61525
276.61383
276.6124
276.61098
276.60955
276.60812
276.60669
276.60526
276.60383
276.60239
276.60095
276.59951
276.59807
276.59663
276.59519
276.59374
276.5923
276.59085
276.5894
276.58794
276.58649
276.58503
276.58358
276.58212
276.58066
276.57919
276.57773
276.57626
276.57479
276.57332
276.57185
276.57038
276.5689
276.56743
276.56595
276.56447
276.56298
276.5615
276.56002
276.55853
276.55704
276.55555
276.55406
276.55256
276.55107
276.54957
276.54807
276.54657
276.54507
276.54357
276.54206
276.54055
276.53904
276.53753
276.53602
276.5345
276.53299
276.53147
276.52995
276.52843
276.5269
276.52538
276.52385
276.52232
276.52079
276.51926
276.51772
276.51619
276.51465
276.51311
276.51157
276.51003
276.50848
276.50693
276.50538
276.50383
276.50228
276.50073
276.49917
276.49761
276.49606
276.49449
276.49293
276.49137
276.4898
276.48823
276.48666
276.48509
276.48352
276.48194
276.48037
276.47879
276.47721
276.47562
276.47404
276.47245
276.47086
276.46927
276.46768
276.46609
276.46449
276.46289
276.46129
276.45969
276.45809
276.45648
276.45488
276.45327
276.45166
276.45004
276.44843
276.44681
276.4452
276.44358
276.44195
276.44033
276.4387
276.43708
276.43545
276.43381
276.43218
276.43054
276.42891
276.42727
276.42563
276.42399
276.42234
276.4207
276.41905
276.4174
276.41575
276.41409
276.41244
276.41078
276.40912
276.40746
276.4058
276.40413
276.40246
276.4008
276.39913
276.39745
276.39578
276.3941
276.39243
276.39074
276.38906
276.38738
276.3857
276.38401
276.38232
276.38063
276.37894
276.37725
276.37555
276.37385
276.37216
276.37046
276.36875
276.36705
276.36534
276.36363
276.36193
276.36021
276.3585
276.35678
276.35507
276.35335
276.35163
276.3499
276.34818
276.34645
276.34472
276.34299
276.34126
276.33953
276.33779
276.33605
276.33431
276.33257
276.33083
276.32908
276.32733
276.32559
276.32383
276.32208
276.32032
276.31857
276.3168
276.31504
276.31328
276.31151
276.30974
276.30797
276.3062
276.30443
276.30265
276.30087
276.29909
276.29731
276.29552
276.29373
276.29194
276.29015
276.28835
276.28656
276.28475
276.28295
276.28114
276.27934
276.27752
276.27571
276.27389
276.27208
276.27025
276.26843
276.2666
276.26477
276.26293
276.2611
276.25926
276.25741
276.25556
276.25372
276.25186
276.25
276.24814
276.24627
276.2444
276.24253
276.24065
276.23877
276.23688
276.23499
276.23309
276.23119
276.22928
276.22737
276.22544
276.22352
276.22159
276.21966
276.21771
276.21577
276.21381
276.21185
276.20988
276.2079
276.20592
276.20392
276.20192
276.19992
276.1979
276.19587
276.19383
276.19179
276.18973
276.18767
276.18559
276.1835
276.1814
276.17929
276.17716
276.17503
276.17288
276.17071
276.16853
276.16634
276.16413
276.16191
276.15967
276.15741
276.15514
276.15285
276.15054
276.14821
276.14587
276.1435
276.14111
276.1387
276.13627
276.13382
276.13134
276.12884
276.12632
276.12377
276.12119
276.11859
276.11596
276.1133
276.11062
276.1079
276.10516
276.10239
276.09958
276.09674
276.09387
276.09097
276.08803
276.08505
276.08205
276.079
276.07592
276.0728
276.06964
276.06645
276.06321
276.05994
276.05662
276.05327
276.04987
276.04643
276.04295
276.03942
276.03586
276.03224
276.02859
276.02488
276.02114
276.01735
276.01351
276.00963
276.0057
276.00172
275.9977
275.99363
275.98952
275.98536
275.98115
275.9769
275.97261
275.96827
275.96388
275.95945
275.95497
275.95045
275.94589
275.94128
275.93663
275.93194
275.92721
275.92243
275.91762
275.91277
275.90788
275.90296
275.89799
275.893
275.88797
275.88291
275.87781
275.87269
275.86753
275.86235
275.85714
275.85191
275.84665
275.84137
275.83607
275.83076
275.82542
275.82007
275.8147
275.80932
275.80393
275.79853
275.79312
275.78771
275.78229
275.77687
275.77144
275.76602
275.7606
275.75519
275.74978
275.74437
275.73898
275.7336
275.72823
275.72288
275.71754
275.71222
275.70692
275.70163
275.69637
275.69113
275.68591
275.68072
275.67556
275.67042
275.66531
275.66023
275.65518
275.65017
275.64518
275.64023
275.63532
275.63044
275.6256
275.62079
275.61602
275.61129
275.6066
275.60194
275.59733
275.59275
275.58821
275.58372
275.57926
275.57484
275.57046
275.56612
275.56182
275.55756
275.55334
275.54916
275.54502
275.54092
275.53686
275.53283
275.52884
275.52489
275.52098
275.5171
275.51325
275.50944
275.50567
275.50193
275.49823
275.49455
275.49091
275.48731
275.48373
275.48018
275.47666
275.47317
275.4697
275.46627
275.46286
275.45947
275.45611
275.45278
275.44947
275.44618
275.44292
275.43968
275.43645
275.43325
275.43007
275.42691
275.42376
275.42064
275.41753
275.41443
275.41136
275.4083
275.40525
275.40222
275.3992
275.3962
275.39321
275.39023
275.38726
275.3843
275.38136
275.37843
275.3755
275.37259
275.36968
275.36679
275.3639
275.36102
275.35815
275.35528
275.35243
275.34958
275.34673
275.34389
275.34106
275.33824
275.33542
275.3326
275.32979
275.32698
275.32418
275.32138
275.31858
275.31579
275.31301
275.31022
275.30744
275.30466
275.30188
275.29911
275.29634
275.29357
275.2908
275.28803
275.28527
275.2825
275.27974
275.27698
275.27422
275.27146
275.2687
275.26594
275.26318
275.26042
275.25766
275.25491
275.25215
275.24939
275.24663
275.24387
275.24111
275.23835
275.23559
275.23283
275.23007
275.2273
275.22454
275.22178
275.21901
275.21624
275.21347
275.2107
275.20793
275.20516
275.20238
275.19961
275.19683
275.19405
275.19127
275.18848
275.1857
275.18291
275.18013
275.17734
275.17455
275.17175
275.16896
275.16616
275.16336
275.16056
275.15776
275.15496
275.15215
275.14934
275.14653
275.14372
275.1409
275.13808
275.13526
275.13244
275.12962
275.12679
275.12396
275.12113
275.1183
275.11546
275.11263
275.10979
275.10694
275.1041
275.10125
275.09841
275.09556
275.0927
275.08985
275.08699
275.08413
275.08126
275.0784
275.07553
275.07267
275.06979
275.06692
275.06404
275.06117
275.05828
275.0554
275.05252
275.04963
275.04674
275.04384
275.04095
275.03805
275.03515
275.03225
275.02935
275.02644
275.02353
275.02062
275.01771
275.01479
275.01187
275.00895
275.00603
275.0031
275.00017
274.99724
274.99431
274.99137
274.98844
274.9855
274.98256
274.97961
274.97667
274.97372
274.97077
274.96781
274.96486
274.9619
274.95894
274.95598
274.95301
274.95005
274.94708
274.94411
274.94114
274.93816
274.93518
274.93221
274.92922
274.92624
274.92325
274.92027
274.91728
274.91428
274.91129
274.90829
274.9053
274.9023
274.89929
274.89629
274.89328
274.89028
274.88727
274.88425
274.88124
274.87822
274.8752
274.87218
274.86916
274.86614
274.86311
274.86009
274.85706
274.85402
274.85099
274.84795
274.84492
274.84188
274.83884
274.83579
274.83275
274.8297
274.82665
274.8236
274.82055
274.81749
274.81444
274.81138
274.80832
274.80525
274.80219
274.79912
274.79605
274.79298
274.78991
274.78683
274.78375
274.78067
274.77759
274.7745
274.77142
274.76833
274.76524
274.76214
274.75905
274.75595
274.75285
274.74975
274.74664
274.74353
274.74043
274.73731
274.7342
274.73108
274.72796
274.72484
274.72172
274.71859
274.71546
274.71233
274.7092
274.70606
274.70292
274.69978
274.69664
274.69349
274.69034
274.68719
274.68404
274.68088
274.67773
274.67456
274.6714
274.66824
274.66507
274.6619
274.65872
274.65555
274.65237
274.64919
274.64601
274.64282
274.63963
274.63644
274.63325
274.63006
274.62686
274.62366
274.62045
274.61725
274.61404
274.61083
274.60761
274.6044
274.60118
274.59796
274.59474
274.59151
274.58828
274.58505
274.58182
274.57859
274.57535
274.57211
274.56886
274.56562
274.56237
274.55912
274.55587
274.55261
274.54935
274.54609
274.54283
274.53956
274.5363
274.53302
274.52975
274.52648
274.5232
274.51992
274.51663
274.51335
274.51006
274.50677
274.50348
274.50018
274.49689
274.49359
274.49029
274.48698
274.48368
274.48037
274.47706
274.47374
274.47043
274.46711
274.46379
274.46046
274.45714
274.45381
274.45048
274.44715
274.44382
274.44048
274.43714
274.4338
274.43046
274.42711
274.42377
274.42042
274.41707
274.41371
274.41036
274.407
274.40364
274.40028
274.39692
274.39355
274.39018
274.38681
274.38344
274.38006
274.37669
274.37331
274.36992
274.36654
274.36315
274.35977
274.35638
274.35298
274.34959
274.34619
274.34279
274.33939
274.33598
274.33258
274.32917
274.32575
274.32234
274.31892
274.3155
274.31208
274.30865
274.30522
274.30179
274.29836
274.29492
274.29148
274.28804
274.2846
274.28115
274.2777
274.27425
274.27079
274.26733
274.26387
274.26041
274.25694
274.25347
274.24999
274.24652
274.24304
274.23956
274.23607
274.23258
274.22909
274.2256
274.2221
274.2186
274.2151
274.21159
274.20808
274.20457
274.20105
274.19753
274.19401
274.19049
274.18696
274.18343
274.1799
274.17636
274.17282
274.16928
274.16574
274.16219
274.15864
274.15508
274.15152
274.14797
274.1444
274.14084
274.13727
274.1337
274.13013
274.12655
274.12297
274.11939
274.1158
274.11222
274.10863
274.10503
274.10144
274.09784
274.09424
274.09064
274.08704
274.08343
274.07982
274.07621
274.07259
274.06898
274.06536
274.06174
274.05812
274.05449
274.05087
274.04724
274.04361
274.03998
274.03634
274.0327
274.02907
274.02543
274.02178
274.01814
274.0145
274.01085
274.00721
274.00356
273.99991
273.99626
273.99261
273.98895
273.9853
273.98164
273.97798
273.97433
273.97067
273.96701
273.96335
273.95969
273.95602
273.95236
273.94869
273.94502
273.94136
273.93769
273.93402
273.93034
273.92667
273.923
273.91933
273.91565
273.91198
273.9083
273.90462
273.90094
273.89726
273.89358
273.8899
273.88621
273.88252
273.87884
273.87515
273.87146
273.86776
273.86407
273.86038
273.85668
273.85298
273.84928
273.84558
273.84187
273.83816
273.83445
273.83074
273.82703
273.82331
273.81959
273.81587
273.81215
273.80842
273.80469
273.80096
273.79722
273.79349
273.78975
273.786
273.78225
273.7785
273.77475
273.77099
273.76723
273.76347
273.7597
273.75593
273.75216
273.74838
273.7446
273.74082
273.73703
273.73324
273.72945
273.72565
273.72185
273.71804
273.71423
273.71042
273.70661
273.70279
273.69896
273.69514
273.69131
273.68747
273.68363
273.67979
273.67595
273.6721
273.66825
273.66439
273.66053
273.65667
273.6528
273.64893
273.64505
273.64118
273.63729
273.63341
273.62952
273.62563
273.62173
273.61783
273.61393
273.61002
273.60611
273.6022
273.59828
273.59436
273.59043
273.58651
273.58257
273.57864
273.5747
273.57075
273.56681
273.56286
273.5589
273.55494
273.55098
273.54701
273.54304
273.53907
273.53509
273.53111
273.52712
273.52313
273.51914
273.51514
273.51114
273.50714
273.50313
273.49911
273.49509
273.49107
273.48705
273.48302
273.47898
273.47494
273.4709
273.46685
273.4628
273.45875
273.45469
273.45062
273.44655
273.44248
273.43841
273.43432
273.43024
273.42614
273.42206
273.41795
273.41385
273.40974
273.40564
273.4015
273.3974
273.39325
273.38915
273.38498
273.38089
273.37668
273.37261
273.36836
273.36432
273.36002
273.35601
273.35165
273.3477
273.34326
273.33938
273.33483
273.33105
273.32637
273.32271
273.31788
273.31437
273.30935
273.30602
273.30079
273.29765
273.29221
273.28926
273.28363
273.2808
273.2751
273.27225
273.26655
273.2637
273.25798
273.25512
273.24939
273.24652
273.24077
273.23789
273.23212
273.22923
273.22345
273.22055
273.21475
273.21184
273.20602
273.20311
273.19727
273.19434
273.18849
273.18555
273.17967
273.17673
273.17083
273.16788
273.16196
273.15899
273.15305
273.15008
273.14411
273.14113
273.13514
273.13215
273.12614
273.12313
273.1171
273.11408
273.10803
273.105
273.09892
273.09588
273.08978
273.08672
273.08059
273.07753
273.07137
273.06829
273.06211
273.05902
273.05281
273.0497
273.04347
273.04035
273.03408
273.03095
273.02466
273.0215
273.01518
273.01202
273.00566
273.00248
272.9961
272.9929
272.98649
272.98327
272.97682
272.97359
272.96711
272.96387
272.95735
272.95408
272.94753
272.94425
272.93767
272.93437
272.92774
272.92442
272.91777
272.91443
272.90773
272.90437
272.89764
272.89426
272.88749
272.88409
272.87728
272.87386
272.86701
272.86357
272.85668
272.85322
272.84628
272.8428
272.83582
272.83232
272.8253
272.82178
272.81471
272.81117
272.80406
272.80049
272.79333
272.78975
272.78254
272.77893
272.77168
272.76805
272.76075
272.7571
272.74975
272.74607
272.73868
272.73498
272.72754
272.72381
272.71632
272.71257
272.70504
272.70126
272.69367
272.68987
272.68224
272.67841
272.67072
272.66687
272.65914
272.65526
272.64747
272.64357
272.63573
272.6318
272.6239
272.61995
272.612
272.60802
272.60001
272.596
272.58795
272.58391
272.5758
272.57173
272.56356
272.55947
272.55124
272.54712
272.53883
272.53468
272.52634
272.52215
272.51375
272.50954
272.50108
272.49684
272.48832
272.48404
272.47546
272.47116
272.46251
272.45818
272.44948
272.44511
272.43634
272.43195
272.42312
272.41869
272.4098
272.40534
272.39639
272.3919
272.38289
272.37837
272.36929
272.36474
272.35559
272.35101
272.3418
272.33719
272.32791
272.32326
272.31392
272.30924
272.29984
272.29513
272.28566
272.28092
272.27139
272.26662
272.25703
272.25222
272.24256
272.23772
272.22801
272.22313
272.21335
272.20845
272.19861
272.19367
272.18376
272.1788
272.16882
272.16383
272.15379
272.14876
272.13867
272.1336
272.12345
272.11835
272.10813
272.10301
272.09272
272.08757
272.07723
272.07204
272.06163
272.05642
272.04595
272.04071
272.03018
272.02491
272.01432
272.00902
271.99837
271.99303
271.98232
271.97696
271.96619
271.96079
271.94997
271.94454
271.93366
271.9282
271.91726
271.91177
271.90078
271.89526
271.88421
271.87866
271.86756
271.86197
271.85083
271.84519
271.83402
271.82834
271.81712
271.8114
271.80015
271.79438
271.7831
271.77729
271.76596
271.76012
271.74876
271.74287
271.73147
271.72554
271.71411
271.70814
271.69668
271.69067
271.67917
271.67312
271.66159
271.65551
271.64395
271.63782
271.62623
271.62006
271.60844
271.60224
271.59059
271.58435
271.57266
271.56638
271.55467
271.54835
271.53661
271.53026
271.51848
271.5121
271.50029
271.49387
271.48203
271.47558
271.46371
271.45722
271.44533
271.4388
271.42688
271.42032
271.40837
271.40178
271.3898
271.38318
271.37117
271.36452
271.35249
271.34581
271.33375
271.32703
271.31495
271.30821
271.2961
271.28933
271.27719
271.27039
271.25823
271.25141
271.23923
271.23237
271.22017
271.21328
271.20106
271.19415
271.1819
271.17497
271.1627
271.15574
271.14345
271.13646
271.12416
271.11715
271.10483
271.09778
271.08545
271.07838
271.06602
271.05894
271.04656
271.03945
271.02706
271.01993
271.00752
271.00037
270.98794
270.98077
270.96832
270.96113
270.94867
270.94146
270.92899
270.92175
270.90926
270.90201
270.88951
270.88224
270.86972
270.86243
270.8499
270.84259
270.83005
270.82272
270.81017
270.80282
270.79025
270.78289
270.77031
270.76293
270.75034
270.74295
270.73035
270.72294
270.71032
270.70289
270.69027
270.68283
270.6702
270.66274
270.6501
270.64262
270.62997
270.62248
270.60982
270.60232
270.58965
270.58214
270.56946
270.56194
270.54925
270.54171
270.52902
270.52147
270.50877
270.50121
270.48851
270.48094
270.46823
270.46065
270.44794
270.44035
270.42763
270.42004
270.40732
270.39971
270.38699
270.37937
270.36664
270.35902
270.34628
270.33865
270.32591
270.31827
270.30553
270.29788
270.28513
270.27747
270.26471
270.25704
270.24429
270.23661
270.22384
270.21615
270.20339
270.19568
270.18291
270.1752
270.16243
270.15471
270.14193
270.1342
270.12141
270.11368
270.10089
270.09314
270.08035
270.0726
270.0598
270.05204
270.03924
270.03147
270.01866
270.01088
269.99807
269.99029
269.97748
269.96968
269.95686
269.94906
269.93624
269.92843
269.91561
269.90779
269.89496
269.88714
269.87431
269.86648
269.85364
269.8458
269.83296
269.82512
269.81227
269.80442
269.79157
269.78371
269.77086
269.76299
269.75013
269.74226
269.7294
269.72151
269.70865
269.70076
269.68789
269.67999
269.66712
269.65921
269.64634
269.63842
269.62555
269.61762
269.60475
269.59681
269.58393
269.57598
269.5631
269.55515
269.54226
269.5343
269.52141
269.51344
269.50055
269.49257
269.47967
269.47169
269.45879
269.45079
269.43789
269.42989
269.41698
269.40897
269.39605
269.38804
269.37512
269.3671
269.35418
269.34615
269.33322
269.32518
269.31225
269.30421
269.29127
269.28322
269.27028
269.26223
269.24929
269.24122
269.22828
269.22021
269.20727
269.19919
269.18625
269.17817
269.16523
269.15715
269.14421
269.13613
269.12319
269.1151
269.10216
269.09407
269.08113
269.07303
269.06009
269.05199
269.03905
269.03093
269.01799
269.00987
268.99692
268.98879
268.97584
268.9677
268.95474
268.9466
268.93364
268.92548
268.91252
268.90436
268.89139
268.88323
268.87026
268.86208
268.84911
268.84093
268.82795
268.81976
268.80678
268.79859
268.7856
268.7774
268.76442
268.75621
268.74322
268.735
268.72201
268.71379
268.7008
268.69257
268.67957
268.67134
268.65834
268.6501
268.63709
268.62884
268.61584
268.60758
268.59457
268.58631
268.5733
268.56504
268.55202
268.54375
268.53073
268.52245
268.50943
268.50114
268.48812
268.47983
268.4668
268.4585
268.44547
268.43717
268.42414
268.41582
268.40279
268.39447
268.38143
268.3731
268.36007
268.35173
268.33869
268.33035
268.3173
268.30896
268.29591
268.28755
268.2745
268.26614
268.25308
268.24472
268.23166
268.22328
268.21022
268.20184
268.18877
268.18038
268.16732
268.15892
268.14585
268.13744
268.12437
268.11596
268.10288
268.09446
268.08138
268.07296
268.05987
268.05144
268.03835
268.02991
268.01682
268.00838
267.99528
267.98683
267.97373
267.96527
267.95217
267.94371
267.9306
267.92213
267.90902
267.90054
267.88743
267.87895
267.86583
267.85734
267.84423
267.83573
267.82261
267.81412
267.80101
267.79252
267.77942
267.77094
267.75786
267.74938
267.7363
267.72782
267.71473
267.70624
267.69316
267.68467
267.67158
267.66309
267.65002
267.64153
267.62846
267.61997
267.60691
267.59843
267.58537
267.57691
267.56374
267.55568
267.53914
)
;

boundaryField
{
    leftSide
    {
        type            zeroGradient;
    }
    rightSide
    {
        type            zeroGradient;
    }
    emptywalls
    {
        type            empty;
    }
}


// ************************************************************************* //
