/*--------------------------------*- C++ -*----------------------------------*\
  =========                 |
  \\      /  F ield         | OpenFOAM: The Open Source CFD Toolbox
   \\    /   O peration     | Website:  https://openfoam.org
    \\  /    A nd           | Version:  7
     \\/     M anipulation  |
\*---------------------------------------------------------------------------*/
FoamFile
{
    version     2.0;
    format      ascii;
    class       volScalarField;
    location    "0.0016";
    object      Uy;
}
// * * * * * * * * * * * * * * * * * * * * * * * * * * * * * * * * * * * * * //

dimensions      [0 1 -1 0 0 0 0];

internalField   nonuniform List<scalar> 
5000
(
-2.4439784e-16
-3.1783003e-16
0
0
1.4480724e-16
-1.4948948e-31
-1.2940683e-16
0
0
1.4451068e-16
2.8574725e-16
-1.4036446e-16
-1.3863253e-16
1.3807767e-16
0
1.3721082e-16
9.9994061e-46
-1.3454355e-16
0
-1.3232673e-16
1.3111965e-16
1.2991424e-16
-2.5743988e-16
1.2752011e-16
1.2631459e-16
1.0311671e-30
-1.2389727e-16
-1.2268572e-16
2.4294447e-16
-2.0849274e-30
2.0807545e-30
-1.1782314e-16
-2.3320926e-16
2.3077078e-16
-1.9793174e-30
9.8229262e-30
3.8740222e-30
-2.2101085e-16
2.1857149e-16
2.1613324e-16
-2.1369655e-16
7.2653523e-30
2.0882963e-16
-1.0320015e-16
-3.059615e-16
1.0077609e-16
9.9567158e-17
6.737339e-30
1.9431329e-16
0
-9.4757487e-17
-1.3296066e-32
9.2371542e-17
-1.8236821e-16
3.1463062e-30
1.7764287e-16
-8.7646659e-17
2.9862409e-30
8.5311339e-17
0
-8.2996449e-17
-2.7914849e-30
-2.293737e-32
-7.9566143e-17
7.8434739e-17
-2.7026463e-30
-7.6191175e-17
7.5079401e-17
7.3974551e-17
-7.2876807e-17
-7.1786351e-17
7.0703358e-17
6.9628e-17
-1.3712089e-16
-6.7500861e-17
6.6449403e-17
0
-6.4371491e-17
9.0019137e-33
6.2327907e-17
-6.1319342e-17
1.7143911e-32
-1.6862412e-32
-5.8348152e-17
-5.737634e-17
-1.964144e-30
5.5461296e-17
0
5.3585073e-17
5.4630922e-30
1.8090593e-30
-5.0845248e-17
-4.9952196e-17
9.8138777e-17
3.3355563e-30
-4.7334798e-17
0
0
4.4811422e-17
3.050762e-30
-8.6364278e-17
4.238352e-17
8.3191261e-17
0
-4.0052153e-17
-3.929661e-17
3.8551885e-17
3.7817989e-17
0
0
-3.5681304e-17
-3.4990729e-17
0
3.3641983e-17
-1.1530698e-30
-3.2336296e-17
3.1699528e-17
-8.8315993e-33
1.0647706e-30
2.8908682e-47
-5.8517405e-17
1.222481e-32
2.8101353e-17
0
2.698542e-17
-2.6442815e-17
-2.5910352e-17
5.0775909e-17
2.4875538e-17
-4.8746036e-17
-2.3880304e-17
2.3397303e-17
2.2923918e-17
2.2460048e-17
0
-2.1560433e-17
-2.1124469e-17
2.0697579e-17
7.0318626e-31
-1.987054e-17
1.9470134e-17
1.9078293e-17
0
-1.8319726e-17
-1.7952694e-17
1.7593614e-17
-1.7242308e-17
9.6057371e-33
1.6562268e-17
-1.6233128e-17
1.5910951e-17
-1.0859648e-30
-1.528655e-17
1.4983809e-17
-1.4687264e-17
-1.4397274e-17
1.4127966e-17
0
0
1.2511679e-17
1.2581421e-17
-1.2423948e-17
-1.2255808e-17
1.2086845e-17
8.2909207e-31
-1.1779132e-17
1.1582613e-17
1.138725e-17
0
-1.1027219e-17
-1.0842036e-17
0
1.0492225e-17
1.0317637e-17
0
-9.9896824e-18
-2.0442627e-30
9.67324e-18
-9.520134e-18
-9.367495e-18
9.2242055e-18
6.2730041e-31
-6.1495535e-31
-3.7543638e-33
-8.6756727e-18
8.5441946e-18
1.1674668e-30
-5.7043881e-31
5.6186793e-31
-8.052696e-18
0
0
7.7263032e-18
7.6146339e-18
0
0
-7.315067e-18
-4.6072674e-48
7.123997e-18
0
-6.9415704e-18
6.8550477e-18
1.8760949e-30
-1.3373964e-17
6.6041466e-18
1.354182e-30
9.1567188e-34
6.3662638e-18
-6.29112e-18
8.840691e-34
8.5172316e-31
-4.210959e-31
6.0143595e-18
0
-5.8824599e-18
-4.0282636e-31
-1.5983276e-30
-5.6983336e-18
0
5.580183e-18
5.5234745e-18
0
0
0
-5.3085174e-18
-3.6385815e-31
5.2076992e-18
0
0
-5.0643261e-18
-5.01851e-18
4.9736309e-18
4.9296851e-18
0
-4.844402e-18
-4.8030695e-18
4.7625732e-18
4.7228657e-18
0
-4.6458183e-18
1.2796631e-30
3.170463e-31
-4.5358171e-18
4.5005502e-18
4.4659754e-18
0
-4.3988364e-18
6.0682166e-31
-4.3340291e-18
-5.9670908e-31
8.5414021e-18
-4.2395159e-18
5.837576e-31
1.4512241e-30
2.8742826e-31
4.1254983e-18
-4.0966379e-18
-4.0678332e-18
0
4.0138535e-18
3.9878366e-18
0
-3.9358156e-18
-3.9103234e-18
7.7700846e-18
3.8597484e-18
-3.8344522e-18
-3.8091764e-18
-1.049701e-30
3.7602729e-18
-3.7380915e-18
2.5770238e-31
3.6926669e-18
-3.6684945e-18
2.5324234e-31
-2.5206237e-31
1.0222773e-33
2.4695588e-31
-3.554411e-18
0
0
3.4881436e-18
3.4680558e-18
0
0
0
0
-3.3599842e-18
-2.3026268e-31
6.6417671e-18
-1.4056754e-33
-3.270678e-18
-3.2525277e-18
4.4988421e-31
4.4635396e-31
4.5419741e-34
3.171266e-18
3.1556336e-18
3.1428707e-18
-6.2475125e-18
-9.3087301e-18
3.0855397e-18
6.1376386e-18
0
-3.0181397e-18
-3.0017478e-18
2.9934598e-18
-8.4631444e-34
1.2583969e-33
-8.3047805e-34
-2.9082122e-18
-2.9032417e-18
2.8867119e-18
5.7177118e-18
-2.8289641e-18
-6.9726527e-49
-2.8132633e-18
-7.7508476e-31
5.5369452e-18
0
0
-5.4474078e-18
1.5036829e-30
5.3571059e-18
0
-2.6363235e-18
-2.6346555e-18
2.6161116e-18
-3.671577e-34
3.543173e-31
-3.6125295e-34
-2.5414651e-18
2.5236484e-18
2.4938717e-18
0
-2.4564568e-18
3.4174841e-31
2.439028e-18
-4.7869492e-18
6.5372531e-31
2.3466596e-18
6.5319356e-31
4.7044335e-18
-4.6465338e-18
-2.2806933e-18
2.2565358e-18
3.2053058e-34
2.2566089e-18
0
0
-2.1740489e-18
3.014419e-31
4.3408865e-18
-3.0428202e-34
-6.3039763e-18
2.0806081e-18
2.0799873e-18
-4.1591922e-18
2.0543101e-18
-2.0176508e-18
-3.9935234e-18
1.9917257e-18
1.9853157e-18
1.9650065e-18
-1.9392849e-18
-1.6009565e-48
1.9124645e-18
-1.8938349e-18
1.8739832e-18
-1.8581804e-18
-5.1051998e-31
-5.1733924e-34
-1.7940483e-18
3.5594273e-18
-1.7740829e-18
-4.8823664e-31
4.7934718e-31
1.6972376e-18
3.353676e-18
-5.0053179e-18
-4.6136786e-31
9.1280478e-31
-4.4836798e-31
3.1850853e-18
-3.1582716e-18
4.3551436e-31
3.1045537e-18
0
0
-1.4948194e-18
2.0573339e-31
1.4655883e-18
1.4450754e-18
-1.4268651e-18
-4.2283213e-18
1.3899579e-18
1.3728433e-18
3.8631541e-34
1.3434176e-18
0
-2.5931349e-18
-2.554533e-18
1.265703e-18
2.5139085e-18
1.2398499e-18
-2.4325851e-18
-2.3890446e-18
2.3617998e-18
2.3416713e-18
0
-2.2743999e-18
1.1148916e-18
2.1952755e-18
-1.0860477e-18
-1.07516e-18
1.5027868e-34
-1.4388704e-31
-1.0189606e-18
1.0069184e-18
9.9535371e-19
-9.7943681e-19
1.3324345e-31
1.345506e-34
1.2986392e-31
9.1977232e-19
-8.9920091e-19
3.668666e-31
1.2069795e-31
2.3877051e-31
8.4727341e-19
-8.3207491e-19
1.1356222e-31
2.2309095e-31
1.122371e-34
1.5516928e-18
7.6401175e-19
-7.5175025e-19
-1.4711767e-18
9.9700496e-32
1.4097582e-18
6.9638429e-19
-1.3765145e-18
-6.7362126e-19
6.5524863e-19
6.4012895e-19
1.7513182e-31
-6.2431438e-19
0
0
-5.8313288e-19
0
5.6683825e-19
-5.5719973e-19
-7.711918e-35
1.462123e-31
0
5.1284575e-19
-5.0398875e-19
-4.8991684e-19
9.5003584e-19
4.6653088e-19
-4.6062709e-19
0
0
4.3454349e-19
-1.1805197e-31
-4.1252601e-19
0
0
3.8915864e-19
-1.5829269e-31
-3.6717913e-19
0
0
0
0
0
0
0
0
-6.0110056e-19
-1.6133075e-31
2.8445203e-19
-2.8021159e-19
2.7269065e-19
-2.629858e-19
7.1511807e-32
2.5461881e-19
6.9004468e-32
2.388226e-19
0
0
-2.2322814e-19
-6.1169661e-32
2.1284805e-19
0
0
0
0
0
0
0
-3.4754963e-19
1.4027079e-31
3.2336826e-19
-1.5781382e-19
-2.2180192e-35
-1.5244968e-19
8.1300269e-32
2.8217464e-19
1.3889434e-19
1.1246846e-49
-3.9911202e-19
0
2.4760516e-19
0
0
-2.2638037e-19
3.0470589e-32
3.2858506e-19
-1.085696e-19
-1.0358121e-19
9.7713374e-20
-9.4711932e-20
9.3815835e-20
2.5977034e-32
-9.086597e-20
8.5612403e-20
0
8.0415191e-20
-8.0073575e-20
-1.5385245e-19
7.2411003e-20
7.0519045e-20
7.025524e-20
6.8085277e-20
-1.2856552e-19
-6.0891477e-20
5.9644825e-20
0
-5.727396e-20
5.3632767e-20
5.0301466e-20
-1.4660711e-19
-1.3736303e-35
9.3669896e-20
-4.3872815e-20
-5.7216254e-33
-4.0156034e-20
1.1176415e-35
7.3975422e-20
-3.4103314e-20
0
8.7836721e-33
4.3870246e-36
2.8512231e-20
-2.5962086e-20
6.9787211e-33
3.4983622e-33
3.3985059e-36
2.1565044e-20
-1.9837461e-20
-3.9377656e-50
5.3433434e-33
2.5723584e-36
3.2300779e-20
2.0708379e-33
-1.4053064e-20
0
0
1.1050523e-20
4.2168577e-33
-8.7157361e-21
7.4844582e-21
-9.3582781e-34
-8.4265648e-50
7.5759389e-34
-4.5304601e-21
-3.9381672e-21
-4.817696e-34
2.759618e-21
0
0
-7.7561363e-22
5.4520066e-22
-2.1561727e-34
7.7301902e-23
-4.3009144e-22
0
1.4281271e-21
1.8998965e-21
-2.1838672e-21
-2.413723e-21
0
3.0108721e-21
3.3846269e-21
-7.8340428e-21
-4.3154204e-21
4.4430721e-21
4.7316668e-21
7.4198792e-34
5.8253495e-21
1.6279359e-33
-1.208305e-20
0
0
0
6.2740145e-21
7.0804184e-21
0
-8.2318516e-21
-1.0710856e-33
7.2767066e-21
0
0
-8.8350798e-21
-1.1450617e-33
1.1259803e-33
-8.24647e-21
8.0755359e-21
-3.5691661e-33
-8.7900419e-21
0
-8.3155446e-21
-1.107037e-33
7.9122906e-21
-7.8775042e-21
7.6461795e-21
7.2649094e-21
-6.9599979e-21
0
6.6115401e-21
6.1699004e-21
-5.8165989e-21
-5.6629867e-21
0
-5.3992422e-21
5.1095768e-21
4.758354e-21
-4.4965209e-21
-8.790749e-21
2.4222727e-33
1.2724539e-20
7.9346521e-51
-3.9027051e-21
-7.7976813e-21
2.2018655e-33
7.7183996e-21
-3.641681e-21
3.6137545e-21
-3.8065808e-21
-4.0582676e-21
8.4114185e-21
0
0
-9.1058589e-21
-1.1598286e-50
9.1616786e-21
0
0
-1.108036e-20
7.2876618e-50
1.193733e-20
0
0
-1.22003e-20
-6.1742903e-21
1.3060705e-20
6.9277043e-21
0
-1.4011737e-20
3.8597406e-33
1.454827e-20
-7.5597817e-21
0
7.245745e-21
-7.5369435e-21
1.1084869e-36
7.4028526e-21
-7.1518412e-21
7.4125044e-21
7.7660044e-21
-7.6775758e-21
-7.2972292e-21
2.0305847e-33
7.7021552e-21
-7.2195927e-21
-1.8405388e-33
6.8619697e-21
-7.2510103e-21
7.5750037e-21
7.7790631e-21
-7.6580569e-21
-6.6970692e-21
1.7877679e-33
6.5309116e-21
-6.4188754e-21
9.6772053e-37
7.0488063e-21
-7.0879656e-21
6.3532341e-21
5.7532011e-21
-5.936696e-21
-1.25865e-20
3.6431682e-33
1.3233094e-20
-6.5390419e-21
9.0908221e-37
1.2352463e-20
1.7011598e-36
-5.9141143e-21
0
5.8065014e-21
0
-5.350646e-21
0
0
0
-4.8667785e-21
-1.166565e-50
4.1392197e-21
0
4.1937513e-21
-1.1521902e-33
-3.9794823e-21
0
0
0
-3.2381205e-21
8.3931242e-34
2.7904857e-21
0
2.535452e-21
6.7089086e-34
-2.2348615e-21
0
1.8808758e-21
-1.7581923e-21
9.1519082e-34
1.5231081e-21
-1.3761125e-21
0
-1.118154e-21
-2.9487429e-34
1.0152073e-21
0
8.2752576e-22
-7.6609672e-22
-4.2839992e-34
7.9224882e-22
-4.2465326e-34
-9.7758887e-38
1.8169396e-34
-1.0299307e-37
-8.4833969e-22
0
9.8503932e-22
-2.6626475e-34
-2.6644521e-34
-7.2351686e-51
-3.3492276e-34
0
-3.057606e-21
-4.516362e-34
1.6825962e-21
-1.7405721e-21
5.0870954e-34
1.9610879e-21
2.1125691e-21
6.276353e-34
-6.5911369e-34
2.4434992e-21
-2.5058341e-21
-2.5890938e-21
0
-2.8033837e-21
7.9596554e-34
2.8968826e-21
0
0
0
-5.9801043e-21
3.2766736e-33
5.8679881e-21
0
0
0
0
0
0
0
-5.0322098e-21
1.3846275e-33
4.8683416e-21
2.3312874e-21
-2.1781784e-21
-2.015393e-21
5.235292e-34
1.0056587e-33
1.786563e-21
-1.7581371e-21
1.6925546e-21
1.5857116e-21
-1.461991e-21
-1.3687637e-21
7.4529332e-34
1.3640879e-21
1.3849501e-21
-3.8159528e-34
-1.3407859e-21
-1.3248698e-21
1.3610709e-21
1.4296202e-21
-1.4994833e-21
1.5557683e-21
0
-1.7427285e-21
-1.8857538e-21
5.592443e-34
2.1055165e-21
-2.200141e-21
2.3470405e-21
2.5422737e-21
-2.7709495e-21
2.9872868e-21
8.7927021e-34
-3.3052434e-21
-3.4472517e-21
-5.1259827e-37
7.609851e-21
2.2612513e-33
-4.3131884e-21
-4.4888813e-21
0
4.7793501e-21
0
0
0
5.5023912e-21
5.484696e-21
-5.4931705e-21
-5.678308e-21
0
6.0823258e-21
-1.7296076e-33
-5.8135958e-21
0
0
6.2744572e-21
-3.5669708e-33
-6.0541069e-21
0
0
6.1304275e-21
-3.5192065e-33
-6.5240564e-21
0
5.9741564e-21
-1.656943e-33
1.5874649e-33
-1.6653343e-33
-6.2023191e-21
0
-6.1096413e-21
3.2351937e-33
5.6787399e-21
0
5.7989902e-21
-5.7570555e-21
-5.6105145e-21
1.1003364e-20
1.5040946e-33
-1.0427902e-20
1.3848711e-33
4.8818289e-21
0
0
4.8216798e-21
-1.2979552e-33
-4.526397e-21
0
4.3460525e-21
-4.2791411e-21
-4.1320688e-21
4.0152891e-21
0
-3.9526776e-21
3.8763e-21
2.0932031e-33
-2.0060988e-33
3.5159438e-21
-2.9356318e-33
3.5457829e-21
-3.5207241e-21
9.519976e-34
-1.8364986e-33
-6.4276833e-21
8.8658542e-34
3.2377135e-21
0
0
0
-6.0542932e-21
-2.9850977e-21
6.0171233e-21
3.0370778e-21
0
0
2.9101793e-21
-5.2892918e-52
-2.8669594e-21
0
-5.7711388e-21
-2.8539849e-21
5.6072631e-21
2.773158e-21
0
-5.5251217e-21
-7.7367107e-37
7.9562704e-21
-7.2469028e-34
-5.2492197e-21
2.6504834e-21
1.5012854e-36
-2.5748083e-21
6.9084629e-34
1.3553784e-33
2.4595483e-21
0
2.4890939e-21
-1.3485459e-33
-4.7045205e-21
2.311427e-21
-3.8576041e-33
-2.3357263e-21
4.6548094e-21
-3.2459633e-37
-2.2317578e-21
0
0
0
-2.2236238e-21
2.1810583e-21
4.2803664e-21
-2.1363813e-21
-6.0240837e-34
-6.1144679e-34
-2.209906e-21
0
2.1531644e-21
-3.0617731e-37
-4.3864825e-21
2.2565432e-21
1.2769474e-33
-2.309191e-21
-2.2893581e-21
1.2632441e-33
4.5848556e-21
0
2.4434062e-21
2.5097805e-21
0
-2.5370011e-21
-2.5405596e-21
2.5678495e-21
0
-2.7266321e-21
0
0
2.8528766e-21
-2.374866e-33
-2.8549427e-21
0
0
3.1164413e-21
3.1856359e-21
-3.2015688e-21
-3.1984856e-21
3.1954843e-21
3.2032838e-21
-6.5033246e-21
-3.3382672e-21
9.4736406e-34
3.4490337e-21
-1.922391e-33
-1.926225e-33
3.4797693e-21
-3.4975268e-21
3.5384636e-21
-3.5623959e-21
-3.0305888e-36
3.5381647e-21
-7.0897513e-21
-3.5688447e-21
-3.5897153e-21
7.1762365e-21
7.0790398e-21
-3.4981386e-21
3.5119074e-21
-3.5409812e-21
1.9717418e-33
7.0495641e-21
-3.4547447e-21
9.4052981e-34
-9.3857707e-34
-3.4042217e-21
0
0
3.3377348e-21
3.2784718e-21
0
-3.2299176e-21
-3.2066875e-21
0
-3.0934641e-21
8.4217432e-34
3.0145989e-21
-3.006781e-21
8.2538688e-34
2.9235827e-21
0
2.8073729e-21
1.540089e-33
-2.7429651e-21
2.6990109e-21
-7.3130646e-34
-2.5873902e-21
-2.5560739e-21
-7.0273343e-34
2.4953033e-21
0
-2.3969121e-21
2.3743877e-21
-6.7004318e-37
1.2866604e-33
2.2584758e-21
-2.2131787e-21
0
-4.400323e-21
4.8683458e-33
2.1485245e-21
1.1619871e-33
4.104587e-21
-4.0831238e-21
-4.1286881e-21
4.1685487e-21
4.1556406e-21
2.0446491e-21
0
-1.9847676e-21
-3.9489701e-21
2.8168394e-37
-2.0009487e-21
2.0177555e-21
2.0215068e-21
-2.0082838e-21
3.9873814e-21
-3.9732631e-21
-3.3155631e-33
4.0208498e-21
-4.0599644e-21
1.1283655e-33
-2.0278879e-21
2.0281254e-21
2.0348944e-21
-2.0471049e-21
-5.7081868e-34
-4.1261369e-21
4.1339925e-21
4.1460879e-21
-4.1595033e-21
-5.7945776e-34
-2.0990732e-21
1.1698578e-33
2.1068401e-21
5.8411832e-34
-2.2052461e-51
2.1038275e-21
4.2468186e-21
-2.1388597e-21
-9.4789443e-51
-2.1223646e-21
-3.511266e-33
2.1087469e-21
-4.2662235e-21
1.1977913e-33
4.3228008e-21
4.0750038e-52
-2.1438405e-21
0
0
-2.1652161e-21
2.1584195e-21
4.2817033e-21
0
0
0
-2.1740108e-21
-2.1622096e-21
0
2.1312325e-21
-2.1379329e-21
-3.5880696e-33
4.3267898e-21
0
0
0
-2.1316874e-21
-2.136303e-21
2.128717e-21
-2.1109601e-21
-1.1592486e-33
4.1514172e-21
0
0
-4.1643304e-21
5.8552727e-37
2.0354407e-21
-2.0195446e-21
2.0137234e-21
-2.0084037e-21
1.1053491e-33
3.9241914e-21
0
0
-1.914572e-21
-1.8847766e-21
0
0
1.7934617e-21
1.7897914e-21
0
-1.7592745e-21
-1.7202295e-21
1.6802451e-21
-1.6430471e-21
-1.6121096e-21
1.5937769e-21
1.5874301e-21
-8.7730494e-34
-1.555742e-21
1.5111631e-21
4.0677555e-34
-1.4344529e-21
0
-1.4286115e-21
7.9196136e-34
1.40439e-21
-1.3676059e-21
7.409783e-34
1.32184e-21
0
-1.345115e-21
3.7511245e-34
1.9034528e-37
-1.3211314e-21
1.3109646e-21
1.3147754e-21
0
-2.6973658e-21
1.5148679e-33
1.3762172e-21
1.9770394e-37
2.819784e-21
-2.8568661e-21
-2.8978448e-21
2.9543195e-21
1.51467e-21
0
-3.1703787e-21
2.6841627e-33
3.2826611e-21
0
-3.4915506e-21
-1.0026065e-33
1.8516493e-21
5.2396575e-34
3.846183e-21
-3.9467201e-21
-5.0989493e-33
4.2247648e-21
-4.3440469e-21
1.2324064e-33
4.5291068e-21
2.3187308e-21
-4.7848699e-21
-2.4749227e-21
5.0854637e-21
-5.1738749e-21
-6.5639005e-33
5.3289022e-21
-5.430392e-21
7.7911918e-34
-2.9015097e-21
3.301523e-33
9.0794342e-21
-1.7041339e-33
-6.2269433e-21
3.1533748e-21
6.3858662e-21
-3.2050723e-21
1.7874871e-33
-3.2873509e-21
-3.7489842e-33
3.4507864e-21
-7.0061255e-21
2.9416337e-33
-3.9392684e-33
1.9767138e-33
3.5188993e-21
0
3.5382368e-21
3.6242635e-21
0
0
0
0
0
-3.6334652e-21
-3.6887534e-21
0
3.720633e-21
-3.6714867e-21
-5.9903521e-33
7.1259272e-21
0
0
0
-3.598268e-21
-3.5594261e-21
3.4929585e-21
3.4038477e-21
-6.700364e-21
-5.575352e-33
6.690199e-21
0
-6.55468e-21
-5.3022614e-33
3.0875668e-21
-3.0504399e-21
3.035711e-21
-3.0082174e-21
-1.6406508e-33
5.7380476e-21
0
0
-2.6930738e-21
-2.6401655e-21
0
-2.4699964e-21
-6.8187754e-37
-2.3430731e-21
2.2798504e-21
6.5969253e-21
0
4.0574241e-21
3.9351227e-21
0
-5.5019067e-21
-3.4866038e-21
3.313168e-21
-1.5814327e-21
-1.5139722e-21
4.3271412e-21
1.3610046e-21
1.8132666e-37
1.1995921e-21
-1.1301925e-21
-1.0582002e-21
-9.7653661e-22
-3.6214078e-51
-8.1789461e-22
-7.5385279e-22
6.8802112e-22
0
1.0580006e-21
9.0414311e-22
0
-3.3843815e-22
-5.6312466e-22
-1.1794136e-34
-1.3572155e-22
-1.3356127e-22
2.740968e-23
-6.2996689e-23
-8.4063344e-23
-1.5092924e-22
0
2.6304122e-22
8.6188826e-22
-3.0854224e-22
1.8408832e-49
1.1524784e-21
-8.8021018e-22
-4.9628209e-22
-5.3151164e-22
-1.0807716e-21
1.0783103e-21
5.4253385e-22
-5.5592366e-22
-5.7546198e-22
-5.9734863e-22
1.8610382e-21
6.3171656e-22
-1.8612918e-21
-5.9495199e-22
5.7056466e-22
1.1086131e-21
-5.4564476e-22
5.403719e-22
-8.8204836e-34
8.3932821e-34
1.391062e-21
-4.1877003e-22
-3.7613876e-22
-6.775062e-22
-3.0406238e-22
5.2675491e-22
6.0209304e-38
1.5308615e-22
-9.2711579e-23
-1.0636624e-22
-5.3883148e-23
-7.5395144e-23
4.2761994e-22
0
-8.6892894e-22
-3.5962045e-22
1.2819936e-21
-4.9892013e-22
-1.1524273e-21
-3.6357462e-34
8.1058208e-34
8.0169433e-22
0
1.9178993e-21
2.0917181e-21
-1.1321796e-21
-1.2102184e-21
-2.5610921e-21
1.3527426e-21
1.4313288e-21
-3.0285384e-21
0
3.3360963e-21
3.4711365e-21
-1.8051545e-21
-3.756973e-21
1.0830553e-33
2.0199831e-21
-4.1673702e-21
2.1451637e-21
-7.3494333e-33
-4.5267586e-21
2.3158031e-21
0
4.8114241e-21
0
-5.5011132e-33
-2.5339178e-21
-5.1795672e-21
7.8923757e-21
-7.5209912e-37
-5.2715734e-21
0
5.3848715e-21
2.7463816e-21
-5.5671197e-21
2.9841463e-33
2.606545e-21
-5.3267309e-21
2.7595395e-21
-4.6929724e-33
-5.6732056e-21
2.8323088e-21
-2.6156045e-21
5.0271177e-21
7.9380279e-21
0
-8.3471549e-21
-5.5694032e-21
8.2958807e-21
5.2861834e-21
-2.52341e-21
-5.0515169e-21
2.5722201e-21
2.5962238e-21
-5.2082602e-21
2.5856383e-21
4.9761613e-21
-2.3763336e-21
3.3318198e-37
-4.7393932e-21
-4.7482667e-21
7.0708972e-21
-2.3217558e-21
-3.7107868e-33
6.4199698e-21
0
-6.356912e-21
-4.2095083e-21
2.0647829e-21
2.0125904e-21
1.9323668e-21
0
1.8355333e-21
-1.0125111e-33
-3.6013793e-21
9.7109856e-34
1.6871314e-21
0
1.564862e-21
-3.0770572e-21
-4.55187e-21
2.9690844e-21
4.3002678e-21
1.3747378e-21
-1.3202459e-21
-2.5581425e-21
1.2535252e-21
-1.2258947e-21
-1.1889053e-21
2.2871186e-21
-2.1906429e-21
-1.0557156e-21
3.0829131e-21
2.0054057e-21
-9.7295008e-22
-2.8050597e-21
1.9871951e-33
-1.9178259e-33
-8.4256412e-22
-9.1570587e-34
-8.0145175e-22
7.6784574e-22
7.3328464e-22
7.0812961e-22
-6.9319386e-22
-6.8371937e-22
2.0111978e-21
-6.4801079e-22
-1.2486446e-21
1.8248545e-21
1.705477e-37
-5.9524135e-22
1.1710224e-21
5.6684619e-22
0
-5.3976944e-22
-5.4071901e-22
-1.0930193e-21
5.4867817e-22
-1.8105131e-33
-1.6058141e-21
5.3050871e-22
5.317245e-22
5.361779e-22
-5.410595e-22
-5.4571078e-22
1.654008e-21
-5.5762445e-22
-1.1254484e-21
-9.4246518e-34
-5.7064216e-22
1.1617879e-21
1.7873346e-21
3.3870914e-34
-3.4368749e-34
-8.8356384e-38
-6.2630444e-22
-1.2797936e-21
-6.609145e-22
2.0482304e-21
-7.7430894e-34
-1.4066819e-21
0
0
7.4617717e-22
-4.2702513e-34
4.3570264e-34
7.9131124e-22
-1.5953304e-21
-8.135528e-22
-9.3096829e-34
8.6861327e-22
2.6685935e-21
8.9487876e-22
0
0
0
-2.878045e-21
-1.9789185e-21
3.021845e-21
-1.1230885e-33
-2.031322e-21
0
0
2.1640479e-21
-2.4620074e-33
-1.2460531e-33
2.2552282e-21
-1.133293e-21
-2.2970909e-21
-2.3505267e-21
1.2089806e-21
3.6988725e-21
1.2412319e-21
0
0
0
-3.8756753e-21
-2.6523218e-21
4.0524994e-21
-3.0145296e-33
-1.360166e-21
1.9424911e-37
-1.3813354e-21
2.8164192e-21
-1.5973678e-33
-1.4587918e-21
2.9248449e-21
0
-8.148362e-34
-2.9583029e-21
-3.0115963e-21
4.6045036e-21
3.1034774e-21
-1.5535322e-21
-8.6195887e-34
1.5541201e-21
-4.6834752e-21
-3.167387e-21
1.6059529e-21
1.6156264e-21
-1.6123763e-21
-1.6044362e-21
1.5989871e-21
1.6054775e-21
-9.036461e-34
9.1511439e-34
1.6536307e-21
0
1.6275913e-21
-3.2264966e-21
-4.8191849e-21
3.2385619e-21
3.2756974e-21
1.6439534e-21
-1.8132552e-33
-3.2365892e-21
1.6031566e-21
-1.5900008e-21
-1.5839994e-21
3.1708771e-21
-3.1640662e-21
-1.5687855e-21
1.5513011e-21
3.059446e-21
1.5118248e-21
-3.0122294e-21
8.3317738e-34
-1.4894305e-21
-1.4657394e-21
4.3041929e-21
-1.4094372e-21
-1.39906e-21
4.2029284e-21
-1.9814853e-37
-4.1172538e-21
-1.3418689e-21
3.9260659e-21
-1.2846328e-21
-1.6103377e-50
-2.1241505e-33
-2.5441133e-21
2.5099267e-21
2.4489041e-21
-1.1929838e-21
1.2948872e-33
2.2950469e-21
-1.1392428e-21
-3.4065211e-21
-1.1284107e-21
1.1157789e-21
0
1.0827734e-21
2.1368773e-21
-1.4997047e-37
-3.1250841e-21
-1.0278418e-21
2.033284e-21
-1.4361099e-37
-2.0192541e-21
2.0114635e-21
-1.657625e-33
-1.9653556e-21
2.9172211e-21
1.9404238e-21
0
0
-9.8550777e-22
-2.9287642e-21
-9.6717316e-22
2.896992e-21
-1.0810989e-33
-1.9821464e-21
2.0151225e-21
2.0285345e-21
-1.0107027e-21
-2.0154249e-21
1.0110585e-21
1.0216594e-21
-3.1212694e-21
-1.0624391e-21
-1.798286e-33
6.0402678e-34
1.0934981e-21
-1.1004287e-21
2.2241241e-21
3.3889376e-21
0
-3.5230395e-21
-2.3682934e-21
3.5734312e-21
-3.4127944e-37
-1.2162972e-21
2.4868083e-21
-1.2689717e-21
-1.2840107e-21
-1.4309755e-33
1.2893406e-21
2.592966e-21
-1.3197338e-21
-2.7132503e-21
-2.7733024e-21
1.5541948e-33
1.4004616e-21
-1.400019e-21
2.8024972e-21
4.2424813e-21
0
-4.4301732e-21
-2.9902034e-21
4.4897783e-21
-1.6599747e-33
-1.4915191e-21
1.4921403e-21
1.509231e-21
-8.5107736e-34
-3.1013491e-21
8.6098718e-34
3.0921656e-21
-1.7066642e-33
-1.6999889e-33
-3.0845162e-21
-4.6696746e-21
3.1235251e-21
-1.7254835e-33
-5.1173635e-33
1.517278e-21
1.5099132e-21
3.0427976e-21
-4.5968158e-21
-1.5301364e-21
3.0276935e-21
-2.9866889e-21
-8.3611894e-37
4.3549747e-21
1.4448844e-21
-1.4409766e-21
-4.2943597e-21
4.7164283e-33
2.7992043e-21
1.3780683e-21
-2.7036651e-21
-3.9705086e-21
3.8654732e-21
1.2570419e-21
1.375989e-33
1.2303996e-21
-2.4300052e-21
6.5703369e-34
-1.1452603e-21
1.1076273e-21
-3.5810307e-33
-3.1545637e-21
3.0859846e-21
2.9875735e-21
0
0
0
-8.580034e-22
-2.4749993e-21
-7.8141458e-22
-8.1511808e-34
-6.9396936e-22
1.9898317e-21
6.3765535e-22
-6.0602054e-22
-5.6403868e-22
-5.1539435e-22
9.383477e-22
-4.3285809e-22
4.0423155e-22
-1.2517942e-33
-6.8019538e-22
8.8661933e-22
4.9813042e-22
0
-3.5681698e-22
-1.6890307e-34
1.2299197e-22
-2.5902617e-22
-4.327213e-23
2.9466113e-24
0
0
-7.5620641e-23
-2.1241384e-22
3.2071415e-34
3.5887137e-22
2.0146631e-22
-2.1332706e-22
2.2474121e-22
-2.4246629e-22
1.7723094e-49
5.1438378e-34
-1.0333698e-21
0
0
7.2844329e-22
7.3689568e-22
3.7870089e-22
-4.3318162e-34
-1.1964055e-21
4.494218e-34
8.2472187e-22
0
-8.6212005e-22
-4.2526551e-22
8.179436e-22
-3.9218334e-22
-3.80931e-22
1.132191e-21
-3.8072503e-22
1.2722729e-33
7.3848397e-22
-1.0270578e-21
-6.228484e-22
0
0
0
7.2838927e-22
4.5788677e-22
-5.99762e-22
-3.1767922e-22
0
1.5664364e-22
-5.2366466e-35
-2.2267824e-23
-9.1312349e-26
2.8513598e-23
-6.7946163e-23
-1.1456518e-22
4.8662547e-22
-4.1272421e-22
-4.9035073e-22
2.8064522e-22
-3.1677819e-22
7.1216583e-22
1.197614e-21
0
-1.4828098e-21
-1.088286e-21
5.9363136e-22
6.3834692e-22
-7.4911708e-34
7.087591e-22
-2.4921458e-33
-7.9472607e-22
-4.7046567e-34
9.4672803e-51
9.5268415e-22
0
1.0285956e-21
-2.1305968e-21
-3.3189054e-21
3.4479899e-21
3.5767725e-21
0
-2.5529244e-21
-2.6330303e-21
2.7049137e-21
-1.3825146e-21
-1.4106547e-21
4.3137629e-21
-2.9300876e-21
-2.9991913e-21
1.5397996e-21
3.1483047e-21
1.5958134e-21
-4.8386048e-21
-1.6229717e-21
-2.7207855e-33
3.3314228e-21
9.6528776e-37
-5.1578184e-21
3.4642457e-21
5.1764736e-21
1.7159713e-21
-5.1917199e-21
-3.5327908e-21
5.3844605e-21
-3.9859407e-33
-3.5665611e-21
-1.7365514e-21
9.463773e-34
3.4695513e-21
-1.9720972e-33
1.7947854e-21
1.7873073e-21
-5.299082e-21
-1.7021082e-21
-1.8275997e-33
3.3093219e-21
-5.6156114e-33
-5.1258208e-21
3.421142e-21
-1.8771139e-33
-1.8422357e-33
-3.5781594e-33
-1.5603571e-21
4.6134746e-21
-1.5414614e-21
-2.5764812e-33
-5.110314e-33
-4.5074156e-21
1.463382e-21
2.8154832e-21
-1.5096638e-33
1.3437374e-21
1.3418888e-21
-2.6697907e-21
-2.6225427e-21
1.4078881e-33
3.6653913e-21
-1.3028041e-33
-1.1352096e-21
2.2342109e-21
-1.1043942e-21
-1.083931e-21
5.8345107e-34
-5.6117583e-34
9.6966337e-22
-1.8639098e-21
9.0097509e-22
-2.9222861e-33
-2.8471727e-33
2.4828575e-21
-1.5901194e-21
2.161336e-37
1.4529924e-21
-6.9712898e-22
-2.0205963e-21
-6.5264487e-22
1.8849558e-21
-6.6464134e-34
-5.6675505e-22
1.0744626e-21
-1.0299573e-21
-2.4950103e-33
4.8538689e-22
-4.6654031e-22
4.4081544e-22
-8.2594484e-22
3.8966123e-22
1.1227791e-21
0
0
-6.7761159e-22
-9.0412989e-38
5.9776309e-22
-2.8695603e-22
-8.434685e-22
-2.7705053e-22
8.0359426e-22
7.1289321e-38
2.5978465e-34
4.5141436e-22
-6.7997888e-22
-1.1588884e-33
2.337382e-22
-2.236694e-22
-2.0109645e-22
2.0123561e-34
1.7778792e-22
-3.8124598e-22
4.169097e-22
-7.3157496e-34
-4.4083088e-22
6.2998159e-22
3.8583069e-22
-1.7994318e-22
-5.3578596e-22
-1.8902756e-22
2.0503711e-22
0
-2.2703491e-22
2.2952974e-22
6.8542075e-22
1.2556964e-34
-4.4752133e-22
2.2364335e-22
2.2886566e-22
-4.7990676e-22
2.5434537e-22
-2.673676e-22
-5.4940173e-22
8.2200177e-22
-8.9501035e-34
5.9442105e-34
5.5169614e-22
-5.8219986e-22
-3.0798609e-22
-3.2088537e-22
-3.6182573e-34
3.2278207e-22
-6.4064669e-22
6.4959928e-22
1.0099169e-21
0
-3.6776602e-22
2.0936265e-34
1.0789481e-37
-1.1414147e-21
-3.8536126e-22
1.1855666e-21
-4.0804052e-22
5.1168101e-50
1.2858252e-21
-4.3366295e-22
-1.3181736e-21
-4.4881142e-22
9.2252172e-22
-4.7404943e-22
4.8292946e-22
-1.6207284e-33
-9.8132523e-22
1.4977662e-21
5.6964849e-34
-2.3543196e-33
1.0903489e-21
-1.1076251e-21
-6.1856439e-34
5.6181015e-22
-1.1422383e-21
-5.8492639e-22
0
0
1.2567949e-21
-1.4107887e-33
-3.6588826e-37
-7.2666173e-34
-6.6721181e-22
-6.813476e-22
6.9626621e-22
7.1140404e-22
-1.4485719e-21
1.4674764e-21
-8.2441381e-34
-1.5057528e-21
1.5311572e-21
2.6035972e-33
-8.8681118e-34
8.1191824e-22
-1.6377752e-21
8.251811e-22
-1.8515003e-33
-1.6954405e-21
0
1.7812728e-21
9.0366588e-22
-1.8151451e-21
-9.1133318e-22
9.172154e-22
-1.5451515e-33
-9.4743277e-22
0
0
1.9885734e-21
1.9987424e-21
0
-2.0288929e-21
-1.023332e-21
1.0354605e-21
-1.0490069e-21
1.0599696e-21
0
-2.1447956e-21
0
0
1.0928687e-21
-1.2226397e-33
-1.1048202e-21
0
1.1054047e-21
6.1362099e-34
-1.1132232e-21
0
2.2583904e-21
2.256667e-21
-1.1223863e-21
-1.2383766e-33
1.1150358e-21
-2.2507987e-21
-2.2641859e-21
2.2587689e-21
3.1882948e-37
2.4596019e-33
3.1146436e-37
-2.1939592e-21
1.1075336e-21
-1.2357079e-33
1.108319e-21
-1.0982668e-21
-3.2560933e-21
3.2216423e-21
1.0693767e-21
-1.0678826e-21
-1.1792638e-33
-1.0525793e-21
2.073907e-21
2.0462159e-21
-2.0391204e-21
-3.3865066e-33
-1.0084124e-21
-9.9225417e-22
1.9396455e-21
-9.4944777e-22
1.0438201e-33
-5.2330354e-34
9.4022926e-22
1.8567475e-21
-1.8167587e-21
-1.7682138e-21
0
8.5403873e-22
9.4773946e-34
-1.7001039e-21
-9.2927748e-34
2.4466728e-21
1.5832628e-21
0
-1.5208673e-21
-1.6827761e-33
-7.5393637e-22
-7.4148825e-22
2.1597866e-21
-3.8674193e-34
-1.3554852e-21
6.6617651e-22
1.3253699e-21
-6.5859302e-22
-1.2939225e-21
-6.2644539e-22
0
1.1751867e-21
-5.7689094e-22
-1.7194829e-21
5.6907696e-22
5.5805354e-22
1.0775595e-21
5.1898934e-22
-1.0078573e-21
-4.9548941e-22
-4.9302309e-22
5.4404122e-34
4.8087266e-22
4.6423021e-22
8.9420528e-22
4.3443941e-22
0
0
0
-8.2772949e-22
-7.9398052e-22
7.6078331e-22
4.1107547e-34
4.0842244e-34
-4.1129955e-34
-8.261318e-34
7.334495e-22
0
-6.7394683e-22
-3.257487e-22
3.2094006e-22
-3.2053831e-22
-3.2099129e-22
0
0
6.2517764e-22
-1.0246811e-33
-6.6593727e-34
5.7749933e-22
-5.5780803e-22
-5.5105496e-22
0
5.7488683e-22
-3.2512423e-34
-5.7765906e-22
5.4474815e-22
2.8238584e-34
-4.9316669e-22
0
5.2958047e-22
2.7505007e-22
-5.5584081e-22
2.709549e-22
5.7053784e-34
-4.8962769e-22
4.8109993e-22
4.8834684e-22
0
0
0
-5.2339222e-22
-5.1374735e-22
4.9985709e-22
0
-4.8636904e-22
0
-2.5162021e-22
5.139757e-22
2.5935452e-22
-2.5688853e-22
5.0177065e-22
2.4637391e-22
-4.929685e-22
-2.5085509e-22
-2.8548458e-34
2.6134853e-22
-5.7831284e-34
1.4499876e-37
5.0159433e-22
0
-2.5654941e-22
-5.2680274e-22
-2.6760482e-22
0
0
0
-2.5950636e-22
5.2955134e-22
2.7093575e-22
-2.7361629e-22
-2.709722e-22
2.6759146e-22
2.6783685e-22
-5.4383755e-22
0
5.6384171e-22
5.6099489e-22
0
0
-5.503151e-22
-3.1343772e-34
-2.9018806e-22
-2.9332382e-22
2.8932515e-22
-2.8194311e-22
2.7806341e-22
5.6209951e-22
2.8874674e-22
0
-6.0190788e-22
-3.3170462e-34
2.9338288e-22
-2.8987143e-22
-2.9041493e-22
-5.8712896e-22
5.9418655e-22
2.9863741e-22
-8.4671533e-38
2.9702538e-22
-5.9514619e-22
2.992241e-22
-3.0030285e-22
-9.9231448e-51
2.9379741e-22
-5.794292e-22
5.7720671e-22
5.806455e-22
0
-2.9542648e-22
-5.8669736e-22
1.5973268e-34
2.8246233e-22
2.7959944e-22
-5.5784772e-22
-5.5913834e-22
2.7919903e-22
5.5233383e-22
5.4234479e-22
-2.6644892e-22
-5.2562372e-22
2.5950306e-22
-2.5578785e-22
4.1910559e-34
2.4829959e-22
-4.9212233e-22
4.8832415e-22
2.6562306e-34
-1.2763059e-33
4.385632e-22
-4.2371604e-22
-9.3093681e-34
2.1077251e-22
-4.2222915e-22
2.0573344e-22
-5.4877006e-38
7.9382802e-34
1.693534e-22
-3.3306987e-22
3.7119613e-34
-9.2381591e-35
1.6009462e-22
-4.1874848e-38
-2.681311e-22
2.5109888e-22
6.9418253e-38
-5.3651988e-34
2.3406998e-22
-2.1527436e-22
-2.0824022e-34
1.6358445e-22
-7.5957579e-23
-7.4554276e-23
-7.3029485e-23
6.6213863e-23
-5.8130309e-35
-7.3572787e-23
0
0
6.1427315e-23
8.7617735e-39
-4.4994323e-23
3.7428383e-24
2.0537791e-35
-3.0411554e-23
-6.0843599e-35
3.7461295e-23
0
1.643159e-23
-5.4074581e-23
-4.4043922e-23
1.3564063e-34
-7.1689772e-23
1.4776138e-22
-7.0484432e-23
7.3694699e-35
1.2966158e-22
0
0
-8.0376986e-23
5.089392e-35
-1.0181624e-22
1.0516944e-22
3.022016e-22
-2.7981082e-22
-8.804963e-23
1.7550386e-22
-9.3860571e-23
-1.7478828e-34
-1.1407682e-22
6.4977957e-38
3.5393252e-34
-9.6336201e-23
1.798062e-22
8.8700429e-23
0
1.0035665e-22
-1.041113e-22
-9.9940783e-23
-9.0046634e-23
1.768874e-34
-8.057203e-35
7.8219622e-35
1.4664871e-22
-7.6968722e-23
-1.2460401e-34
1.3079628e-22
-7.4906343e-39
-4.144017e-23
-6.8683491e-23
-6.5968155e-23
7.1124905e-23
3.934474e-35
2.7920195e-23
1.4668286e-23
-9.4282004e-25
-2.211853e-23
-1.8519855e-23
6.7653017e-23
5.3073004e-23
-3.3067099e-23
-8.2784602e-23
-4.9357492e-23
5.6156357e-23
1.2730724e-22
-1.4788232e-22
-2.6087971e-22
1.0087387e-22
1.1328346e-22
2.4333657e-22
1.2523242e-22
-2.5589984e-22
-1.346518e-22
-1.4585628e-22
3.1832913e-22
1.7192787e-22
-3.6550963e-22
3.8439715e-22
-1.5583273e-50
6.0217628e-38
4.4270012e-22
-4.5570529e-22
-7.7063967e-34
-2.6208529e-34
-8.2099346e-34
-2.5596059e-50
-8.2988376e-22
-3.2109666e-34
2.9554659e-22
5.9299638e-22
5.9625925e-22
-6.0891223e-22
-6.9954418e-34
-3.2794291e-22
-1.132394e-33
3.4885528e-22
-7.0907716e-22
0
3.6421143e-22
-4.1000608e-34
3.7431098e-22
7.5951986e-22
-7.7354559e-22
-7.9084884e-22
0
8.2153999e-22
-9.1578591e-34
-8.2369114e-22
8.2665689e-22
4.6518415e-34
-4.2801255e-22
-2.429471e-34
-1.2583329e-37
4.4146924e-22
-4.3867205e-22
-4.3910721e-22
4.4396452e-22
-5.0210402e-34
4.5989204e-22
-1.5410158e-33
5.0995762e-34
9.1155671e-22
-9.1180115e-22
-9.201739e-22
0
9.4656058e-22
-1.0512068e-33
-9.3700968e-22
9.2835113e-22
9.2810994e-22
-4.6827337e-22
-9.5063036e-22
-2.6638546e-34
-6.7877418e-38
-2.6118843e-34
-1.3220554e-37
-4.6458668e-22
9.3824254e-22
9.5310116e-22
-9.6236173e-22
-5.3235353e-34
9.4453579e-22
-9.3274687e-22
-9.2988722e-22
0
9.4959896e-22
-1.3636875e-37
5.3183658e-34
5.2552375e-34
-1.0394523e-33
9.3281234e-22
-9.3618962e-22
8.912467e-51
9.5199228e-22
-1.4261812e-21
-9.4706713e-22
4.7341295e-22
0
9.6007362e-22
-1.6028797e-33
5.2890518e-34
9.3988522e-22
0
0
-1.4353495e-21
-4.892872e-22
4.9533666e-22
-4.9284975e-22
4.8493702e-22
-4.7943029e-22
-1.0630264e-33
4.8383805e-22
4.9395213e-22
5.0339316e-22
-5.0882551e-22
0
0
-1.0168508e-21
5.0925503e-22
1.5343508e-21
0
-5.2161733e-22
-1.0594319e-21
-7.603739e-38
-5.3567338e-22
-1.1860584e-33
3.0311932e-37
-5.3561528e-22
1.6285679e-21
1.229757e-33
-3.1182104e-33
1.1263079e-21
-1.1217259e-21
-5.5816775e-22
5.5928375e-22
5.6717314e-22
-1.1604736e-21
-9.8170503e-34
1.7736918e-21
-1.1764698e-21
1.9446556e-33
5.830897e-22
-1.1805866e-21
6.0394185e-22
-6.1560949e-22
-1.0310457e-33
6.1487931e-22
-1.2204961e-21
1.2109143e-21
-3.4434235e-37
-4.7941799e-33
-3.582675e-37
-4.2435583e-33
1.2709745e-21
-6.3104736e-22
-1.3906207e-33
6.2334446e-22
-1.2520463e-21
-1.265766e-21
1.2761304e-21
-2.1222967e-33
-6.3325125e-22
-6.9790455e-34
6.256336e-22
-3.5723838e-37
-1.260702e-21
1.2555933e-21
2.0705148e-33
-2.0373663e-33
6.7041537e-34
-1.3415483e-33
1.2211925e-21
0
0
-5.9571235e-22
-1.1621664e-21
5.7016027e-22
-1.2642651e-33
-1.2769256e-33
-1.9302798e-33
-1.152108e-21
5.6235474e-22
-6.066295e-34
-5.314694e-22
5.2144399e-22
-5.7765262e-34
-5.2195733e-22
0
0
0
9.7168338e-22
9.4070103e-22
-9.1355983e-22
-4.4771168e-22
4.441817e-22
-8.8274146e-22
8.7118683e-22
1.6952592e-21
-8.1262403e-22
-7.7727133e-22
1.1206498e-21
-3.6209045e-33
-7.1109732e-22
-7.7592205e-34
3.4078965e-22
6.5702506e-22
-6.262036e-22
-2.9683874e-22
5.6333811e-22
2.6819206e-22
0
0
-2.3739034e-22
2.2535713e-22
4.2031597e-22
-5.7845799e-22
-3.5275532e-22
3.2630226e-22
-1.5261478e-22
1.4244601e-22
-8.6501863e-34
-1.1394962e-22
1.9331717e-22
-1.6280091e-22
1.5497736e-34
1.2037215e-22
-9.9656735e-23
-3.6319495e-23
3.8979462e-23
-2.7666733e-24
2.0529942e-23
-3.8550998e-23
-5.3554869e-23
0
9.4156899e-23
-6.0885825e-23
-1.4759277e-22
8.3336255e-23
-9.0033336e-23
1.9250574e-22
-3.4571326e-34
3.7812327e-34
2.488135e-22
2.9655135e-34
-1.39589e-22
-2.8806852e-22
2.9800502e-22
1.5561243e-22
-3.2817598e-22
-3.4730579e-22
3.6515344e-22
1.8987576e-22
-3.9222098e-22
0
-2.0932698e-22
4.336864e-22
4.4969716e-22
-4.6672957e-22
-2.4265403e-22
5.050962e-22
5.2384167e-22
0
0
-2.8339655e-22
-5.8197098e-22
-2.9950122e-22
6.1654635e-22
6.3159875e-22
-6.4269688e-22
7.2263081e-34
6.5887001e-22
-6.6699557e-22
7.4981083e-34
3.4132737e-22
-1.0309249e-21
-6.8890285e-22
1.0329427e-21
-1.1444769e-33
-6.8558624e-22
1.0246177e-21
-3.3968142e-22
1.123026e-33
-1.1138615e-33
-3.3156004e-22
3.28897e-22
-3.2645358e-22
6.4849511e-22
6.4466439e-22
-6.414942e-22
7.0935266e-34
2.1245078e-33
-6.38122e-22
0
0
3.2589476e-22
7.3353901e-34
-6.7133447e-22
6.8306993e-22
3.4762303e-22
-1.0606946e-21
7.1790352e-22
-2.157901e-51
2.43949e-33
7.3449047e-22
8.133113e-34
3.6321176e-22
0
-7.0416536e-22
-6.8623368e-22
6.7880299e-22
1.4790995e-33
-6.5582243e-22
6.6940502e-22
1.4022451e-33
6.0801137e-34
-2.4687773e-22
1.5367653e-33
2.1473306e-50
-1.6100998e-22
3.4769981e-22
-1.3852612e-22
-2.9323301e-23
-6.8503482e-23
7.3960566e-35
1.086451e-22
0
0
1.1352974e-22
-4.5566344e-34
7.5024451e-34
-2.2197609e-49
1.3612634e-33
1.3955605e-21
-1.4137154e-21
-1.8344485e-21
4.018421e-22
8.7261909e-23
3.1856046e-22
0
1.2472844e-21
-3.2058199e-21
5.7817423e-33
-1.0056301e-32
-1.6542499e-21
6.9267089e-34
1.770135e-21
0
-1.1283523e-20
-1.5179445e-20
0
0
0
6.6883085e-21
-2.0110737e-21
1.8518969e-20
3.6895565e-20
-5.605489e-20
1.2039646e-31
4.0027103e-20
-1.043006e-19
4.6224986e-20
1.1476934e-20
1.8416449e-20
0
0
0
1.5709722e-19
-8.3702303e-31
4.8363392e-20
1.0082801e-19
4.0093275e-20
8.8954253e-21
1.986454e-20
-1.4835208e-20
1.8660008e-20
-1.8347509e-20
-1.5791557e-20
1.2466202e-20
0
-1.0462778e-20
4.9766481e-33
1.15814e-23
3.0211869e-21
2.3752428e-21
-2.7019874e-21
2.5594721e-33
1.8863683e-21
-3.2702519e-21
-2.4720474e-21
0
0
0
-3.4155613e-22
-7.0643994e-34
8.0723078e-22
0
-8.9164001e-22
4.3373091e-22
-1.3678911e-33
-3.7421356e-22
9.6356497e-22
-2.6862786e-34
2.8842685e-22
1.0755944e-21
-1.8297119e-37
8.7165951e-22
4.5243601e-22
-1.3183361e-33
-1.6507158e-33
1.258739e-49
-1.818456e-33
-7.9310392e-22
0
7.3027783e-22
3.5177533e-22
-4.6374861e-38
2.8322612e-22
-4.7565497e-22
-4.2201179e-50
3.6406634e-22
0
-1.3357858e-22
-2.2759513e-22
-1.0842369e-22
1.0382661e-22
1.3010005e-38
-8.1025069e-23
0
0
1.5550167e-22
1.4592507e-22
-1.461244e-22
1.7041509e-34
1.5606113e-22
0
0
-1.6553088e-22
8.5231496e-23
-5.6340448e-34
-8.47219e-23
-3.8587406e-34
-1.7475328e-22
0
0
7.8205777e-23
-8.4218189e-35
7.0594467e-23
1.2722216e-22
0
0
0
-7.641388e-23
-6.1246147e-23
0
3.4409454e-23
3.188814e-23
4.3830154e-24
3.5944239e-24
1.2399879e-23
-2.1448417e-23
-1.479654e-23
1.8403429e-23
4.2868942e-23
-4.7790165e-23
-5.1809917e-23
8.2554913e-23
5.7413585e-23
0
0
-3.0234839e-23
6.7220226e-35
3.0129425e-23
-5.9741633e-23
-5.9107688e-23
0
0
0
5.6665621e-23
1.2512076e-34
-5.6197861e-23
-2.8111231e-23
5.6420334e-23
-1.8909291e-34
1.9073179e-34
5.7865707e-23
6.4989335e-35
-2.9609155e-23
-5.9854029e-23
0
0
0
5.9864854e-23
5.906595e-23
0
-5.6184084e-23
6.0371712e-35
-2.602095e-23
1.6341457e-34
4.5837617e-23
-4.2467703e-23
-1.9340967e-23
-1.713834e-23
1.4745396e-23
1.2371714e-23
-9.9273467e-24
-7.1569029e-24
4.1470289e-24
3.7095812e-24
-1.5543187e-24
0
7.8669707e-24
1.5623387e-39
1.3863897e-23
3.3514653e-23
-3.9712501e-23
-2.2888834e-23
2.555952e-23
-2.8005654e-23
3.0511253e-23
9.9105743e-23
-3.9796443e-52
-1.1167985e-22
3.9008509e-23
-1.3576472e-34
8.3100936e-52
4.3636615e-23
-4.4717478e-23
4.5701832e-23
-9.3071601e-23
1.0463015e-34
4.7495346e-23
-9.5480328e-23
4.784344e-23
9.5417979e-23
-9.4723478e-23
-2.0831849e-34
1.3891857e-22
-9.0927755e-23
-6.6210587e-52
-2.8771426e-34
-4.1819978e-23
8.0496349e-23
-7.6953284e-23
8.1071919e-35
3.4328751e-23
-1.9116599e-51
2.9380585e-23
-5.3260294e-23
-4.7306266e-23
0
3.4385802e-23
2.7189344e-23
9.8271351e-24
-1.1971685e-23
-5.9100486e-24
-2.2555444e-24
-2.0006612e-23
4.9714807e-35
1.5801837e-23
2.281628e-35
5.6423978e-35
3.035497e-23
-3.5378614e-23
2.6957913e-34
1.3686846e-22
-5.0819754e-23
1.2447831e-34
6.1313e-23
0
-1.437556e-22
-1.5433209e-22
0
0
0
-9.8205907e-23
-3.4445139e-34
1.2054726e-34
2.2745415e-22
-2.936128e-51
1.2378753e-33
1.2891434e-22
-4.0166058e-22
2.7761663e-22
1.4367476e-22
-4.4544425e-22
1.7014371e-34
1.57892e-22
0
0
3.4277507e-22
-3.9009517e-34
3.9950668e-34
3.6786537e-22
-3.7563094e-22
8.5075323e-34
1.9514584e-22
4.4105809e-34
-4.4841061e-34
-4.102258e-22
4.6220237e-34
4.6859528e-34
2.1374695e-22
-2.163136e-22
1.4570056e-33
6.6289791e-22
-2.230485e-22
4.9950181e-34
2.2672836e-22
0
-4.5949984e-22
-4.6204087e-22
2.3213428e-22
-2.5880124e-34
-2.3389556e-22
4.6909023e-22
1.5657571e-33
-4.7080775e-22
4.7123916e-22
-2.3569821e-22
1.5697423e-33
2.3546227e-22
1.0442313e-33
4.6945853e-22
-4.683823e-22
-4.6708972e-22
0
0
0
4.5995626e-22
1.0163852e-33
-4.5537126e-22
4.5286696e-22
4.5023751e-22
0
-4.4462272e-22
4.9031385e-34
2.1931064e-22
-2.1775123e-22
-2.16159e-22
-4.2907972e-22
4.7275988e-34
2.1123986e-22
-2.0956795e-22
4.6160156e-34
-4.5791779e-34
4.0903045e-22
4.0566577e-22
4.4672224e-34
1.9949978e-22
0
0
-3.8926151e-22
-3.8611888e-22
0
3.8003619e-22
4.1870772e-34
-3.7428328e-22
0
-1.8446546e-22
3.6642779e-22
-6.0623106e-34
-1.8090774e-22
5.3958696e-22
-3.5778975e-22
1.1857162e-33
5.3164835e-22
-1.7651404e-22
-3.5181976e-22
1.7540842e-22
7.772711e-34
-3.4946693e-22
1.7456931e-22
-1.7452735e-22
1.7461129e-22
5.2447537e-22
-3.5034567e-22
-1.7565774e-22
-1.7628296e-22
1.7705079e-22
-5.6982969e-52
-1.7902382e-22
1.8023199e-22
-3.6317794e-22
-3.6619056e-22
5.5425463e-22
7.4623309e-22
-1.8851536e-22
6.3490795e-34
1.928649e-22
0
0
-2.0025529e-22
4.5073698e-34
2.0582672e-22
-4.1767034e-22
-4.2399955e-22
0
0
2.2247491e-22
-5.0255237e-34
-4.6059046e-22
2.3445866e-22
7.1636909e-22
-4.8657702e-22
1.6517408e-33
-8.4174165e-34
-2.5777517e-22
7.8877588e-22
-2.6823141e-22
-5.4737936e-22
0
0
0
5.9392365e-22
6.0623096e-22
0
-6.3157331e-22
-9.6687583e-22
6.5780517e-22
-1.1175516e-33
-6.848266e-22
3.4929819e-22
-3.562602e-22
4.033604e-34
1.1111537e-21
-1.0730083e-37
-7.6944584e-22
0
7.9841832e-22
8.1297457e-22
0
-4.2106964e-22
9.5126351e-34
-8.7125363e-22
-8.8574461e-22
4.5008336e-22
0
0
4.7139596e-22
-4.7834393e-22
-4.8517885e-22
9.8375006e-22
9.968118e-22
-1.0094955e-21
5.1043639e-33
1.5503339e-21
-5.2245112e-22
5.8613594e-34
-5.3316362e-22
-1.0764118e-21
0
0
0
1.1124242e-21
1.1203127e-21
-1.6916146e-21
-1.1347098e-21
1.2670751e-33
1.1472275e-21
-1.5381738e-51
-1.1578317e-21
5.8120174e-22
0
-5.8503667e-22
2.7397665e-52
5.8787594e-22
5.889205e-22
-5.1104599e-52
-5.9024925e-22
1.1810643e-21
1.1811193e-21
0
-5.898424e-22
1.3082249e-33
-5.8809594e-22
-1.1736662e-21
1.1706144e-21
5.8353025e-22
-5.814996e-22
-1.1584008e-21
-5.766384e-22
1.7214955e-21
-1.2673064e-33
-1.7024057e-21
1.1277892e-21
1.6802402e-21
0
-5.5174867e-22
-1.0944102e-21
-5.4241399e-22
1.0747512e-21
-2.3628038e-33
-5.264327e-22
1.0410873e-21
-5.1443676e-22
-1.0162575e-21
1.0032494e-21
2.1979228e-33
-1.4641417e-21
-4.8098302e-22
1.421227e-21
4.3223683e-51
-9.1754884e-22
4.5106137e-22
8.8642022e-22
-1.9325879e-33
-4.2694648e-22
1.1894334e-37
-4.0979026e-22
8.0168269e-22
7.8341383e-22
0
-7.459741e-22
1.6137806e-33
1.0051109e-37
7.6333278e-34
6.6746639e-22
-6.4718095e-22
-9.3998967e-22
-2.0082215e-51
2.9247804e-22
0
0
-2.6043734e-22
4.9913577e-22
-7.945626e-34
1.5159486e-33
4.3299769e-22
4.5597152e-34
1.941505e-22
0
-3.4334146e-22
-3.2089765e-22
0
0
0
2.3206138e-22
7.0030545e-34
4.187889e-34
-8.3626973e-23
4.8681381e-34
5.9490522e-51
-1.049381e-22
1.2717841e-22
-3.2516893e-23
-4.5679335e-23
1.4807189e-35
-1.757247e-51
-4.8764561e-24
0
2.2344096e-23
-3.0654645e-23
-3.8630578e-23
-4.6347186e-23
-1.0768257e-22
1.2202856e-22
-1.5055915e-34
-7.427822e-23
2.4151513e-22
8.6416176e-23
-9.1912387e-23
-9.6993049e-23
-1.1295617e-34
2.1241334e-22
-1.2244444e-34
-1.1393917e-22
-2.3444992e-22
-1.200801e-22
-1.3595657e-34
-1.2443197e-22
0
2.5470403e-22
2.5624105e-22
0
0
0
-2.5438505e-22
-1.1156011e-33
3.7156185e-22
1.3544677e-34
-3.5807644e-22
1.157769e-22
-7.4583892e-34
-1.0819906e-22
3.1230173e-22
-1.1005815e-34
-9.3486162e-23
-1.7578441e-22
-8.2361537e-23
1.5167989e-22
-6.8202533e-23
-1.3443863e-34
3.0261914e-38
-1.2931428e-38
-1.6306208e-34
-5.4709703e-23
3.6786642e-23
-2.1625259e-35
2.5188318e-26
-2.2291686e-23
-2.1935356e-23
6.3624653e-23
4.2488362e-23
-1.0937669e-22
-6.6851568e-23
0
1.7920598e-22
2.0447749e-22
-1.1552331e-22
2.8429188e-34
1.3976214e-22
0
0
-3.6140959e-22
-3.8535312e-22
4.1128474e-22
6.2755373e-38
-4.7072961e-22
0
5.189908e-22
-2.5926077e-50
-8.7223478e-22
-3.0346343e-22
3.1445803e-22
-7.2965352e-34
6.9160856e-22
1.0802636e-21
0
-3.8152057e-22
8.8658629e-34
-4.1510703e-22
-8.4883171e-22
0
4.5076323e-22
9.3601223e-22
4.786693e-22
-1.4583669e-21
9.0850638e-50
5.1781399e-22
1.179592e-33
-5.3695004e-22
3.6405283e-33
1.1289791e-21
-1.158359e-21
-5.8499235e-22
5.9253771e-22
1.2163519e-21
-1.2451958e-21
-6.2914225e-22
1.9045921e-21
6.4723777e-22
0
0
-6.7343958e-22
1.5141753e-33
6.9515372e-22
-1.4090522e-21
-1.4145246e-21
0
0
0
0
1.4757673e-21
-2.1232017e-37
-2.2640377e-21
1.5112905e-21
2.2725117e-21
0
-7.7093476e-22
1.7106852e-33
-7.7086899e-22
-1.5541203e-21
0
0
0
1.5660741e-21
1.5717516e-21
0
-1.5609902e-21
-2.3505222e-21
-7.8507898e-22
2.3431348e-21
1.5553736e-21
-1.558333e-21
-7.7965546e-22
1.550222e-21
7.7090544e-22
-2.3130499e-21
-7.7049553e-22
7.6560153e-22
1.5218092e-21
1.519994e-21
0
-7.5326854e-22
3.3229765e-33
7.4672786e-22
-1.489188e-21
-1.4780225e-21
0
0
0
1.4474682e-21
3.188837e-33
-1.4299886e-21
-7.1249145e-22
1.4160383e-21
3.1222328e-51
9.2964626e-33
1.6047118e-51
-6.9168231e-22
6.8710346e-22
-6.8149394e-22
0
1.3488236e-21
6.7154735e-22
9.47103e-38
6.608169e-22
0
0
-1.3033319e-21
-1.9389361e-21
1.2836674e-21
-2.129472e-33
-1.9100071e-21
6.3243823e-22
6.2781599e-22
1.2490812e-21
-2.762637e-33
-1.2374104e-21
0
0
0
0
0
0
0
-5.9134957e-22
-5.8795747e-22
1.7535122e-21
1.1620846e-21
-5.7758657e-22
5.7413772e-22
-1.1413492e-21
-5.6717898e-22
5.6366441e-22
-1.1203137e-21
-5.5665859e-22
0
0
5.4590197e-22
6.0195514e-34
1.1954719e-33
1.0692464e-21
5.8944096e-34
-5.2691911e-22
1.0457698e-21
1.1519508e-33
-5.1461424e-22
1.0209103e-21
-5.0620483e-22
-1.5053925e-21
-4.9727176e-22
0
0
4.8351998e-22
-5.3152665e-34
-4.7381418e-22
4.6888057e-22
4.6395261e-22
0
4.5382027e-22
8.9720657e-22
-4.433981e-22
-8.7639599e-22
0
8.5513846e-22
9.3757463e-34
-1.2507602e-21
-4.1162044e-22
4.0627585e-22
5.6977153e-38
3.9568756e-22
3.9049367e-22
-3.9897225e-51
-4.2216655e-34
-7.5032027e-22
-3.7024038e-22
0
1.082031e-21
3.5609586e-22
-1.0549507e-21
7.7133223e-34
6.8647348e-22
3.7677407e-34
-3.3556331e-22
0
0
3.2567473e-22
6.4572663e-22
-3.2031544e-22
-9.5411366e-22
-3.1604263e-22
0
0
3.1185416e-22
-6.9068773e-34
-3.1062307e-22
3.1049449e-22
3.1069505e-22
3.1122674e-22
3.1209049e-22
3.1328656e-22
-3.1481417e-22
-6.3334436e-22
0
6.427509e-22
6.4843687e-22
-6.547753e-22
-9.9264555e-22
3.7166356e-34
-3.7621458e-34
3.8112108e-34
3.4808731e-22
3.5318481e-22
3.5859395e-22
-7.2861991e-22
-3.7032672e-22
-3.7663569e-22
-3.832277e-22
7.8018586e-22
3.9722023e-22
0
-4.1221403e-22
1.399091e-33
4.7538269e-34
4.8435316e-34
4.4477754e-22
4.5337603e-22
9.2428005e-22
-4.7105722e-22
-9.6019471e-22
0
-4.9839858e-22
-5.0760491e-22
0
5.2602788e-22
-1.1883185e-33
-7.7354329e-38
-7.8641528e-38
-5.6235705e-22
5.711884e-22
1.7393528e-21
-1.3058441e-33
-1.1921629e-21
0
0
1.2380253e-21
1.2525036e-21
0
-1.2799489e-21
-6.464506e-22
6.5266998e-22
-6.5862093e-22
-1.3285907e-21
6.6968897e-22
6.74799e-22
-6.796225e-22
-1.3683093e-21
-6.8839052e-22
6.9232736e-22
6.9596132e-22
6.9928947e-22
0
0
-7.0742065e-22
1.5071215e-51
7.1129593e-22
-7.1277369e-22
7.1394897e-22
7.1482554e-22
-7.154081e-22
0
-7.1571314e-22
-7.1544726e-22
0
7.1411486e-22
7.9171028e-34
-7.1176611e-22
0
0
7.0648424e-22
1.4085813e-21
2.3378331e-33
-6.9931047e-22
0
0
6.9050853e-22
-6.8726005e-22
6.8387243e-22
2.041073e-21
-1.3534556e-21
-2.0189832e-21
-6.6917086e-22
0
1.32263e-21
6.5731368e-22
-6.5328449e-22
-1.2984891e-21
-6.4521635e-22
1.2828043e-21
6.3765624e-22
0
0
0
-6.2624852e-22
-8.8689418e-38
-2.0678311e-33
-6.1577716e-22
1.2197899e-21
6.0420871e-22
-5.9862076e-22
0
5.8711994e-22
5.8139694e-22
-5.7562778e-22
-5.6983711e-22
-5.6404116e-22
-5.5822186e-22
1.6571463e-21
3.055917e-50
-1.081306e-21
1.0695216e-21
1.1743619e-33
-1.0458515e-21
-2.5832769e-51
5.1102534e-22
5.050526e-22
-4.990659e-22
4.9306596e-22
1.4611616e-21
-9.6206302e-22
-1.4250008e-21
-4.6896139e-22
0
9.1374418e-22
4.5082639e-22
-4.4478417e-22
-4.3874975e-22
9.606633e-34
4.2672134e-22
0
0
0
0
0
0
0
-3.800374e-22
3.7449194e-22
3.6904265e-22
-7.2740143e-22
-2.4855047e-52
3.5338588e-22
6.9687468e-22
1.5260884e-33
-1.0170637e-21
-2.0941487e-52
4.6943891e-38
6.5261349e-22
1.9221406e-50
-9.5680273e-22
3.1562439e-22
3.1258603e-22
-3.0983524e-22
3.0738465e-22
3.0523814e-22
-3.0339498e-22
6.0372683e-22
-3.0066562e-22
9.9837331e-34
8.9803707e-22
-5.9850181e-22
-8.9865618e-22
-3.0026266e-22
0
0
3.0497846e-22
3.0744749e-22
-3.1038132e-22
-3.4839832e-34
3.1767969e-22
0
0
0
0
0
0
0
7.3373449e-22
-3.7532317e-22
-1.1528956e-21
3.9379427e-22
-5.7385235e-38
4.1435694e-22
-9.4482139e-34
3.8818145e-33
4.4914733e-22
-9.2358373e-22
-4.7495636e-22
0
0
5.1750758e-22
5.3268465e-22
-5.483432e-22
6.2680958e-34
-1.2950709e-50
6.638816e-34
1.2310958e-21
-1.4066653e-33
7.2358503e-34
1.3407603e-21
-6.8944061e-22
-2.1267748e-21
-7.288637e-22
0
0
7.9145088e-22
2.4373259e-21
-8.3300264e-22
-1.7065435e-21
2.6205561e-21
-1.98455e-33
-1.8282069e-21
0
0
0
0
2.0278935e-21
2.2948123e-33
-3.1580425e-21
2.1433762e-21
1.090423e-21
-3.3265668e-21
1.1269277e-21
1.1445721e-21
1.2899296e-33
-7.2220721e-51
-2.3900327e-21
-1.2109665e-21
0
3.724434e-21
1.2560339e-21
-2.5400473e-21
-1.2835956e-21
2.8788129e-33
-9.34721e-51
8.901823e-51
2.664285e-21
1.4912907e-33
1.5027095e-33
2.7274335e-21
1.5250804e-33
-2.766594e-21
-2.7850563e-21
-1.4005235e-21
0
1.4084304e-21
2.0015655e-37
-1.4095832e-21
1.4102035e-21
1.4097094e-21
0
0
0
-1.4020298e-21
3.1051396e-33
1.3941672e-21
2.778562e-21
-1.3838243e-21
9.1759139e-33
1.3712739e-21
-2.7284996e-21
-1.3567679e-21
1.3488604e-21
1.3405613e-21
2.9572306e-33
2.6458408e-21
-1.3136442e-21
-2.608216e-21
0
-1.2843879e-21
-1.2742688e-21
1.2640193e-21
1.2536717e-21
0
-1.2328049e-21
2.7141549e-33
1.2119114e-21
0
1.1912229e-21
-1.1810242e-21
-1.1709592e-21
1.1610539e-21
0
-1.1418193e-21
-1.1325386e-21
0
1.1147614e-21
-1.2283269e-33
-1.0981695e-21
0
0
1.0758289e-21
1.0691275e-21
-1.0628249e-21
1.0569338e-21
3.1543989e-21
-1.0464344e-21
4.6267388e-33
2.0754366e-21
0
-2.0616467e-21
-2.0560483e-21
-1.0255871e-21
-1.0234177e-21
0
1.0200947e-21
1.0191219e-21
0
0
-1.0196206e-21
-1.0211053e-21
1.0227466e-21
1.0240061e-21
0
0
0
0
-1.0300757e-21
-1.0316548e-21
2.0666274e-21
1.0350154e-21
-1.0367588e-21
0
-1.0404281e-21
-1.0423595e-21
-2.0886855e-21
-1.0463106e-21
-1.1639086e-33
-1.0503078e-21
3.1569124e-21
-1.1153488e-51
-2.1123516e-21
2.1160829e-21
-2.3534499e-33
2.3570831e-33
2.126274e-21
1.1818869e-33
-1.0659711e-21
1.0672102e-21
1.0683169e-21
0
-2.139987e-21
-3.2117721e-21
-1.0710404e-21
0
2.1429895e-21
1.0715024e-21
-1.071369e-21
0
-1.070702e-21
-3.0416314e-37
1.0695311e-21
0
0
0
0
0
-1.0610494e-21
-1.0583998e-21
2.1107786e-21
1.0520329e-21
-1.0483429e-21
0
1.040006e-21
2.0706093e-21
-1.0301944e-21
-2.0495943e-21
-1.0192374e-21
2.0270547e-21
3.3559738e-33
-3.0049678e-21
9.9553007e-22
9.8930021e-22
-9.8298121e-22
9.7658962e-22
2.910426e-21
3.1391406e-52
-9.5714078e-22
9.5061778e-22
9.4409898e-22
-2.8127918e-21
-1.8622451e-21
1.0265377e-33
-9.1827827e-22
0
9.0555329e-22
8.9919166e-22
0
-8.8630873e-22
-1.7595255e-21
8.7317189e-22
-3.8487724e-33
1.9095414e-33
1.7065913e-21
0
0
0
8.2701068e-22
-8.20538e-22
3.6154034e-33
8.0775026e-22
-1.6028869e-21
7.9519981e-22
1.5780469e-21
-1.5658366e-21
-7.7688739e-22
-1.0955636e-37
-2.8091503e-52
2.2778338e-21
-7.5358189e-22
-2.2439379e-21
2.2274244e-21
7.3707398e-22
-2.1953468e-21
1.6132867e-33
1.4431044e-21
1.0183868e-37
-7.1183314e-22
-7.0717406e-22
-1.9970388e-37
1.3964751e-21
1.387862e-21
-6.896973e-22
-2.0564978e-21
-6.812962e-22
0
0
6.6849534e-22
6.6424852e-22
-6.6005541e-22
2.9129811e-33
-6.5195864e-22
2.8782782e-33
1.9334732e-21
1.2821497e-21
-7.0827592e-34
-1.2701078e-21
-6.3252076e-22
1.2607081e-21
4.1875139e-33
-1.8817799e-21
1.2527857e-21
6.2599863e-22
-1.8781643e-21
6.9572286e-34
-6.9657567e-34
6.2900861e-22
6.3143284e-22
-1.2694974e-21
-6.3868777e-22
0
0
6.5154429e-22
3.731826e-37
7.3500128e-34
1.3364527e-21
-1.4987777e-33
-6.8241691e-22
6.9054124e-22
-7.7631602e-34
7.8704396e-34
-7.1927773e-22
-7.3035007e-22
-1.0546693e-37
-7.5470187e-22
0
0
7.9675778e-22
-9.0168322e-34
-8.2837803e-22
8.4523582e-22
1.9158751e-33
8.8099201e-22
1.799725e-21
9.1937164e-22
-9.3949848e-22
-1.9204391e-21
0
-1.0033362e-21
2.0513448e-21
1.0484846e-21
-1.0717402e-21
2.4324419e-33
2.4853407e-33
2.2876305e-21
-1.1684897e-21
-2.3868613e-21
0
-1.2439728e-21
2.8190567e-33
1.2952264e-21
0
0
0
0
-1.4290848e-21
-2.0699703e-37
1.4835015e-21
3.0178981e-21
-4.3554689e-37
-1.5542441e-21
3.1503349e-21
-1.5956163e-21
-4.8463111e-21
1.6344716e-21
-7.3388158e-33
-3.3398004e-21
1.6859978e-21
1.8885627e-33
5.7114298e-33
3.8365899e-33
-1.7397377e-21
0
3.5206706e-21
5.3070493e-21
-1.7765857e-21
-5.3491297e-21
-1.9856388e-33
1.7926128e-21
0
0
3.5972092e-21
-3.9924804e-33
-3.5942238e-21
3.5895288e-21
-3.9774126e-33
-1.7869858e-21
-1.7815996e-21
-1.775257e-21
1.767995e-21
0
-1.7508608e-21
3.482138e-21
1.7305251e-21
-3.4385488e-21
-1.7073755e-21
-2.4085716e-37
3.3636906e-21
3.7043995e-33
-1.6542743e-21
1.6396952e-21
3.2488816e-21
-1.6083691e-21
-3.1832476e-21
3.1491412e-21
-1.5574634e-21
-4.6209804e-21
1.5231198e-21
1.505869e-21
0
0
-1.4542619e-21
3.1912761e-33
1.4200587e-21
1.4030803e-21
1.9699799e-37
-1.3696384e-21
1.3533175e-21
1.4844715e-33
-1.3217919e-21
0
-1.2921238e-21
1.4187222e-33
1.2647248e-21
-1.2519948e-21
-1.2399735e-21
2.4574141e-21
3.6547207e-21
-1.2086138e-21
-2.3997209e-21
1.191993e-21
-1.1849875e-21
-2.3575097e-21
1.173102e-21
2.3358081e-21
-1.1630729e-21
-1.1584634e-21
2.3082972e-21
1.1503965e-21
1.1473863e-21
-1.2712868e-33
-3.4310647e-21
-1.1430824e-21
1.1434072e-21
0
0
-1.1495287e-21
1.1531037e-21
1.1577254e-21
-1.1637362e-21
0
2.360234e-21
-5.2797144e-33
-2.392371e-21
1.2024834e-21
1.208915e-21
-1.2159804e-21
1.3582285e-33
-5.9685141e-51
1.3754034e-33
-1.6307451e-51
1.2554155e-21
2.8070749e-33
-2.5469155e-21
0
-1.2927718e-21
1.3028857e-21
-2.9163258e-33
1.0410507e-51
1.3351266e-21
-4.039565e-21
-1.3582274e-21
2.7403625e-21
1.3822666e-21
1.3945094e-21
-1.407116e-21
-1.4202439e-21
2.8680941e-21
1.6087763e-33
1.4644718e-21
-6.5773665e-33
9.9778525e-33
3.3600497e-33
-3.0515433e-21
0
1.5475226e-21
-1.5588793e-21
1.5696969e-21
1.5801596e-21
-3.1810896e-21
0
3.2215327e-21
-3.5982732e-33
-3.2604819e-21
-1.639565e-21
1.7498948e-51
3.3154488e-21
1.6665336e-21
-3.3501318e-21
-1.6831911e-21
-1.8767504e-33
3.3952387e-21
1.7037567e-21
-3.4184013e-21
0
-1.7180068e-21
1.7213196e-21
1.7240962e-21
-3.4527843e-21
-4.9117466e-37
2.4576209e-37
-1.7300679e-21
1.7301684e-21
1.7296879e-21
0
-1.7270072e-21
-1.9153334e-33
3.4443644e-21
1.7190397e-21
-1.715453e-21
1.7114565e-21
7.0569853e-51
-5.107103e-21
1.8847909e-33
1.692041e-21
1.6864909e-21
3.3614346e-21
-1.6747336e-21
-3.3371009e-21
0
0
-1.6483387e-21
3.6436207e-33
-1.8129669e-33
-3.6089762e-33
1.6168323e-21
1.6076949e-21
1.7741946e-33
-3.1766473e-21
-7.5873016e-51
-2.2282995e-37
-1.7301534e-33
3.0945725e-21
1.7061601e-33
-1.5264758e-21
-1.5161345e-21
1.5058799e-21
1.4957475e-21
-2.9715531e-21
3.2771942e-33
-3.2562923e-33
-1.6180464e-33
1.4485073e-21
0
0
0
0
1.411682e-21
1.406353e-21
-1.4019157e-21
1.3975979e-21
1.0107149e-50
-4.1504761e-21
1.3743134e-21
1.3664711e-21
1.5088358e-33
-1.3516674e-21
-1.3445195e-21
2.6756974e-21
1.4781507e-33
-2.6508286e-21
-1.3197168e-21
1.3143997e-21
1.3094531e-21
0
0
1.2970848e-21
1.2938579e-21
-2.5822443e-21
-1.2889067e-21
1.4290326e-33
-1.909791e-52
1.2856674e-21
2.5715822e-21
5.7135313e-33
-3.8629173e-21
1.289201e-21
1.2913168e-21
-2.5882049e-21
2.8804875e-33
1.4453515e-33
1.8557811e-37
-8.9628563e-52
-1.4605165e-33
1.3205748e-21
0
1.3326393e-21
1.3394407e-21
-1.3467946e-21
-1.3547402e-21
2.7265886e-21
-3.046975e-33
-1.3824077e-21
1.3930395e-21
-1.4046282e-21
3.1464674e-33
-1.4308858e-21
-1.445072e-21
2.9184874e-21
3.2700588e-33
1.4850363e-21
-4.2552629e-37
-1.5095666e-21
-1.522027e-21
-1.5344816e-21
1.5470608e-21
1.5598144e-21
1.5726857e-21
-3.171297e-21
-1.5987043e-21
4.8354932e-21
3.6084429e-33
-3.2763336e-21
3.3026407e-21
3.695034e-33
-3.3548049e-21
3.3804499e-21
4.8397104e-37
-5.1453987e-21
1.7272616e-21
1.739066e-21
-1.7503856e-21
-1.7613893e-21
-1.7721631e-21
1.7827695e-21
3.5863295e-21
2.5623355e-37
-3.6241012e-21
1.8197502e-21
5.4791254e-21
-1.8323286e-21
-3.6755789e-21
0
-1.846891e-21
-2.0542609e-33
1.8532476e-21
-1.8551962e-21
-5.2749381e-37
3.7088278e-21
-1.8509782e-21
-1.8473049e-21
1.8433127e-21
0
-1.8325784e-21
-1.8260982e-21
1.8189567e-21
3.6222487e-21
1.802646e-21
-3.5871287e-21
-1.7839016e-21
1.77369e-21
0
1.7517939e-21
-1.7402001e-21
-1.7282382e-21
1.7159536e-21
0
-1.690602e-21
-1.6776348e-21
3.329086e-21
1.6513802e-21
-1.638203e-21
0
-1.6120401e-21
2.2725689e-37
1.5865492e-21
1.574224e-21
-1.5622817e-21
6.8870109e-33
4.6198476e-21
-1.6984341e-33
-3.0412912e-21
-1.5136856e-21
-1.5090321e-21
1.506472e-21
1.5070674e-21
-1.5096121e-21
-1.5116844e-21
1.5084669e-21
4.4911907e-21
-1.4839333e-21
-2.9514831e-21
0
2.9302548e-21
8.6808559e-51
-4.364481e-21
1.4511412e-21
1.4479328e-21
-1.4450367e-21
1.4424999e-21
2.0467443e-37
-2.8764982e-21
-3.228517e-52
4.3045922e-21
6.3667993e-33
-2.8652498e-21
0
1.4318133e-21
1.4320244e-21
0
-1.4336992e-21
-1.4350353e-21
-1.4366005e-21
-1.4384561e-21
1.4406558e-21
1.4431802e-21
0
-1.4490854e-21
1.4524842e-21
4.3688107e-21
-1.6214105e-33
-1.4653549e-21
-1.4709268e-21
1.4772431e-21
-3.2961169e-33
-2.9837252e-21
-1.4985498e-21
-1.5037388e-21
3.0169902e-21
4.5414145e-21
-3.3739237e-33
-4.5750894e-21
-1.5309569e-21
2.1846143e-37
5.1427712e-33
1.5509797e-21
1.5583537e-21
3.4776622e-33
-1.5742112e-21
1.5826921e-21
-3.5341931e-33
-3.2016458e-21
-4.5773409e-37
4.8619234e-21
1.0866079e-32
-3.2847254e-21
0
1.6660507e-21
-1.6784023e-21
-3.3821465e-21
1.7043139e-21
1.7184321e-21
-1.7336777e-21
3.4999229e-21
1.7674684e-21
-5.3573066e-21
-4.0026475e-33
3.6312966e-21
2.5960871e-37
2.0413818e-33
1.852301e-21
-1.864929e-21
1.8775707e-21
-1.8906258e-21
-3.8081301e-21
1.9178509e-21
0
-1.9467626e-21
1.9619414e-21
1.977585e-21
-3.9869716e-21
8.0188828e-52
2.0271079e-21
-2.0449217e-21
2.2906902e-33
-2.0799859e-21
5.9539546e-37
6.3266553e-21
-2.3578644e-33
2.3768295e-33
-2.1586345e-21
-2.1766463e-21
6.5866621e-21
-4.9193654e-33
1.48942e-32
2.2570052e-21
-4.5572842e-21
2.5545183e-33
4.6472479e-21
-4.6955306e-21
-4.7472551e-21
2.4013354e-21
-2.4305232e-21
-2.4613611e-21
2.4945808e-21
2.5301076e-21
0
-2.6059965e-21
5.8736807e-33
5.3704242e-21
-8.4879869e-51
-2.7739817e-21
5.6445472e-21
6.3815321e-33
-5.8553988e-21
0
0
-3.1110822e-21
3.1784498e-21
3.2490501e-21
-6.6470864e-21
3.7772724e-33
-7.741718e-33
3.9680087e-33
3.6664037e-21
3.7619311e-21
-1.2860985e-32
-3.9653741e-21
8.1494626e-21
4.1897229e-21
-1.2932035e-20
9.8562583e-33
1.3716535e-20
-4.7136894e-21
1.0799058e-32
5.0211452e-21
-1.0376987e-20
1.1914061e-32
-5.5319525e-21
-1.0501604e-20
1.0040207e-20
5.4992549e-21
-1.2013014e-20
-6.1359205e-21
6.3817308e-21
6.6672585e-21
0
0
0
-7.6118414e-21
-1.1113178e-36
8.1897505e-21
1.7031451e-20
-1.9509791e-32
-1.8229824e-20
1.8935236e-20
4.358068e-32
-3.0600445e-20
1.060076e-20
1.0982021e-20
-2.2853348e-20
1.3270149e-32
-2.7632042e-32
1.4297486e-32
5.7051688e-36
-1.3967786e-20
1.4488674e-20
1.4992658e-20
-1.5636542e-20
1.6379302e-20
-2.322611e-48
3.9290056e-32
4.0901353e-32
-1.9218971e-20
2.0036158e-20
4.1752481e-20
9.6750174e-32
-2.2747972e-20
4.7492741e-20
-2.4792826e-20
-2.5899327e-20
5.4083754e-20
-2.8206863e-20
-5.8854361e-20
0
-3.2118746e-20
-3.3561294e-20
3.5068619e-20
7.3310159e-20
-3.8324555e-20
-4.0070755e-20
8.3759332e-20
6.2171879e-36
-4.5714387e-20
4.7808818e-20
-5.0014249e-20
-5.229036e-20
5.4648776e-20
1.1427217e-19
1.6985403e-35
-1.8751448e-19
7.2581861e-32
6.8355783e-20
0
0
1.5636618e-19
-3.6316078e-31
-8.5523462e-20
1.7886362e-19
-9.3500061e-20
-1.9549585e-19
0
0
0
0
2.4411384e-19
-3.6250759e-35
-2.6662214e-19
2.7870406e-19
4.1392971e-35
-1.5216602e-19
3.1794663e-19
-1.6609818e-19
-3.4708421e-19
-3.6258793e-19
-1.8936549e-19
1.977855e-19
2.0657357e-19
4.3147261e-19
-2.2528246e-19
-2.3522758e-19
4.9117118e-19
2.5636679e-19
-2.6758798e-19
6.2020273e-31
5.8294097e-19
-3.0417913e-19
-6.3480709e-19
-3.3114618e-19
-3.4543442e-19
0
7.516572e-19
3.9198526e-19
-4.0878682e-19
-4.2625127e-19
8.8883102e-19
4.6331141e-19
-9.6590488e-19
5.0335146e-19
5.8247438e-31
-5.4659175e-19
0
0
0
0
1.3408953e-18
-1.5500945e-30
-1.4538887e-18
0
-7.8791156e-19
9.1069269e-31
3.6388499e-34
8.8820036e-19
1.8482816e-18
-2.8841862e-18
-2.0000397e-18
2.0801638e-18
1.0816394e-18
1.1247273e-18
-1.1693702e-18
-1.2156078e-18
2.5270046e-18
2.9159045e-30
1.3645229e-18
-3.1478204e-30
9.811204e-30
6.7933833e-30
-3.1776541e-18
-1.649876e-18
1.7130361e-18
5.3350888e-18
1.8459143e-18
-3.8314997e-18
-3.9758665e-18
0
-2.1396288e-18
2.4637388e-30
2.3015437e-18
2.3864706e-18
-2.7463102e-30
2.8474799e-30
-5.31605e-18
-2.7544301e-18
8.5616633e-18
-2.9564459e-18
3.0621633e-18
3.1711158e-18
-6.5667855e-18
0
-3.5182972e-18
3.6410879e-18
-8.3671735e-30
1.7310088e-29
-1.7905817e-29
-4.1692421e-18
1.2932705e-17
-2.2735684e-46
-9.2126322e-18
0
-4.9183657e-18
-1.6922133e-29
1.0495186e-17
-3.335699e-47
-5.5943847e-18
5.7745618e-18
-5.9593854e-18
-6.1489151e-18
6.3431747e-18
0
6.7459635e-18
-6.9546005e-18
-7.1681725e-18
-1.0497191e-33
8.4475421e-30
7.8389432e-18
-8.0725884e-18
9.2267996e-30
-2.8493573e-29
-9.7750271e-30
9.0580119e-18
9.3171352e-18
2.1276299e-29
-1.9701502e-17
-1.4388805e-33
3.1214201e-17
-2.373637e-29
-2.1957333e-17
0
0
-1.1876517e-17
1.2185468e-17
1.2499088e-17
-2.5634554e-17
2.9178401e-29
-1.4954233e-29
-1.3798308e-17
1.4133775e-17
1.4473259e-17
0
0
0
1.5868318e-17
1.6225487e-17
-1.6585653e-17
1.6948618e-17
7.6890316e-29
-5.3046124e-17
-2.0043044e-29
1.842382e-17
1.8797199e-17
3.8343782e-17
-1.954764e-17
-1.9924182e-17
-2.2537441e-29
-4.1356846e-17
4.2110858e-17
2.1431892e-17
-6.5422459e-17
2.8671348e-46
2.2554808e-17
2.2925863e-17
2.3294692e-17
-4.7321815e-17
-2.4024116e-17
-2.7066401e-29
-2.7468625e-29
2.50918e-17
5.0878125e-17
1.7174189e-28
-7.8354742e-17
2.6449402e-17
-3.0774565e-47
-5.418572e-17
2.740431e-17
-6.1532761e-29
1.3954821e-47
8.0412505e-33
-2.857213e-17
2.884266e-17
2.910383e-17
0
2.9596624e-17
2.9827536e-17
-3.0047636e-17
3.0256568e-17
-2.9089513e-46
-9.1919055e-17
3.0813278e-17
3.0974481e-17
3.4555667e-29
6.2517053e-17
-3.1380879e-17
-3.1489831e-17
1.0520198e-28
-6.3333323e-17
-3.1734138e-17
3.1787454e-17
3.1826486e-17
0
0
3.1854887e-17
3.1833007e-17
-6.3592842e-17
-3.1745079e-17
3.517302e-29
-8.9807606e-33
3.1502817e-17
6.2785633e-17
1.3886823e-28
-9.3388592e-17
3.0976514e-17
3.0809455e-17
-6.1257055e-17
6.7576893e-29
3.3559599e-29
9.9928918e-29
3.304959e-29
-2.9523415e-17
2.9264144e-17
2.8992831e-17
2.87098e-17
-2.8415388e-17
6.2412632e-29
2.7793872e-17
-2.7467553e-17
0
0
-2.6431241e-17
3.7044981e-33
2.5696811e-17
5.0635751e-17
5.5356046e-29
-2.4538871e-17
4.8279434e-17
-2.3734745e-17
-4.6648868e-17
0
0
-2.2066371e-17
-2.4026304e-29
4.2419719e-17
2.0777655e-17
-4.0686882e-17
-1.9907685e-17
1.9470856e-17
0
1.8595822e-17
3.6316998e-17
-1.7721854e-17
-3.457255e-17
3.3704277e-17
-3.6466345e-29
-4.7969193e-17
1.556223e-17
1.5137722e-17
-1.4716629e-17
-1.4299388e-17
-1.3886359e-17
1.3477745e-17
1.3073619e-17
1.2674041e-17
1.2279261e-17
0
1.1506207e-17
-1.1128794e-17
-2.1515036e-17
0
2.0066122e-17
2.1493276e-29
-1.8668942e-17
0
-8.6637454e-18
8.3385966e-18
2.4060803e-17
-8.5581454e-30
-1.480978e-17
3.156462e-29
1.3636338e-17
-1.3071867e-17
-1.2523696e-17
1.1991974e-17
5.7375004e-18
-5.4851591e-18
1.1630849e-29
1.8238102e-46
-9.5316622e-18
5.0429639e-30
1.2982644e-17
2.3413905e-33
-7.8317218e-18
0
0
-3.3439516e-18
3.1680975e-18
2.9987578e-18
-2.8350221e-18
-2.6767334e-18
-2.5242927e-18
2.3779143e-18
2.2372427e-18
0
-1.9715959e-18
1.8473221e-18
5.1866653e-18
-1.7931027e-30
-3.0100698e-18
-1.3985522e-18
-1.2971058e-18
-1.7861941e-47
1.1106926e-18
-1.0230368e-18
-9.3796603e-19
1.7132015e-18
2.3400732e-18
-7.0767047e-19
-1.913579e-18
1.8970598e-30
-1.1182034e-30
4.8974355e-31
3.8267682e-19
3.271759e-19
2.7346413e-19
-2.2149312e-19
-3.7282194e-47
-3.5288899e-35
-1.4945564e-19
4.1567269e-32
-7.7157032e-20
2.7719083e-31
1.9342514e-19
0
-1.6313329e-19
-3.8660993e-19
-2.2165682e-19
4.8891971e-19
5.2782641e-19
2.8274459e-19
-5.9869685e-19
-3.1115923e-19
6.4374454e-19
-3.308246e-19
3.4136841e-19
3.5498292e-19
-1.0912875e-18
6.8668834e-48
7.5299647e-19
-7.6328688e-19
3.8392047e-19
7.6912588e-19
-3.8391789e-19
0
3.8947011e-19
-3.92533e-19
-3.8961114e-19
7.6558045e-19
-8.3517803e-31
-3.7352926e-19
3.7573784e-19
9.3963767e-49
3.7407634e-19
8.1587908e-31
-7.2077062e-19
0
-3.5275254e-19
3.4954336e-19
3.4398503e-19
-3.3693569e-19
3.3012876e-19
1.079038e-30
-6.3692871e-19
-6.9529456e-31
-6.824305e-31
-6.0249635e-19
2.951868e-19
8.6508005e-19
-3.1166662e-31
3.0261272e-31
2.650954e-19
-2.5818878e-19
-2.5093707e-19
0
2.3542755e-19
-7.6111602e-31
-4.4392395e-19
-2.3941108e-31
2.0938863e-19
-4.0667042e-19
-1.3149758e-30
3.8302326e-19
0
0
1.7447393e-19
-1.6896879e-19
-1.635838e-19
3.1706957e-19
-3.4176125e-31
3.3221256e-31
1.6152894e-31
-2.8307151e-19
2.7556852e-19
1.3420203e-19
-2.6155253e-19
-2.5495961e-19
-5.5201094e-31
3.6375341e-19
-1.18321e-19
-2.5648102e-31
1.1279266e-19
-3.3052821e-19
-1.0761136e-19
2.1013892e-19
-1.1386323e-31
-2.000272e-19
1.9502419e-19
9.5116716e-20
-9.2923675e-20
1.8185307e-19
8.9033009e-20
-8.7191758e-20
9.479036e-32
3.7089948e-31
-1.6324632e-19
-1.7704413e-31
-8.6415936e-32
-8.4249588e-32
7.3915794e-20
7.1932328e-20
-7.7641555e-32
-1.3572986e-19
-1.3145654e-19
6.355011e-20
1.839909e-19
-5.9066607e-20
-5.6819769e-20
1.0921565e-19
-1.1626935e-31
-7.1092822e-36
-1.0561273e-31
-1.9155667e-35
9.3488684e-32
-3.9025468e-20
0
-6.3623702e-20
-2.9918757e-20
8.9562456e-20
2.6155785e-20
3.0477957e-36
2.8983957e-32
-6.7312566e-20
-3.9177778e-36
1.7575548e-20
-2.3327757e-20
-6.7607937e-20
2.4942992e-20
1.4431045e-20
3.2526852e-32
-4.6289544e-20
1.4029341e-31
2.2816614e-20
0
0
0
0
1.2416786e-20
3.0196198e-32
-3.0106391e-20
-2.7159467e-20
5.3653508e-48
2.0408939e-20
3.4386587e-20
5.4696779e-32
-1.2808076e-20
-1.0098441e-21
2.7585617e-20
5.6647497e-20
-8.2836666e-21
-6.5129349e-22
3.6458751e-21
7.9165975e-21
6.078929e-21
0
-2.0099051e-21
-9.344875e-21
3.859425e-21
5.0897493e-21
0
0
0
0
-2.995914e-21
3.5119984e-33
-1.5783152e-22
2.7107773e-21
6.1384134e-33
-3.6266713e-21
-3.8536344e-21
-3.8505017e-21
3.232787e-21
2.0162263e-21
-1.960525e-21
-6.6420631e-21
3.9788882e-21
2.7938183e-21
-1.2913451e-21
-4.1377374e-33
7.2482699e-21
8.4079308e-33
-2.228614e-21
1.312638e-21
-2.107269e-21
-2.7930872e-21
2.5005057e-21
0
-2.1329983e-21
-2.2344223e-21
4.5688785e-21
2.3774317e-21
-2.6901325e-21
-3.4993079e-21
-4.4141244e-21
4.5705442e-21
4.1796093e-21
4.1208113e-21
3.858701e-21
-3.2410455e-21
-2.6564523e-21
0
0
0
4.3467709e-21
6.488374e-37
-6.1077149e-21
0
-3.7312881e-21
-2.4398954e-21
)
;

boundaryField
{
    leftSide
    {
        type            calculated;
        value           uniform -2.453929e-16;
    }
    rightSide
    {
        type            calculated;
        value           uniform -2.3211148e-21;
    }
    emptywalls
    {
        type            empty;
    }
}


// ************************************************************************* //
