/*--------------------------------*- C++ -*----------------------------------*\
| =========                 |                                                 |
| \\      /  F ield         | OpenFOAM: The Open Source CFD Toolbox           |
|  \\    /   O peration     | Version:  4.x                                   |
|   \\  /    A nd           | Web:      www.OpenFOAM.org                      |
|    \\/     M anipulation  |                                                 |
\*---------------------------------------------------------------------------*/
FoamFile
{
    version     2.0;
    format      ascii;
    class       volScalarField;
    location    "0.71";
    object      T;
}
// * * * * * * * * * * * * * * * * * * * * * * * * * * * * * * * * * * * * * //

dimensions      [0 0 0 1 0 0 0];

internalField   nonuniform List<scalar> 
6279
(
300.0004541
300.0004302
300.0004044
300.0003692
300.000335
300.0002742
300.0002081
300.0001851
300.0002263
300.0003223
300.0004238
300.0005075
300.0005191
300.0004785
300.0004397
300.0003955
300.0003586
300.0003252
300.0003236
300.0003657
300.000456
300.0005646
300.0006558
300.0007091
300.0005868
300.0005345
300.0004897
300.0004429
300.0004057
300.0003934
300.0004164
300.0004818
300.0005955
300.0007225
300.0008154
300.0008712
300.0006592
300.000613
300.0005622
300.0005129
300.0004698
300.0004458
300.0004595
300.0005216
300.0006337
300.0007618
300.0008675
300.0009365
300.000462
300.0004475
300.0004057
300.0003685
300.0003223
300.0002485
300.0001783
300.0001585
300.0002002
300.0002966
300.0004055
300.0004849
300.0005245
300.0004858
300.0004331
300.0003922
300.0003442
300.0002964
300.0002805
300.000313
300.0003969
300.0005085
300.0006075
300.0006675
300.0005793
300.0005329
300.0004804
300.0004313
300.0003876
300.0003675
300.0003772
300.0004261
300.0005286
300.0006542
300.0007582
300.0008214
300.000638
300.0005949
300.0005449
300.0004904
300.0004461
300.0004259
300.000433
300.0004808
300.0005811
300.0007063
300.0008157
300.0008918
300.000466
300.000446
300.000403
300.0003611
300.0003012
300.0002232
300.0001557
300.0001337
300.0001673
300.0002577
300.0003707
300.0004621
300.0005217
300.0004846
300.0004279
300.0003836
300.0003221
300.0002686
300.0002428
300.0002615
300.0003309
300.0004411
300.0005461
300.0006182
300.0005684
300.0005257
300.0004675
300.0004158
300.0003651
300.0003388
300.0003346
300.0003694
300.0004592
300.0005788
300.0006884
300.0007606
300.0006125
300.0005698
300.0005182
300.0004631
300.0004204
300.0004002
300.0003985
300.0004356
300.0005246
300.000642
300.000755
300.000842
300.0004617
300.0004389
300.0003935
300.0003413
300.0002759
300.0002013
300.0001356
300.000113
300.0001442
300.0002242
300.0003323
300.0004255
300.000516
300.0004759
300.0004158
300.0003662
300.0003023
300.0002445
300.0002068
300.0002146
300.0002707
300.0003711
300.0004747
300.0005598
300.000552
300.0005063
300.00045
300.0003978
300.0003435
300.000304
300.000285
300.0003107
300.0003871
300.0004962
300.0006045
300.0006814
300.000589
300.0005445
300.0004923
300.0004382
300.0003932
300.0003641
300.0003549
300.0003854
300.0004609
300.0005694
300.0006751
300.0007624
300.0004515
300.0004233
300.000375
300.0003195
300.0002562
300.0001804
300.0001146
300.0000942
300.0001176
300.0001793
300.0002847
300.0003815
300.0005018
300.0004523
300.0003983
300.0003462
300.0002818
300.0002192
300.0001751
300.0001775
300.0002228
300.0003133
300.0004141
300.0005042
300.0005317
300.0004819
300.0004317
300.0003782
300.0003183
300.0002702
300.0002461
300.0002678
300.0003321
300.0004302
300.000536
300.000617
300.0005636
300.0005168
300.0004689
300.0004141
300.0003646
300.0003286
300.000316
300.0003431
300.0004093
300.0005075
300.000609
300.0006994
300.0004131
300.0003782
300.0003275
300.0002712
300.0002144
300.0001558
300.0001008
300.0000768
300.0000841
300.000113
300.0001906
300.000278
300.0004492
300.0003981
300.0003492
300.0002971
300.000233
300.0001717
300.0001263
300.0001173
300.0001412
300.0001978
300.0002811
300.0003677
300.0004735
300.000431
300.0003796
300.0003232
300.000261
300.0002067
300.0001766
300.0001856
300.0002229
300.0002923
300.0003847
300.0004684
300.0004938
300.0004562
300.0004116
300.0003552
300.0002988
300.0002565
300.0002398
300.0002555
300.0002985
300.00037
300.0004617
300.0005521
300.0004244
300.0003878
300.0003388
300.000274
300.0002099
300.0001509
300.0000977
300.0000731
300.0000915
300.0001437
300.0002315
300.000325
300.0004651
300.0004212
300.000367
300.0003027
300.0002348
300.0001714
300.000128
300.000124
300.0001591
300.0002313
300.000326
300.0004168
300.0004949
300.0004559
300.0004008
300.0003345
300.0002677
300.00021
300.0001823
300.0001962
300.0002441
300.000327
300.000426
300.0005075
300.0005325
300.0004793
300.0004278
300.0003628
300.0002987
300.000251
300.0002369
300.0002591
300.0003114
300.0003943
300.0004918
300.0005801
300.0004589
300.0004265
300.0003718
300.0002999
300.0002273
300.0001588
300.0001013
300.0000883
300.0001351
300.0002273
300.0003293
300.0004208
300.0005165
300.0004665
300.0004049
300.0003379
300.0002626
300.00019
300.0001509
300.0001631
300.0002197
300.0003183
300.0004377
300.0005259
300.000561
300.0005053
300.0004492
300.0003786
300.0003002
300.0002338
300.0002103
300.0002391
300.0003099
300.0004136
300.0005198
300.0006039
300.000611
300.0005429
300.0004789
300.000402
300.0003241
300.0002716
300.0002589
300.0002892
300.0003586
300.0004597
300.0005635
300.0006433
300.0004972
300.0004423
300.0003783
300.0002997
300.0002144
300.0001471
300.0000902
300.0000817
300.0001484
300.0002669
300.0003981
300.0005167
300.0005783
300.0005181
300.0004475
300.000351
300.0002615
300.0001819
300.0001447
300.000171
300.0002695
300.0004192
300.000531
300.0006074
300.0006343
300.0005778
300.0004838
300.0003919
300.0003011
300.000229
300.0002088
300.0002517
300.0003552
300.0004768
300.0005818
300.0006498
300.0006664
300.0006088
300.0005213
300.0004263
300.0003366
300.0002768
300.0002641
300.0003023
300.0003827
300.0004923
300.000594
300.0006548
300.0005496
300.0004914
300.0004064
300.0003222
300.0002172
300.0001302
300.0000686
300.0000955
300.0002275
300.000374
300.0005145
300.0005921
300.0006163
300.0005591
300.0004666
300.0003773
300.0002684
300.0001784
300.0001438
300.000198
300.0003252
300.0004547
300.0005646
300.000634
300.00065
300.000594
300.0005304
300.0004385
300.0003348
300.0002512
300.0002257
300.0002734
300.0003672
300.0004827
300.0005785
300.000643
300.0006643
300.0006373
300.0005883
300.000506
300.0004058
300.0003264
300.0002937
300.0003149
300.0003864
300.000497
300.0005843
300.0006275
300.0003642
300.0003695
300.0003127
300.0002292
300.0001224
300.0000202
299.999961
299.9999831
300.0000881
300.0002749
300.0004173
300.0004569
300.0004705
300.0004763
300.0004091
300.0003026
300.000186
300.0000809
300.0000257
300.0000741
300.000222
300.0004059
300.0005017
300.0005112
300.000546
300.0005461
300.0004952
300.0003716
300.0002465
300.0001484
300.0001162
300.0001778
300.0003117
300.0004657
300.0005456
300.0005552
300.0005705
300.0005669
300.0005278
300.0004318
300.0003169
300.0002249
300.0001906
300.0002328
300.0003363
300.0004693
300.0005404
300.0005568
300.0005429
300.0005685
300.0005355
300.0004444
300.0003373
300.000251
300.0002064
300.00022
300.0002963
300.000409
300.0004816
300.0004949
299.9999442
299.9999893
300.0001909
300.0001613
300.0000562
299.9999367
299.9998722
299.9999104
300.0000583
300.0001869
300.0000661
300.0000253
299.9999956
300.0000526
300.0002381
300.0002107
300.000114
300.0000005
299.999953
300.0000144
300.0001507
300.0002399
300.0000893
300.000035
299.9999995
300.0000296
300.000162
300.0002071
300.0001333
300.0000207
299.9999851
300.0000537
300.0001304
300.000128
300.0000331
300.0000142
299.9999443
299.9999673
300.0000618
300.0000779
300.0000151
299.9999321
299.9998909
299.9999091
299.9999557
299.9999683
299.9999335
299.999942
299.9999247
299.9999776
300.0000569
300.0000531
300.0000051
299.9999551
299.9999152
299.9998997
299.9999214
299.9999342
299.9999101
299.9999061
300.0005385
300.0006084
300.0006695
300.0007416
300.0006427
300.0007212
300.0007657
300.0008005
300.0006736
300.0007473
300.0007769
300.0007942
300.000644
300.0006981
300.000703
300.0006924
300.0005316
300.0005471
300.0005304
300.0005225
300.0002459
300.0002473
300.0002406
300.0002392
300.0005412
300.0006054
300.000658
300.0007131
300.0006314
300.0007034
300.0007524
300.0007804
300.000666
300.0007393
300.000775
300.0007812
300.0006456
300.0007037
300.0007135
300.0006994
300.0005343
300.0005606
300.000551
300.0005383
300.000242
300.0002509
300.0002531
300.0002491
300.0005368
300.0005937
300.0006422
300.0006959
300.0006113
300.0006844
300.0007344
300.0007609
300.0006516
300.0007292
300.0007638
300.0007696
300.000642
300.0007045
300.0007251
300.0007184
300.0005469
300.0005836
300.0005871
300.0005777
300.0002486
300.0002637
300.0002659
300.0002627
300.0005197
300.0005763
300.0006234
300.0006687
300.00059
300.0006601
300.0007073
300.00074
300.0006387
300.0007083
300.0007487
300.0007595
300.0006334
300.0006938
300.0007237
300.0007176
300.0005507
300.0005905
300.0006014
300.000576
300.00025
300.000261
300.0002663
300.0002471
300.0004953
300.0005486
300.0005932
300.0006356
300.0005579
300.0006261
300.0006761
300.0007103
300.0006164
300.0006864
300.0007293
300.0007442
300.0006212
300.0006879
300.0007214
300.0007246
300.0005684
300.0006217
300.0006394
300.0006355
300.0002769
300.0003129
300.000333
300.0003601
300.0004532
300.0004907
300.0005294
300.0005809
300.0005082
300.000572
300.0006184
300.0006588
300.0005681
300.0006398
300.0006793
300.0007006
300.0005764
300.0006419
300.0006776
300.0006819
300.0004904
300.0005376
300.0005586
300.0005042
300.0000509
300.0000276
300.0000449
299.9999555
300.000751
300.0006928
300.0006356
300.0005609
300.000486
300.0004362
300.0004271
300.0004737
300.0005796
300.0007152
300.0008258
300.0009088
300.0008055
300.0007678
300.000709
300.000615
300.0005147
300.0004321
300.0003865
300.0004014
300.0004985
300.0006338
300.0007421
300.0008301
300.0008045
300.0007852
300.0007431
300.0006572
300.0005417
300.0004361
300.0003671
300.0003597
300.0004371
300.0005594
300.0006664
300.0007532
300.0007177
300.0007466
300.0007388
300.0006811
300.0005874
300.0004773
300.0003991
300.0003891
300.000445
300.0005411
300.0006313
300.000704
300.0005562
300.0006191
300.0006612
300.0006425
300.000582
300.000504
300.0004521
300.0004355
300.0004567
300.0005124
300.0005633
300.0006041
300.0002553
300.0002932
300.000335
300.0003482
300.0003396
300.0003139
300.0002919
300.0002731
300.0002686
300.0002793
300.0002788
300.0002819
300.0007209
300.0006668
300.0006055
300.0005334
300.0004662
300.0004237
300.0004148
300.0004557
300.0005559
300.0006855
300.0007966
300.0008708
300.000783
300.0007383
300.0006734
300.0005886
300.0004961
300.0004236
300.0003826
300.0003993
300.0004895
300.0006183
300.000725
300.0007945
300.0007856
300.0007684
300.0007239
300.0006454
300.0005347
300.0004329
300.000373
300.0003679
300.0004371
300.0005483
300.0006485
300.0007171
300.0007197
300.0007415
300.0007271
300.0006731
300.0005776
300.0004682
300.0003936
300.0003837
300.0004383
300.0005295
300.0006125
300.000672
300.0005709
300.0006304
300.0006594
300.0006384
300.0005717
300.0004935
300.0004436
300.0004288
300.000448
300.0004991
300.0005494
300.0005816
300.0002654
300.0003057
300.0003418
300.0003537
300.0003397
300.0003138
300.0002909
300.0002734
300.0002687
300.0002773
300.0002794
300.0002747
300.0006955
300.0006327
300.0005729
300.000507
300.0004455
300.0004045
300.0003937
300.0004289
300.0005173
300.0006388
300.000745
300.0008346
300.0007561
300.0007095
300.0006471
300.0005645
300.0004766
300.0004116
300.000378
300.0003981
300.0004825
300.0005993
300.0007058
300.000778
300.0007713
300.0007533
300.0007029
300.0006192
300.0005161
300.0004256
300.000372
300.0003713
300.0004365
300.0005418
300.0006394
300.0007057
300.0007298
300.0007406
300.0007159
300.0006564
300.0005625
300.000461
300.000388
300.0003781
300.0004301
300.0005211
300.0006065
300.0006644
300.0006009
300.0006469
300.000668
300.0006424
300.0005735
300.0004945
300.0004424
300.0004268
300.000447
300.0005007
300.000553
300.0005834
300.0002809
300.0003221
300.0003593
300.0003682
300.0003509
300.0003234
300.0002992
300.0002818
300.000277
300.0002865
300.0002875
300.0002811
300.0006646
300.0006055
300.0005388
300.000476
300.0004183
300.0003747
300.0003612
300.0003927
300.0004717
300.0005827
300.0006894
300.0007757
300.0007307
300.0006757
300.0006103
300.0005332
300.0004521
300.000389
300.0003621
300.0003856
300.0004639
300.0005714
300.0006783
300.0007526
300.0007542
300.0007266
300.0006735
300.0005921
300.0004945
300.0004107
300.0003626
300.0003674
300.0004339
300.0005367
300.0006339
300.0006922
300.0007228
300.0007244
300.0006964
300.0006382
300.0005509
300.000451
300.0003787
300.0003712
300.0004246
300.0005152
300.000596
300.0006439
300.0005947
300.0006426
300.0006493
300.0006175
300.0005497
300.000474
300.0004218
300.0004069
300.0004291
300.0004807
300.0005324
300.0005528
300.0002652
300.0003209
300.0003478
300.0003517
300.0003309
300.0003007
300.0002758
300.0002599
300.0002576
300.0002649
300.0002725
300.0002551
300.000628
300.0005717
300.0005107
300.0004469
300.0003849
300.0003391
300.0003273
300.0003582
300.0004291
300.0005303
300.0006387
300.000729
300.0006995
300.0006431
300.0005782
300.0005019
300.0004215
300.0003607
300.0003388
300.0003657
300.0004384
300.000541
300.0006452
300.0007271
300.0007366
300.0007018
300.0006442
300.0005596
300.0004644
300.0003866
300.0003473
300.0003587
300.0004263
300.0005281
300.0006253
300.0006901
300.0007239
300.0007117
300.0006783
300.0006147
300.0005225
300.0004269
300.0003619
300.0003614
300.0004167
300.0005096
300.0005946
300.000649
300.0006469
300.0006615
300.0006538
300.0006124
300.0005393
300.0004607
300.000406
300.0003926
300.0004198
300.000482
300.0005446
300.000585
300.0003753
300.0003858
300.0003893
300.0003662
300.000336
300.000301
300.0002718
300.000256
300.0002594
300.0002886
300.0003246
300.0003578
300.0005676
300.0005064
300.0004488
300.0003815
300.0003178
300.0002757
300.0002636
300.0002891
300.0003438
300.0004281
300.0005286
300.0006272
300.0006427
300.0005798
300.0005146
300.0004379
300.0003669
300.0003194
300.000304
300.0003308
300.0003933
300.0004849
300.0005799
300.0006608
300.0006878
300.0006429
300.0005828
300.0004963
300.0004106
300.0003476
300.0003186
300.0003358
300.0004009
300.0004945
300.0005784
300.0006499
300.0006774
300.0006575
300.0006167
300.0005551
300.0004746
300.0003915
300.0003379
300.0003392
300.0003894
300.0004689
300.0005509
300.0006016
300.0005206
300.0005737
300.0005547
300.0005171
300.0004509
300.000377
300.0003265
300.0003125
300.000325
300.0003736
300.0004432
300.0004454
300.0000207
300.0001397
300.0001292
300.0001679
300.0001758
300.0001538
300.0001261
300.0001109
300.0000789
300.0000261
300.0000443
299.9999717
300.0009371
300.0008959
300.0007891
300.0006251
300.0008863
300.0008802
300.0008141
300.0006996
300.0007876
300.0008039
300.0007791
300.0006955
300.000725
300.0007289
300.0007018
300.0006465
300.000619
300.0006229
300.000602
300.0005595
300.0002817
300.0002931
300.0002907
300.000274
300.0008972
300.0008501
300.000744
300.0006003
300.0008524
300.0008431
300.000786
300.0006893
300.0007609
300.0007853
300.0007666
300.0006956
300.0007038
300.0007156
300.0007026
300.0006571
300.0006015
300.0006108
300.0006007
300.0005652
300.0002781
300.0002905
300.0002919
300.0002758
300.0008524
300.0007953
300.000703
300.0005702
300.0008196
300.0008083
300.0007574
300.0006696
300.0007485
300.0007765
300.0007547
300.0006985
300.0006956
300.0007147
300.0007085
300.0006723
300.0005996
300.0006136
300.0006088
300.0005777
300.0002825
300.0002957
300.0003
300.0002837
300.0007957
300.00074
300.0006481
300.0005342
300.0007796
300.0007682
300.0007253
300.0006485
300.00073
300.0007558
300.0007392
300.000692
300.0006746
300.0007049
300.0007036
300.0006723
300.0005704
300.0005989
300.000599
300.0005849
300.0002573
300.0002843
300.0002843
300.0002798
300.0007458
300.0006855
300.0005961
300.0004903
300.0007508
300.000734
300.0006885
300.0006072
300.0007226
300.0007341
300.0007216
300.0006683
300.0006779
300.0007046
300.0007035
300.0006643
300.0006056
300.0006241
300.0006279
300.0006057
300.0003614
300.0003476
300.0003318
300.0003023
300.0006443
300.0005687
300.0004866
300.0003914
300.0006947
300.000662
300.0006092
300.0005276
300.0006935
300.000695
300.0006764
300.0006163
300.0006494
300.0006789
300.0006686
300.00063
300.000482
300.0005548
300.0005578
300.0005463
299.9999888
300.000075
300.0000576
300.0000976
300.0003924
300.0003004
300.0003606
300.0003952
300.0003958
300.0003958
300.0003979
300.0003904
300.0003519
300.0002667
300.0001976
300.0003214
300.000218
300.0000323
300.0000505
300.0000556
300.000046
300.0000342
300.0000248
300.0000026
299.99995
299.9999067
299.9999135
300.0001705
300.0001679
299.9999206
299.9999288
299.9999419
299.9999252
299.999907
299.9998993
299.9998659
299.9998123
299.9997852
299.9998734
300.0001992
300.0001283
299.99982
299.9998268
299.9998118
299.9997783
299.999782
299.9997967
299.9997747
299.999752
299.9997898
299.9998967
300.0002703
300.000103
299.9997698
299.9997529
299.9997317
299.9997067
299.9997134
299.9997301
299.999732
299.9997628
299.9998264
299.9999378
300.0003046
300.0001152
299.9997766
299.9997702
299.9997662
299.9997476
299.9997283
299.9997156
299.9997304
299.999805
299.999881
299.9999699
300.0003189
300.000172
299.9998475
299.9998778
299.9999001
299.9998558
299.9997654
299.999713
299.9997444
299.9998689
299.9999474
299.9999958
300.0003209
300.0002299
299.9999319
299.999981
300.0000155
299.9999467
299.9998216
299.9997597
299.9998198
299.9999708
300.0000162
300.0000068
300.0003111
300.0002455
299.9999637
300.0000092
300.0000394
299.9999757
299.9998569
299.9998156
299.9998886
300.0000017
300.000024
299.9999989
300.0002834
300.0001995
299.9999575
299.9999727
300.0000091
299.999965
299.9998691
299.9998289
299.9998681
299.9999144
299.9999282
299.9999557
300.0002108
300.0001567
299.9999702
299.9999893
300.0000009
299.9999645
299.9999038
299.999861
299.9998527
299.9998764
299.9998977
299.9999405
300.0001545
300.0002951
300.0001848
300.0002528
300.0003041
300.0002904
300.0002557
300.0002165
300.0001834
300.000174
300.000144
300.0001254
300.0002806
300.0003459
300.0004136
300.0004545
300.0004829
300.0004753
300.0004641
300.0004638
300.0004586
300.0004273
300.0003678
300.0003338
300.000304
300.0003628
300.0000755
300.0000484
300.0000513
300.0000484
300.0000366
300.0000283
300.0000049
299.9999505
299.9999146
299.9999677
300.0003216
300.0003247
299.9999244
299.9998222
299.9998224
299.999819
299.9998027
299.9997916
299.9997502
299.9996896
299.999688
299.9998795
300.0003274
300.000266
299.9998201
299.9996988
299.9996925
299.9996643
299.9996664
299.9996791
299.9996511
299.9996304
299.9996676
299.9998937
300.00036
300.0002202
299.9997695
299.9996299
299.9996061
299.9995781
299.9995863
299.9996033
299.9996036
299.9996397
299.9997091
299.9999351
300.0003852
300.0002168
299.9997768
299.9996463
299.9996365
299.9996143
299.9995965
299.9995843
299.9996038
299.9996859
299.9997687
299.9999697
300.0003923
300.0002683
299.9998461
299.9997507
299.9997683
299.9997305
299.9996412
299.9995902
299.9996272
299.9997555
299.9998321
299.9999898
300.0003939
300.0003282
299.9999175
299.9998501
299.9998777
299.9998196
299.9996948
299.9996358
299.9997066
299.999846
299.9998903
299.9999916
300.0003952
300.0003469
299.9999385
299.9998701
299.9998964
299.9998462
299.9997312
299.9996886
299.9997619
299.9998574
299.9998782
299.9999664
300.0003741
300.0003253
299.9999451
299.9998524
299.9998726
299.9998397
299.9997472
299.9997069
299.9997435
299.9997832
299.9998069
299.9999409
300.0003255
300.0003077
300.0000046
299.9999753
299.9999784
299.9999583
299.9999051
299.9998626
299.99985
299.999859
299.9998901
299.9999781
300.0003
300.0002844
300.0003216
300.0003603
300.0003949
300.0003802
300.0003415
300.0003049
300.0002865
300.0002892
300.0002839
300.0002867
300.0002799
300.0001258
300.0003884
300.0004387
300.0004603
300.0004491
300.0004377
300.0004374
300.0004346
300.0004111
300.0003632
300.0003233
300.0001111
300.0003503
300.0001791
300.0001044
300.0000909
300.0000645
300.000048
300.0000398
300.0000219
299.9999921
299.9999814
300.0000857
300.0003113
300.0003269
299.9999893
299.9998246
299.9997983
299.9997731
299.9997501
299.999737
299.9997011
299.9996686
299.9996929
299.9999454
300.000324
300.000263
299.9998654
299.9996753
299.9996298
299.999589
299.9995834
299.9995935
299.9995717
299.9995645
299.9996426
299.9999343
300.0003458
300.0002101
299.9997887
299.9995819
299.9995275
299.9994881
299.9994893
299.9995039
299.9995111
299.9995593
299.9996583
299.9999499
300.0003646
300.0002039
299.9997896
299.999589
299.9995499
299.9995142
299.9994894
299.9994758
299.9995037
299.9996005
299.9997148
299.9999787
300.0003701
300.0002531
299.9998548
299.9996916
299.9996793
299.9996304
299.9995344
299.9994844
299.9995327
299.9996732
299.9997767
299.9999953
300.0003727
300.0003114
299.999929
299.9997905
299.9997888
299.9997255
299.9995959
299.9995384
299.9996186
299.9997613
299.9998317
300.0000031
300.0003742
300.0003339
299.9999728
299.9998231
299.9998168
299.9997631
299.9996431
299.9995989
299.9996749
299.9997755
299.9998267
299.9999977
300.0003583
300.0003221
299.9999958
299.9998396
299.9998266
299.999783
299.9996889
299.9996471
299.9996853
299.9997392
299.9997944
299.9999905
300.0003208
300.000298
300.0001002
300.0000252
300.0000131
299.9999725
299.9999165
299.9998741
299.999863
299.9998947
299.9999432
300.0000785
300.000291
300.0001059
300.0003103
300.0003533
300.0003791
300.0003618
300.0003228
300.0002882
300.0002731
300.0002814
300.0002842
300.0002809
300.0001013
300.0001376
300.0003238
300.0003944
300.0004109
300.0003944
300.0003829
300.0003818
300.0003798
300.0003666
300.0003304
300.0002718
300.0001181
300.0002915
300.0002074
300.0001425
300.0001121
300.000075
300.0000468
300.0000378
300.0000316
300.0000196
300.0000309
300.000117
300.0002602
300.0002993
300.0000313
299.9998599
299.9998044
299.9997654
299.9997352
299.9997214
299.9996931
299.9996767
299.9997327
299.9999928
300.0002958
300.0002407
299.9998943
299.9996829
299.9996114
299.9995552
299.9995416
299.9995492
299.9995359
299.9995462
299.9996485
299.9999591
300.0003086
300.0001815
299.9998047
299.9995714
299.9994895
299.9994333
299.9994259
299.9994391
299.9994541
299.9995223
299.9996493
299.9999615
300.0003174
300.0001735
299.9997887
299.9995703
299.9995018
299.9994492
299.9994172
299.9994035
299.9994396
299.9995565
299.9996985
299.9999776
300.0003209
300.0002172
299.9998536
299.999672
299.9996315
299.9995641
299.9994634
299.9994137
299.9994722
299.9996313
299.9997605
299.9999936
300.0003242
300.000271
299.999941
299.9997759
299.9997451
299.9996671
299.9995333
299.9994776
299.9995654
299.9997216
299.9998164
300.0000098
300.0003247
300.0002976
299.9999939
299.9998231
299.9997873
299.9997218
299.9995991
299.9995536
299.9996353
299.999746
299.9998229
300.0000155
300.0003166
300.0002927
300.0000348
299.9998658
299.9998271
299.9997705
299.9996727
299.9996285
299.9996718
299.99974
299.999821
300.0000278
300.0002922
300.0002502
300.000125
300.0000612
300.0000321
299.9999842
299.9999158
299.9998736
299.9998787
299.9999191
299.9999843
300.0001051
300.0002444
300.000113
300.0002616
300.0003206
300.0003378
300.0003168
300.0002797
300.0002503
300.0002396
300.0002541
300.0002612
300.0002355
300.0001069
300.0000905
300.0002379
300.0003257
300.0003519
300.0003408
300.0003278
300.0003245
300.0003247
300.0003117
300.000272
300.0002003
300.0000779
300.0002083
300.0002231
300.0001655
300.000121
300.0000709
300.0000409
300.0000309
300.0000267
300.000031
300.0000566
300.0001465
300.0001892
300.0002408
300.0000588
299.9998893
299.9998134
299.9997643
299.9997288
299.9997135
299.9996925
299.9996885
299.9997707
300.0000202
300.0002408
300.0001992
299.9999082
299.9996935
299.9996066
299.9995388
299.9995207
299.9995262
299.9995172
299.999541
299.9996599
299.999971
300.0002616
300.0001486
299.9998039
299.9995711
299.9994706
299.9994044
299.999392
299.9994041
299.9994238
299.9995037
299.99965
299.9999578
300.0002694
300.0001377
299.9997844
299.9995624
299.9994773
299.9994153
299.9993786
299.9993648
299.9994055
299.9995345
299.9996916
299.9999718
300.0002702
300.0001749
299.9998498
299.9996643
299.999607
299.9995293
299.9994258
299.9993754
299.9994401
299.9996112
299.9997549
299.9999868
300.000272
300.0002258
299.9999384
299.9997697
299.9997226
299.9996361
299.9995015
299.9994452
299.9995384
299.9997029
299.9998108
300.000004
300.0002737
300.0002503
300.0000033
299.9998263
299.9997753
299.999702
299.9995788
299.9995325
299.999617
299.9997352
299.9998246
300.0000234
300.0002662
300.0002397
300.0000571
299.9998908
299.9998315
299.9997696
299.999668
299.9996231
299.9996697
299.9997449
299.9998467
300.0000487
300.0002395
300.0001858
300.0001522
300.0000817
300.0000418
299.9999816
299.9999115
299.9998695
299.999878
299.9999332
300.0000089
300.0001318
300.0001785
300.0000768
300.0001953
300.0002637
300.0002859
300.0002675
300.0002328
300.0002073
300.0002012
300.0002117
300.0002125
300.000171
300.0000685
300.000067
300.0001833
300.0002617
300.0002966
300.0002934
300.0002793
300.0002755
300.0002769
300.0002605
300.0002164
300.0001523
300.0000576
300.0001591
300.0002295
300.0001851
300.0001324
300.0000723
300.0000402
300.0000287
300.0000267
300.0000406
300.0000826
300.0001589
300.0001423
300.0001846
300.0000841
299.9999201
299.9998291
299.9997654
299.9997256
299.9997095
299.9996943
299.9997064
299.9998039
300.000049
300.0001881
300.0001572
299.999924
299.9997112
299.9996072
299.9995305
299.9995073
299.9995114
299.9995075
299.9995421
299.999678
299.9999827
300.0002164
300.0001165
299.9998069
299.9995736
299.9994618
299.9993885
299.9993734
299.9993852
299.9994084
299.9994951
299.999653
299.9999589
300.0002266
300.0001043
299.9997858
299.9995592
299.999464
299.9993972
299.9993587
299.9993453
299.9993892
299.9995221
299.9996889
299.9999689
300.000226
300.0001366
299.9998514
299.9996617
299.9995921
299.9995104
299.9994069
299.9993568
299.9994247
299.9995989
299.9997516
299.999985
300.0002276
300.0001866
299.9999404
299.9997702
299.9997087
299.999619
299.9994849
299.9994288
299.9995232
299.9996894
299.9998086
300.0000036
300.000231
300.0002057
300.0000125
299.9998349
299.99977
299.9996911
299.9995669
299.9995201
299.9996047
299.9997279
299.9998311
300.0000297
300.0002194
300.0001886
300.0000797
299.9999153
299.9998432
299.9997718
299.9996688
299.9996233
299.9996715
299.9997569
299.9998694
300.000071
300.0001863
300.000142
300.0001645
300.0001053
300.0000516
299.9999834
299.9999127
299.9998708
299.9998805
299.9999445
300.0000329
300.0001422
300.0001325
300.0000572
300.0001488
300.0002088
300.0002368
300.0002255
300.0001921
300.0001681
300.0001653
300.0001694
300.0001614
300.0001262
300.0000482
300.0000504
300.0001458
300.0002135
300.0002522
300.0002535
300.0002446
300.00024
300.0002378
300.0002215
300.0001742
300.0001203
300.0000441
300.0001237
300.0002326
300.0001945
300.0001438
300.0000789
300.0000419
300.0000303
300.0000319
300.0000531
300.0000986
300.0001656
300.000111
300.0001402
300.0001002
299.9999517
299.9998431
299.9997675
299.999725
299.9997089
299.9996971
299.9997223
299.9998371
300.0000672
300.0001486
300.0001218
299.9999398
299.9997278
299.9996097
299.999526
299.9994989
299.9995032
299.9995033
299.9995456
299.9996939
299.9999963
300.0001807
300.000087
299.9998169
299.9995779
299.9994565
299.9993807
299.9993623
299.999374
299.9994007
299.99949
299.9996565
299.999965
300.0001901
300.000079
299.9997893
299.9995599
299.9994559
299.9993861
299.9993451
299.9993329
299.9993801
299.9995142
299.9996879
299.9999695
300.0001928
300.0001098
299.9998548
299.9996613
299.9995823
299.9994984
299.999395
299.9993471
299.9994168
299.9995908
299.9997494
299.9999862
300.0001955
300.0001539
299.9999481
299.9997717
299.9997006
299.9996082
299.9994749
299.99942
299.9995151
299.99968
299.9998069
300.0000086
300.0001957
300.0001708
300.0000253
299.9998453
299.9997672
299.9996839
299.9995595
299.9995131
299.9995979
299.9997229
299.9998371
300.0000386
300.0001834
300.0001486
300.0000954
299.9999397
299.9998536
299.9997743
299.9996704
299.9996247
299.9996737
299.9997665
299.9998915
300.0000848
300.0001456
300.0001106
300.0001739
300.0001193
300.0000624
299.9999905
299.9999157
299.9998738
299.9998889
299.9999568
300.0000495
300.0001494
300.0001003
300.0000422
300.0001157
300.0001659
300.000198
300.0001894
300.0001609
300.0001383
300.0001338
300.0001368
300.0001229
300.0000946
300.0000343
300.000039
300.0001178
300.000175
300.0002157
300.0002237
300.0002159
300.0002117
300.0002088
300.0001892
300.000143
300.0000979
300.0000338
300.0000978
300.000231
300.0001992
300.0001512
300.0000847
300.0000443
300.0000315
300.0000365
300.0000627
300.0001085
300.0001695
300.0000884
300.0001062
300.0001088
299.9999817
299.9998595
299.9997737
299.9997251
299.9997086
299.9997033
299.9997387
299.9998684
300.0000801
300.0001186
300.0000922
299.9999514
299.9997451
299.9996146
299.9995261
299.9994937
299.999498
299.9995022
299.9995512
299.9997104
300.0000083
300.00015
300.0000657
299.9998247
299.9995859
299.9994571
299.999377
299.9993553
299.9993665
299.9993968
299.9994901
299.9996633
299.9999698
300.0001625
300.0000582
299.9997943
299.9995613
299.9994506
299.9993784
299.9993348
299.9993237
299.9993748
299.9995091
299.9996876
299.999971
300.0001659
300.0000873
299.9998594
299.9996616
299.9995748
299.9994892
299.9993859
299.9993401
299.9994128
299.9995849
299.9997489
299.9999894
300.0001691
300.0001288
299.9999556
299.9997764
299.9996955
299.999601
299.9994679
299.9994153
299.9995116
299.9996752
299.999809
300.000014
300.000169
300.0001396
300.0000352
299.999856
299.9997665
299.9996794
299.9995549
299.9995094
299.9995944
299.9997205
299.9998464
300.0000473
300.0001533
300.0001171
300.0001042
299.9999637
299.9998645
299.9997795
299.9996727
299.9996267
299.9996792
299.999779
299.9999156
300.0000932
300.0001148
300.0000875
300.0001773
300.0001266
300.0000711
299.9999958
299.9999193
299.9998777
299.9998953
299.9999679
300.0000609
300.0001512
300.0000776
300.0000311
300.0000911
300.0001328
300.000164
300.0001613
300.0001341
300.000113
300.0001102
300.0001095
300.0000942
300.0000722
300.0000253
300.0000311
300.0000989
300.0001469
300.000188
300.0001976
300.000192
300.0001873
300.0001825
300.0001626
300.0001187
300.0000809
300.0000256
300.0000807
300.000226
300.0001996
300.0001521
300.0000853
300.0000435
300.0000304
300.0000366
300.0000653
300.0001129
300.0001685
300.0000724
300.0000828
300.0001141
300.0000031
299.999871
299.9997781
299.9997244
299.9997071
299.999707
299.9997521
299.9998952
300.0000877
300.0000962
300.0000727
299.9999581
299.9997594
299.9996209
299.9995268
299.9994906
299.9994939
299.9995025
299.9995588
299.9997265
300.0000151
300.0001263
300.0000497
299.9998308
299.9995939
299.9994585
299.9993754
299.9993503
299.9993605
299.9993949
299.9994912
299.9996691
299.9999727
300.00014
300.0000434
299.9997972
299.999563
299.9994471
299.9993729
299.999326
299.9993158
299.99937
299.999505
299.9996869
299.9999712
300.0001451
300.00007
299.9998612
299.9996615
299.9995688
299.9994819
299.9993775
299.9993331
299.9994083
299.9995796
299.9997479
299.9999907
300.0001484
300.0001071
299.9999595
299.9997796
299.999691
299.9995949
299.9994612
299.9994095
299.9995067
299.9996705
299.999811
300.0000174
300.0001466
300.0001151
300.0000393
299.9998649
299.9997675
299.9996757
299.9995503
299.9995048
299.9995905
299.9997211
299.9998551
300.0000523
300.0001301
300.0000941
300.0001088
299.9999823
299.9998743
299.9997828
299.9996734
299.999627
299.9996833
299.9997903
299.9999363
300.0000986
300.0000932
300.0000718
300.0001759
300.0001306
300.0000753
299.9999991
299.9999202
299.9998789
299.9999004
299.9999759
300.0000687
300.0001503
300.0000629
300.0000233
300.0000741
300.0001088
300.0001382
300.0001383
300.0001139
300.0000941
300.0000909
300.000089
300.0000739
300.0000578
300.0000207
300.0000255
300.0000843
300.0001248
300.0001643
300.0001757
300.0001705
300.0001657
300.0001605
300.0001399
300.0000972
300.0000657
300.0000191
300.0000669
300.0002183
300.0001977
300.0001512
300.0000839
300.0000408
300.000027
300.0000352
300.0000669
300.0001139
300.0001649
300.0000594
300.0000653
300.0001177
300.0000213
299.9998805
299.9997797
299.9997217
299.9997036
299.9997092
299.9997652
299.9999194
300.0000911
300.0000774
300.0000574
299.9999662
299.9997728
299.9996273
299.9995278
299.999487
299.999489
299.9995032
299.9995674
299.999742
300.0000202
300.000107
300.0000374
299.9998363
299.9996004
299.9994606
299.9993739
299.9993446
299.9993551
299.9993943
299.999493
299.9996738
299.9999744
300.0001224
300.0000313
299.9998
299.9995642
299.9994454
299.9993679
299.9993185
299.9993092
299.9993657
299.9995018
299.9996862
299.999971
300.000127
300.0000562
299.9998623
299.999661
299.9995639
299.999475
299.9993701
299.9993272
299.9994041
299.9995753
299.9997472
299.9999908
300.0001302
300.0000908
299.9999611
299.9997817
299.9996876
299.9995895
299.9994553
299.9994042
299.9995024
299.9996667
299.9998126
300.0000199
300.0001289
300.0000955
300.000042
299.9998729
299.9997696
299.9996737
299.9995467
299.9995011
299.9995889
299.9997231
299.9998634
300.0000575
300.0001125
300.0000758
300.0001102
299.9999981
299.999883
299.9997859
299.9996738
299.9996274
299.9996879
299.9998021
299.9999556
300.000102
300.000077
300.000059
300.0001707
300.0001314
300.0000786
300.0000019
299.9999215
299.9998803
299.9999056
299.9999839
300.0000732
300.0001467
300.000053
300.0000177
300.000062
300.0000908
300.0001197
300.000122
300.0000973
300.0000784
300.0000758
300.0000725
300.0000581
300.0000481
300.0000182
300.0000222
300.0000738
300.0001078
300.0001452
300.0001564
300.0001513
300.0001461
300.0001407
300.0001214
300.0000812
300.0000556
300.0000165
300.0000573
300.000208
300.0001937
300.0001489
300.0000814
300.0000361
300.0000216
300.0000327
300.0000684
300.0001137
300.0001597
300.0000511
300.000052
300.0001175
300.000036
299.9998884
299.9997807
299.9997177
299.9997001
299.9997114
299.9997773
299.9999392
300.0000924
300.0000639
300.0000434
299.9999716
299.9997843
299.9996309
299.9995282
299.9994827
299.9994844
299.9995039
299.9995748
299.9997546
300.0000218
300.0000909
300.0000259
299.999841
299.9996066
299.9994622
299.9993733
299.9993404
299.9993515
299.9993939
299.9994948
299.999678
299.9999745
300.0001054
300.0000206
299.9998024
299.9995659
299.9994448
299.9993644
299.9993138
299.9993054
299.9993631
299.9994997
299.9996861
299.9999697
300.0001103
300.0000446
299.9998632
299.9996608
299.9995601
299.9994698
299.9993656
299.9993239
299.9994024
299.9995728
299.9997471
299.9999902
300.0001143
300.0000768
299.9999621
299.9997838
299.9996856
299.9995858
299.9994515
299.9994014
299.9995006
299.9996649
299.9998136
300.0000211
300.0001139
300.0000811
300.0000448
299.9998804
299.9997714
299.9996728
299.999545
299.9995001
299.999589
299.9997255
299.9998715
300.0000619
300.0001
300.0000641
300.0001115
300.0000122
299.9998907
299.9997884
299.9996745
299.9996285
299.9996925
299.9998121
299.9999721
300.0001032
300.0000672
300.0000513
300.0001648
300.0001318
300.0000817
300.0000046
299.9999228
299.9998817
299.9999092
299.9999895
300.0000761
300.0001411
300.0000489
300.0000158
300.0000555
300.0000794
300.0001056
300.0001066
300.0000824
300.0000646
300.0000625
300.0000604
300.0000486
300.0000437
300.000017
300.0000183
300.0000639
300.0000942
300.0001301
300.0001411
300.0001357
300.00013
300.0001248
300.000106
300.0000691
300.0000489
300.000015
300.0000485
300.0001937
300.0001877
300.0001473
300.0000798
300.000032
300.0000174
300.000031
300.0000689
300.0001121
300.000151
300.0000446
300.000041
300.0001159
300.000048
299.9998988
299.999783
299.9997154
299.9996977
299.9997151
299.9997904
299.9999556
300.0000912
300.0000543
300.0000328
299.9999753
299.999797
299.9996373
299.9995292
299.9994796
299.9994806
299.9995051
299.9995824
299.999767
300.0000227
300.0000779
300.0000169
299.999845
299.9996135
299.9994654
299.9993733
299.9993377
299.9993488
299.9993937
299.9994967
299.9996818
299.9999749
300.0000919
300.0000123
299.9998055
299.9995691
299.9994449
299.999362
299.9993104
299.9993025
299.9993613
299.9994991
299.999686
299.9999689
300.0000976
300.0000352
299.9998656
299.9996618
299.9995578
299.9994654
299.9993621
299.9993224
299.9994022
299.9995721
299.9997468
299.9999902
300.0001025
300.0000656
299.999965
299.9997874
299.9996854
299.9995826
299.9994489
299.9994006
299.9995004
299.9996642
299.9998158
300.0000234
300.0001031
300.00007
300.0000496
299.9998912
299.999775
299.9996728
299.9995447
299.9995001
299.9995897
299.9997291
299.9998821
300.0000658
300.00009
300.0000554
300.0001115
300.0000255
299.9999012
299.9997929
299.999676
299.9996302
299.9996974
299.999824
299.9999869
300.0001023
300.0000595
300.0000457
300.0001571
300.000131
300.000085
300.000007
299.9999232
299.9998822
299.9999122
299.9999937
300.0000755
300.0001343
300.000044
300.0000149
300.00005
300.00007
300.0000926
300.000093
300.0000701
300.0000532
300.0000519
300.0000505
300.0000413
300.0000396
300.000015
300.0000158
300.0000566
300.0000853
300.0001186
300.0001281
300.000122
300.0001164
300.0001109
300.0000932
300.0000607
300.0000439
300.0000133
300.0000423
300.0001812
300.0001832
300.0001464
300.0000787
300.0000291
300.0000143
300.0000294
300.0000688
300.0001098
300.0001409
300.0000404
300.000035
300.0001135
300.0000576
299.9999082
299.9997869
299.9997145
299.999696
299.9997181
299.9998008
299.9999695
300.0000891
300.0000485
300.0000255
299.9999788
299.9998088
299.9996442
299.9995315
299.9994779
299.999478
299.9995065
299.9995902
299.9997791
300.0000249
300.0000692
300.0000095
299.9998498
299.999622
299.9994705
299.999374
299.9993361
299.9993467
299.9993939
299.9994995
299.9996868
299.9999765
300.0000819
300.0000048
299.9998093
299.9995733
299.9994456
299.9993606
299.9993076
299.9993006
299.9993612
299.9994992
299.9996866
299.9999689
300.0000873
300.0000267
299.9998699
299.9996641
299.9995569
299.9994624
299.9993597
299.9993225
299.9994029
299.9995717
299.9997474
299.9999913
300.0000923
300.0000562
299.9999694
299.9997921
299.9996857
299.9995806
299.9994479
299.999401
299.9995007
299.9996643
299.9998199
300.0000259
300.0000934
300.0000608
300.0000533
299.9999014
299.9997805
299.9996737
299.9995452
299.9995007
299.999591
299.9997346
299.9998926
300.0000675
300.0000801
300.0000485
300.0001106
300.0000376
299.9999118
299.9997976
299.9996786
299.9996326
299.9997033
299.9998351
299.9999967
300.0000998
300.000052
300.0000407
300.0001481
300.0001292
300.0000867
300.000009
299.9999243
299.9998836
299.9999156
299.999997
300.0000736
300.000125
300.0000394
300.0000136
300.0000457
300.0000623
300.0000817
300.0000821
300.0000603
300.000044
300.0000432
300.0000421
300.0000352
300.0000355
300.0000137
300.0000136
300.0000519
300.000078
300.0001083
300.0001169
300.0001108
300.0001059
300.0001002
300.0000832
300.0000542
300.0000396
300.000012
300.0000384
300.0001682
300.0001758
300.0001444
300.0000775
300.0000268
300.0000116
300.0000283
300.0000687
300.0001066
300.0001291
300.0000364
300.0000306
300.000109
300.0000635
299.9999188
299.9997918
299.9997145
299.9996959
299.9997229
299.9998149
299.999982
300.0000864
300.0000427
300.0000197
299.9999815
299.999821
299.9996538
299.9995356
299.9994776
299.9994773
299.9995102
299.9996005
299.999792
300.0000264
300.0000611
300.0000038
299.9998534
299.9996293
299.9994753
299.9993761
299.9993357
299.9993462
299.9993951
299.9995036
299.999693
299.9999783
300.000074
299.9999983
299.9998125
299.9995765
299.999447
299.9993599
299.9993066
299.9993005
299.9993619
299.9994998
299.9996887
299.999969
300.0000793
300.0000202
299.9998729
299.9996672
299.9995569
299.9994605
299.999359
299.9993234
299.9994045
299.9995718
299.999749
299.9999916
300.0000848
300.000048
299.9999722
299.9997975
299.9996874
299.9995803
299.9994482
299.9994024
299.9995018
299.9996653
299.9998241
300.0000275
300.0000847
300.0000526
300.0000537
299.9999126
299.9997882
299.9996765
299.9995467
299.9995025
299.9995942
299.9997412
299.9999011
300.0000672
300.0000712
300.0000415
300.000107
300.0000452
299.9999225
299.9998039
299.9996819
299.9996361
299.9997096
299.9998448
300.0000032
300.0000951
300.0000454
300.0000355
300.0001365
300.0001254
300.0000868
300.0000114
299.9999261
299.9998854
299.9999189
299.9999977
300.0000696
300.0001152
300.0000357
300.0000121
300.0000407
300.0000546
300.0000727
300.000074
300.0000531
300.0000374
300.0000364
300.0000354
300.0000305
300.0000318
300.0000109
300.0000133
300.00005
300.0000726
300.0000988
300.0001063
300.0001007
300.000096
300.0000904
300.0000747
300.000049
300.0000357
300.0000104
300.0000373
300.0001577
300.0001707
300.0001421
300.0000764
300.0000254
300.0000102
300.0000283
300.0000684
300.0001005
300.0001164
300.0000317
300.0000285
300.0001059
300.0000688
299.9999273
299.9997963
299.9997153
299.9996967
299.999729
299.9998261
299.9999897
300.0000816
300.0000372
300.0000162
299.9999842
299.9998316
299.9996619
299.9995391
299.9994778
299.9994774
299.9995147
299.9996098
299.9998029
300.0000261
300.0000549
299.9999992
299.9998566
299.9996367
299.9994801
299.9993778
299.9993357
299.9993457
299.9993963
299.9995073
299.999699
299.9999787
300.0000671
299.9999935
299.9998156
299.99958
299.9994482
299.9993596
299.9993056
299.9992996
299.9993619
299.9995003
299.99969
299.999969
300.000072
300.0000142
299.9998754
299.9996696
299.9995571
299.9994592
299.9993578
299.9993236
299.999405
299.9995717
299.9997498
299.9999924
300.0000768
300.0000405
299.9999732
299.9998021
299.9996899
299.9995797
299.9994478
299.9994034
299.9995025
299.9996667
299.9998275
300.0000281
300.0000758
300.0000453
300.0000528
299.9999203
299.9997941
299.9996785
299.9995481
299.9995041
299.9995969
299.9997455
299.9999066
300.0000666
300.0000633
300.000036
300.0000991
300.0000491
299.999931
299.9998097
299.9996851
299.9996388
299.999715
299.9998515
300.0000084
300.0000902
300.0000401
300.0000312
300.0001231
300.000118
300.0000857
300.0000124
299.9999278
299.9998881
299.9999217
299.999998
300.0000659
300.0001041
300.0000309
300.0000104
300.0000347
300.0000475
300.0000658
300.0000674
300.0000467
300.0000313
300.0000302
300.0000298
300.0000254
300.0000267
300.0000098
300.0000145
300.0000495
300.0000686
300.000092
300.0000992
300.0000933
300.000089
300.0000844
300.0000697
300.0000452
300.0000332
300.0000092
300.000038
300.0001454
300.0001614
300.0001393
300.0000755
300.0000241
300.0000096
300.000028
300.0000672
300.0000939
300.0001043
300.0000284
300.0000277
300.0001002
300.0000706
299.9999362
299.9997999
299.999716
299.9996973
299.9997334
299.9998365
299.999996
300.0000747
300.0000327
300.000014
299.9999863
299.9998419
299.9996685
299.9995411
299.9994771
299.9994767
299.9995174
299.9996183
299.999813
300.0000254
300.0000481
299.9999963
299.9998612
299.9996419
299.9994828
299.9993782
299.9993342
299.9993442
299.999397
299.9995108
299.9997032
299.9999796
300.0000604
299.9999905
299.9998195
299.9995823
299.9994486
299.9993586
299.9993036
299.9992985
299.9993621
299.9995009
299.9996917
299.9999698
300.0000654
300.0000104
299.9998781
299.9996717
299.9995571
299.9994573
299.9993564
299.9993234
299.9994052
299.9995709
299.999751
299.9999932
300.0000699
300.0000359
299.9999743
299.999806
299.9996918
299.9995788
299.9994473
299.9994039
299.9995029
299.9996673
299.9998311
300.0000283
300.0000697
300.0000415
300.0000513
299.9999272
299.9998002
299.999681
299.999549
299.9995054
299.9995997
299.9997508
299.9999145
300.000065
300.0000579
300.0000323
300.0000926
300.0000496
299.9999379
299.9998134
299.9996873
299.9996421
299.9997206
299.9998605
300.0000102
300.0000813
300.0000366
300.0000284
300.0001098
300.0001086
300.0000837
300.0000133
299.9999299
299.9998909
299.9999238
299.9999979
300.0000591
300.0000919
300.0000283
300.0000083
300.0000306
300.0000424
300.0000599
300.0000614
300.0000417
300.0000266
300.0000254
300.0000255
300.0000219
300.0000237
300.00001
300.0000161
300.0000486
300.0000652
300.0000862
300.0000914
300.0000862
300.0000823
300.0000777
300.0000634
300.0000406
300.0000301
300.0000081
300.0000379
300.0001363
300.0001546
300.0001365
300.0000744
300.0000227
300.000009
300.0000275
300.0000644
300.0000868
300.0000935
300.0000258
300.0000265
300.000095
300.0000699
299.9999436
299.9998038
299.9997167
299.9996982
299.9997387
299.9998453
299.9999986
300.0000677
300.0000301
300.0000108
299.9999864
299.9998514
299.9996764
299.9995435
299.9994768
299.9994765
299.9995205
299.999627
299.9998227
300.0000243
300.0000426
299.9999928
299.9998665
299.9996502
299.9994867
299.999379
299.9993335
299.9993436
299.9993985
299.999515
299.9997104
299.9999799
300.0000526
299.9999877
299.9998246
299.9995869
299.99945
299.9993586
299.9993034
299.9992987
299.9993628
299.9995021
299.9996939
299.9999699
300.0000585
300.000007
299.9998818
299.9996757
299.9995575
299.9994565
299.9993565
299.9993241
299.9994056
299.9995705
299.9997519
299.9999929
300.0000642
300.0000322
299.9999755
299.999811
299.9996928
299.9995776
299.9994473
299.9994042
299.9995034
299.9996688
299.9998347
300.0000281
300.000064
300.0000372
300.0000492
299.999932
299.9998041
299.999682
299.9995496
299.9995066
299.9996032
299.9997562
299.9999179
300.0000617
300.0000519
300.0000287
300.0000859
300.0000487
299.9999422
299.9998179
299.9996905
299.9996462
299.999727
299.9998661
300.0000098
300.0000764
300.0000335
300.0000253
300.0000979
300.0001005
300.0000803
300.0000131
299.9999307
299.9998921
299.9999252
299.9999969
300.0000533
300.0000828
300.0000263
300.0000065
300.0000269
300.0000381
300.0000535
300.0000543
300.0000365
300.0000221
300.000021
300.0000202
300.0000186
300.0000217
300.0000061
300.0000158
300.0000442
300.0000585
300.0000786
300.0000844
300.0000803
300.0000773
300.0000719
300.0000586
300.0000379
300.0000278
300.0000073
300.0000345
300.0001195
300.0001412
300.0001292
300.0000719
300.0000213
300.0000082
300.0000263
300.0000611
300.0000785
300.0000843
300.0000237
300.0000223
300.0000836
300.0000666
299.9999485
299.9998069
299.9997175
299.9996991
299.9997422
299.9998532
299.9999983
300.0000607
300.0000275
300.0000063
299.9999849
299.9998587
299.9996844
299.9995482
299.9994773
299.999477
299.9995249
299.9996355
299.999831
300.0000209
300.0000402
299.9999893
299.9998692
299.9996563
299.9994926
299.9993816
299.9993341
299.9993443
299.9994013
299.9995202
299.9997138
299.9999796
300.0000497
299.9999857
299.999828
299.9995924
299.9994526
299.9993597
299.9993039
299.9992995
299.9993646
299.999504
299.9996955
299.9999693
300.0000558
300.0000048
299.9998841
299.9996792
299.9995582
299.9994562
299.9993566
299.9993246
299.9994063
299.9995702
299.9997529
299.9999925
300.00006
300.0000286
299.9999755
299.999813
299.9996931
299.9995764
299.9994472
299.9994048
299.9995039
299.9996694
299.999836
300.0000271
300.0000578
300.0000334
300.0000469
299.999936
299.9998076
299.9996833
299.9995505
299.9995078
299.9996047
299.9997583
299.9999215
300.0000586
300.0000487
300.0000256
300.0000782
300.0000465
299.9999468
299.9998201
299.9996931
299.9996497
299.9997301
299.9998698
300.0000092
300.0000682
300.0000311
300.0000227
300.0000874
300.0000911
300.0000747
300.0000122
299.9999306
299.9998926
299.9999248
299.9999939
300.0000469
300.0000719
300.0000217
300.000006
300.0000245
300.0000348
300.00005
300.0000513
300.0000339
300.0000186
300.000016
300.0000183
300.0000171
300.0000188
300.0000041
300.0000117
300.0000353
300.0000521
300.00007
300.0000752
300.0000703
300.0000674
300.0000616
300.0000504
300.0000329
300.0000235
300.0000069
300.0000264
300.0001098
300.0001295
300.0001224
300.0000672
300.0000188
300.0000055
300.0000237
300.0000558
300.000071
300.0000773
300.0000232
300.0000174
300.0000749
300.0000603
299.9999507
299.9998101
299.9997184
299.9997003
299.9997474
299.9998595
299.9999967
300.0000561
300.0000259
300.0000022
299.9999822
299.9998636
299.9996926
299.9995537
299.9994793
299.999478
299.9995298
299.9996456
299.9998365
300.0000188
300.0000349
299.9999854
299.9998701
299.9996643
299.9994993
299.9993858
299.9993357
299.9993452
299.999405
299.9995258
299.9997209
299.9999786
300.000044
299.9999816
299.9998286
299.9995965
299.9994561
299.9993614
299.9993046
299.9993002
299.9993666
299.9995047
299.9996971
299.9999687
300.0000494
299.9999995
299.9998835
299.999681
299.9995582
299.9994556
299.9993563
299.9993248
299.9994065
299.9995695
299.9997539
299.999991
300.0000525
300.0000209
299.9999741
299.9998153
299.9996933
299.9995758
299.9994471
299.9994049
299.9995027
299.999669
299.9998378
300.0000238
300.0000535
300.0000266
300.0000423
299.999938
299.9998113
299.9996845
299.9995507
299.9995086
299.9996052
299.9997609
299.9999232
300.0000525
300.0000434
300.0000218
300.0000704
300.0000427
299.9999487
299.9998241
299.9996952
299.9996515
299.9997332
299.9998733
300.0000066
300.0000621
300.0000254
300.0000197
300.0000805
300.0000842
300.0000704
300.0000099
299.9999303
299.9998923
299.9999247
299.9999924
300.0000419
300.0000651
300.0000152
300.0000057
300.0000239
300.0000332
300.0000449
300.0000453
300.0000271
300.0000129
300.0000122
300.0000136
300.0000123
300.0000118
300.0000028
300.00001
300.0000314
300.0000479
300.0000673
300.0000731
300.0000685
300.0000648
300.000059
300.000048
300.0000314
300.0000231
300.0000086
300.0000233
300.0000963
300.0001192
300.0001147
300.0000607
300.0000128
299.9999988
300.0000169
300.0000486
300.0000642
300.0000722
300.0000189
300.0000166
300.0000653
300.0000552
299.9999528
299.999811
299.9997197
299.9997016
299.9997503
299.9998635
299.9999966
300.0000538
300.0000239
300.0000023
299.9999786
299.9998665
299.9996976
299.9995562
299.9994812
299.9994799
299.9995344
299.999651
299.9998405
300.0000177
300.0000345
299.9999855
299.9998691
299.9996672
299.9995027
299.9993882
299.9993368
299.9993463
299.9994069
299.999529
299.9997238
299.999977
300.0000434
299.9999815
299.9998279
299.9995999
299.9994588
299.9993624
299.9993047
299.9993005
299.9993667
299.9995062
299.9997009
299.9999652
300.0000471
299.9999984
299.9998809
299.9996824
299.9995585
299.9994548
299.9993558
299.9993246
299.9994056
299.999569
299.9997541
299.9999851
300.0000521
300.0000196
299.9999707
299.9998159
299.9996935
299.9995742
299.9994456
299.9994036
299.999501
299.9996686
299.9998367
300.0000197
300.0000518
300.0000265
300.000037
299.9999395
299.9998137
299.9996853
299.9995507
299.9995082
299.9996061
299.9997674
299.9999275
300.0000479
300.0000456
300.0000225
300.0000641
300.00004
299.9999506
299.9998251
299.9996976
299.9996537
299.9997313
299.9998759
300.0000056
300.000052
300.0000267
300.0000199
300.0000744
300.0000805
300.0000656
300.0000061
299.9999281
299.9998931
299.9999249
299.9999861
300.0000332
300.0000515
300.0000161
300.0000067
300.0000221
300.0000307
300.0000443
300.0000446
300.0000271
300.0000127
300.0000159
300.0000175
300.0000162
300.0000114
300.0000089
300.0000049
300.0000308
300.0000489
300.0000658
300.0000672
300.0000625
300.0000587
300.0000547
300.0000466
300.0000322
300.0000249
300.0000031
300.0000202
300.0000934
300.0001178
300.0001128
300.0000571
300.0000074
299.9999945
300.0000155
300.0000501
300.0000664
300.0000694
300.0000183
300.0000167
300.0000663
300.0000517
299.9999567
299.999813
299.9997187
299.9997019
299.9997556
299.9998697
299.999997
300.0000525
300.0000208
299.9999995
299.9999806
299.999873
299.9997074
299.999561
299.9994827
299.9994815
299.9995383
299.9996598
299.9998503
300.0000189
300.0000314
299.9999783
299.9998703
299.9996735
299.9995093
299.9993919
299.9993378
299.9993469
299.9994087
299.9995335
299.9997317
299.9999774
300.0000372
299.9999726
299.9998291
299.9996024
299.9994609
299.9993625
299.9993028
299.9992996
299.9993671
299.9995078
299.9997013
299.9999643
300.0000421
299.9999901
299.9998829
299.9996838
299.9995581
299.9994512
299.9993524
299.9993232
299.9994057
299.9995681
299.9997518
299.9999848
300.0000464
300.0000149
299.9999716
299.9998192
299.9996937
299.999571
299.9994431
299.9994032
299.9995033
299.9996734
299.9998423
300.0000152
300.0000542
300.0000249
300.0000376
299.9999435
299.9998174
299.9996855
299.9995509
299.9995105
300.0000224
300.0000655
300.0000402
299.9999553
299.9998286
299.9996984
299.9996503
300.0000211
300.0000725
300.000079
300.0000664
300.0000067
299.9999299
299.9998944
300.0000016
300.0000235
300.0000299
300.000042
300.0000399
300.0000206
300.0000111
299.9999884
300.0000248
300.0000499
300.0000617
300.0000586
300.0000527
300.000048
300.0000474
300.0000422
300.0000276
300.0000187
299.9999863
300.0000165
300.000091
300.0001166
300.0001113
300.0000605
300.0000077
299.9999943
300.0000168
300.0000501
300.0000654
300.0000646
300.0000166
300.0000122
300.0000653
300.0000517
299.9999597
299.9998167
299.9997203
299.9997038
299.9997589
299.9998733
299.9999993
300.0000508
300.00002
299.9999914
299.9999831
299.9998768
299.9997133
299.9995648
299.9994841
299.9994826
299.9995409
299.9996654
299.9998555
300.0000213
300.0000253
299.9999641
299.9998751
299.9996798
299.9995146
299.9993937
299.9993386
299.9993473
299.9994097
299.9995383
299.9997357
299.9999803
300.0000262
299.9999578
299.9998324
299.9996077
299.9994632
299.9993626
299.9993024
299.9992996
299.9993684
299.9995102
299.9997035
299.9999659
300.0000281
299.9999776
299.9998851
299.9996871
299.9995583
299.9994488
299.9993515
299.9993239
299.9994068
299.9995687
299.9997557
299.9999863
300.0000338
300.0000057
299.9999736
299.9998223
299.9996947
299.9995682
299.9994432
299.9994051
299.9995053
299.9996713
299.999841
300.0000261
300.0000482
300.0000188
300.0000385
299.9999464
299.9998209
299.9996874
299.9995528
299.9995162
300.0000191
300.0000642
300.0000404
299.9999589
299.9998309
299.9997021
299.9996574
300.000018
300.0000657
300.0000755
300.0000666
300.0000092
299.999932
299.9998934
299.9999954
300.0000189
300.0000268
300.0000343
300.0000287
300.0000077
300.0000029
299.9999821
300.0000239
300.0000497
300.0000617
300.0000596
300.0000495
300.0000447
300.0000455
300.0000395
300.0000264
300.0000079
299.9999717
300.0000112
300.0000864
300.0001097
300.0001113
300.0000609
300.0000089
299.9999955
300.000016
300.000052
300.0000625
300.0000595
300.0000102
300.0000114
300.0000602
300.0000531
299.9999675
299.9998258
299.9997248
299.9997091
299.9997694
299.9998843
300.0000012
300.0000497
300.0000168
299.9999888
299.9999842
299.9998866
299.9997288
299.9995762
299.9994891
299.9994866
299.99955
299.9996813
299.9998684
300.0000226
300.000022
299.9999621
299.9998812
299.9996936
299.9995275
299.9994009
299.9993423
299.9993514
299.9994166
299.9995504
299.9997486
299.999982
300.0000262
299.9999537
299.9998409
299.9996174
299.9994691
299.9993648
299.9993042
299.9993029
299.999374
299.9995162
299.9997109
299.9999716
300.0000239
299.9999746
299.9998923
299.9996944
299.9995608
299.9994501
299.9993536
299.9993287
299.9994134
299.9995735
299.9997613
299.9999906
300.0000337
300.0000053
299.9999773
299.9998312
299.9996998
299.9995712
299.9994463
299.9994112
299.9995071
299.9996744
299.9998518
300.0000378
300.0000433
300.0000192
300.0000435
299.9999545
299.9998311
299.9996934
299.999557
299.9995179
300.0000199
300.0000625
300.0000404
299.9999659
299.9998384
299.9997095
299.9996736
300.0000138
300.0000622
300.0000719
300.0000663
300.0000111
299.9999366
299.9999058
299.9999888
300.0000136
300.0000229
300.0000327
300.0000262
300.0000025
299.9999955
299.9999755
300.0000111
300.0000315
300.0000436
300.0000391
300.0000276
300.0000224
300.0000236
300.0000191
300.0000081
299.9999948
299.9999609
299.9999921
300.000067
300.0000906
300.000094
300.0000425
299.9999923
299.9999801
300.0000016
300.0000382
300.000045
300.0000394
299.9999905
299.9999959
300.0000438
300.0000374
299.9999625
299.9998226
299.9997215
299.9997051
299.9997673
299.9998834
299.9999906
300.0000334
299.9999973
299.9999681
299.9999703
299.9998832
299.9997296
299.9995776
299.9994897
299.9994869
299.9995521
299.9996845
299.999867
300.0000071
300.0000039
299.9999395
299.9998662
299.9996938
299.9995296
299.9994034
299.9993442
299.999353
299.9994194
299.9995529
299.9997487
299.9999673
300.0000062
299.9999302
299.9998273
299.9996177
299.9994706
299.9993666
299.9993063
299.9993048
299.9993763
299.9995171
299.9997092
299.9999575
300.0000047
299.9999531
299.9998791
299.9996926
299.9995606
299.9994503
299.9993553
299.9993308
299.9994141
299.9995729
299.9997575
299.9999786
300.0000116
299.999987
299.9999634
299.9998299
299.9996996
299.9995708
299.9994468
299.9994122
299.9995082
299.9996758
299.9998468
300.0000234
300.0000171
300.0000031
300.0000302
299.9999515
299.9998306
299.9996923
299.9995569
299.9995201
300.0000048
300.0000449
300.0000265
299.9999606
299.9998358
299.9997067
299.9996686
300.0000005
300.0000432
300.0000525
300.0000501
299.999995
299.9999221
299.9998929
299.9999802
300.0000009
300.0000082
300.0000163
300.0000064
299.9999794
299.9999739
299.9999549
299.9999971
300.0000386
300.0000707
300.0000801
300.0000779
300.0000724
300.0000659
300.0000483
300.0000147
299.9999771
299.9999232
299.9999881
300.0000709
300.0001215
300.0001431
300.000103
300.0000542
300.0000428
300.0000647
300.0000894
300.000079
300.000049
299.9999729
300.0000094
300.0000796
300.00009
300.0000148
299.9998791
299.9997709
299.9997536
299.9998245
299.999943
300.0000467
300.0000704
300.0000075
300.0000025
300.0000286
299.9999394
299.99978
299.9996117
299.9995121
299.9995079
299.9995877
299.9997399
299.999927
300.0000615
300.0000359
299.9999865
299.999939
299.999748
299.9995631
299.9994236
299.9993557
299.9993631
299.9994392
299.999589
299.9998059
300.0000315
300.0000484
299.9999863
299.9999009
299.9996638
299.9994929
299.9993779
299.9993125
299.9993108
299.9993885
299.9995416
299.9997577
300.00002
300.0000554
300.0000079
299.999949
299.9997379
299.9995808
299.999459
299.9993606
299.9993374
299.9994248
299.9995959
299.9998045
300.0000402
300.0000621
300.0000323
300.0000306
299.9998821
299.9997296
299.9995857
299.999456
299.9994216
299.9995268
299.999711
299.9999026
300.0000788
300.0000651
300.0000376
300.0000823
300.0000048
299.9998763
299.9997224
299.9995787
299.9995435
300.0000247
300.0000802
300.0000797
300.0000128
299.9998888
299.9997542
299.9997163
300.0000051
300.000057
300.0000879
300.0001003
300.0000566
299.9999849
299.9999597
299.9999818
300.0000026
300.0000264
300.0000489
300.0000496
300.000029
300.0000205
299.9999969
300.0000293
300.0000512
300.0000463
300.0000208
300.0000036
299.9999978
300.0000044
300.0000198
300.0000283
300.0000228
300.0000005
300.0000078
300.0000788
300.0000908
300.0000841
300.0000291
299.9999616
299.9999491
299.99999
300.0000292
300.0000366
300.0000416
300.0000158
299.9999965
300.0000346
300.0000174
299.9999166
299.999715
299.9996284
299.9996156
299.9996744
299.9998347
299.9999677
300.0000243
300.0000201
299.9999511
299.9999488
299.99983
299.9996407
299.9995201
299.9994494
299.9994492
299.9995102
299.9996213
299.9998148
299.9999987
300.0000021
299.9999157
299.9998275
299.9996238
299.9994903
299.9993835
299.9993314
299.9993381
299.9993994
299.9995173
299.9996713
299.999948
299.9999842
299.9998994
299.9997701
299.9995702
299.9994506
299.9993573
299.9993
299.9992996
299.9993636
299.9994885
299.9996388
299.9999231
299.9999795
299.9999276
299.9998352
299.9996414
299.9995301
299.9994286
299.9993475
299.9993266
299.9993948
299.9995344
299.999685
299.9999518
299.9999894
299.9999655
299.9999467
299.9997686
299.9996525
299.9995349
299.9994279
299.9993972
299.9994822
299.9996231
299.9997774
300.0000019
300.0000085
299.999991
300.0000201
299.9999263
299.9997693
299.9996457
299.9995293
299.9995008
300.0000052
300.0000386
300.0000089
299.9999327
299.9997655
299.9996467
299.9996136
300.0000146
300.000047
300.0000464
300.0000419
299.9999819
299.9998827
299.9998503
300.000009
300.0000178
300.0000174
300.0000152
299.9999856
299.9999531
299.9999359
299.9999142
299.9999523
299.9999784
300.0000064
300.0000286
300.0000332
300.0000265
300.000012
299.9999797
299.9999385
299.9998967
299.9998551
299.9999408
299.9999857
300.0000517
300.0000688
300.0000333
299.9999987
299.9999903
300.0000042
300.0000262
300.0000135
299.9999635
299.9998935
299.9999586
300.0000146
300.0000479
300.0000381
299.9999732
299.9998766
299.9998628
299.9999283
299.99999
300.0000112
300.0000055
299.9999346
299.9999578
299.9999886
299.9999789
299.999911
299.9997428
299.9995782
299.9995687
299.9996941
299.9998654
299.9999731
300.000006
299.9999711
299.9999642
299.9999185
299.9998403
299.9996523
299.9994695
299.999379
299.9993844
299.9994822
299.9996835
299.9999011
299.9999794
299.9999972
299.9999737
299.9998969
299.9997437
299.9995349
299.9993956
299.9993164
299.9993181
299.9994117
299.9995932
299.999854
299.9999732
300.0000166
299.9999906
299.9999243
299.9998114
299.9996199
299.9994706
299.9993679
299.9993489
299.9994496
299.9996552
299.9998873
299.9999892
300.0000279
300.0000024
299.9999818
299.999942
299.9998151
299.9996159
299.9994742
299.9994434
299.9995676
299.9998035
299.9999654
300.0000139
300.0000282
299.9999912
300.0000226
300.0000125
299.9999544
299.9998167
299.9996242
299.9995902
299.9999792
300.0000244
300.000035
300.0000194
299.9999562
299.9998357
299.9997984
299.9999642
300.0000029
300.0000316
300.0000373
299.9999961
299.9999471
299.9999263
299.9999474
299.9999753
299.9999847
299.9999952
300.0000022
299.9999945
299.9999847
299.999879
299.9999031
299.9999128
299.9999168
299.9999335
299.9999279
299.9999125
299.9998943
299.9998491
299.9998195
299.9998025
299.9997692
299.999894
299.9999393
299.999988
300.0000473
300.0000791
300.0000905
300.0000796
300.0000484
300.0000006
299.9999424
299.9998671
299.9998043
299.9998942
299.9999733
300.0000314
300.0000443
300.0000168
299.9999968
299.9999836
299.999977
299.9999964
299.9999968
299.9999417
299.9998308
299.9999006
299.9999919
300.0000031
300.000002
299.9999166
299.999756
299.9997372
299.999865
299.9999667
299.9999894
299.9999907
299.9998611
299.9999093
300.000006
299.9999101
299.9998261
299.9996214
299.9994523
299.9994538
299.9996119
299.9998496
299.9999567
300.0000365
299.9998993
299.9999145
300.0000215
299.9998861
299.9996616
299.9994562
299.9993425
299.9993445
299.9994812
299.999747
299.9999716
300.0000708
299.9999319
299.9999208
300.0000404
299.9999257
299.9997453
299.9995493
299.9993972
299.9993789
299.9995351
299.9998014
299.9999931
300.0000901
299.9999703
299.9999259
300.0000477
299.9999711
299.9999318
299.9997701
299.9995512
299.9995117
299.9997116
299.9999228
299.9999935
300.0000737
299.9999916
299.999924
300.0000199
300.000018
300.0000106
299.9999395
299.9997581
299.9997241
299.9999138
299.9999916
300.0000278
300.0000258
299.9999846
299.9999519
299.9999154
299.9999059
299.9999551
300.0000005
300.0000283
300.000052
300.000052
300.0000422
299.9998762
299.999911
299.9999187
299.9999158
299.9999232
299.9999294
299.9999459
299.9998399
299.9998762
299.9998915
299.9998887
299.9998779
299.9998485
299.9998157
299.9997959
299.9997801
299.9997674
299.9997525
299.9997313
299.9998562
299.9999091
299.9999442
299.9999992
300.0000327
300.0000494
300.0000337
299.9999872
299.9999255
299.9998465
299.9998005
299.9997639
299.9998632
299.9999242
299.9999979
300.0000462
300.0000742
300.0000335
300.0000187
300.0000322
299.9999923
299.999942
299.9998473
299.9997855
299.9998588
299.9999568
300.0000159
300.0000096
299.9999904
299.9998991
299.9998788
299.9999439
299.999969
299.9999868
299.9999248
299.9998073
299.9998538
299.9999809
299.99999
299.9999112
299.9997492
299.999537
299.9995341
299.9997415
299.9999316
300.0000209
299.9999884
299.9998347
299.9998431
299.9999984
299.9999534
299.9997898
299.9995265
299.999373
299.9993763
299.9995578
299.9998773
300.0000135
300.0000388
299.9998781
299.9998299
300.0000103
299.9999798
299.9998627
299.9996153
299.9994299
299.9994124
299.9996084
299.9999161
300.0000362
300.0000669
299.9999355
299.9998304
300.0000093
300.000034
299.9999779
299.9998757
299.99962
299.9995796
299.9998195
299.9999798
300.0000555
300.0000593
299.9999777
299.9998432
299.9999821
300.0000319
300.0000126
299.9999813
299.9998781
299.9998375
299.9998449
299.9999363
299.9999923
300.0000327
300.0000439
300.000001
299.999987
299.9998299
299.9999041
299.9999368
299.9999809
300.0000109
300.0000282
300.0000349
299.9998023
299.9998514
299.9998604
299.9998588
299.9998635
299.9998898
299.9999464
299.9998119
299.9998558
299.9998817
299.9998819
299.9998605
299.9998136
299.999763
299.9997482
299.9997472
299.9997459
299.9997366
299.9997372
299.9998238
299.9998724
299.9999138
299.9999412
299.9999388
299.9999313
299.999895
299.9998542
299.9998265
299.9997931
299.9997666
299.9997562
299.9998371
299.9998902
299.9999451
300.0000249
300.0000729
300.0000799
300.0000615
300.0000221
299.999964
299.9998725
299.9998007
299.999774
299.9998346
299.9998997
299.9999924
300.0000204
300.000037
299.9999769
299.999958
299.9999906
299.9999757
299.9999588
299.9998409
299.9997916
299.9998235
299.999909
300.0000033
299.9999732
299.9998516
299.9996512
299.9996403
299.9998345
299.9999809
300.0000179
299.9998773
299.9998124
299.9998032
299.999913
300.000014
299.9998799
299.9996093
299.9994107
299.9994144
299.9996614
299.9999563
300.000065
299.9999392
299.9998602
299.9997742
299.9999062
300.0000321
299.9999362
299.9997104
299.9994709
299.9994523
299.9997169
299.9999895
300.0000926
299.9999976
299.9999186
299.9997668
299.9999033
300.0000398
300.000016
299.9999365
299.9997203
299.9996685
299.9998947
300.0000302
300.0000767
300.0000221
299.9999734
299.999968
299.9999689
299.9999634
299.9999593
299.9999541
299.9999652
299.9999717
299.9999664
299.9998991
299.9999045
299.9999009
299.9998938
299.9998897
299.9999132
299.999929
299.9999197
299.9998432
299.9998437
299.99984
299.9998424
299.9998405
299.9998633
299.9998796
299.9998722
299.9997978
299.9997955
299.9997935
299.9997997
299.9998065
299.9998192
299.9998216
299.9998049
299.999769
299.9997653
299.9997667
299.999774
299.9997797
299.9997789
299.9997631
299.99974
299.9997834
299.9997805
299.9997836
299.9997863
299.9997865
299.9997788
299.9997478
299.9997232
299.9999689
299.9999638
299.9999648
299.9999658
299.9999662
299.9999748
299.9999854
299.999989
299.9999782
299.999979
299.9999753
299.9999717
299.9999138
299.9999168
299.999915
299.9999145
299.9999181
299.9999356
299.9999525
299.9999568
299.9999451
299.999947
299.9999346
299.9999292
299.9998783
299.9998809
299.9998784
299.999875
299.9998799
299.9999007
299.9999178
299.9999217
299.9999157
299.9999111
299.9999011
299.9998884
299.9998443
299.9998453
299.9998447
299.9998421
299.9998497
299.9998683
299.9998803
299.9998766
299.9998695
299.9998616
299.9998596
299.9998502
299.999818
299.9998194
299.9998225
299.9998175
299.9998202
299.9998279
299.9998237
299.999811
299.9998064
299.999805
299.9998102
299.9998074
299.9998143
299.9998148
299.9998197
299.9998162
299.999808
299.9997996
299.9997801
299.9997671
299.9997771
299.9997807
299.9997846
299.9997834
299.999971
299.9999577
299.9999731
299.9999767
299.9999757
299.9999787
299.9999844
299.9999924
299.9999949
299.9999882
299.9999838
299.9999816
299.9999283
299.9999276
299.9999357
299.9999373
299.9999427
299.9999566
299.9999693
299.9999776
299.9999781
299.9999777
299.9999663
299.9999556
299.9999008
299.9999054
299.9999131
299.999912
299.9999203
299.9999387
299.9999552
299.9999643
299.9999642
299.9999563
299.9999442
299.999934
299.9998789
299.999877
299.9998951
299.9998983
299.9999047
299.9999234
299.9999388
299.999946
299.9999435
299.9999367
299.999928
299.9999133
299.9998542
299.9998601
299.9998716
299.9998775
299.9998846
299.9999008
299.9999107
299.9999095
299.9999062
299.9999001
299.9998933
299.9998849
299.9998477
299.9998496
299.9998502
299.9998496
299.9998497
299.9998508
299.9998472
299.9998425
299.9998476
299.9998517
299.9998554
299.9998468
299.9999738
299.9999638
299.9999822
299.9999909
299.9999908
299.9999922
299.999997
300.0000016
300.0000028
299.9999995
299.9999949
299.999991
299.9999432
299.9999592
299.9999666
299.9999706
299.999971
299.9999755
299.9999863
299.9999926
299.9999928
299.9999883
299.9999817
299.9999753
299.9999277
299.9999489
299.9999577
299.9999615
299.9999585
299.9999632
299.9999762
299.9999871
299.9999883
299.9999821
299.9999731
299.9999682
299.9999143
299.9999197
299.9999454
299.9999519
299.9999529
299.9999599
299.9999747
299.9999861
299.9999852
299.9999796
299.99997
299.9999586
299.9998971
299.9999128
299.9999296
299.9999374
299.9999406
299.999948
299.999961
299.9999706
299.9999721
299.9999681
299.9999587
299.9999447
299.9998845
299.999896
299.9998938
299.999901
299.9999033
299.9999077
299.9999193
299.9999211
299.9999205
299.9999198
299.9999183
299.9999156
299.9999451
299.9999356
299.9999456
299.9999578
299.9999643
299.999969
299.9999648
299.9999589
299.9999653
299.9999681
299.9999605
299.9999594
299.9998329
299.999839
299.9998534
299.9998697
299.9998844
299.9998992
299.9998897
299.999881
299.9998922
299.9999047
299.9999058
299.9998993
299.9997428
299.999753
299.9997674
299.9997944
299.9998125
299.9998355
299.9998344
299.999827
299.9998434
299.9998591
299.9998631
299.9998494
299.9996909
299.9997015
299.9997035
299.9997272
299.9997473
299.9997746
299.9997893
299.9997974
299.9998127
299.9998247
299.9998262
299.9998056
299.999674
299.9996818
299.999683
299.9996972
299.9997061
299.9997362
299.9997711
299.9997927
299.9998102
299.9998153
299.9998106
299.9997842
299.9997039
299.9997075
299.9997051
299.9997156
299.9997208
299.9997449
299.9997895
299.9998245
299.9998436
299.9998459
299.9998362
299.9998034
299.9999529
299.9999477
299.9999498
299.9999601
299.9999663
299.9999712
299.9999716
299.9999665
299.9999663
299.9999686
299.9999662
299.999961
299.999855
299.9998622
299.9998796
299.9998971
299.9999129
299.9999227
299.99992
299.9999148
299.9999151
299.9999195
299.9999173
299.9999137
299.9997849
299.9997931
299.9998181
299.9998401
299.9998619
299.9998764
299.9998767
299.9998738
299.9998802
299.9998872
299.9998883
299.9998804
299.9997298
299.9997388
299.9997571
299.9997822
299.9998104
299.9998318
299.9998388
299.9998431
299.9998533
299.99986
299.9998602
299.9998482
299.9997051
299.9997136
299.9997213
299.9997356
299.9997565
299.9997806
299.9998042
299.9998235
299.9998385
299.9998454
299.9998448
299.9998236
299.9997142
299.9997198
299.9997224
299.9997299
299.999741
299.9997638
299.9998005
299.9998324
299.9998502
299.9998583
299.9998551
299.9998258
299.9999595
299.9999548
299.9999674
299.9999745
299.9999773
299.99998
299.9999797
299.9999757
299.9999738
299.9999727
299.9999717
299.9999713
299.999885
299.9998929
299.9999171
299.9999319
299.9999436
299.9999527
299.9999515
299.9999453
299.9999413
299.999936
299.9999305
299.9999258
299.9998274
299.9998441
299.9998766
299.9998967
299.9999148
299.999926
299.9999256
299.9999215
299.9999208
299.9999177
299.9999105
299.9999019
299.9997804
299.9998006
299.9998383
299.9998675
299.99989
299.9999036
299.9999054
299.9999036
299.9999059
299.9999009
299.9998968
299.999889
299.9997433
299.9997587
299.999783
299.9998123
299.9998421
299.9998638
299.9998728
299.9998785
299.9998835
299.9998799
299.99987
299.9998642
299.9997312
299.999744
299.9997566
299.9997719
299.9997916
299.9998129
299.9998337
299.9998547
299.9998671
299.9998733
299.9998708
299.9998572
299.9999744
299.9999682
299.9999888
299.9999996
300.0000033
300.0000065
300.0000059
300.0000037
299.9999996
299.9999901
299.9999828
299.9999892
299.9999271
299.9999512
299.9999699
299.9999846
299.9999937
299.9999979
299.999998
299.9999952
299.9999876
299.9999768
299.9999586
299.9999416
299.9998957
299.9999256
299.9999548
299.999971
299.9999803
299.999983
299.9999817
299.9999828
299.9999796
299.999968
299.9999528
299.9999251
299.9998688
299.9998941
299.9999336
299.9999588
299.9999765
299.99998
299.9999774
299.9999771
299.9999714
299.9999624
299.9999477
299.9999331
299.9998315
299.9998676
299.9999074
299.9999378
299.9999566
299.9999612
299.999962
299.999961
299.999956
299.9999482
299.999924
299.9999067
299.9997973
299.9998172
299.999843
299.9998668
299.9998861
299.9998962
299.9999034
299.9999075
299.9999079
299.9999073
299.9998997
299.9998827
299.9999736
299.9999739
299.9999696
299.9999608
299.9999504
299.9999437
299.9999403
299.9999317
299.9999375
299.9999343
299.999908
299.9998871
299.9998836
299.9998853
299.9998928
299.9999031
299.9998978
299.9998735
299.9998545
299.9998551
299.9998685
299.9998638
299.9998824
299.9998777
299.9998547
299.9998368
299.9998443
299.9998735
299.9998219
299.9998458
299.9998438
299.9998279
299.9998225
299.9998471
299.9998894
299.9997909
299.9998152
299.9998153
299.9998122
299.9998205
299.999866
299.9999359
299.9999814
299.9999781
299.9999769
299.9999703
299.9999611
299.9999562
299.9999511
299.999952
299.9999573
299.9999522
299.9999352
299.99992
299.9999101
299.9999079
299.999934
299.9999421
299.9999369
299.9999184
299.9998948
299.9998848
299.9998878
299.9999166
299.9999276
299.9999246
299.9999036
299.9998859
299.9998778
299.9998849
299.9998907
299.9999022
299.9999
299.9998853
299.9998672
299.9998673
299.9998866
299.9998537
299.9998736
299.9998722
299.9998549
299.9998475
299.9998674
299.9999059
299.9999867
299.9999873
299.9999934
299.999996
299.9999952
299.999988
299.9999859
299.9999729
299.9999813
299.9999834
299.9999831
299.9999813
299.9999691
299.9999709
299.9999658
299.9999721
299.9999729
299.9999682
299.9999639
299.999951
299.9999486
299.9999565
299.9999673
299.9999706
299.9999668
299.9999584
299.999946
299.9999403
299.999947
299.9999563
299.9999587
299.9999536
299.9999408
299.9999296
299.9999219
299.9999242
299.9999245
299.9999145
299.9999
299.9998914
299.9998932
299.9998939
299.9999574
299.9999475
299.9999487
299.9999502
299.9999536
299.9999509
299.9999429
299.9999076
299.9998852
299.9998721
299.9998608
299.9998569
299.9998515
299.9998333
299.9998991
299.9998567
299.9998216
299.9997973
299.999787
299.9997772
299.9997507
299.9999429
299.9998926
299.9998328
299.9997829
299.9997538
299.9997411
299.9997233
299.9996966
299.9999462
299.9998971
299.9998331
299.9997777
299.9997495
299.9997323
299.9997124
299.9996864
299.9999569
299.9999075
299.9998582
299.9998085
299.9997784
299.9997614
299.9997438
299.9997234
299.9999681
299.999959
299.99996
299.9999564
299.9999565
299.999956
299.9999517
299.9999443
299.9999403
299.9999198
299.9999048
299.9998944
299.9998855
299.9998778
299.9998669
299.9998541
299.9999411
299.9999074
299.9998755
299.9998504
299.9998338
299.9998208
299.9998061
299.9997853
299.999942
299.9999014
299.9998546
299.9998136
299.9997896
299.9997749
299.9997581
299.9997356
299.9999464
299.9999022
299.9998433
299.9997939
299.9997658
299.9997504
299.999733
299.9997099
299.9999593
299.9999106
299.9998534
299.9998064
299.9997778
299.9997619
299.999747
299.9997228
299.9999803
299.9999633
299.9999677
299.999966
299.9999667
299.9999663
299.9999653
299.9999599
299.9999503
299.9999371
299.999931
299.9999227
299.9999185
299.9999107
299.9998963
299.999882
299.9999509
299.9999285
299.9999103
299.9998962
299.9998854
299.9998702
299.9998507
299.9998277
299.9999437
299.9999234
299.9998981
299.9998762
299.9998571
299.9998377
299.9998171
299.999789
299.9999451
299.9999144
299.9998746
299.9998375
299.9998135
299.9997918
299.9997699
299.9997497
299.9999573
299.9999137
299.9998621
299.9998208
299.9997969
299.9997817
299.9997604
299.9997404
300.0000098
299.9999947
299.9999951
299.999995
299.9999951
299.9999912
299.999985
299.9999894
299.999995
299.9999841
299.9999833
299.9999819
299.9999789
299.9999695
299.9999497
299.999933
299.9999745
299.9999693
299.9999681
299.9999663
299.9999595
299.9999472
299.9999264
299.9999009
299.9999735
299.9999683
299.9999656
299.9999598
299.9999503
299.9999339
299.999911
299.9998876
299.9999581
299.9999568
299.9999488
299.9999387
299.9999263
299.9999074
299.9998718
299.999837
299.9999387
299.9999257
299.9999054
299.999884
299.9998666
299.9998492
299.9998246
299.9998047
)
;

boundaryField
{
    inlet
    {
        type            fixedValue;
        value           nonuniform 0();
    }
    outlet
    {
        type            inletOutlet;
        inletValue      nonuniform 0();
        value           nonuniform 0();
    }
    sides
    {
        type            symmetry;
    }
    walls
    {
        type            fixedValue;
        value           uniform 300;
    }
    procBoundary1to0
    {
        type            processor;
        value           nonuniform List<scalar> 
520
(
299.9996104
299.9997643
299.9999265
300.0000562
300.0000366
299.9997488
299.9998839
300.0000016
300.0000552
300.0000224
299.9999239
299.9999921
300.000036
300.0000565
300.0000101
299.999997
300.000008
300.0000048
300.0000046
299.9999952
299.9996104
299.9997643
299.9999265
300.0000562
300.0000366
299.9996104
299.9997488
299.9999239
299.999997
299.9996086
299.9997697
299.9999305
300.0000524
300.0000375
299.9996086
299.9997497
299.9999348
299.9999972
299.9996204
299.9997817
299.9999362
300.0000579
300.0000382
299.9996204
299.9997529
299.999939
299.9999999
299.9996177
299.9997819
299.9999363
300.0000319
300.0000203
299.9996177
299.999755
299.9999223
299.9999748
299.9996545
299.9998289
299.9999871
300.0000909
300.0000422
299.9996545
299.9998064
299.9999871
300.0000095
299.9995833
299.9997281
299.9999055
300.0000374
299.9999971
299.9995833
299.9996913
299.9999037
299.9999445
299.9997359
299.9999141
299.9999993
300.0000318
300.0000023
299.9997359
299.9998855
299.9999499
299.9999831
299.9998702
299.9999841
300.0000185
300.0000379
299.9999916
299.9998702
299.9999308
300.0000334
299.9999682
299.999915
299.9999925
300.0000387
300.0000297
299.9999926
299.9997831
299.9999038
300.0000112
300.0000241
300.0000237
299.999954
299.999915
299.9999138
299.9997872
299.999874
299.9999593
300.000012
300.0000439
300.0000566
300.0000101
300.0000494
299.9997746
299.9998251
299.9998846
299.9999089
299.999919
299.9999463
300.0000242
299.9999921
299.9997547
299.999783
299.9998099
299.9998069
299.9998229
299.9998765
299.9999751
299.9999485
299.999818
299.9998563
299.9998847
299.9998964
299.9998758
299.9998231
299.9997719
299.9997551
299.9997637
299.9997629
299.9997611
299.9997641
299.9998193
299.9998708
299.9999124
299.9999298
299.9999165
299.9998651
299.9998129
299.9998026
299.9998057
299.9997941
299.9997817
299.9997777
299.9998178
299.9998834
299.9999289
299.9999914
300.0000514
300.0000604
300.0000325
299.9999889
299.999898
299.999825
299.9998007
299.9997892
299.9998297
299.999887
299.9999624
300.0000224
300.0000341
300.0000189
299.9999937
299.999982
299.9999681
299.9998955
299.9998212
299.9998046
299.9998221
299.9998753
299.9999931
299.9999789
299.9999389
299.9997155
299.9997044
299.999918
299.9999765
299.9999871
299.9998474
299.9998301
299.9997976
299.999845
300.0000048
299.9999359
299.9996728
299.9994392
299.9994475
299.9997193
299.9999969
300.0000483
299.9998899
299.9998709
299.9997601
299.9998119
300.000014
299.9999754
299.9997615
299.9994999
299.9994805
299.9997689
300.0000305
300.0000827
299.9999482
299.9999221
299.9997831
299.9997441
299.9999038
299.9998143
300.0000112
300.0000096
300.0000241
300.0000095
300.0000237
299.9999959
299.999954
299.9997704
299.9999138
299.9997212
299.9999856
299.9999537
300.000017
300.0000307
300.0000347
300.0000633
300.0000136
299.9999868
299.99998
299.9999539
299.9999577
299.999951
299.9999522
299.9999613
299.99996
299.9999686
299.9999787
299.9999784
299.9998838
299.9998723
299.9998676
299.9998639
299.999871
299.9998947
299.999912
299.9999096
299.9998114
299.999806
299.9997978
299.9997905
299.9998006
299.9998239
299.9998324
299.9998164
299.9997616
299.9997579
299.9997503
299.999751
299.9997613
299.9997778
299.9997669
299.9997403
299.999742
299.9997374
299.9997319
299.9997419
299.999752
299.9997543
299.9997277
299.9996982
299.9997692
299.9997647
299.9997581
299.9997688
299.9997826
299.9997759
299.9997373
299.9997083
299.9999849
299.9999849
299.9999761
299.9999681
299.9999657
299.9999351
299.9999351
299.9999205
299.9999148
299.9998944
299.9998588
299.9998588
299.999857
299.9998491
299.9998365
299.9997933
299.9997933
299.999794
299.99979
299.9997844
299.9997416
299.9997416
299.999749
299.9997469
299.9997468
299.9997318
299.9997318
299.9997349
299.9997376
299.9997376
299.9999339
299.9999387
299.9999403
299.9999536
299.9999537
299.9999634
299.9999545
299.9999471
299.9999482
299.9999506
299.9999576
299.9999577
299.9998027
299.9998089
299.9998202
299.9998421
299.9998607
299.9998793
299.9998771
299.9998646
299.9998687
299.9998753
299.9998859
299.9998843
299.9997081
299.9997155
299.9997252
299.9997423
299.9997661
299.9997892
299.9997973
299.9997972
299.9998076
299.9998207
299.9998271
299.9998185
299.9996602
299.999663
299.99967
299.9996824
299.9997059
299.9997345
299.9997557
299.9997714
299.9997841
299.9997917
299.999789
299.9997738
299.9996632
299.9996635
299.9996645
299.9996703
299.9996887
299.9997199
299.999757
299.9997846
299.9997981
299.9997979
299.9997859
299.9997654
299.9997197
299.9997209
299.9997192
299.9997095
299.9997129
299.9997472
299.9997988
299.9998405
299.9998522
299.9998421
299.9998225
299.9998021
299.9999615
299.9999645
299.9999607
299.9999556
299.9999414
299.9999398
299.999948
299.9999011
299.999917
299.9999074
299.9998895
299.9998682
299.9998637
299.9998836
299.9998537
299.9998742
299.9998664
299.9998442
299.9998257
299.9998317
299.999866
299.9998066
299.999831
299.999829
299.9998177
299.9998066
299.9998331
299.9998866
299.9997645
299.9997878
299.9997895
299.9997878
299.999798
299.999851
299.999922
299.999738
299.9997503
299.9997639
299.9997751
299.9998058
299.9998778
299.9999528
299.9999592
299.9999078
299.999898
299.9999137
299.9999454
299.9999752
299.9999654
299.9999196
299.9999091
299.9999079
299.9999183
299.999949
299.9999934
299.9999657
299.999952
299.9999445
299.9999234
299.9999213
299.9999444
299.9999478
299.9999494
299.9999428
299.9999415
299.999942
299.9999301
299.9999044
299.9998816
299.9998578
299.9998478
299.9998388
299.9998244
299.9998015
299.9998864
299.999836
299.9997944
299.9997761
299.9997614
299.999737
299.9997099
299.9999325
299.9998854
299.9998264
299.9997746
299.9997427
299.9997179
299.9996962
299.9996687
299.9999351
299.9998913
299.9998362
299.9997839
299.9997472
299.999724
299.999703
299.9996755
299.9999375
299.9999183
299.999871
299.9998257
299.9997903
299.9997701
299.9997488
299.9997366
299.9999557
299.9999557
299.9999259
299.9999259
299.9999274
299.9999274
299.9999274
299.999959
299.9999605
299.999961
299.9999688
299.9999397
299.9999451
299.999963
299.9999759
299.9999817
299.9999706
299.999949
299.9999437
299.9999551
299.9999688
299.999977
299.9999878
299.9999714
299.9999647
299.9999633
299.9999623
299.9999569
)
;
    }
    procBoundary1to2
    {
        type            processor;
        value           nonuniform List<scalar> 
143
(
300.0004386
300.0004083
300.0003867
300.0003733
300.0003487
300.0003009
300.0002379
300.0002097
300.0002446
300.0003325
300.0004272
300.0005044
300.0004654
300.0004247
300.000404
300.0003704
300.0003489
300.0003542
300.0004031
300.0004901
300.0005931
300.0006784
300.0007292
300.00058
300.0005456
300.0004905
300.0004497
300.0004186
300.00041
300.0004408
300.000522
300.0006407
300.0007586
300.0008474
300.0008968
300.0006578
300.0006259
300.0005719
300.0005213
300.0004776
300.0004519
300.0004717
300.0005476
300.0006659
300.0007893
300.0008884
300.0009458
300.0005422
300.0006148
300.0006926
300.00076
300.0006315
300.0007114
300.0007728
300.0008162
300.0006586
300.0007326
300.0007773
300.0007999
300.0006253
300.0006701
300.0006806
300.0006638
300.0005012
300.0005067
300.000488
300.0004695
300.0002292
300.0002321
300.0002224
300.0002161
300.0007949
300.0007532
300.0006833
300.0005991
300.0005135
300.0004479
300.0004266
300.0004614
300.0005562
300.0006892
300.0008102
300.0008982
300.0008386
300.000807
300.0007346
300.0006359
300.0005254
300.0004304
300.0003708
300.0003814
300.0004661
300.0006017
300.000731
300.0008407
300.0008214
300.0008065
300.0007548
300.0006629
300.0005452
300.0004337
300.000358
300.0003554
300.0004257
300.000548
300.0006704
300.0007719
300.0007034
300.0007447
300.0007335
300.0006784
300.0005829
300.000473
300.0003928
300.0003852
300.0004432
300.0005376
300.0006373
300.0007163
300.0005265
300.0005982
300.0006366
300.0006272
300.0005713
300.0004964
300.000442
300.0004262
300.0004476
300.0005057
300.0005653
300.0005992
300.0002405
300.000281
300.0003197
300.0003368
300.0003305
300.0003079
300.0002914
300.0002747
300.0002644
300.0002648
300.0002723
300.0002691
)
;
    }
    procBoundary1to3
    {
        type            processor;
        value           nonuniform List<scalar> 
341
(
300.0005222
300.0006572
300.0008122
300.0009257
300.0009581
300.0007012
300.0008177
300.0008996
300.0009121
300.0006905
300.0007739
300.0008159
300.0008243
300.0006404
300.0006953
300.0007376
300.0007508
300.0005481
300.0005897
300.0006192
300.0006231
300.000274
300.0002848
300.000289
300.000275
300.0003845
300.0003734
300.0003676
300.0003617
300.0003408
300.0002682
300.0001604
300.0000882
300.0000882
300.0001497
300.000257
300.0003687
300.000399
300.0003904
300.0003735
300.0003593
300.0003198
300.0002377
300.0001397
300.0000807
300.0000862
300.0001457
300.0002528
300.0003595
300.0004065
300.0003943
300.0003702
300.0003486
300.0002961
300.0002148
300.0001265
300.0000751
300.000081
300.0001365
300.0002413
300.0003439
300.0004054
300.0003888
300.0003601
300.0003276
300.0002711
300.0001943
300.0001145
300.0000727
300.0000802
300.0001257
300.0002234
300.0003227
300.0003919
300.0003746
300.0003407
300.0003015
300.0002407
300.0001696
300.000103
300.0000702
300.0000748
300.0001069
300.0001909
300.0002948
300.0003562
300.0003382
300.000298
300.000255
300.0002071
300.0001543
300.000097
300.000064
300.0000622
300.0000789
300.0001311
300.0002155
300.0003607
300.0003482
300.0003094
300.0002537
300.000195
300.0001464
300.0000887
300.0000556
300.0000606
300.0000979
300.0001683
300.0002521
300.0003973
300.0003812
300.0003368
300.0002659
300.000196
300.0001285
300.000066
300.0000462
300.0000789
300.0001576
300.0002559
300.0003387
300.0004138
300.0003766
300.0003277
300.0002534
300.0001878
300.0001135
300.000052
300.0000299
300.0000674
300.0001744
300.0002958
300.0004247
300.0004533
300.0004533
300.0003968
300.0003968
300.0003376
300.0003376
300.0002562
300.0002562
300.000168
300.000168
300.0000769
300.0000769
300.0000203
300.0000203
300.0000144
300.0000144
300.0001014
300.0001014
300.0002533
300.0002533
300.0004254
300.0004254
300.0005326
300.0005326
300.0002617
300.0002625
300.0002019
300.0001335
300.0000661
299.9999931
299.9999319
299.9999279
300.0000131
300.0001706
300.0003377
300.0004057
300.0004119
300.0005222
300.0000252
300.0000837
300.0001601
300.0001473
300.0001177
300.0001039
300.0001052
300.0001086
300.0001026
300.0000676
299.9999794
299.9999533
299.9999863
300.0000125
300.0000818
300.0001021
300.0000664
300.0000423
300.0000273
300.0000025
299.9999704
299.9999041
299.9998854
299.9999471
299.9999464
299.9999606
300.0000641
300.0000693
300.0000324
300.0000203
300.0000206
300.000002
299.9999637
299.9999083
299.9998827
299.9999955
299.9998633
299.9998801
299.9999755
299.99992
299.9998862
299.9998998
299.999922
299.9999173
299.9999107
299.9999373
299.9999205
300.000018
299.9998109
299.9998188
299.9999114
299.999866
299.999821
299.9998323
299.9998564
299.9998663
299.9999108
299.9999793
299.9999461
300.0000152
299.9998118
299.9998269
299.9999424
299.999927
299.9998785
299.9998512
299.999835
299.999846
299.9999249
300.0000197
299.9999927
300.0000197
299.999865
299.999865
299.9998971
299.9998971
300.0000559
300.0000559
300.0000464
300.0000464
299.9999694
299.9999694
299.9998916
299.9998916
299.9998369
299.9998369
299.9998564
299.9998564
299.9999693
299.9999693
300.0000815
300.0000815
300.0000329
300.0000329
300.0000285
300.0000285
300.0000326
300.0001225
300.0004627
300.0005379
300.0005569
300.0005371
300.0004593
300.0002033
300.0004699
300.00054
300.00056
300.0005453
300.0004679
300.0002124
300.000469
300.000533
300.0005587
300.0005471
300.0004756
300.0002232
300.0004525
300.0005134
300.0005501
300.0005419
300.0004685
300.0002134
300.0004285
300.0004926
300.0005338
300.0005285
300.0004774
300.0002251
300.0003832
300.0004464
300.0004889
300.000488
300.0004119
300.0000326
300.0004991
300.0005994
300.0006313
300.0006115
300.0005373
300.0002775
300.0004837
300.0005933
300.0006374
300.0006234
300.000548
300.0002779
300.0004622
300.0005787
300.0006398
300.0006345
300.0005617
300.0002869
300.0004348
300.0005602
300.0006376
300.0006368
300.0005679
300.0002804
300.0003975
300.0005197
300.0006129
300.0006266
300.0005806
300.0003007
300.0003202
300.0004554
300.0005601
300.0005956
300.0005222
300.0001225
)
;
    }
}


// ************************************************************************* //
