/*--------------------------------*- C++ -*----------------------------------*\
  =========                 |
  \\      /  F ield         | OpenFOAM: The Open Source CFD Toolbox
   \\    /   O peration     | Website:  https://openfoam.org
    \\  /    A nd           | Version:  7
     \\/     M anipulation  |
\*---------------------------------------------------------------------------*/
FoamFile
{
    version     2.0;
    format      ascii;
    class       volScalarField;
    location    "0.00327";
    object      Uy;
}
// * * * * * * * * * * * * * * * * * * * * * * * * * * * * * * * * * * * * * //

dimensions      [0 1 -1 0 0 0 0];

internalField   nonuniform List<scalar> 
5000
(
9.7952887e-22
1.3324117e-21
0
0
-6.4500879e-22
7.0430649e-37
5.7081438e-22
0
0
-6.345223e-22
-1.2945753e-21
6.5087694e-22
6.5069756e-22
-6.4972026e-22
0
-6.478449e-22
-1.9987892e-51
6.4271538e-22
0
6.3569346e-22
-6.3385783e-22
-6.3317966e-22
1.26443e-21
-6.3031088e-22
-6.2916205e-22
-5.1975665e-36
6.3406846e-22
6.377629e-22
-1.2810946e-21
1.1130121e-35
-1.1227272e-35
6.4157199e-22
1.2792455e-21
-1.2737715e-21
1.0988563e-35
-5.4897391e-35
-2.180996e-35
1.2534805e-21
-1.2520519e-21
-1.2557385e-21
1.2621374e-21
-4.3630946e-35
-1.2737101e-21
6.3766688e-22
1.9073947e-21
-6.3179684e-22
-6.2755715e-22
-4.2753693e-35
-1.2411495e-21
0
6.2182311e-22
8.9090592e-38
-6.3120551e-22
1.2685267e-21
-2.2154943e-35
-1.2568458e-21
6.2182226e-22
-2.1250074e-35
-6.0975336e-22
0
6.175055e-22
2.1317419e-35
1.7899527e-37
6.294509e-22
-6.2473732e-22
2.1671366e-35
6.1561406e-22
-6.1239672e-22
-6.1313573e-22
6.1752773e-22
6.2212711e-22
-6.2443858e-22
-6.2333055e-22
1.2405954e-21
6.1795358e-22
-6.158806e-22
0
6.1529322e-22
-8.7762682e-38
-6.1950616e-22
6.1968317e-22
-1.7573066e-37
1.7524914e-37
6.1532735e-22
6.1427324e-22
2.1366943e-35
-6.1404412e-22
0
-6.1509045e-22
-6.3751409e-35
-2.1454977e-35
6.1297036e-22
6.1237078e-22
-1.2241653e-21
-4.2354637e-35
6.1179435e-22
0
0
-6.1005404e-22
-4.2274678e-35
1.218932e-21
-6.0923428e-22
-1.217381e-21
0
6.0734879e-22
6.0675282e-22
-6.0647899e-22
-6.0653197e-22
0
0
6.0513883e-22
6.0447864e-22
0
-6.0371146e-22
2.1103606e-35
6.0349121e-22
-6.0300046e-22
1.7121758e-37
-2.1040569e-35
-7.8719126e-54
1.2024993e-21
-2.5627668e-37
-6.0086261e-22
0
-5.9998908e-22
5.9958911e-22
5.9928313e-22
-1.1980131e-21
-5.9858783e-22
1.1960598e-21
5.9748774e-22
-5.9704243e-22
-5.9666302e-22
-5.963306e-22
0
5.9568028e-22
5.9533727e-22
-5.9505365e-22
-2.0624873e-35
5.9450689e-22
-5.9412337e-22
-5.9379086e-22
0
5.9326904e-22
5.9316563e-22
-5.9316322e-22
5.9311844e-22
-3.3701277e-37
-5.9240561e-22
5.9176422e-22
-5.9099465e-22
4.1094781e-35
5.8922643e-22
-5.8834259e-22
5.8620201e-22
5.8513947e-22
-5.8709995e-22
0
0
-5.9086382e-22
-5.931876e-22
5.9516574e-22
5.9647107e-22
-5.9674237e-22
-4.1275345e-35
5.9122197e-22
-5.8474072e-22
-5.7595036e-22
0
5.5520098e-22
5.4659192e-22
0
-5.4443976e-22
-5.5639826e-22
0
5.844176e-22
1.2786854e-34
-7.8268147e-22
3.1473088e-22
3.3496055e-22
-7.4984303e-22
-3.6521998e-35
3.4534233e-35
2.3308635e-37
5.7673374e-22
-5.6066255e-22
-7.7319042e-35
3.8591611e-35
-3.8628419e-35
5.6421566e-22
0
0
-5.7965072e-22
-5.7993932e-22
0
0
5.7836474e-22
-7.7279509e-54
-5.806993e-22
0
5.7763378e-22
-5.7540212e-22
-1.5899747e-34
1.1484043e-21
-5.7582754e-22
-1.1976575e-34
-8.1856745e-38
-5.7431352e-22
5.7273816e-22
-8.1302922e-38
-7.9406582e-35
3.9794948e-35
-5.7452759e-22
0
5.7130654e-22
3.9441905e-35
1.5840377e-34
5.727823e-22
0
-5.717315e-22
-5.6937103e-22
0
0
0
5.7072138e-22
3.9593164e-35
-5.6990488e-22
0
0
5.6242848e-22
5.6337355e-22
-5.6651297e-22
-5.6854823e-22
0
5.6534898e-22
5.6302443e-22
-5.6105613e-22
-5.6044402e-22
0
5.6458879e-22
-1.5705538e-34
-3.9118398e-35
5.6188564e-22
-5.5995004e-22
-5.583844e-22
0
5.5965002e-22
-7.7938985e-35
5.6046024e-22
7.754948e-35
-1.114801e-21
5.5606912e-22
-7.7093676e-35
-1.9312373e-34
-3.851687e-35
-5.5593677e-22
5.5425049e-22
5.5269334e-22
0
-5.5419735e-22
-5.5470853e-22
0
5.4970339e-22
5.46511e-22
-1.0883562e-21
-5.4507443e-22
5.4848592e-22
5.511595e-22
1.5272198e-34
-5.4760656e-22
5.4500753e-22
-3.7636604e-35
-5.4107166e-22
5.4171099e-22
-3.778095e-35
3.7966201e-35
-1.5500021e-37
-3.7575305e-35
5.4188191e-22
0
0
-5.3602057e-22
-5.3634381e-22
0
0
0
0
5.3295206e-22
3.65588e-35
-1.059917e-21
2.2689104e-37
5.3455328e-22
5.3464706e-22
-7.392261e-35
-7.3441934e-35
-7.4991888e-38
-5.2610325e-22
-5.2713118e-22
-5.2896312e-22
1.058966e-21
1.5844362e-21
-5.2631693e-22
-1.0492601e-21
0
5.2416719e-22
5.2482874e-22
-5.2414107e-22
1.4858886e-37
-2.2220138e-37
1.4777956e-37
5.2012282e-22
5.2047516e-22
-5.2009009e-22
-1.0378813e-21
5.1705272e-22
-2.0191693e-53
5.1535193e-22
1.4302948e-34
-1.0330621e-21
0
0
1.0227019e-21
-2.8348232e-34
-1.0238378e-21
0
5.1192973e-22
5.1012871e-22
-5.0743931e-22
7.1825467e-38
-7.025749e-35
7.223431e-38
5.0945098e-22
-5.0766215e-22
-5.0486906e-22
0
4.9997602e-22
-6.9728406e-35
-5.0602008e-22
1.0140403e-21
-1.397585e-34
-5.0007816e-22
-1.3774926e-34
-9.8703831e-22
9.9179043e-22
5.0079577e-22
-5.0423538e-22
-7.152385e-38
-4.9968732e-22
0
0
4.9242188e-22
-6.8473796e-35
-9.934094e-22
7.1025555e-38
1.5009851e-21
-4.9777747e-22
-4.9481291e-22
9.836604e-22
-4.8938778e-22
4.8976407e-22
9.8609603e-22
-4.9636773e-22
-4.968417e-22
-4.9421032e-22
4.9141389e-22
-1.1162074e-52
-4.8630377e-22
4.8877083e-22
-4.9346217e-22
4.9550513e-22
1.3671549e-34
1.3934226e-37
4.8689045e-22
-9.6911589e-22
4.8584639e-22
1.3603859e-34
-1.3676559e-34
-4.9304644e-22
-9.8152968e-22
1.4646286e-21
1.3475691e-34
-2.6907588e-34
1.3510589e-34
-9.8174022e-22
9.8419981e-22
-1.3609365e-34
-9.7736347e-22
0
0
4.8715074e-22
-6.8023652e-35
-4.9184172e-22
-4.9019577e-22
4.8803395e-22
1.4569407e-21
-4.8413676e-22
-4.8616419e-22
-1.3930772e-37
-4.9229657e-22
0
9.7706962e-22
9.7241785e-22
-4.8469968e-22
-9.7256254e-22
-4.8995382e-22
9.8464871e-22
9.8267673e-22
-9.7871819e-22
-9.7468283e-22
0
9.7523044e-22
-4.9080261e-22
-9.8533372e-22
4.9165176e-22
4.8988845e-22
-6.9329141e-38
6.756809e-35
4.8881466e-22
-4.9218596e-22
-4.93727e-22
4.9240377e-22
-6.8020277e-35
-6.9378921e-38
-6.756614e-35
-4.8972079e-22
4.9344436e-22
-2.0621249e-34
-6.8544857e-35
-1.3647726e-34
-4.8952693e-22
4.883322e-22
-6.8145723e-35
-1.3714634e-34
-7.0549782e-38
-9.9016907e-22
-4.9313085e-22
4.9094479e-22
9.7932366e-22
-6.8300188e-35
-9.9184061e-22
-4.9794901e-22
9.9306591e-22
4.9441318e-22
-4.9216759e-22
-4.907456e-22
-1.3673386e-34
4.9683193e-22
0
0
4.9582457e-22
0
-4.9180033e-22
4.9309915e-22
7.0601306e-38
-1.3856112e-34
0
-4.9753024e-22
4.9538939e-22
4.9380847e-22
-9.8886518e-22
-4.974272e-22
4.9960453e-22
0
0
-4.963666e-22
1.3750573e-34
4.9535243e-22
0
0
-5.000534e-22
2.0803249e-34
4.9830789e-22
0
0
0
0
0
0
0
0
9.9957156e-22
2.7677806e-34
-4.9678356e-22
4.9461228e-22
-4.9306926e-22
4.94487e-22
-1.383667e-34
-4.9945844e-22
-1.3819822e-34
-4.9513063e-22
0
0
4.9226004e-22
1.3775005e-34
-4.9796735e-22
0
0
0
0
0
0
0
9.8971054e-22
-4.1028055e-34
-9.8129927e-22
4.8861464e-22
6.9311772e-38
4.8929091e-22
-2.725124e-34
-9.8419721e-22
-4.9077274e-22
-5.7092282e-53
1.4623969e-21
0
-9.7388413e-22
0
0
9.7419289e-22
-1.3470189e-34
-1.4530899e-21
4.8413989e-22
4.8454958e-22
-4.8468968e-22
4.8385385e-22
-4.8226198e-22
-1.3335954e-34
4.8015805e-22
-4.8111129e-22
0
-4.8067504e-22
4.7886582e-22
9.5384854e-22
-4.7542353e-22
-4.7582766e-22
-4.7698295e-22
-4.7732991e-22
9.523601e-22
4.7429683e-22
-4.7261427e-22
0
4.7250441e-22
-4.7320259e-22
-4.7246625e-22
1.4124527e-21
1.3334077e-37
-9.363994e-22
4.6898898e-22
6.521036e-35
4.6845128e-22
-1.3259028e-37
-9.2857719e-22
4.6258791e-22
0
-1.2910399e-34
-6.6122145e-38
-4.6349236e-22
4.6098073e-22
-1.272972e-34
-6.3400743e-35
-6.5197575e-38
-4.6089892e-22
4.6108957e-22
1.4438361e-52
-1.2679588e-34
-6.4540916e-38
-9.0593703e-22
-6.3055204e-35
4.5676858e-22
0
0
-4.5301923e-22
-1.8755627e-34
4.4943283e-22
-4.50788e-22
6.2889959e-35
3.7037609e-52
-6.2730115e-35
4.4981652e-22
4.4771491e-22
6.1888437e-35
-4.4720598e-22
0
0
4.4913318e-22
-4.472149e-22
3.7079363e-34
4.4409505e-22
-4.4457012e-22
0
4.475685e-22
4.4709017e-22
-4.4591148e-22
-4.4502956e-22
0
4.4455134e-22
4.4484359e-22
-8.8968093e-22
-4.4452801e-22
4.4440745e-22
4.4440197e-22
6.1625157e-35
4.4384014e-22
1.2300065e-34
-8.8414806e-22
0
0
0
4.4355543e-22
4.4282559e-22
0
-4.4097312e-22
-6.1188265e-35
4.4265265e-22
0
0
-4.4208312e-22
-6.1206649e-35
6.1250549e-35
-4.434729e-22
4.4432749e-22
-1.8470255e-34
-4.4251321e-22
0
-4.4138792e-22
-6.1552794e-35
4.4533511e-22
-4.4529829e-22
4.4397277e-22
4.4240151e-22
-4.419476e-22
0
4.4677403e-22
4.4696195e-22
-4.4539545e-22
-4.4252868e-22
0
-4.412501e-22
4.4558065e-22
4.4927137e-22
-4.5015655e-22
-8.9811545e-22
2.4869861e-34
1.3406e-21
-8.2445147e-53
-4.4891608e-22
-9.0215824e-22
2.5098636e-34
9.0591803e-22
-4.5330622e-22
4.5378577e-22
-4.5442389e-22
-4.5511489e-22
9.1156918e-22
0
0
-9.1535581e-22
1.7979441e-52
9.1767958e-22
0
0
-9.1993753e-22
1.7118837e-52
9.2150435e-22
0
0
-9.2393806e-22
-4.6265662e-22
9.2712016e-22
4.6440589e-22
0
-9.3017877e-22
2.5801677e-34
9.2791672e-22
-4.6346803e-22
0
4.6305661e-22
-4.6267825e-22
6.5800597e-38
4.6434852e-22
-4.6621202e-22
4.6810872e-22
4.6967564e-22
-4.708288e-22
-4.712184e-22
1.3073609e-34
4.7014411e-22
-4.6948419e-22
-1.3026814e-34
4.6877818e-22
-4.6842731e-22
4.6881577e-22
4.7006784e-22
-4.7172327e-22
-4.7313727e-22
1.3156651e-34
4.7369276e-22
-4.7319764e-22
6.718286e-38
4.7257623e-22
-4.7248962e-22
4.7261057e-22
4.7316282e-22
-4.7382712e-22
-9.4858246e-22
2.6366799e-34
9.4933508e-22
-4.7478944e-22
6.749148e-38
9.5022672e-22
1.3509615e-37
-4.7554516e-22
0
4.7595669e-22
0
-4.7633755e-22
0
0
0
-4.7693454e-22
3.4864879e-54
4.7713567e-22
0
4.7726641e-22
-1.3253769e-34
-4.7732079e-22
0
0
0
-4.7710575e-22
1.3244748e-34
4.7683679e-22
0
4.7660442e-22
1.3225155e-34
-4.764222e-22
0
4.7617601e-22
-4.7601408e-22
2.6438495e-34
4.7558303e-22
-4.7532167e-22
0
-4.7478477e-22
-1.317816e-34
4.7442436e-22
0
4.742154e-22
-4.7411661e-22
-2.6324656e-34
4.7391108e-22
-2.6307173e-34
-6.7320127e-38
1.3158521e-34
-6.7294235e-38
-4.7345325e-22
0
4.732814e-22
-1.3133015e-34
-1.3130702e-34
3.9076235e-54
-1.3132931e-34
0
-9.4559243e-22
-1.3126519e-34
4.7264745e-22
-4.7257632e-22
1.3113882e-34
4.7244132e-22
4.7237843e-22
1.311533e-34
-1.3113724e-34
4.7220668e-22
-4.7215611e-22
-4.7210846e-22
0
-4.7202419e-22
1.3106156e-34
4.7195461e-22
0
0
0
-9.4372278e-22
5.2409068e-34
9.4367594e-22
0
0
0
0
0
0
0
-9.4377795e-22
2.6220606e-34
9.4377065e-22
4.7186199e-22
-4.718125e-22
-4.717318e-22
1.3102628e-34
2.6158146e-34
4.7139516e-22
-4.7135554e-22
4.7138298e-22
4.7145681e-22
-4.7157285e-22
-4.7170931e-22
2.6190656e-34
4.7197386e-22
4.7211969e-22
-1.3100601e-34
-4.7242601e-22
-4.7258707e-22
4.7275335e-22
4.7292327e-22
-4.7309655e-22
4.7327383e-22
0
-4.7363486e-22
-4.7381843e-22
1.3148653e-34
4.7418792e-22
-4.7437198e-22
4.7455483e-22
4.7473541e-22
-4.7491382e-22
4.7508444e-22
1.3196538e-34
-4.753851e-22
-4.7550622e-22
-6.7587382e-38
9.5135455e-22
2.6413523e-34
-4.7578928e-22
-4.7587969e-22
0
4.7615299e-22
0
0
0
4.76792e-22
4.7694044e-22
-4.7708126e-22
-4.7721532e-22
0
4.7746142e-22
-1.3268002e-34
-4.7767308e-22
0
0
4.7791595e-22
-2.6531253e-34
-4.7802219e-22
0
0
4.7808552e-22
-2.6537016e-34
-4.7805793e-22
0
4.7796952e-22
-1.3270378e-34
1.3261237e-34
-1.326521e-34
-4.7759689e-22
0
-4.7730537e-22
2.6477701e-34
4.7694124e-22
0
4.7650204e-22
-4.7625197e-22
-4.759823e-22
9.5138338e-22
1.3213834e-34
-9.5008859e-22
1.3181123e-34
4.7430795e-22
0
0
4.7302568e-22
-1.3114932e-34
-4.7203721e-22
0
4.7094461e-22
-4.7036507e-22
-4.6976862e-22
4.6916014e-22
0
-4.6790103e-22
4.6724181e-22
2.5897612e-34
-2.5858525e-34
4.6512992e-22
-3.8671732e-34
4.6361264e-22
-4.6282053e-22
1.2822419e-34
-2.5611458e-34
-9.2061648e-22
1.274428e-34
4.5852037e-22
0
0
0
-9.0933665e-22
-4.5364822e-22
9.0520949e-22
4.5153735e-22
0
0
4.4818778e-22
5.7123525e-53
-4.4581518e-22
0
-8.8665381e-22
-4.4204301e-22
8.8148068e-22
4.3942741e-22
0
-8.7362674e-22
-1.2378084e-37
1.3026144e-21
-1.2007748e-34
-8.6305217e-22
4.3016576e-22
2.4374068e-37
-4.2740799e-22
1.1835529e-34
2.3556552e-34
4.2318166e-22
0
4.2031021e-22
-2.3255854e-34
-8.3480108e-22
4.1593248e-22
-6.9004647e-34
-4.1297321e-22
8.2296561e-22
-5.8262511e-38
-4.0848413e-22
0
0
0
-4.0243134e-22
4.0090995e-22
7.9877399e-22
-3.978635e-22
-1.100557e-34
-1.0952051e-34
-3.9329481e-22
0
3.9025732e-22
-5.5243865e-38
-7.7446957e-22
3.8573083e-22
2.1316953e-34
-3.8274236e-22
-3.8125865e-22
2.1102444e-34
7.5663361e-22
0
3.7541529e-22
3.7398075e-22
0
-3.7114843e-22
-3.6975178e-22
3.6836895e-22
0
-3.6564863e-22
0
0
3.6169063e-22
-3.0012987e-34
-3.5913888e-22
0
0
3.554568e-22
3.5427082e-22
-3.5310725e-22
-3.5196683e-22
3.508514e-22
3.4976296e-22
-6.9740485e-22
-3.4767077e-22
9.6312066e-35
3.4569268e-22
-1.9126223e-34
-1.9075315e-34
3.4293938e-22
-3.420804e-22
3.4125137e-22
-3.4045262e-22
-2.8963296e-37
3.3894845e-22
-6.7648445e-22
-3.3756757e-22
-3.3692444e-22
6.7262479e-22
6.7146375e-22
-3.351832e-22
3.3466708e-22
-3.3418285e-22
1.8534065e-34
6.6662032e-22
-3.3292158e-22
9.2299486e-35
-9.2303927e-35
-3.3194849e-22
0
0
3.3126375e-22
3.3109901e-22
0
-3.3086513e-22
-3.3079653e-22
0
-3.3075567e-22
9.1851822e-35
3.3084317e-22
-3.3093791e-22
9.1837091e-35
3.3123862e-22
0
3.3169682e-22
1.8432332e-34
-3.3230764e-22
3.3266853e-22
-9.2343808e-35
-3.3349814e-22
-3.3396447e-22
-9.2826991e-35
3.3500034e-22
0
-3.3616659e-22
3.3679767e-22
-9.5911694e-38
1.8779531e-34
3.3887095e-22
-3.3962038e-22
0
-6.8240234e-22
7.5941217e-34
3.4288556e-22
1.9081566e-34
6.8933607e-22
-6.9118808e-22
-6.9308441e-22
6.9502426e-22
6.9700638e-22
3.4951497e-22
0
-3.51596e-22
-7.0532916e-22
5.0270995e-38
-3.5485333e-22
3.5597214e-22
3.5710686e-22
-3.5825647e-22
7.1884044e-22
-7.2119665e-22
-6.0256561e-34
7.2598796e-22
-7.2842005e-22
2.0284579e-34
-3.6667633e-22
3.6792465e-22
3.6918263e-22
-3.7044924e-22
-1.0311476e-34
-7.4601433e-22
7.4859461e-22
7.5118834e-22
-7.5379341e-22
-1.0496626e-34
-3.7951844e-22
2.1150124e-34
3.8215787e-22
1.0643086e-34
-2.5573624e-52
3.8613778e-22
7.7493581e-22
-3.887992e-22
5.7667268e-52
-3.9146218e-22
-6.5431353e-34
3.9412323e-22
-7.9090262e-22
2.2024101e-34
7.9619525e-22
-6.3323133e-53
-4.0073062e-22
0
0
-4.0464395e-22
4.0593658e-22
8.144439e-22
0
0
0
-4.1228378e-22
-4.1352662e-22
0
4.1598078e-22
-4.1719126e-22
-6.9683327e-34
8.3915133e-22
0
0
0
-4.2418635e-22
-4.2530271e-22
4.264036e-22
-4.2748799e-22
-2.3800273e-34
8.5921312e-22
0
0
-8.6530447e-22
1.2324504e-37
4.3458822e-22
-4.3552663e-22
4.3644448e-22
-4.3734126e-22
2.4336834e-34
8.7814285e-22
0
0
-4.4150022e-22
-4.4226393e-22
0
0
4.4441199e-22
4.4507943e-22
0
-4.4633933e-22
-4.4693072e-22
4.4749658e-22
-4.480367e-22
-4.4855058e-22
4.4903774e-22
4.4949769e-22
-2.4987344e-34
-4.5033584e-22
4.507133e-22
1.2518718e-34
-4.5138542e-22
0
-4.5194527e-22
2.5105971e-34
4.5239067e-22
-4.5257058e-22
2.5135903e-34
4.5284311e-22
0
-4.5300666e-22
1.2580287e-34
6.4384633e-38
-4.530574e-22
4.530221e-22
4.5296084e-22
0
-9.055228e-22
5.0273803e-34
4.5245913e-22
6.427131e-38
9.0410679e-22
-9.0362445e-22
-9.0309149e-22
9.0250714e-22
4.5093543e-22
0
-9.0044902e-22
7.4894235e-34
8.9882216e-22
0
-8.9699808e-22
-2.4880447e-34
4.4748806e-22
1.2410803e-34
8.9275972e-22
-8.9157936e-22
-1.1119155e-33
8.8907614e-22
-8.8775425e-22
2.4594309e-34
8.8497283e-22
4.4175687e-22
-8.8201049e-22
-4.4023176e-22
8.7887314e-22
-8.7723938e-22
-1.093447e-33
8.7384381e-22
-8.7208406e-22
1.2083039e-34
-4.3422296e-22
4.8076519e-34
1.2969798e-21
-2.3943196e-34
-8.6070976e-22
4.293426e-22
8.566261e-22
-4.2726639e-22
2.3663588e-34
-4.2512497e-22
-4.7098021e-34
4.2292223e-22
-8.4359774e-22
3.5030903e-34
-4.6578215e-34
2.32097e-34
4.1717555e-22
0
4.1479398e-22
4.1358728e-22
0
0
0
0
0
-4.0616543e-22
-4.0490339e-22
0
4.0236384e-22
-4.010867e-22
-6.6599439e-34
7.970415e-22
0
0
0
-3.9335912e-22
-3.9206519e-22
3.9077093e-22
3.89477e-22
-7.7636787e-22
-6.4459326e-34
7.7120402e-22
0
-7.6606036e-22
-6.3591473e-34
3.8047033e-22
-3.7919713e-22
3.7792846e-22
-3.7666491e-22
-2.0837952e-34
7.4831183e-22
0
0
-3.7044479e-22
-3.6922346e-22
0
-3.668079e-22
-1.0391367e-37
-3.6442919e-22
3.6325596e-22
1.0862823e-21
0
7.1960623e-22
7.1735389e-22
0
-1.06938e-21
-7.1074271e-22
7.0859292e-22
-3.5323582e-22
-3.5218942e-22
1.0534746e-21
3.5014171e-22
4.9615795e-38
3.481545e-22
-3.4718519e-22
-3.4623158e-22
-3.4529454e-22
-4.3900449e-53
-3.4347126e-22
-3.425855e-22
3.4171734e-22
0
6.8006794e-22
6.7843849e-22
0
-3.3764431e-22
-6.7376961e-22
-1.8653771e-34
-3.3542139e-22
-6.6943506e-22
6.6806589e-22
6.6673439e-22
3.3272045e-22
3.320928e-22
0
-3.3089387e-22
-9.9096792e-22
3.2977035e-22
2.7282109e-51
-9.861654e-22
6.5645075e-22
3.2774693e-22
3.2728753e-22
6.5369147e-22
-6.5284231e-22
-3.2601439e-22
3.2562532e-22
3.2525364e-22
3.2489836e-22
-9.7367834e-22
-3.2423694e-22
9.717904e-22
3.2363882e-22
-3.2336295e-22
-6.462048e-22
3.2285654e-22
-3.2262482e-22
5.367891e-34
-5.366313e-34
-9.6603121e-22
3.2183201e-22
3.216656e-22
6.4302192e-22
3.2136819e-22
-6.4247222e-22
-9.1266415e-38
-3.2100455e-22
3.2090357e-22
9.6243752e-22
-9.6219285e-22
-3.2065819e-22
9.6178107e-22
0
-9.6146564e-22
-3.2044753e-22
9.6124154e-22
-3.2038718e-22
-6.4073237e-22
-1.7781907e-34
3.5558243e-34
3.2033834e-22
0
6.4069396e-22
6.4071652e-22
-3.2037413e-22
-3.2039432e-22
-6.408368e-22
3.2044668e-22
3.2047894e-22
-6.4102953e-22
0
6.4119679e-22
6.4129146e-22
-3.2069664e-22
-6.415024e-22
1.7807347e-34
3.2086958e-22
-6.4186535e-22
3.2099923e-22
-1.0693043e-33
-6.4228075e-22
3.2121467e-22
0
6.4274024e-22
0
-7.1399794e-34
-3.2162193e-22
-6.4342072e-22
9.6540423e-22
-9.1488035e-38
-6.4398143e-22
0
6.4437955e-22
3.2229322e-22
-6.4479826e-22
3.5807775e-34
3.2261684e-22
-6.4545883e-22
3.2284434e-22
-5.3771167e-34
-6.4616014e-22
3.2320171e-22
-3.2332593e-22
6.4690423e-22
9.7074062e-22
0
-9.7152687e-22
-6.4795167e-22
9.7233252e-22
6.48495e-22
-3.2438644e-22
-6.4905422e-22
3.2466875e-22
3.2481149e-22
-6.4991117e-22
3.2510076e-22
6.5049298e-22
-3.2539327e-22
4.6262116e-38
-6.5137669e-22
-6.5167045e-22
9.7794633e-22
-3.2612903e-22
-5.4341464e-34
9.7925832e-22
0
-9.8011401e-22
-6.5368821e-22
3.269808e-22
3.2711426e-22
3.2724423e-22
0
3.2749274e-22
-1.818483e-34
-6.5544198e-22
1.819219e-34
3.2792481e-22
0
3.2810004e-22
-6.5635268e-22
-9.8473143e-22
6.5660605e-22
9.8505757e-22
3.2839101e-22
-3.2841789e-22
-6.5686375e-22
3.2843258e-22
-3.2841833e-22
-3.2838729e-22
6.5667841e-22
-6.5654519e-22
-3.2818564e-22
9.8423291e-22
6.5589316e-22
-3.2779043e-22
-9.828251e-22
7.2692276e-34
-7.2638777e-34
-3.2688422e-22
-3.625502e-34
-3.2623348e-22
3.2585138e-22
3.2542831e-22
3.2496119e-22
-3.244482e-22
-3.2388625e-22
9.6981452e-22
-3.2260144e-22
-6.4374561e-22
9.6324792e-22
9.101388e-38
-3.1930141e-22
6.3660783e-22
3.1722908e-22
0
-3.1482991e-22
-3.1349701e-22
-6.2413779e-22
3.105407e-22
-1.0288004e-33
-9.2148655e-22
3.0530122e-22
3.0331774e-22
3.0120508e-22
-2.9895733e-22
-2.9656853e-22
8.8209387e-22
-2.9133876e-22
-5.7696742e-22
-4.7543627e-34
-2.8225775e-22
5.577413e-22
8.2587482e-22
1.5067168e-34
-1.4849768e-34
-3.7420847e-38
-2.5890245e-22
-5.0850015e-22
-2.4936166e-22
7.3268781e-22
-2.6515415e-34
-4.6639657e-22
0
0
2.1448353e-22
-1.151845e-34
1.1099796e-34
1.9181432e-22
-3.6720197e-22
-1.779021e-22
-1.885889e-34
1.6890748e-22
5.0373965e-22
1.6917143e-22
0
0
0
-5.3081456e-22
-3.6504297e-22
5.5517187e-22
-1.9549545e-34
-3.3907626e-22
0
0
3.3428003e-22
-3.711171e-34
-1.7933437e-34
3.1113523e-22
-1.4715016e-22
-2.8811265e-22
-2.9214358e-22
1.373785e-22
4.2061256e-22
1.3511557e-22
0
0
0
-3.5262998e-22
-2.2362747e-22
3.1522228e-22
-2.0128631e-34
-7.7126563e-23
8.8119219e-39
-5.1541516e-23
8.4636058e-23
-2.9059078e-35
-4.7159529e-24
-2.7147574e-23
0
2.6376934e-35
1.5009906e-22
2.0652791e-22
-3.7783582e-22
-2.887733e-22
1.6196164e-22
1.0327229e-34
-2.2002112e-22
7.6643803e-22
5.6862607e-22
-3.066168e-22
-3.3496336e-22
3.7365487e-22
4.0907253e-22
-4.3593753e-22
-4.6952718e-22
2.8632339e-34
-3.094968e-34
-5.8832931e-22
0
-6.7326406e-22
1.4589618e-21
2.3312956e-21
-1.6292025e-21
-1.7121905e-21
-9.0942866e-22
1.0817292e-33
2.0861526e-21
-1.1049837e-21
1.1586506e-21
1.216467e-21
-2.5683184e-21
2.7086484e-21
1.4216552e-21
-1.4938549e-21
-3.1501968e-21
-1.6562346e-21
3.4662499e-21
-1.0078942e-33
1.913931e-21
2.0139424e-21
-6.3092393e-21
2.1887642e-21
2.2893016e-21
-7.2191733e-21
3.5922399e-37
7.9341089e-21
2.7602231e-21
-8.6533212e-21
3.0173424e-21
-6.9749665e-49
5.4577774e-33
6.8399614e-21
-7.1569648e-21
-7.4899926e-21
3.9121559e-21
-4.5296749e-33
-8.5024525e-21
4.4250081e-21
1.3813296e-20
4.7962716e-21
-5.0036546e-21
0
-5.4462735e-21
-1.134134e-20
8.3824285e-37
1.8410667e-20
6.3889893e-21
-1.3305031e-20
9.8393298e-37
1.4405363e-20
-1.4984911e-20
1.2984845e-32
1.6226165e-20
-2.531313e-20
-1.7536636e-20
0
0
9.8500628e-21
3.070831e-20
1.0631128e-20
-3.3131933e-20
1.2743101e-32
2.3857701e-20
-2.4775569e-20
-2.5718091e-20
1.3351375e-20
2.7731858e-20
-1.4395237e-20
-1.4935913e-20
4.648825e-20
1.608541e-20
2.7817632e-32
-9.6175947e-33
-1.7979138e-20
1.8639422e-20
-3.8654411e-20
-6.0152362e-20
0
6.473401e-20
4.4729212e-20
-6.9520508e-20
6.825916e-36
2.4900324e-20
-5.1636535e-20
2.6759893e-20
2.7722677e-20
3.1876935e-32
-2.9743525e-20
-6.1629516e-20
3.1923942e-20
6.6131326e-20
6.8480326e-20
-3.9368724e-32
-3.6709397e-20
3.80063e-20
-7.8681981e-20
-1.2214803e-19
0
1.3084691e-19
9.0282561e-20
-1.4012808e-19
5.365612e-32
4.9980425e-20
-5.1698743e-20
-5.3476507e-20
3.0686233e-32
1.1440292e-19
-3.283178e-32
-1.2230812e-19
7.0176333e-32
7.2542534e-32
1.3510409e-19
2.0946074e-19
-1.4431729e-19
8.2803009e-32
2.56587e-31
-7.9603423e-20
-8.2233655e-20
-1.6988969e-19
2.6322376e-19
9.0622988e-20
-1.8717448e-19
1.9326836e-19
5.6712897e-35
-3.0901336e-19
-1.0633952e-19
1.0977201e-19
3.3989472e-19
-3.8943402e-31
-2.4129953e-19
-1.2449239e-19
2.5690287e-19
3.9757259e-19
-4.1012446e-19
-1.4100523e-19
-1.613991e-31
-1.4996596e-19
3.0928561e-19
-8.8509283e-32
1.6440052e-19
-1.6948171e-19
5.8193061e-31
5.401799e-19
-5.5669839e-19
-5.7367379e-19
0
0
0
2.1546279e-19
6.6578999e-19
2.28569e-19
2.6131647e-31
2.4239149e-19
-7.4873969e-19
-2.5695411e-19
2.6451893e-19
2.7228182e-19
2.8024889e-19
-5.7684683e-19
2.9680775e-19
-3.0540552e-19
1.0465013e-30
6.4652262e-19
-9.975897e-19
-6.8406621e-19
0
7.2352326e-19
4.1296901e-31
-3.8247609e-19
1.179655e-18
4.0422734e-19
-4.1550661e-19
0
0
-4.5099194e-19
-9.2678481e-19
1.0570667e-30
9.7818202e-19
5.023958e-19
-5.1601124e-19
5.2994515e-19
-5.4420495e-19
7.6682582e-47
9.5554298e-31
-1.7669694e-18
0
0
1.273782e-18
1.3071694e-18
6.7065144e-19
-7.6379207e-31
-2.1177612e-18
8.0410756e-31
1.485506e-18
0
-1.5624181e-18
-8.010558e-19
1.642647e-18
-8.4202227e-19
-8.6316105e-19
2.6542347e-18
-9.0677684e-19
3.0948665e-30
1.9044192e-18
-2.9268878e-18
-1.999057e-18
0
0
0
3.3000653e-18
2.2528067e-18
-3.4599089e-18
-2.3614542e-18
0
2.4743492e-18
-1.4056871e-30
-1.2957999e-18
2.6518947e-18
-1.3566603e-18
1.3879437e-18
1.4198029e-18
-4.3567335e-18
2.9705549e-18
3.0378214e-18
-1.5531508e-18
1.5880016e-18
-3.2469323e-18
-4.9786511e-18
0
5.2008434e-18
3.543222e-18
-1.8102561e-18
-1.8495522e-18
2.0976369e-30
-1.9301205e-18
6.5668121e-30
2.0133765e-18
1.141543e-30
-8.4052731e-48
-2.1433916e-18
0
-2.2335486e-18
4.5593687e-18
6.9795908e-18
-7.1222787e-18
-7.2671382e-18
0
5.0422818e-18
5.1432378e-18
-5.2456635e-18
2.6747846e-18
2.7274832e-18
-8.3427957e-18
5.6702663e-18
5.7801774e-18
-2.9458005e-18
-6.0045433e-18
-3.0595052e-18
9.3525118e-18
3.1762695e-18
5.3883488e-30
-6.5922067e-18
-1.9083322e-33
1.0257047e-17
-6.963264e-18
-1.063507e-17
-3.6091887e-18
1.1022377e-17
7.479668e-18
-1.1418942e-17
8.6015963e-30
7.8831843e-18
4.0103884e-18
-2.2646836e-30
-8.3005628e-18
4.6863662e-30
-4.2932276e-18
-4.3658415e-18
1.3317636e-17
4.5133346e-18
5.0936052e-30
-9.327641e-18
1.5786949e-29
1.4451809e-17
-9.7901877e-18
5.5243272e-30
5.6138089e-30
1.1398047e-29
5.2135872e-18
-1.5884944e-17
5.3770699e-18
9.0903343e-30
1.846171e-29
1.6882268e-17
-5.7122117e-18
-1.1595312e-17
6.5318527e-30
-5.9704721e-18
-6.0578236e-18
1.2291583e-17
1.2468733e-17
-7.0191879e-30
-1.923987e-17
7.2181519e-30
6.5944983e-18
-1.3371861e-17
6.7778997e-18
6.8703928e-18
-3.8632347e-30
3.9171125e-30
-7.1508731e-18
1.4490636e-17
-7.340215e-18
2.4767995e-29
2.5082682e-29
-2.2882408e-17
1.5448046e-17
-2.2228476e-33
-1.5836465e-17
8.0158548e-18
2.4341397e-17
8.212048e-18
-2.4931751e-17
9.335697e-30
8.5084375e-18
-1.7215435e-17
1.7414414e-17
4.4003935e-29
-8.9067394e-18
9.0067421e-18
-9.1068745e-18
1.8414231e-17
-9.3074429e-18
-2.8223508e-17
0
0
1.9418394e-17
2.7880667e-33
-1.9820066e-17
1.001036e-17
3.0331785e-17
1.0210716e-17
-3.0932097e-17
-2.9588483e-33
-1.1667876e-29
-2.1219184e-17
3.2126362e-17
5.3995037e-29
-1.0906373e-17
1.1004717e-17
1.1102731e-17
-1.2440502e-29
-1.1297667e-17
2.2789067e-17
-2.2981928e-17
3.8589776e-29
2.3364847e-17
-3.5332213e-17
-2.3743704e-17
1.1965738e-17
3.617711e-17
1.2151721e-17
-1.2243767e-17
0
1.2425844e-17
-1.2515826e-17
-3.7815208e-17
-7.0458821e-30
2.5562451e-17
-1.2868085e-17
-1.29541e-17
2.6078499e-17
-1.312351e-17
1.3206854e-17
2.6578511e-17
-4.0112053e-17
4.4798349e-29
-3.0045732e-29
-2.7217802e-17
2.7372421e-17
1.3762432e-17
1.3837539e-17
1.5455747e-29
-1.3984309e-17
2.8111856e-17
-2.8252683e-17
-4.2586577e-17
0
1.4330115e-17
-7.9905836e-30
-4.1096432e-33
4.3566682e-17
1.4583572e-17
-4.3930612e-17
1.4702104e-17
-2.9103847e-46
-4.4444899e-17
1.4869219e-17
4.4765972e-17
1.4973263e-17
-3.0046045e-17
1.5071256e-17
-1.5117949e-17
5.0499963e-29
3.0413247e-17
-4.5745703e-17
-1.6981691e-29
6.8072596e-29
-3.0729355e-17
3.0800201e-17
1.7133926e-29
-1.5465929e-17
3.0992614e-17
1.5524982e-17
0
0
-3.1201387e-17
3.4686587e-29
8.8917026e-33
1.7385741e-29
1.5677158e-17
1.5691856e-17
-1.570477e-17
-1.5715888e-17
3.1450412e-17
-3.1465443e-17
1.7472054e-29
3.148469e-17
-3.1488861e-17
-5.2436695e-29
1.747689e-29
-1.5739092e-17
3.1467146e-17
-1.5726234e-17
3.4896684e-29
3.1412194e-17
0
-3.1357381e-17
-1.5662269e-17
3.1288077e-17
1.5624005e-17
-1.5602171e-17
2.5946252e-29
1.5553126e-17
0
0
-3.093243e-17
-3.0867433e-17
0
3.0726959e-17
1.5325761e-17
-1.5286323e-17
1.5245178e-17
-1.5202335e-17
0
3.0223224e-17
0
0
-1.4963128e-17
1.6552793e-29
1.4856043e-17
0
-1.4742631e-17
-8.150511e-30
1.4623028e-17
0
-2.8994738e-17
-2.8864633e-17
1.436581e-17
1.5870775e-29
-1.4228514e-17
2.8315529e-17
2.8171282e-17
-2.8024329e-17
-3.9612354e-33
-3.0780118e-29
-3.9176061e-33
2.7410396e-17
-1.3625309e-17
1.5036126e-29
-1.3461911e-17
1.3378452e-17
3.9881562e-17
-3.962443e-17
-1.3121345e-17
1.3033486e-17
1.4368622e-29
1.2854683e-17
-2.5527583e-17
-2.5343886e-17
2.515833e-17
4.1578808e-29
1.2390929e-17
1.2295527e-17
-2.4398609e-17
1.210229e-17
-1.3325127e-29
6.6121168e-30
-1.1806773e-17
-2.3413739e-17
2.321263e-17
2.3010277e-17
0
-1.1301032e-17
-1.2431657e-29
2.2189551e-17
1.2201583e-29
-3.2659795e-17
-2.1563723e-17
0
2.1142468e-17
2.3233392e-29
1.0359254e-17
1.0252827e-17
-3.0438439e-17
5.5711149e-30
1.9864277e-17
-9.8248664e-18
-1.9434905e-17
9.6099236e-18
1.9004613e-17
9.3946279e-18
0
-1.8358389e-17
9.0714927e-18
2.6891509e-17
-8.8562512e-18
-8.7487624e-18
-1.7282789e-17
-8.5341732e-18
1.6854246e-17
8.3202684e-18
8.2136345e-18
-9.0002737e-30
-8.0011221e-18
-7.8952896e-18
-1.557954e-17
-7.6845855e-18
0
0
0
1.4535286e-17
1.4328925e-17
-1.4123488e-17
-7.726112e-30
-7.613172e-30
7.4988896e-30
1.4779985e-29
-1.3111543e-17
0
1.2714566e-17
6.2589459e-18
-6.1612349e-18
6.0641655e-18
5.9677533e-18
0
0
-1.1365222e-17
1.8613844e-29
1.2202953e-29
-1.080782e-17
1.0624998e-17
1.0443708e-17
0
-1.0085819e-17
5.498987e-30
9.7343318e-18
-9.561036e-18
-5.2131623e-30
9.2194278e-18
0
-8.8845806e-18
-4.3598667e-18
8.5566234e-18
-4.1976317e-18
-9.1451812e-30
8.0778415e-18
-7.9218014e-18
-7.7675547e-18
0
0
0
7.1686673e-18
7.0235048e-18
-6.8801775e-18
0
6.5990444e-18
0
3.1626458e-18
-6.191187e-18
-3.0294655e-18
2.9642614e-18
-5.799961e-18
-2.8366219e-18
5.5483687e-18
2.7126666e-18
2.9445736e-30
-2.5923815e-18
5.625383e-30
-1.4072995e-33
-4.8375858e-18
0
2.3075923e-18
4.5066761e-18
2.1999753e-18
0
0
0
1.995346e-18
-3.8927394e-18
-1.8982543e-18
1.8509934e-18
1.8045805e-18
-1.7590095e-18
-1.7142739e-18
3.3407346e-18
0
-3.1700295e-18
-3.0871093e-18
0
0
2.8478924e-18
1.5382711e-30
1.3481023e-18
1.311325e-18
-1.2753012e-18
1.2400231e-18
-1.205482e-18
-2.3433365e-18
-1.1385722e-18
0
2.1489922e-18
1.1581467e-30
-1.0131869e-18
9.8354959e-19
9.5457859e-19
1.8525285e-18
-1.7971929e-18
-8.7156529e-19
2.4020927e-34
-8.193755e-19
1.5883999e-18
-7.6962611e-19
7.4564528e-19
5.3407859e-47
-6.9942288e-19
1.3543205e-18
-1.3109008e-18
-1.2685691e-18
0
5.935518e-19
1.1479352e-18
-3.0800758e-31
-5.363174e-19
-5.1823251e-19
1.0012569e-18
9.6699242e-19
-4.6682703e-19
-9.0122475e-19
-8.6968887e-19
4.195148e-19
8.0922973e-19
-3.9013529e-19
3.7606654e-19
-6.0337463e-31
-3.4912574e-19
6.724768e-19
-6.4746008e-19
-3.458273e-31
1.6643122e-30
-5.7680191e-19
5.5465774e-19
1.1838465e-30
-2.5619332e-19
4.9222875e-19
-2.3635177e-19
6.4488405e-35
-9.6693212e-31
-2.0889235e-19
4.0064914e-19
-4.2637891e-31
1.0211896e-31
-1.7626954e-19
4.7969954e-35
3.2308855e-19
-3.0911689e-19
-8.4023151e-35
6.2748865e-31
-2.7005415e-19
2.5793833e-19
2.7338036e-31
-2.3499352e-19
1.1207187e-19
1.0684803e-19
1.0181945e-19
-9.6979588e-20
1.0249082e-31
1.7567814e-19
0
0
-1.5082371e-19
-2.0349665e-35
1.3588484e-19
-6.4435283e-20
6.7781348e-32
-5.78507e-20
-1.21596e-31
1.0360406e-19
0
4.6261623e-20
-8.7357955e-20
-4.1208608e-20
8.6270761e-32
-3.660023e-20
6.8915808e-20
-3.2422123e-20
3.3838766e-32
5.7304172e-20
0
0
-2.3663517e-20
1.2303989e-32
-2.0749875e-20
1.9411451e-20
5.4442928e-20
-5.0867855e-20
-1.5834922e-20
2.956928e-20
-1.3803835e-20
-2.1460058e-32
-1.2030891e-20
6.3806601e-36
3.4864138e-32
-9.7595161e-21
1.8210273e-20
8.5047992e-21
0
7.4510603e-21
-6.9898339e-21
-6.572322e-21
-6.1996948e-21
1.3032359e-32
-6.1877625e-33
5.8922809e-33
1.0134987e-20
-4.8542145e-21
-7.7841632e-33
9.0632708e-21
-6.2871093e-37
-4.3437715e-21
-8.5846741e-21
-8.5325231e-21
8.5219369e-21
4.7591362e-33
4.3240801e-21
4.3700282e-21
-8.8557229e-21
9.0159189e-21
4.6051545e-21
-1.4179167e-20
-9.7633106e-21
5.0517359e-21
1.0460441e-20
5.4176004e-21
-5.6139075e-21
-1.1632285e-20
1.204113e-20
1.8673876e-20
-6.443328e-21
-6.6908972e-21
-1.3912169e-20
-7.2286975e-21
1.5011561e-20
7.786104e-21
8.0680656e-21
-1.6700969e-20
-8.6318763e-21
1.7833364e-20
-1.8429569e-20
4.9664149e-49
-2.8012465e-36
-2.037376e-20
2.1036525e-20
3.6136904e-32
1.2387534e-32
3.8255225e-32
5.3239193e-49
3.6422292e-20
1.3867434e-32
-1.2843822e-20
-2.6396639e-20
-2.7102786e-20
2.7799467e-20
3.1617822e-32
1.4577282e-20
4.9705009e-32
-1.5279686e-20
3.1290317e-20
0
-1.6371567e-20
1.8564377e-32
-1.7073352e-20
-3.4831236e-20
3.5530225e-20
3.6257931e-20
0
-3.7738454e-20
4.2704107e-32
3.9155163e-20
-3.9836628e-20
-2.2492461e-32
2.0617432e-20
1.165304e-32
6.070784e-36
-2.1720397e-20
2.2067238e-20
2.2402515e-20
-2.2736515e-20
2.5637133e-32
-2.3449966e-20
7.9335511e-32
-2.6840375e-32
-4.9042419e-20
4.971457e-20
5.038729e-20
0
-5.178295e-20
5.8277852e-32
5.3193775e-20
-5.3874647e-20
-5.4550898e-20
2.761785e-20
5.5931263e-20
1.5725025e-32
4.0729173e-36
1.6088419e-32
8.3363927e-36
2.9661418e-20
-5.9990479e-20
-6.0668729e-20
6.1352063e-20
3.4450031e-32
-6.2705426e-20
6.3377398e-20
6.4052314e-20
0
-6.5400718e-20
9.3886613e-36
-3.7030588e-32
-3.7408769e-32
7.5567948e-32
-6.8728692e-20
6.9391516e-20
-7.8907288e-49
-7.0698253e-20
1.0702681e-19
7.2010421e-20
-3.6337481e-20
0
-7.4002086e-20
1.2434784e-31
-4.1817321e-32
-7.5972847e-20
0
0
1.1690646e-19
3.9296797e-20
-3.9625337e-20
3.9954117e-20
-4.0282835e-20
4.0611335e-20
9.0886552e-32
-4.1267337e-20
-4.1594784e-20
-4.1921966e-20
4.2249003e-20
0
0
8.6460184e-20
-4.3557246e-20
-1.3165324e-19
0
4.4538687e-20
8.9731721e-20
6.4223294e-36
4.5520539e-20
1.0180994e-31
-2.6248068e-35
4.6504006e-20
-1.4049389e-19
-1.0468961e-31
2.6358073e-31
-9.560474e-20
9.6247246e-20
4.8446289e-20
-4.8771218e-20
-4.9097291e-20
9.8844214e-20
8.2848822e-32
-1.5018517e-19
1.0075293e-19
-1.6881915e-31
-5.1005268e-20
1.0266181e-19
-5.1670513e-20
5.2018383e-20
8.7176813e-32
-5.2683959e-20
1.0598097e-19
-1.0658539e-19
3.047022e-35
4.1908826e-31
3.0842187e-35
3.6364101e-31
-1.0982848e-19
5.5235645e-20
1.2337898e-31
-5.5885555e-20
1.1243451e-19
1.1308873e-19
-1.1371596e-19
1.9039177e-31
5.7450527e-20
6.4112276e-32
-5.806756e-20
3.3197712e-35
1.1749469e-19
-1.1818212e-19
-1.9790197e-31
1.9894827e-31
-6.663384e-32
1.3392318e-31
-1.2125288e-19
0
0
6.1555847e-20
1.2378274e-19
-6.2220973e-20
1.388526e-31
1.3947494e-31
2.1015959e-31
1.2680075e-19
-6.371547e-20
7.1090155e-32
6.4349312e-20
-6.4648875e-20
7.2102696e-32
6.5232085e-20
0
0
0
-1.3287746e-19
-1.334701e-19
1.3405139e-19
6.7311675e-20
-6.7595297e-20
1.3575881e-19
-1.3633288e-19
-2.7382283e-19
1.3748594e-19
1.3805237e-19
-2.0792021e-19
6.9530242e-31
1.3973352e-19
1.5577888e-31
-7.0424665e-20
-1.4138636e-19
1.4190601e-19
7.1210506e-20
-1.4294847e-19
-7.1748075e-20
0
0
7.2577826e-20
-7.2837462e-20
-1.4617337e-19
2.1998427e-19
1.471324e-19
-1.4761481e-19
7.4057897e-20
-7.4320126e-20
4.9688301e-31
7.486005e-20
-1.5023183e-19
1.5069875e-19
-1.6780624e-31
-1.5156278e-19
1.519882e-19
7.6216906e-20
-1.5290536e-19
7.6696144e-20
1.5387959e-19
-1.5435938e-19
-1.548319e-19
0
1.5574229e-19
-7.8079678e-20
-1.5654244e-19
7.8455599e-20
-7.8652736e-20
1.5774864e-19
-2.6347469e-31
2.6427548e-31
1.5907497e-19
1.7702261e-31
-7.9886119e-20
-1.6014582e-19
1.6055118e-19
8.0482882e-20
-1.613684e-19
-1.6175259e-19
1.6211745e-19
8.1229758e-20
-1.6277592e-19
0
-8.1705243e-20
1.6377755e-19
1.6416245e-19
-1.6452902e-19
-8.2430692e-20
1.6517213e-19
1.654772e-19
0
0
-8.3164284e-20
-1.665946e-19
-8.343624e-20
1.6716641e-19
1.6747038e-19
-1.6777289e-19
1.8652239e-31
1.6831344e-19
-1.68542e-19
1.8738037e-31
8.4505591e-20
-2.5392283e-19
-1.6954681e-19
2.5466514e-19
-2.8299568e-31
-1.7015823e-19
2.5551372e-19
-8.5266137e-20
2.843267e-31
-2.8475046e-31
-8.5597391e-20
8.5701157e-20
-8.5789919e-20
1.7174066e-19
1.7189748e-19
-1.720502e-19
1.9112363e-31
5.7411237e-31
-1.7253354e-19
0
0
8.6451966e-20
1.9209199e-31
-1.7313382e-19
1.7325886e-19
8.6701639e-20
-2.6032571e-19
1.7365967e-19
-1.8153829e-50
5.7887472e-31
1.7387337e-19
1.931539e-31
8.7025531e-20
0
-1.7423911e-19
-1.7429099e-19
1.7433392e-19
3.8720845e-31
-1.744423e-19
1.7450692e-19
3.8764168e-31
1.9390401e-31
-8.7334061e-20
5.8191053e-31
-1.2421215e-50
-8.7394617e-20
2.6222224e-19
-1.7482565e-19
-1.7483522e-19
1.7484754e-19
-9.7088608e-32
-8.7448256e-20
0
0
1.7498947e-19
-1.942739e-31
1.9431454e-31
-2.9927487e-51
1.9429204e-31
1.7500229e-19
-1.7502235e-19
-2.6257708e-19
8.754031e-20
8.7553902e-20
-8.7560077e-20
0
-8.7549893e-20
1.7509916e-19
-2.9154574e-31
5.8328898e-31
1.7518211e-19
1.9453006e-31
8.7636063e-20
0
-1.7534036e-19
-1.7536467e-19
0
0
0
1.7552603e-19
8.7796658e-20
-1.7567174e-19
-1.7575815e-19
1.7585658e-19
-2.9295834e-31
-8.802651e-20
2.6422571e-19
-1.7625545e-19
-1.7637667e-19
8.825522e-20
0
0
0
1.7716552e-19
3.9381873e-31
-1.7754446e-19
1.7775767e-19
1.7798483e-19
-2.6733857e-19
-1.7848101e-19
8.937751e-20
-8.9523289e-20
8.9674609e-20
8.9831734e-20
-8.9997086e-20
0
1.8073354e-19
-2.011119e-31
-9.0774067e-20
1.8197935e-19
9.1216762e-20
-9.1455274e-20
1.0181925e-31
9.1967323e-20
-1.8448918e-19
-1.8506942e-19
0
0
0
1.8764238e-19
2.0910426e-31
-1.8909989e-19
0
1.9068249e-19
-9.5761817e-20
3.2044237e-31
9.6654021e-20
-2.9137884e-19
1.0839716e-31
9.8125875e-20
1.9730852e-19
2.819499e-35
-1.9954156e-19
2.0072095e-19
4.4843414e-31
4.51252e-31
-1.0325658e-48
4.5717747e-31
2.0730851e-19
0
-2.1028192e-19
-1.0591724e-19
1.516543e-35
-1.0754477e-19
2.1680222e-19
-1.3868535e-48
-2.2040868e-19
0
1.1213662e-19
2.2630987e-19
1.1421189e-19
-1.1530732e-19
-1.5233822e-35
1.0186566e-19
0
0
-2.3240767e-19
-2.3635096e-19
2.3992896e-19
-2.7015519e-31
-2.4668366e-19
0
0
2.5703246e-19
-1.302373e-19
8.7898256e-31
1.3366897e-19
6.0129833e-31
2.7435956e-19
0
0
-1.4274443e-19
1.6065872e-31
-1.466977e-19
-2.9746577e-19
0
0
0
3.1480656e-19
3.1943e-19
0
-3.2881519e-19
-5.0042543e-19
-1.6928833e-19
5.1560564e-19
3.4908528e-19
-3.5456487e-19
-1.8005861e-19
1.8286034e-19
3.7140029e-19
-3.7720434e-19
-3.8317065e-19
5.8396281e-19
3.9560356e-19
0
0
-2.076143e-19
4.684968e-31
2.1442612e-19
-4.3584348e-19
-4.4296841e-19
0
0
0
4.7283164e-19
1.0673168e-30
-4.8874582e-19
-2.485495e-19
5.0578994e-19
-1.7146884e-30
1.746089e-30
5.3402303e-19
6.0399827e-31
-2.7694928e-19
-5.6355636e-19
0
0
0
5.976702e-19
6.0617794e-19
0
-6.2636429e-19
7.1011173e-31
-3.2748691e-19
2.23985e-30
6.9103811e-19
-7.0913888e-19
-3.6020901e-19
-3.6129664e-19
3.6246413e-19
3.6713747e-19
-3.7480525e-19
-3.8385144e-19
3.9288879e-19
1.2023505e-18
4.069772e-19
0
-4.1725569e-19
-6.0202557e-35
-4.3152551e-19
-8.8110338e-19
9.0037973e-19
4.5969289e-19
-4.6824301e-19
4.753825e-19
-4.816699e-19
-1.4664172e-18
1.6302766e-48
1.5262917e-18
-5.1985328e-19
1.7637624e-30
-5.0458274e-48
-5.4382232e-19
5.5132973e-19
-5.6090581e-19
1.1441089e-18
-1.2952152e-30
-5.9353458e-19
1.2051251e-18
-6.1156518e-19
-1.2433645e-18
1.2663205e-18
2.8669579e-30
-1.9745977e-18
1.3410079e-18
-6.848232e-48
4.6171369e-30
7.0363376e-19
-1.4258661e-18
1.4408445e-18
-1.6124051e-30
-7.3099737e-19
-2.0731701e-48
-7.4105989e-19
1.5121412e-18
1.5550595e-18
0
-1.689029e-18
-1.7203376e-18
-7.1331103e-19
1.6640622e-18
2.5283454e-18
-8.3645085e-19
-2.6358908e-18
4.0218487e-30
9.1924781e-19
1.0397601e-30
2.1252546e-30
9.7437458e-19
-9.8914457e-19
6.6897435e-30
3.0600334e-18
-1.0352278e-18
2.3319163e-30
1.0651147e-18
0
-2.1923179e-18
-2.2240038e-18
0
0
0
-1.1781139e-18
-3.9809582e-30
1.3459396e-30
2.4595631e-18
-9.7047356e-48
1.2639454e-29
1.2829022e-18
-3.9027344e-18
2.6381e-18
1.3373123e-18
-4.0671313e-18
1.5260376e-30
1.393006e-18
0
0
2.9004578e-18
-3.2629484e-30
3.3071284e-30
3.0175836e-18
-3.0572732e-18
6.8782138e-30
1.5687825e-18
3.5288838e-30
-3.574015e-30
-3.2601579e-18
3.6658406e-30
3.7123543e-30
1.6928222e-18
-1.7138602e-18
1.156308e-29
5.2770406e-18
-1.7807731e-18
3.9962242e-30
1.8211359e-18
0
-3.7356647e-18
-3.7792523e-18
1.9120698e-18
-2.1485037e-30
-1.9580502e-18
3.9620241e-18
1.3350786e-29
-4.0550665e-18
4.1020011e-18
-2.0745867e-18
1.3977951e-29
2.1222107e-18
9.5305379e-30
4.3407196e-18
-4.3892514e-18
-4.4380522e-18
0
0
0
4.6358412e-18
1.0404834e-29
-4.7362551e-18
4.7868314e-18
4.837633e-18
0
-4.9398984e-18
5.5411904e-30
2.5215493e-18
-2.5475209e-18
-2.5735968e-18
-5.1995471e-18
5.8313837e-30
2.6524413e-18
-2.6789359e-18
6.0074863e-30
-6.0675209e-30
5.5179859e-18
5.5717082e-18
6.2464837e-30
2.8398522e-18
0
0
-5.8430506e-18
-5.8978185e-18
0
6.0077939e-18
6.7317115e-30
-6.118346e-18
0
-3.1147282e-18
6.2852084e-18
-1.0559343e-29
-3.1985315e-18
9.6797329e-18
-6.5093573e-18
2.1866665e-29
9.9331135e-18
-3.3392854e-18
-6.7351448e-18
3.3958993e-18
1.5207778e-29
-6.9053533e-18
3.4811188e-18
-3.5095866e-18
3.5380763e-18
1.0699768e-17
-7.1902541e-18
-3.6236874e-18
-3.6522647e-18
3.6808536e-18
-1.6499479e-47
-3.738061e-18
3.7666756e-18
-7.5905815e-18
-7.6478036e-18
1.1557521e-17
1.552442e-17
-3.9096935e-18
1.3117353e-29
3.9668329e-18
0
0
-4.0524281e-18
9.0625856e-30
4.1093409e-18
-8.2754888e-18
-8.3322334e-18
0
0
4.2509885e-18
-9.5029048e-30
-8.6146506e-18
4.3354243e-18
1.3090412e-17
-8.7829076e-18
2.9439518e-29
-1.4808692e-29
-4.4749748e-18
1.3508037e-17
-4.5303139e-18
-9.1157404e-18
0
0
0
9.334417e-18
9.3886568e-18
0
-9.4965532e-18
-1.4325258e-17
9.6035667e-18
-1.6077947e-29
-9.7097331e-18
4.8812515e-18
-4.9075185e-18
5.4778096e-30
1.4878988e-17
-1.4169759e-33
-1.0022591e-17
0
1.0124862e-17
1.0175586e-17
0
-5.1380693e-18
1.1465605e-29
-1.0375536e-17
-1.0424809e-17
5.2368884e-18
0
0
5.3093497e-18
-5.3331643e-18
-5.3568101e-18
1.0760573e-17
1.0807181e-17
-1.0853434e-17
5.4449566e-29
1.6417262e-17
-5.4949989e-18
6.1259368e-30
-5.5396282e-18
-1.112336e-17
0
0
0
1.1295778e-17
1.1337799e-17
-1.7069106e-17
-1.1420611e-17
1.2725556e-29
1.1501847e-17
-1.1444695e-47
-1.1581433e-17
5.8102788e-18
0
-5.8486962e-18
3.5987413e-48
5.8862246e-18
5.9046753e-18
-1.3879161e-47
-5.9408621e-18
1.1917134e-17
1.1952055e-17
0
-6.0103014e-18
1.338458e-29
-6.0436612e-18
-1.2119897e-17
1.2151949e-17
6.0917555e-18
-6.1072972e-18
-1.2245178e-17
-6.1376153e-18
1.8457131e-17
-1.3692373e-29
-1.8543525e-17
1.2390446e-17
1.862703e-17
0
-6.2357197e-18
-1.2497304e-17
-6.2613307e-18
1.2547536e-17
-2.7915257e-29
-6.2978808e-18
1.2619054e-17
-6.3208928e-18
-1.2663961e-17
1.2685583e-17
2.8214446e-29
-1.9090793e-17
-6.3736021e-18
1.9150021e-17
-5.3384236e-48
-1.2804001e-17
6.4109125e-18
1.2839078e-17
-2.8545532e-29
-6.4359491e-18
1.8314215e-33
-6.4512571e-18
1.2916982e-17
1.2930882e-17
0
-1.2956996e-17
2.8797511e-29
1.8447062e-33
1.4425079e-29
1.3002689e-17
-1.3012652e-17
-1.9533063e-17
8.1023437e-49
6.519613e-18
0
0
-6.5304523e-18
1.3066943e-17
-2.1764836e-29
4.3553585e-29
1.3081796e-17
1.452802e-29
6.5445112e-18
0
-1.3093946e-17
-1.3095563e-17
0
0
0
1.3096507e-17
4.3618963e-29
2.9068024e-29
-6.5456584e-18
4.3594401e-29
1.0687389e-48
-1.3081248e-17
1.9615222e-17
-6.5359254e-18
-1.3066361e-17
7.2504112e-30
-6.622134e-49
6.5233644e-18
0
-6.5155079e-18
6.5111899e-18
6.5066169e-18
6.5017939e-18
1.2993441e-17
-1.298279e-17
1.440232e-29
6.4799749e-18
-1.9421651e-17
-6.4675449e-18
6.4609654e-18
6.4541479e-18
7.1572478e-30
-1.2879569e-17
7.1416749e-30
6.4244502e-18
1.283286e-17
6.4081779e-18
7.1055446e-30
6.3909813e-18
0
-1.2745681e-17
-1.2726843e-17
0
0
0
1.2647144e-17
5.6074937e-29
-1.8907055e-17
-6.9844227e-30
1.8840763e-17
-6.2688863e-18
4.1682967e-29
6.2455369e-18
-1.8700683e-17
6.9057988e-30
6.2090081e-18
1.2392865e-17
6.1836607e-18
-1.2341389e-17
6.1575389e-18
1.3641985e-29
-3.484884e-33
1.7385458e-33
2.7103068e-29
1.2177971e-17
-1.2149432e-17
1.3455639e-29
6.0456526e-18
-1.2061741e-17
-6.0159233e-18
1.2001615e-17
5.9855205e-18
-1.1940129e-17
-5.9544429e-18
0
1.184547e-17
1.1813316e-17
-5.8904302e-18
1.3044673e-29
5.8575083e-18
0
0
-1.1614051e-17
-1.1579857e-17
1.1545391e-17
1.6357624e-33
-1.1475648e-17
0
1.1404859e-17
2.7696169e-47
-1.6999593e-17
-5.648393e-18
5.6301269e-18
-1.2459764e-29
1.1186466e-17
1.6723873e-17
0
-5.5371062e-18
1.2252058e-29
-5.4991634e-18
-1.0960064e-17
0
5.4414742e-18
1.0844106e-17
5.4025381e-18
-1.6148787e-17
-1.0279535e-46
5.3434405e-18
1.1822968e-29
-5.3036197e-18
3.5193533e-29
1.0526966e-17
-1.048659e-17
-5.2230305e-18
5.2026959e-18
1.0364587e-17
-1.032365e-17
-5.1412894e-18
1.5362056e-17
5.1000146e-18
0
0
-5.0376436e-18
1.1140852e-29
4.9958101e-18
-9.9496339e-18
-9.9075412e-18
0
0
0
0
9.6956864e-18
-1.3717853e-33
-1.4415604e-17
9.567653e-18
1.4287254e-17
0
-4.7195093e-18
1.0433024e-29
-4.6764933e-18
-9.309891e-18
0
0
0
9.137056e-18
9.0937688e-18
0
-9.0071124e-18
-1.3445607e-17
-4.460168e-18
1.3315376e-17
8.8334886e-18
-8.7900512e-18
-4.3733038e-18
8.7031539e-18
4.3298444e-18
-1.2924333e-17
-4.2863791e-18
4.2646514e-18
8.4858575e-18
8.4424209e-18
0
-4.1777927e-18
1.8456169e-29
4.1344032e-18
-8.2254495e-18
-8.1821197e-18
0
0
0
8.0090889e-18
1.7686739e-29
-7.9227706e-18
-3.9398372e-18
7.8366227e-18
1.24264e-47
5.1626383e-29
1.2398256e-47
-3.8324304e-18
3.8110215e-18
-3.7896415e-18
0
7.4939336e-18
3.7256726e-18
5.2642809e-34
3.6831769e-18
0
0
-7.2393571e-18
-1.0795744e-17
7.1550405e-18
-1.184677e-29
-1.060652e-17
3.5145576e-18
3.4936459e-18
6.9455465e-18
-1.533068e-29
-6.8623005e-18
0
0
0
0
0
0
0
-3.266378e-18
-3.2459867e-18
9.6769259e-18
6.41069e-18
-3.1850962e-18
3.1648942e-18
-6.2894845e-18
-3.1246414e-18
3.1045917e-18
-6.1691877e-18
-3.0646465e-18
0
0
3.0051176e-18
3.3146501e-30
6.5851716e-30
5.8921389e-18
3.2496877e-30
-2.9069781e-18
5.7750333e-18
6.3688932e-30
-2.8487595e-18
5.6589309e-18
-2.8102288e-18
-8.3731515e-18
-2.7719307e-18
0
0
2.714922e-18
-2.9933919e-30
-2.6772092e-18
2.6584436e-18
2.6397391e-18
0
2.6025115e-18
5.1679823e-18
-2.565531e-18
-5.0942623e-18
0
5.0210412e-18
5.5343927e-30
-7.422483e-18
-2.4560751e-18
2.4380544e-18
3.4391659e-34
2.4022058e-18
2.384378e-18
-1.3666387e-47
-2.6083153e-30
-4.6625516e-18
-2.3137063e-18
0
6.8362966e-18
2.2613946e-18
-6.7322687e-18
4.9449132e-30
4.4193495e-18
2.4347075e-30
-2.1755293e-18
0
0
2.1248183e-18
4.2161003e-18
-2.0913478e-18
-6.2241446e-18
-2.0581506e-18
0
0
2.00887e-18
-4.4241385e-30
-1.9763633e-18
1.9602118e-18
1.9441313e-18
1.9281204e-18
1.9121791e-18
1.8963088e-18
-1.8805086e-18
-3.7295603e-18
0
3.6670614e-18
3.6360256e-18
-3.6051309e-18
-5.3615682e-18
1.9675658e-30
-1.9504016e-30
1.9333224e-30
1.7264038e-18
1.7113845e-18
1.6964386e-18
-3.3631283e-18
-1.6667623e-18
-1.6520335e-18
-1.6373772e-18
3.2455891e-18
1.6082826e-18
0
-1.5794768e-18
5.2132191e-30
1.7222461e-30
1.7058825e-30
1.5227447e-18
1.5087462e-18
2.9896382e-18
-1.4809653e-18
-2.9343729e-18
0
-1.4398488e-18
-1.4262913e-18
0
1.3993999e-18
-3.0774827e-30
-1.9508684e-34
-1.9321287e-34
-1.3465011e-18
1.3334625e-18
3.9614955e-18
-2.9036624e-30
-2.5895917e-18
0
0
2.5135922e-18
2.4885569e-18
0
-2.4389382e-18
-1.2071772e-18
1.1949602e-18
-1.1828156e-18
-2.3414925e-18
1.1587523e-18
1.1468324e-18
-1.134988e-18
-2.2464362e-18
-1.1115237e-18
1.0999041e-18
1.0883568e-18
1.0768853e-18
0
0
-1.0429183e-18
-8.5801713e-48
1.0206469e-18
-1.0096228e-18
9.9867074e-19
9.8779458e-19
-9.7699288e-19
0
-9.5561056e-19
-9.4503009e-19
0
9.2409275e-19
1.0145114e-30
-9.0344756e-19
0
0
8.7303137e-19
1.7260731e-18
2.8415056e-30
-8.4326826e-19
0
0
8.1416508e-19
-8.0460703e-19
7.9512165e-19
2.3571176e-18
-1.5527253e-18
-2.3012758e-18
-7.578937e-19
0
1.4794186e-18
7.3072234e-19
-7.218062e-19
-1.4259167e-18
-7.0418188e-19
1.3909524e-18
6.8684128e-19
0
0
0
-6.529874e-19
-9.1616446e-35
-2.1200949e-30
-6.2831411e-19
1.2404553e-18
6.1220831e-19
-6.0425355e-19
0
5.8854575e-19
5.8078949e-19
-5.731011e-19
-5.6547899e-19
-5.5792329e-19
-5.5043201e-19
1.6290097e-18
3.8114105e-47
-1.0566808e-18
1.0422057e-18
1.141228e-30
-1.0136432e-18
-3.0387991e-48
4.9279294e-19
4.8586961e-19
-4.7900948e-19
4.7220935e-19
1.3964078e-18
-9.1758294e-19
-1.3565216e-18
-4.4561687e-19
0
8.6535351e-19
4.2629601e-19
-4.1997214e-19
-4.1370568e-19
9.0465375e-31
4.0134713e-19
0
0
0
0
0
0
0
-3.541373e-19
3.4848113e-19
3.4287606e-19
-6.7464541e-19
-2.6359381e-49
3.2637198e-19
6.4194492e-19
1.4016547e-30
-9.3098017e-19
-2.5144573e-49
4.2615442e-35
5.8945614e-19
2.6409106e-47
-8.5370967e-19
2.7956119e-19
2.7460022e-19
-2.6968587e-19
2.6481829e-19
2.5999396e-19
-2.5521514e-19
5.0096395e-19
-2.457903e-19
8.0297817e-31
7.0961718e-19
-4.639571e-19
-6.8238177e-19
-2.2298172e-19
0
0
2.0979434e-19
2.0547997e-19
-2.0120297e-19
-2.1868687e-31
1.9276372e-19
0
0
0
0
0
0
0
3.2098887e-19
-1.5662012e-19
-4.5834235e-19
1.4897344e-19
-2.0633899e-35
1.4145718e-19
-3.0591528e-31
1.190816e-30
1.3041876e-19
-2.5360551e-19
-1.2321805e-19
0
0
1.1263901e-19
1.091688e-19
-1.0572726e-19
1.1361485e-31
2.5965871e-48
1.0608853e-31
1.8448653e-19
-1.9750965e-31
9.5110078e-32
1.6481513e-19
-7.9179188e-20
-2.279321e-19
-7.2799945e-20
0
0
6.3413668e-20
1.8099769e-19
-5.7270952e-20
-1.0846623e-19
1.5365685e-19
-1.0707811e-31
-9.0515043e-20
0
0
0
0
6.1439719e-20
6.1897631e-32
-7.5147436e-20
4.4490091e-20
1.9459102e-20
-5.0078238e-20
1.3944687e-20
1.1213713e-20
9.4341973e-33
1.1659862e-48
-6.2688784e-21
-4.4635465e-22
0
-1.3039612e-20
-6.9526258e-21
1.9090045e-20
1.2107702e-20
-3.254186e-32
1.899266e-48
-1.8931853e-48
-4.4422014e-20
-2.7422289e-32
-3.0162453e-32
-5.9252317e-20
-3.5600763e-32
6.8975784e-20
7.3800167e-20
3.9291273e-20
0
-4.4021841e-20
-6.5896084e-36
4.8701623e-20
-5.101796e-20
-5.3319662e-20
0
0
0
6.2362753e-20
-1.4340818e-31
-6.67943e-20
-1.3797812e-19
7.1168245e-20
-4.8836678e-31
-7.5476761e-20
1.5521393e-19
7.9722598e-20
-8.1824272e-20
-8.3911657e-20
-1.9091002e-31
-1.7607889e-19
9.0078398e-20
1.8420213e-19
0
9.6101495e-20
9.8080031e-20
-1.0004308e-19
-1.0198938e-19
0
1.0583041e-19
-2.3920162e-31
-1.0960839e-19
0
-1.1332499e-19
1.1515766e-19
1.1697252e-19
-1.1877024e-19
0
1.2231766e-19
1.2406713e-19
0
-1.2751268e-19
1.4345913e-31
1.3088661e-19
0
0
-1.358195e-19
-1.3742672e-19
1.3901508e-19
-1.4058572e-19
-4.2641828e-19
1.4367562e-19
-6.4478467e-31
-2.9337796e-19
0
2.9924378e-19
3.0212298e-19
1.5248374e-19
1.5388696e-19
0
-1.56629e-19
-1.5796795e-19
0
0
1.618721e-19
1.6313456e-19
-1.6437499e-19
-1.6559292e-19
0
0
0
0
1.7137388e-19
1.7246651e-19
-3.4707214e-19
-1.7458334e-19
1.7560956e-19
0
1.7760061e-19
1.7856269e-19
3.5900079e-19
1.8041628e-19
2.0130732e-31
1.8218025e-19
-5.4908966e-19
4.6894792e-49
3.6932719e-19
-3.7088656e-19
4.1347125e-31
-4.1507317e-31
-3.7528865e-19
-2.0908017e-31
1.8900206e-19
-1.8964474e-19
-1.9026257e-19
0
3.8285684e-19
5.7593422e-19
1.9250504e-19
0
-3.8697314e-19
-1.9394071e-19
1.9437149e-19
0
1.9516588e-19
5.5572538e-35
-1.9586664e-19
0
0
0
0
0
1.9740287e-19
1.9757719e-19
-3.95455e-19
-1.9785427e-19
1.979587e-19
0
-1.9810158e-19
-3.962768e-19
1.9815136e-19
3.9627934e-19
1.9810379e-19
-3.9609064e-19
-6.5931235e-31
5.9358504e-19
-1.9773659e-19
-1.9758938e-19
1.9742021e-19
-1.9722933e-19
-5.9105075e-19
-1.177054e-50
1.9652794e-19
-1.9625147e-19
-1.9595381e-19
5.8690571e-19
3.9059211e-19
-2.1640918e-31
1.9455675e-19
0
-1.9373649e-19
-1.9329632e-19
0
1.9235745e-19
3.8371854e-19
-1.913421e-19
8.4745746e-31
-4.2246969e-31
-3.7935613e-19
0
0
0
-1.8720647e-19
1.8654478e-19
-8.2541094e-31
-1.8517054e-19
3.6891728e-19
-1.8373055e-19
-3.6597283e-19
3.6445286e-19
1.8145083e-19
2.5673321e-35
3.9154335e-50
-5.3710088e-19
1.781988e-19
5.3204933e-19
-5.2946016e-19
-1.7560989e-19
5.2415887e-19
-3.85925e-31
-3.4580047e-19
-2.4438647e-35
1.7103086e-19
1.7007799e-19
4.8064908e-35
-3.3627468e-19
-3.343005e-19
1.6615234e-19
4.9543141e-19
1.6412484e-19
0
0
-1.6100906e-19
-1.599522e-19
1.588866e-19
-7.0082758e-31
1.5672956e-19
-6.9117403e-31
-4.6361957e-19
-3.0686799e-19
1.6912143e-31
3.0240372e-19
1.5007581e-19
-2.9788666e-19
-9.8464014e-31
4.3998111e-19
-2.9102158e-19
-1.4435629e-19
4.2959117e-19
-1.5771881e-31
1.5638143e-31
-1.3969238e-19
-1.3851609e-19
2.7467297e-19
1.3615391e-19
0
0
-1.3258993e-19
-7.4690557e-35
-1.4454419e-31
-2.580116e-19
2.8379144e-31
1.2660987e-19
-1.2541057e-19
1.3787488e-31
-1.3655962e-31
1.2180899e-19
1.2060838e-19
1.6968942e-35
1.1820901e-19
0
0
-1.1461675e-19
1.259154e-31
1.1222857e-19
-1.1103747e-19
-2.4392864e-31
-1.0866223e-19
-2.1495665e-19
-1.0629712e-19
1.0511885e-19
2.0788739e-19
0
1.016036e-19
-2.0087837e-19
-9.9278872e-20
9.8122847e-20
-2.1533307e-31
-2.1274419e-31
-1.8936084e-19
9.3541642e-20
1.8481601e-19
0
9.0157486e-20
-1.9772268e-31
-8.7929275e-20
0
0
0
0
8.2456994e-20
1.1565048e-35
-8.0313108e-20
-1.5850152e-19
2.222427e-35
7.7145302e-20
-1.5220606e-19
7.5068091e-20
2.2212148e-19
-7.3020169e-20
3.1975483e-31
1.4200193e-19
-7.000232e-20
-7.6622942e-32
-2.2656554e-31
-1.4888822e-31
6.6085968e-20
0
-1.2834858e-19
-1.8969096e-19
6.2294605e-20
1.8410179e-19
6.7115311e-32
-5.9537283e-20
0
0
-1.1370614e-19
1.2426627e-31
1.1021234e-19
-1.0849098e-19
1.1854887e-31
5.2548934e-20
5.1713255e-20
5.0886266e-20
-5.0068044e-20
0
4.8457582e-20
-9.5330057e-20
-4.6880915e-20
9.2210823e-20
4.5338631e-20
6.3352792e-36
-8.7662197e-20
-9.5679327e-32
4.2357682e-20
-4.1633795e-20
-8.1837112e-20
4.0211944e-20
7.9027649e-20
-7.7648197e-20
3.8142763e-20
1.1240965e-19
-3.6805535e-20
-3.6149689e-20
0
0
3.4232046e-20
-7.463241e-32
-3.2994862e-20
-3.238873e-20
-4.5177431e-36
3.1200865e-20
-3.0618869e-20
-3.335009e-32
2.9478897e-20
0
2.8371052e-20
-3.0890355e-32
-2.7294311e-20
2.6767401e-20
2.6248407e-20
-5.1474401e-20
-7.570061e-20
2.4737327e-20
4.8496819e-20
-2.3766711e-20
2.3292308e-20
4.5650026e-20
-2.2364992e-20
-4.3824147e-20
2.1468386e-20
2.1031518e-20
-4.1196626e-20
-2.0172529e-20
-1.9754758e-20
2.1474592e-32
5.681919e-20
1.8542327e-20
-1.8151397e-20
0
0
1.7016439e-20
-1.6650846e-20
-1.6291607e-20
1.5938634e-20
0
-3.050168e-20
6.6243366e-32
2.9172814e-20
-1.426289e-20
-1.394516e-20
1.3633153e-20
-1.4796645e-32
-2.2960149e-49
-1.4136576e-32
-5.5322318e-50
-1.2156117e-20
-2.6369982e-32
2.3205024e-20
0
1.1069173e-20
-1.0809998e-20
2.3440101e-32
2.3768725e-50
-1.0062084e-20
2.9466857e-20
9.5870197e-21
-1.8712513e-20
-9.1300224e-21
-8.9083544e-21
8.6912107e-21
8.4783977e-21
-1.6539405e-20
-8.9557044e-33
-7.8643846e-21
3.4054011e-32
-4.9796545e-32
-1.6179155e-32
1.4205025e-20
0
-6.7447913e-21
6.5712736e-21
-6.4013674e-21
-6.2351153e-21
1.214498e-20
0
-1.1515256e-20
1.2445009e-32
1.0911418e-20
5.3094942e-21
2.7230884e-50
-1.0053454e-20
-4.8901447e-21
9.5131082e-21
4.6258049e-21
4.9926644e-33
-8.7454484e-21
-4.2504303e-21
8.2618855e-21
0
3.9000136e-21
-3.7883446e-21
-3.679135e-21
7.1448652e-21
9.8574793e-37
-4.7843626e-37
3.2674954e-21
-3.1705025e-21
-3.0756354e-21
0
2.8924391e-21
3.113844e-33
-5.4360123e-21
-2.633859e-21
2.5516435e-21
-2.4713922e-21
-1.1882731e-49
6.9512897e-21
-2.4905477e-33
-2.170258e-21
-2.0991993e-21
-4.0592614e-21
1.9617133e-21
3.7916882e-21
0
0
1.7094319e-21
-3.6635021e-33
1.7666387e-33
3.4072607e-33
-1.4790305e-21
-1.4255136e-21
-1.5250997e-33
2.6465777e-21
3.776383e-50
1.7412147e-37
1.3081823e-33
-2.2629264e-21
-1.2063572e-33
1.043473e-21
1.001583e-21
-9.6062874e-22
-9.2048086e-22
1.762245e-21
-1.8710453e-33
1.78863e-33
8.5464888e-34
-7.3513382e-22
0
0
0
0
-5.7346883e-22
-5.4404706e-22
5.156209e-22
-4.8789701e-22
-4.1523214e-50
1.3020835e-21
-4.0805139e-22
-3.8305906e-22
-3.9864044e-34
3.3587682e-22
3.1316428e-22
-5.8169762e-22
-2.9866945e-34
4.9598276e-22
2.2787245e-22
-2.0852976e-22
-1.8969935e-22
0
0
-1.3511391e-22
-1.1818622e-22
2.0431151e-22
8.671057e-23
-7.9438411e-35
2.885477e-51
-4.1683195e-23
-5.4704062e-23
-6.1634683e-35
3.65097e-24
1.0994818e-23
2.3138533e-23
-7.0571469e-23
1.0489958e-34
6.5144145e-35
9.8426775e-39
-1.8758627e-51
-9.8705601e-35
9.8502546e-23
0
1.1695667e-22
1.2616586e-22
-1.2435176e-22
-1.2328118e-22
2.7110447e-22
-3.3334584e-34
-1.624729e-22
1.7144605e-22
-1.7534356e-22
3.9657991e-34
-1.8473021e-22
-1.9241337e-22
4.0192401e-22
4.6359673e-34
2.1378311e-22
-6.1612448e-38
-2.2006157e-22
-2.2503056e-22
-2.3080658e-22
2.3706604e-22
2.4282948e-22
2.4611329e-22
-4.9613046e-22
-2.509351e-22
7.6504925e-22
5.776406e-34
-5.299681e-22
5.3593675e-22
5.9821488e-34
-5.4197502e-22
5.4771708e-22
7.8884981e-38
-8.4446415e-22
2.8497495e-22
2.8639767e-22
-2.8666706e-22
-2.8807998e-22
-2.90644e-22
2.9412975e-22
5.9521622e-22
4.2542599e-38
-5.9830234e-22
2.9871816e-22
9.0014659e-22
-3.0252957e-22
-6.1125809e-22
0
-3.1025959e-22
-3.4367195e-34
3.083746e-22
-3.0901638e-22
-8.8455383e-38
6.2795212e-22
-3.1647463e-22
-3.1831926e-22
3.1814857e-22
0
-3.1628369e-22
-3.1787708e-22
3.2008081e-22
6.4419875e-22
3.2387083e-22
-6.4823507e-22
-3.2299791e-22
3.2239761e-22
0
3.2495062e-22
-3.2676349e-22
-3.285549e-22
3.2897775e-22
0
-3.2736824e-22
-3.2802362e-22
6.5885618e-22
3.3110461e-22
-3.3269612e-22
0
-3.3273944e-22
4.7266061e-38
3.3327298e-22
3.3477944e-22
-3.3636246e-22
1.4960547e-33
1.0091411e-21
-3.7290294e-34
-6.7331665e-22
-3.3834078e-22
-3.4019958e-22
3.417979e-22
3.4158886e-22
-3.3990655e-22
-3.3923235e-22
3.4062252e-22
1.0284512e-21
-3.450563e-22
-6.9443925e-22
0
6.9146119e-22
2.7368174e-52
-1.0378464e-21
3.4805926e-22
3.5043219e-22
-3.5276296e-22
3.5389027e-22
5.021178e-38
-7.0495826e-22
7.7637342e-53
1.0645662e-21
1.5862397e-33
-7.1867299e-22
0
3.6109119e-22
3.6061325e-22
0
-3.6268014e-22
-3.6492227e-22
-3.6711393e-22
-3.6854918e-22
3.6884745e-22
3.6869531e-22
0
-3.7124798e-22
3.735321e-22
1.1275784e-21
-4.1848592e-34
-3.7690175e-22
-3.7696036e-22
3.7831886e-22
-8.4496493e-34
-7.6589312e-22
-3.8520093e-22
-3.8597727e-22
7.7125857e-22
1.1579849e-21
-8.6086899e-34
-1.1710449e-21
-3.9304674e-22
5.611894e-38
1.3163135e-33
3.946602e-22
3.9536262e-22
8.8232839e-34
-4.0010332e-22
4.0285468e-22
-8.984218e-34
-8.0976235e-22
-1.1502851e-37
1.2174236e-21
2.7167517e-33
-8.2070773e-22
0
4.137677e-22
-4.1384661e-22
-8.2892645e-22
4.1597807e-22
4.1840117e-22
-4.2097502e-22
8.4451137e-22
4.2209331e-22
-1.2654251e-21
-9.391924e-34
8.4994566e-22
6.0757721e-38
4.7752813e-34
4.311891e-22
-4.3040002e-22
4.2986549e-22
-4.3108354e-22
-8.6638027e-22
4.3573225e-22
0
-4.3932545e-22
4.3854436e-22
4.3781833e-22
-8.7738839e-22
5.1058784e-53
4.4282779e-22
-4.4508314e-22
4.954595e-34
-4.4574368e-22
1.2647131e-37
1.336414e-21
-4.959944e-34
4.9813282e-34
-4.5059182e-22
-4.5148255e-22
1.3533536e-21
-1.0002377e-33
3.0029889e-33
4.5185602e-22
-9.0663291e-22
5.0495608e-34
9.1040691e-22
-9.0907735e-22
-9.0780186e-22
4.5430431e-22
-4.5528287e-22
-4.5644009e-22
4.5749734e-22
4.5734294e-22
0
-4.5558739e-22
1.0122866e-33
9.1372751e-22
-1.4120707e-52
-4.5832558e-22
9.1531608e-22
1.0135753e-33
-9.1192046e-22
0
0
-4.5757284e-22
4.5720895e-22
4.559763e-22
-9.1000866e-22
5.0480515e-34
-1.0107256e-33
5.0586338e-34
4.5538028e-22
4.540503e-22
-1.5071591e-33
-4.5197309e-22
9.0411112e-22
4.5241491e-22
-1.358317e-21
1.003096e-33
1.3479825e-21
-4.4751053e-22
9.9290276e-34
4.475993e-22
-8.9611254e-22
9.9527193e-34
-4.4684757e-22
-8.8824261e-22
8.8400645e-22
4.4149397e-22
-8.8335706e-22
-4.4191193e-22
4.4210824e-22
4.4104274e-22
0
0
0
-4.3497346e-22
-6.1807874e-38
4.3491962e-22
8.6840112e-22
-9.5983584e-34
-8.597037e-22
8.5679759e-22
1.8998791e-33
-1.2825297e-21
4.2730305e-22
4.2657786e-22
-8.495027e-22
4.6892564e-34
-9.3459297e-34
4.6653413e-34
1.7897518e-37
-4.1962885e-22
4.1848157e-22
4.1619764e-22
-4.138685e-22
4.1272659e-22
2.9478034e-51
9.146089e-34
9.1489896e-34
-4.1056464e-22
4.0792186e-22
8.1116081e-22
1.7967878e-33
-4.0444875e-22
8.0877337e-22
-4.0397675e-22
-4.0256603e-22
8.0064338e-22
-3.9865761e-22
-7.9546938e-22
0
-3.9744437e-22
-3.9630928e-22
3.9414319e-22
7.8423524e-22
-3.9119393e-22
-3.9117566e-22
7.8271071e-22
5.5591273e-38
-3.8946267e-22
3.8648926e-22
-3.8444825e-22
-3.8405662e-22
3.8456007e-22
7.7027815e-22
1.0952266e-37
-1.1512654e-21
4.2270768e-34
3.7848278e-22
0
0
7.5872219e-22
-1.6871945e-33
-3.7900808e-22
7.5317508e-22
-3.7443672e-22
-7.4761259e-22
0
0
0
0
7.4674331e-22
-1.0558057e-37
-7.4144293e-22
7.415676e-22
1.0552909e-37
-3.7189814e-22
7.432436e-22
-3.7023499e-22
-7.3739656e-22
-7.364852e-22
-3.6844576e-22
3.6903877e-22
3.6974778e-22
7.3856895e-22
-3.6768447e-22
-3.6629013e-22
7.3217452e-22
3.6676649e-22
-3.6757343e-22
8.1744126e-34
7.3505323e-22
-3.6606477e-22
-7.3038672e-22
-3.6516886e-22
-3.6594656e-22
0
7.3353986e-22
3.6553587e-22
-3.6430524e-22
-3.6415722e-22
7.300783e-22
3.6613013e-22
-7.3355156e-22
3.6584206e-22
4.0390116e-34
-3.6267751e-22
0
0
0
0
7.3021346e-22
-8.053822e-34
-7.236618e-22
0
-3.6390595e-22
4.0584671e-34
1.5612629e-37
3.6487936e-22
7.2487073e-22
-1.0842216e-21
-7.2410425e-22
7.26971e-22
3.6492883e-22
3.6586853e-22
-3.6498383e-22
-3.6272032e-22
7.2287709e-22
8.0340008e-34
3.6305721e-22
-8.088111e-34
2.4317469e-33
1.6185367e-33
-7.2573013e-22
-3.6194535e-22
3.6207294e-22
1.0891858e-21
3.6419488e-22
-7.2874645e-22
-7.2645511e-22
0
-3.6141305e-22
4.0174594e-34
3.6296241e-22
3.6426548e-22
-4.0399812e-34
4.019988e-34
-7.2082696e-22
-3.6043002e-22
1.08384e-21
-3.6262687e-22
3.6418137e-22
3.6387878e-22
-7.2340334e-22
0
-3.597518e-22
3.6069347e-22
-8.0428699e-34
1.615779e-33
-1.6171285e-33
-3.6236621e-22
1.08081e-21
1.1896981e-51
-7.2114094e-22
0
-3.6338824e-22
-1.2132901e-33
7.2692131e-22
1.7969711e-52
-3.605694e-22
3.610643e-22
-3.6228979e-22
-3.6354283e-22
3.6436458e-22
0
3.6212101e-22
-3.6122988e-22
-3.6160771e-22
-5.1551327e-38
4.0404452e-34
3.6482093e-22
-3.6430501e-22
4.027511e-34
-1.2057816e-33
-4.0229016e-34
3.6338001e-22
3.6452247e-22
8.1042505e-34
-7.2877249e-22
-5.1654761e-38
1.0899919e-21
-8.0851074e-34
-7.3020097e-22
0
0
-3.6340577e-22
3.6310362e-22
3.6358275e-22
-7.2960317e-22
8.1351843e-34
-4.0657658e-34
-3.6415335e-22
3.6244708e-22
3.6265191e-22
0
0
0
3.6693464e-22
3.6459852e-22
-3.6269939e-22
3.6287254e-22
1.6168569e-33
-1.0972622e-21
-4.0815891e-34
3.6794833e-22
3.6619456e-22
7.2837715e-22
-3.639258e-22
-3.649628e-22
-4.0691543e-34
-7.3633238e-22
7.3812886e-22
3.6817088e-22
-1.0989379e-21
-4.1660365e-52
3.6648427e-22
3.6795385e-22
3.6944611e-22
-7.4070565e-22
-3.6976952e-22
-4.0878819e-34
-4.0845703e-34
3.6859752e-22
7.4011217e-22
2.4758055e-33
-1.1168182e-21
3.7137891e-22
4.5836299e-53
-7.401951e-22
3.7108944e-22
-8.2771463e-34
6.559339e-53
1.0656736e-37
-3.7384377e-22
3.7276719e-22
3.7329995e-22
0
3.7660096e-22
3.7844714e-22
-3.7843602e-22
3.7682404e-22
5.9842763e-52
-1.1302785e-21
3.7862486e-22
3.8075422e-22
4.2512164e-34
7.6671271e-22
-3.8220915e-22
-3.81425e-22
1.2731555e-33
-7.6827895e-22
-3.8610784e-22
3.8767287e-22
3.8835449e-22
0
0
3.9049319e-22
3.922482e-22
-7.8642369e-22
-3.9307872e-22
4.3592691e-34
-1.1180748e-37
3.9498807e-22
7.9467639e-22
1.7763215e-33
-1.2018848e-21
3.9941569e-22
3.986106e-22
-7.9983596e-22
8.9326366e-34
4.4987931e-34
1.3594298e-33
4.5384194e-34
-4.0734162e-22
4.0653422e-22
4.0808948e-22
4.1073535e-22
-4.1390551e-22
9.264106e-34
4.182164e-22
-4.1679775e-22
0
0
-4.197012e-22
6.0117808e-38
4.2644026e-22
8.567286e-22
9.5033379e-34
-4.2705705e-22
8.5585293e-22
-4.3026807e-22
-8.6690186e-22
0
0
-4.3839207e-22
-4.866529e-34
8.7955396e-22
4.4252091e-22
-8.9113516e-22
-4.4820828e-22
4.4882299e-22
0
4.4824949e-22
9.0076555e-22
-4.5384272e-22
-9.1495333e-22
9.1993457e-22
-1.0212207e-33
-1.374805e-21
4.5859539e-22
4.6119376e-22
-4.6500692e-22
-4.6880071e-22
-4.7174009e-22
4.7193319e-22
4.7019971e-22
4.7020487e-22
4.7274862e-22
0
4.8013972e-22
-4.8311775e-22
-9.6782126e-22
0
9.6672394e-22
1.0792386e-33
-9.7938766e-22
0
-4.9675788e-22
4.9854453e-22
1.4972726e-21
-5.5598941e-34
-1.0070597e-21
2.2475856e-33
1.0170264e-21
-1.019352e-21
-1.0203657e-21
1.0228712e-21
5.1291182e-22
-5.1409148e-22
1.1441044e-33
-9.641293e-52
-1.0356728e-21
5.7622578e-34
1.5608423e-21
2.9643247e-37
-1.04535e-21
0
0
-5.2614488e-22
5.2726481e-22
5.2836523e-22
-5.2944505e-22
-5.3050458e-22
-5.3154259e-22
5.3255871e-22
5.3355191e-22
0
-5.3547113e-22
5.3639453e-22
1.6118826e-21
-5.9744966e-34
-1.0780373e-21
-5.3984279e-22
-5.4064067e-22
1.4356037e-52
5.4215824e-22
-5.428764e-22
-5.4356683e-22
1.0884604e-21
1.6345949e-21
-5.4547034e-22
-1.6381425e-21
1.8204147e-33
-1.2148412e-33
6.079262e-34
5.480667e-22
5.4849686e-22
5.4889682e-22
-5.4926638e-22
2.4092056e-52
-1.5629511e-37
-1.1003834e-21
1.2222182e-33
1.6519609e-21
-2.4463666e-33
-1.1019797e-21
0
5.5119972e-22
1.1025142e-21
5.5128285e-22
-1.1025549e-21
-1.1024796e-21
-5.5116921e-22
1.1021346e-21
5.5093463e-22
-1.1015392e-21
5.5057243e-22
-5.5034416e-22
-5.5008591e-22
1.6493875e-21
2.9788273e-52
-1.0982435e-21
1.097481e-21
-5.4832916e-22
-1.0957723e-21
5.4741366e-22
0
-5.4638503e-22
5.4582547e-22
5.4523687e-22
-1.089246e-21
1.2078823e-33
5.4331088e-22
-5.426134e-22
-1.4269534e-52
-5.4114312e-22
-1.1997812e-33
1.0791365e-21
0
5.3789905e-22
-5.3702642e-22
-5.3613146e-22
5.3521689e-22
-5.342792e-22
-1.7762672e-33
1.0646733e-21
1.1798058e-33
1.1776192e-33
1.0585572e-21
-5.2821817e-22
-1.5814254e-21
5.841452e-34
-5.8261512e-34
-5.2381329e-22
5.2267072e-22
5.2151514e-22
0
-5.1916336e-22
1.7252571e-33
1.0334794e-21
5.7244601e-34
-5.1427551e-22
1.0260405e-21
3.4091838e-33
-1.0209597e-21
0
0
-5.0662494e-22
5.0532699e-22
5.0402562e-22
-1.0054447e-21
1.1132936e-33
-1.1104534e-33
-5.5380477e-34
9.9495538e-22
-9.923285e-22
-4.948499e-22
9.8706892e-22
9.8444181e-22
2.180078e-33
-1.468802e-21
4.88293e-22
1.0813996e-33
-4.8568636e-22
1.4531687e-21
4.8309756e-22
-9.6361913e-22
5.3359539e-34
9.5850487e-22
-9.5597176e-22
-4.7672984e-22
4.754865e-22
-9.4851238e-22
-4.7303646e-22
4.7183262e-22
-5.2254841e-34
-2.0847418e-33
9.3657794e-22
1.0373244e-33
5.1743048e-34
5.1616617e-34
-4.6391448e-22
-4.6294923e-22
5.1298441e-34
9.2232593e-22
9.2073194e-22
-4.5954719e-22
-1.3759708e-21
4.5767374e-22
4.5658645e-22
-9.1092179e-22
1.0088665e-33
6.4412295e-38
1.0040439e-33
1.9232099e-37
-9.993937e-34
4.490155e-22
0
8.9393065e-22
4.4595851e-22
-1.3348918e-21
-4.439814e-22
-6.2955763e-38
-4.90811e-34
8.8222136e-22
6.2553286e-38
-4.3926159e-22
4.3835585e-22
8.7492469e-22
-4.3657959e-22
-4.3570677e-22
-4.8268033e-34
4.3398703e-22
-1.92402e-33
-8.6510269e-22
0
0
0
0
-4.3083798e-22
-4.783591e-34
4.3062535e-22
8.6040624e-22
7.3320884e-52
-4.2855044e-22
-4.2785657e-22
-9.4842979e-34
1.279029e-21
4.2562241e-22
-8.4980164e-22
-1.2725426e-21
4.2347751e-22
4.2278131e-22
-4.2209181e-22
-4.2141201e-22
-4.2073942e-22
0
8.3882714e-22
1.2562806e-21
-4.1811231e-22
-8.3493678e-22
0
0
0
0
8.2856436e-22
-1.8369598e-33
-8.2601581e-22
8.2473299e-22
9.1438379e-34
-4.1107583e-22
-4.1042326e-22
-4.0976395e-22
4.0909938e-22
4.0842928e-22
-4.0775298e-22
-8.141397e-22
4.0638009e-22
4.056837e-22
-4.0498023e-22
-8.9771722e-34
8.0710682e-22
8.9452042e-34
-4.0210152e-22
4.0136773e-22
-4.0062904e-22
-3.998853e-22
3.9913747e-22
0
-3.9763468e-22
-3.9688017e-22
7.9225092e-22
3.9537198e-22
-3.9462021e-22
-3.9387242e-22
-3.9313192e-22
3.9240311e-22
3.9169339e-22
3.9101356e-22
3.9040257e-22
-3.89772e-22
-3.8944832e-22
0
0
0
7.8605207e-22
1.125548e-37
-7.9965549e-22
0
-3.6114802e-22
-3.0854224e-22
)
;

boundaryField
{
    leftSide
    {
        type            calculated;
        value           uniform 9.7972818e-22;
    }
    rightSide
    {
        type            calculated;
        value           uniform -3.0825861e-22;
    }
    emptywalls
    {
        type            empty;
    }
}


// ************************************************************************* //
