-1.25 	300 	0 	101279.7586473767
-1.247497497497497 	299.9608835230195 	1.736804131155784 	101285.8693796186
-1.244994994994995 	299.9603519169806 	1.536140691672444 	101279.9767721316
-1.242492492492492 	299.9653496181637 	1.339345792848728 	101285.3226641415
-1.23998998998999 	299.960682628331 	1.152354455240922 	101279.2594847809
-1.237487487487487 	299.9651732222276 	0.9698994744029306 	101284.5428191546
-1.234984984984985 	299.9610563374222 	0.7995808515458873 	101279.2972727891
-1.232482482482482 	299.9647450510557 	0.6286428118768272 	101283.6831957066
-1.22997997997998 	299.9605827652083 	0.4723349250630954 	101278.4958864317
-1.227477477477477 	299.9643834126927 	0.3163719790862412 	101283.0515480546
-1.224974974974975 	299.9602382173413 	0.1775778422991241 	101277.9821130437
-1.222472472472472 	299.9639728007961 	0.1719180300314868 	101282.4807858089
-1.21996996996997 	299.9601471489626 	0.07954311160395111 	101277.8686335665
-1.217467467467467 	299.9636627170908 	0.1987284414163313 	101282.1116346719
-1.214964964964965 	299.9601067222009 	0.2955481527325119 	101277.8800871684
-1.212462462462462 	299.9635598786019 	0.3940354634132398 	101282.0372298831
-1.20995995995996 	299.9603544431154 	0.466859295219504 	101278.2613981081
-1.207457457457457 	299.9633816580954 	0.542077114979712 	101281.8908343447
-1.204954954954955 	299.9607373740475 	0.5885570808571637 	101278.8007459412
-1.202452452452452 	299.9631155353563 	0.6361166196046784 	101281.628783921
-1.19994994994995 	299.9612982742374 	0.6420985133481256 	101279.5093839021
-1.197447447447447 	299.9620938465858 	0.6414375674915161 	101280.4242544602
-1.194944944944945 	299.9617245721178 	0.6126516101906957 	101279.9876211073
-1.192442442442442 	299.9621778081205 	0.5991396181970378 	101280.4980031957
-1.18993993993994 	299.9619954319026 	0.5640713366070679 	101280.2684941848
-1.187437437437437 	299.9622286583207 	0.5488122344340852 	101280.5300338132
-1.184934934934935 	299.9620155681824 	0.5110668253148098 	101280.2541071622
-1.182432432432432 	299.9620455412479 	0.4965543243973941 	101280.2871570741
-1.17992992992993 	299.9618210914938 	0.4578121040275209 	101279.9892026678
-1.177427427427427 	299.9617726005761 	0.4450012490007315 	101279.941108214
-1.174924924924925 	299.9616071446658 	0.406390268465645 	101279.7063340858
-1.172422422422422 	299.9615833585773 	0.3957295709474737 	101279.6966035515
-1.16991991991992 	299.9615457695546 	0.3580768772525222 	101279.6090021933
-1.167417417417417 	299.9616304270556 	0.3497331416726668 	101279.7349576339
-1.164914914914915 	299.9617606088785 	0.3136181428936228 	101279.8429962822
-1.162412412412412 	299.961972983842 	0.3077072612086416 	101280.1250188499
-1.15990990990991 	299.9622411418065 	0.2733920367729938 	101280.3955636275
-1.157407407407407 	299.9625193087159 	0.2701404342279933 	101280.7574636735
-1.154904904904904 	299.9628157192567 	0.2375052461493525 	101281.0648476344
-1.152402402402403 	299.9630307823151 	0.2373125055151263 	101281.3516155087
-1.1498998998999 	299.9632169427902 	0.2059505770089248 	101281.5334496235
-1.147397397397397 	299.9632665568569 	0.2091722695350662 	101281.6210164789
-1.144894894894895 	299.9632816039376 	0.1787075590216634 	101281.6058352657
-1.142392392392392 	299.9631824098505 	0.1853138238597807 	101281.5143453285
-1.13988988988989 	299.963100981765 	0.155639601372482 	101281.3882875489
-1.137387387387387 	299.9629872813346 	0.1650864109779168 	101281.2778624912
-1.134884884884885 	299.9629644985031 	0.1363286659389215 	101281.2247887587
-1.132382382382382 	299.9629959439408 	0.1477560938898645 	101281.2832589825
-1.12987987987988 	299.9631557897306 	0.1200314771935558 	101281.4501670357
-1.127377377377377 	299.9634042852875 	0.1326467447087194 	101281.7613108194
-1.124874874874875 	299.9637518516489 	0.1058221341279847 	101282.1546936742
-1.122372372372372 	299.9641531086474 	0.1192282169554686 	101282.6429579483
-1.11986986986987 	299.9645713522405 	0.09493956059829312 	101283.1229833788
-1.117367367367367 	299.9649671920309 	0.1088198635846553 	101283.6013479756
-1.114864864864865 	299.9652903589085 	0.09357324334498837 	101283.9713594097
-1.112362362362362 	299.9655275143772 	0.1065189958067897 	101284.2608761713
-1.10985985985986 	299.965651874257 	0.09328753145900073 	101284.3983316751
-1.107357357357357 	299.9656919106083 	0.1052964056008514 	101284.453793869
-1.104854854854855 	299.9656599941392 	0.09402105320645926 	101284.4084237761
-1.102352352352353 	299.9656216628143 	0.1047027966958052 	101284.3690713989
-1.09984984984985 	299.9656091449943 	0.09490362755120667 	101284.3488279052
-1.097347347347347 	299.9656929454104 	0.1036897762673885 	101284.4518400885
-1.094844844844845 	299.9658820735216 	0.09484315953489031 	101284.6717241542
-1.092342342342342 	299.9662087615093 	0.1014362474961596 	101285.0603126936
-1.08983983983984 	299.9666297787664 	0.09341785927240392 	101285.5554804787
-1.087337337337337 	299.9671277422123 	0.09809045901174099 	101286.1455535018
-1.084834834834835 	299.9676274828413 	0.09124986682695904 	101286.7345976768
-1.082332332332332 	299.968098376848 	0.09465863854996182 	101287.2921693138
-1.07982982982983 	299.9684838572667 	0.08942203727264723 	101287.7467124386
-1.077327327327327 	299.9687832929099 	0.09209840753465429 	101288.1012612421
-1.074824824824825 	299.9689911527786 	0.08849424281518653 	101288.3462785526
-1.072322322322323 	299.96914668725 	0.09051779882020856 	101288.5305215622
-1.06981981981982 	299.969282382442 	0.08808275870559153 	101288.6904900713
-1.067317317317317 	299.9694459791954 	0.08921151902917372 	101288.8840639464
-1.064814814814815 	299.9696643664304 	0.08732455052345423 	101289.1419591537
-1.062312312312312 	299.9699554287462 	0.08741297928915157 	101289.4860388958
-1.05980980980981 	299.9703121178839 	0.08572596950858333 	101289.907540811
-1.057307307307307 	299.9707150008462 	0.08500216253999993 	101290.3836997058
-1.054804804804805 	299.9711347667529 	0.08354551836822574 	101290.8798352698
-1.052302302302302 	299.9715442021646 	0.08246606079768504 	101291.3637116977
-1.0497997997998 	299.9719261280991 	0.08137140714051969 	101291.8151656681
-1.047297297297297 	299.9722789510438 	0.08024625546652868 	101292.232119872
-1.044794794794795 	299.9726165246373 	0.07941317533726362 	101292.6311563869
-1.042292292292292 	299.972960402997 	0.07823513491404943 	101293.03755464
-1.03978978978979 	299.9733318184581 	0.07731523880128871 	101293.4765651796
-1.037287287287287 	299.9737397341513 	0.07603250214457891 	101293.9586764082
-1.034784784784785 	299.9741763867077 	0.07482038664477339 	101294.4747738847
-1.032282282282283 	299.9746172050625 	0.07354214580554057 	101294.995793505
-1.02977977977978 	299.9750297311748 	0.07235830696722713 	101295.4833785012
-1.027277277277277 	299.9753878945916 	0.07132037441102766 	101295.9067144158
-1.024774774774775 	299.9756856407112 	0.07045232324631417 	101296.2586409138
-1.022272272272272 	299.9759428978579 	0.06969317433392835 	101296.5627064574
-1.01976976976977 	299.9762010196189 	0.06893200814131725 	101296.8677944407
-1.017267267267267 	299.9765086457038 	0.06802366613842672 	101297.2313889794
-1.014764764764765 	299.9769034643583 	0.06687459473147439 	101297.6980402697
-1.012262262262262 	299.9773974734977 	0.06545030382425457 	101298.2819361299
-1.00975975975976 	299.9779715751339 	0.06380490028571616 	101298.9605023828
-1.007257257257257 	299.9785818274879 	0.06205864825036338 	101299.6818085216
-1.004754754754755 	299.9791760551021 	0.06034584765179028 	101300.3841806383
-1.002252252252252 	299.9797110284889 	0.0588049654914068 	101301.0165216619
-0.9997497497497498 	299.9801622760329 	0.0575002533253749 	101301.5499041835
-0.9972472472472473 	299.9805286834516 	0.05643292286768237 	101301.9830035428
-0.9947447447447449 	299.9808315104866 	0.05554507384259513 	101302.340949096
-0.9922422422422421 	299.9811059436915 	0.05473509723246975 	101302.6653292144
-0.9897397397397399 	299.9813895622287 	0.05390241612396406 	101303.0005630657
-0.9872372372372376 	299.9817149261159 	0.05295108948994501 	101303.3851405802
-0.9847347347347346 	299.9821044674177 	0.05181907147110727 	101303.845576899
-0.9822322322322323 	299.982567934296 	0.05047434117144317 	101304.3933964077
-0.9797297297297296 	299.9831041778094 	0.04892257675987247 	101305.0272431906
-0.9772272272272275 	299.9837018209493 	0.04720080190610186 	101305.7336709442
-0.9747247247247248 	299.9843402932986 	0.04536090392007824 	101306.4883653781
-0.9722222222222224 	299.9849930205741 	0.04348202941137662 	101307.2599177665
-0.9697197197197196 	299.9856319502079 	0.04164064232025216 	101308.0151661506
-0.9672172172172175 	299.9862315564974 	0.03991185681870433 	101308.7239377392
-0.9647147147147147 	299.9867728506718 	0.03835211711324472 	101309.363787479
-0.9622122122122124 	299.9872452601837 	0.036981493840416 	101309.9222104145
-0.9597097097097099 	299.9876507197405 	0.03579953145439108 	101310.401496089
-0.9572072072072073 	299.988003738071 	0.03476431705699182 	101310.818794748
-0.9547047047047047 	299.9883290484662 	0.03381215811344712 	101311.2033358096
-0.9522022022022023 	299.9886558317126 	0.03285872709002846 	101311.5896198952
-0.9496996996996998 	299.9890074528748 	0.03183526016916172 	101312.0052617328
-0.9471971971971973 	299.9893900012393 	0.03072767049568584 	101312.457462431
-0.9446946946946947 	299.9898025419104 	0.02953112342227539 	101312.9451204249
-0.9421921921921923 	299.9902483619133 	0.02824005399858187 	101313.4721137719
-0.93968968968969 	299.990736453846 	0.02682772654517569 	101314.0490822175
-0.9371871871871872 	299.9912730367075 	0.02527040343196656 	101314.6833749751
-0.9346846846846848 	299.9918532925898 	0.0235960129328497 	101315.3692969336
-0.9321821821821823 	299.9924552545054 	0.0218621139016566 	101316.0808876563
-0.9296796796796799 	299.9930494619663 	0.02014971429601165 	101316.7833160021
-0.9271771771771771 	299.9936113507587 	0.01852510861970662 	101317.4475442964
-0.9246746746746748 	299.9941325811739 	0.01700851038146049 	101318.0637120799
-0.9221721721721724 	299.9946249572151 	0.01557311028057724 	101318.6457690685
-0.9196696696696698 	299.9951136568878 	0.01414986377245223 	101319.2234800762
-0.9171671671671672 	299.9956195472529 	0.01268565120655621 	101319.8215141788
-0.9146646646646649 	299.9961481989981 	0.01115939323632301 	101320.4464581049
-0.9121621621621623 	299.9966907698385 	0.009592785208155633 	101321.0878597235
-0.9096596596596597 	299.997230890763 	0.008033937080501832 	101321.7263716176
-0.9071571571571573 	299.9977545566429 	0.006514856593986013 	101322.3454336056
-0.9046546546546547 	299.9982561101677 	0.005060947322314787 	101322.9383581955
-0.9021521521521524 	299.9987377284044 	0.00366301860361304 	101323.5077185498
-0.8996496496496498 	299.9992077936889 	0.002295084348718262 	101324.0634204359
-0.8971471471471473 	299.999679356781 	0.0009266958984439994 	101324.6208966758
-0.894644644644645 	300.0001627032196 	0.0007909244312564437 	101325.1923024235
-0.892142142142142 	300.0006693364174 	0.001947802734205002 	101325.7912401263
-0.8896396396396397 	300.0012031209026 	0.003491488443494696 	101326.4222798039
-0.8871371371371374 	300.0017576651235 	0.005092825830843 	101327.0778639174
-0.8846346346346349 	300.002321070097 	0.006721031775950669 	101327.743928666
-0.8821321321321324 	300.0028799138214 	0.008339329274024936 	101328.4046051216
-0.8796296296296297 	300.0034236703831 	0.009912916492171745 	101329.0474489961
-0.8771271271271271 	300.0039486226116 	0.01143716115517163 	101329.6680637348
-0.8746246246246248 	300.0044595835577 	0.01292007918072256 	101330.2721392319
-0.8721221221221224 	300.0049675588332 	0.01439599655588844 	101330.8726864044
-0.8696196196196196 	300.0054837541957 	0.01589192321597853 	101331.4829525848
-0.8671171171171175 	300.0060130861011 	0.01742151767139408 	101332.1087549021
-0.8646146146146148 	300.0065510322457 	0.01897609533297956 	101332.7447431051
-0.8621121121121121 	300.0070859622657 	0.02051980207042851 	101333.3771681487
-0.8596096096096097 	300.007605674574 	0.02202668449635873 	101333.9916092922
-0.857107107107107 	300.0081042900872 	0.02347248829227075 	101334.5811092248
-0.8546046046046049 	300.0085860979403 	0.02487437221385837 	101335.1507388108
-0.8521021021021022 	300.0090646632805 	0.02626812562152402 	101335.7165374729
-0.8495995995995997 	300.009557317882 	0.02769908568291697 	101336.2989925219
-0.8470970970970974 	300.0100772729334 	0.02920783652958128 	101336.913726793
-0.8445945945945946 	300.0106267883659 	0.03079221782514378 	101337.5634127674
-0.8420920920920922 	300.0111947679763 	0.03242956009333578 	101338.2349334936
-0.8395895895895897 	300.0117605109908 	0.03405816173260807 	101338.9038167954
-0.8370870870870872 	300.0123018843262 	0.03562127749307908 	101339.5438930893
-0.8345845845845846 	300.0128037897077 	0.03707730927580431 	101340.1373073898
-0.8320820820820823 	300.0132635458233 	0.03841251205266898 	101340.680891287
-0.8295795795795798 	300.0136917160531 	0.03966292433876768 	101341.1871284456
-0.8270770770770772 	300.0141083165227 	0.04087744366621783 	101341.6796847577
-0.8245745745745746 	300.0145360334547 	0.04212461377610274 	101342.1853865224
-0.8220720720720721 	300.0149927795688 	0.04344920393795182 	101342.7254087077
-0.8195695695695699 	300.0154858116307 	0.04487238117739263 	101343.3083399766
-0.817067067067067 	300.0160096094548 	0.04638392969349599 	101343.9276506537
-0.8145645645645651 	300.0165481076802 	0.04793393330716715 	101344.5643458367
-0.8120620620620621 	300.0170800929238 	0.04947033314251774 	101345.1933475616
-0.8095595595595597 	300.017585763988 	0.05093066683878144 	101345.7912362308
-0.8070570570570572 	300.0180525964984 	0.05228346526628314 	101346.3432070494
-0.8045545545545546 	300.0184792044977 	0.05352456834967056 	101346.8476198103
-0.8020520520520523 	300.0188761161395 	0.05468101348828878 	101347.3169183102
-0.7995495495495494 	300.0192627475102 	0.05581235102553707 	101347.7740639357
-0.7970470470470474 	300.0196611588534 	0.05697070376831286 	101348.2451369424
-0.7945445445445446 	300.0200890036829 	0.05821070798229377 	101348.7510121577
-0.7920420420420423 	300.0205542246327 	0.05955500709552306 	101349.3010842172
-0.7895395395395397 	300.0210528135035 	0.06099296071296355 	101349.8906119982
-0.7870370370370371 	300.0215699622006 	0.06248731537776532 	101350.5020887818
-0.7845345345345348 	300.0220840229198 	0.0639682369781595 	101351.1099199774
-0.7820320320320323 	300.0225720907725 	0.06537500864254846 	101351.6870196651
-0.7795295295295296 	300.0230159652778 	0.06665801928203721 	101352.211868363
-0.7770270270270272 	300.0234067292112 	0.06779206746250103 	101352.673923425
-0.7745245245245247 	300.0237464587037 	0.06878136580614527 	101353.0756307291
-0.7720220220220222 	300.0240470889123 	0.069656823052346 	101353.4311059525
-0.7695195195195199 	300.0243274842736 	0.07047549147763703 	101353.7626558797
-0.767017017017017 	300.0246096989913 	0.0712991449084511 	101354.0963521005
-0.7645145145145147 	300.0249151427046 	0.07219003097055809 	101354.4575185639
-0.7620120120120122 	300.0252607819092 	0.07319544866543433 	101354.8662112723
-0.7595095095095097 	300.0256557258388 	0.07433989484364348 	101355.3332031382
-0.7570070070070072 	300.026099451586 	0.07562348990681474 	101355.8578842029
-0.7545045045045048 	300.0265820402994 	0.07701727232317263 	101356.4285178695
-0.7520020020020022 	300.0270859124162 	0.0784697645301342 	101357.0243247077
-0.7494994994994997 	300.0275888084302 	0.07991778105673249 	101357.6189829529
-0.7469969969969972 	300.0280675478239 	0.08129433166034172 	101358.1850763243
-0.7444944944944945 	300.0285022241585 	0.08254937053052927 	101358.699073756
-0.7419919919919924 	300.0288802284333 	0.08364350723163584 	101359.1460603997
-0.7394894894894897 	300.029198471696 	0.08456455003707539 	101359.5223809832
-0.7369869869869872 	300.0294630822043 	0.08533615184403433 	101359.8352848341
-0.7344844844844846 	300.0296873820411 	0.08599189861398092 	101360.1005184029
-0.7319819819819822 	300.0298890150338 	0.08658775377846004 	101360.3389466445
-0.7294794794794797 	300.0300868169778 	0.08717065299974483 	101360.5728442655
-0.7269769769769773 	300.0302977634757 	0.08778419196868913 	101360.8222816378
-0.7244744744744747 	300.0305341973167 	0.08847039104308564 	101361.1018588867
-0.721971971971972 	300.0308022915811 	0.08924360437965013 	101361.418877814
-0.7194694694694695 	300.0311024115235 	0.09011347817446427 	101361.7737661782
-0.7169669669669674 	300.0314303268017 	0.09106124313911894 	101362.1615251977
-0.7144644644644647 	300.031778175256 	0.0920612726873988 	101362.572857135
-0.711961961961962 	300.0321352576737 	0.0930909976943574 	101362.9951072336
-0.7094594594594597 	300.0324891033059 	0.0941106009487947 	101363.4135349291
-0.7069569569569573 	300.0328273163894 	0.09509241905680584 	101363.8134792742
-0.7044544544544545 	300.0331397185584 	0.09599881750438484 	101364.1829004231
-0.7019519519519523 	300.0334196660319 	0.09680638631419036 	101364.5139485071
-0.6994494494494495 	300.0336648001079 	0.09751615617569916 	101364.8038272234
-0.6969469469469471 	300.0338778517848 	0.09813354380249849 	101365.0557690111
-0.6944444444444446 	300.034066834471 	0.09868802980593262 	101365.2792501001
-0.6919419419419421 	300.0342437093769 	0.09920577496057781 	101365.4884088964
-0.6894394394394396 	300.0344214588847 	0.09972089257859909 	101365.698604054
-0.6869369369369374 	300.034610541478 	0.1002697059479398 	101365.922197983
-0.6844344344344344 	300.0348165476764 	0.1008664124487132 	101366.1658029469
-0.6819319319319321 	300.035039652574 	0.1015156916152966 	101366.4296310237
-0.6794294294294296 	300.0352747917172 	0.1021960473489865 	101366.7076902722
-0.6769269269269272 	300.0355125455192 	0.102878611860636 	101366.9888454577
-0.6744244244244245 	300.0357412866513 	0.1035357244829284 	101367.2593447577
-0.6719219219219222 	300.0359500510731 	0.1041363501329966 	101367.506220686
-0.6694194194194195 	300.0361313624871 	0.1046623724790856 	101367.720634396
-0.6669169169169172 	300.0362827529517 	0.1051022468380537 	101367.8996637059
-0.6644144144144146 	300.0364065760702 	0.1054607299628333 	101368.0460910658
-0.661911911911912 	300.0365094904251 	0.1057613145230626 	101368.1677925513
-0.6594094094094097 	300.0366017652093 	0.1060332679065116 	101368.2769117069
-0.656906906906907 	300.0366954295098 	0.1063119831530233 	101368.3876740782
-0.6544044044044046 	300.0368017277739 	0.106624585943076 	101368.5133770515
-0.6519019019019021 	300.0369284914565 	0.1069910852995251 	101368.6632804629
-0.6493993993993996 	300.0370782232537 	0.1074232830949262 	101368.8403447426
-0.6468968968968971 	300.0372479976759 	0.1079116346603488 	101369.0411104651
-0.6443943943943946 	300.0374302735879 	0.1084367284686692 	101369.2566576486
-0.6418918918918921 	300.0376136641778 	0.1089628809185918 	101369.4735260581
-0.6393893893893897 	300.0377847847402 	0.1094511251132432 	101369.6758848729
-0.6368868868868871 	300.0379307231971 	0.1098703474397239 	101369.848464613
-0.6343843843843846 	300.0380409710639 	0.1101871827155174 	101369.9788421431
-0.6318818818818821 	300.0381089535076 	0.1103854574892976 	101370.059238186
-0.6293793793793795 	300.0381327378679 	0.1104568789946499 	101370.0873662805
-0.6268768768768773 	300.0381151765071 	0.1104068194051852 	101370.0666002425
-0.6243743743743745 	300.0380645291809 	0.1102663248117301 	101370.0067121686
-0.6218718718718721 	300.0379941163955 	0.1100672542460676 	101369.9234482221
-0.6193693693693696 	300.0379202846561 	0.1098596220158041 	101369.8361364938
-0.6168668668668671 	300.0378603223098 	0.1096924587081418 	101369.7652241624
-0.6143643643643645 	300.037829951435 	0.109605347696065 	101369.7293058393
-0.6118618618618621 	300.0378403205651 	0.1096385003880416 	101369.7415695477
-0.6093593593593596 	300.0378958504074 	0.1097977421268613 	101369.8072306193
-0.6068568568568571 	300.0379923219301 	0.1100731171275449 	101369.9213105219
-0.6043543543543546 	300.0381161294013 	0.1104264435879151 	101370.0677204375
-0.6018518518518521 	300.0382463525165 	0.1107917951237483 	101370.2217185785
-0.5993493493493496 	300.0383585029754 	0.1111091812699117 	101370.354349713
-0.5968468468468471 	300.0384289596334 	0.1113061396866638 	101370.4376742761
-0.5943443443443446 	300.0384397829275 	0.1113341143816719 	101370.4504750826
-0.591841841841842 	300.0383818250709 	0.111167622153834 	101370.3819431798
-0.5893393393393397 	300.0382559732183 	0.1108035266924822 	101370.2331253257
-0.5868368368368371 	300.0380733087724 	0.1102831718698228 	101370.0171188557
-0.5843343343343346 	300.0378531983564 	0.1096540633324023 	101369.7568266545
-0.5818318318318321 	300.0376200290889 	0.1089897707759427 	101369.4810897414
-0.5793293293293297 	300.0374001052717 	0.1083637949371807 	101369.2210154057
-0.5768268268268271 	300.037218110885 	0.1078402468880834 	101369.0057913421
-0.5743243243243245 	300.0370934081481 	0.1074844704176667 	101368.8583193328
-0.5718218218218221 	300.0370366917756 	0.1073181961769114 	101368.7912439726
-0.5693193193193196 	300.0370467906207 	0.1073434880322824 	101368.8031860976
-0.5668168168168171 	300.0371091505565 	0.1075156808226095 	101368.8769265282
-0.5643143143143147 	300.0371969091002 	0.1077526302613602 	101368.9807036211
-0.5618118118118121 	300.0372742709956 	0.1079645499686287 	101369.072192058
-0.5593093093093094 	300.0373025177801 	0.1080324111283671 	101369.105599334
-0.5568068068068072 	300.037247977483 	0.1078699796707391 	101369.041104172
-0.5543043043043046 	300.0370900084596 	0.1074141507224081 	101368.8543148472
-0.551801801801802 	300.0368270990541 	0.1066544948480219 	101368.5434226295
-0.5492992992992995 	300.0364790393958 	0.1056623466104811 	101368.1318274607
-0.5467967967967969 	300.0360839790823 	0.1045320570787079 	101367.6646510222
-0.5442942942942947 	300.0356910717929 	0.1034151670594037 	101367.2000184195
-0.5417917917917919 	300.035350008984 	0.1024441382130462 	101366.796688938
-0.5392892892892895 	300.0350995724857 	0.101718403819143 	101366.5005288664
-0.536786786786787 	300.0349581434515 	0.1013092059568056 	101366.3332736479
-0.5342842842842846 	300.0349184069393 	0.10117949526164 	101366.2862774527
-0.531781781781782 	300.0349475148083 	0.1012494878103286 	101366.320698539
-0.5292792792792794 	300.0349935079493 	0.1013650245716806 	101366.3750861164
-0.526776776776777 	300.0349971359969 	0.1013498391277864 	101366.3793748782
-0.5242742742742745 	300.0349068545066 	0.1010796050859719 	101366.2726219658
-0.521771771771772 	300.0346935524156 	0.1004588337003468 	101366.0204028651
-0.5192692692692695 	300.0343598350265 	0.09950724101674531 	101365.6257831993
-0.516766766766767 	300.0339395532002 	0.09831143648442821 	101365.1287943275
-0.5142642642642645 	300.0334873143112 	0.0970159218611579 	101364.5940082453
-0.511761761761762 	300.0330612809745 	0.0958005650504957 	101364.0902105251
-0.5092592592592596 	300.0327052764823 	0.09477396439130811 	101363.6692220372
-0.506756756756757 	300.0324358718617 	0.09399173657116447 	101363.3506395878
-0.5042542542542544 	300.0322384536125 	0.09340792356359619 	101363.1171877696
-0.5017517517517521 	300.0320747829455 	0.09291256767253028 	101362.9236436784
-0.4992492492492494 	300.0318995997566 	0.09239483485922444 	101362.7164915808
-0.496746746746747 	300.031678917272 	0.09174844580861821 	101362.4555390569
-0.4942442442442445 	300.0314011618303 	0.09094821793453695 	101362.1270954124
-0.4917417417417421 	300.0310772143687 	0.09001817828305461 	101361.744033259
-0.4892392392392395 	300.0307309999341 	0.08902048881252979 	101361.3346347523
-0.486736736736737 	300.0303873093679 	0.08803394337723074 	101360.9282204874
-0.4842342342342345 	300.0300621621091 	0.08709187875627158 	101360.5437378872
-0.481731731731732 	300.0297580214601 	0.08620894620694687 	101360.1840919442
-0.4792292292292296 	300.02946346785 	0.08534874481562685 	101359.8357883269
-0.4767267267267268 	300.0291578216563 	0.08445318375215613 	101359.474371266
-0.4742242242242246 	300.0288199665048 	0.08347404783336314 	101359.0748661024
-0.471721721721722 	300.0284393176619 	0.08237140029473682 	101358.6247638262
-0.4692192192192195 	300.0280230879974 	0.08117457376054228 	101358.1325869119
-0.4667167167167169 	300.0275945097274 	0.07994105569532935 	101357.6258051994
-0.4642142142142145 	300.0271815012825 	0.07874822663786336 	101357.1374371976
-0.461711711711712 	300.0268025728751 	0.07765542315216292 	101356.6893667439
-0.4592092092092094 	300.0264587563442 	0.07665296818816954 	101356.2828149604
-0.456706706706707 	300.0261367436789 	0.07571568124395398 	101355.9020519945
-0.4542042042042045 	300.0258194131165 	0.0747919730797799 	101355.5268248993
-0.451701701701702 	300.0254951084615 	0.07384916779619428 	101355.1433517286
-0.4491991991991995 	300.0251586755751 	0.07287808410532404 	101354.7455441813
-0.4466966966966969 	300.0248055136867 	0.07184930829454925 	101354.3279520447
-0.4441941941941945 	300.0244256772629 	0.07074316579398629 	101353.8788233492
-0.441691691691692 	300.024005468171 	0.06952050093849164 	101353.3819619842
-0.4391891891891895 	300.0235368313125 	0.06816271907754892 	101352.8278332936
-0.436686686686687 	300.0230281603957 	0.06670423428681412 	101352.2263746501
-0.4341841841841846 	300.0225068833214 	0.06520713547352017 	101351.6100070885
-0.431681681681682 	300.022009865103 	0.06377843598061625 	101351.0223198638
-0.4291791791791794 	300.0215664044941 	0.06249661770529198 	101350.4979675339
-0.426676676676677 	300.0211838904018 	0.06138017800839672 	101350.0456751528
-0.4241741741741744 	300.0208445887823 	0.06039066640585588 	101349.644482726
-0.421671671671672 	300.0205157257963 	0.05942545986099716 	101349.2556392172
-0.4191691691691694 	300.0201658725685 	0.0584040623197183 	101348.8419760575
-0.4166666666666669 	300.0197780746711 	0.05727982810669142 	101348.3834526199
-0.4141641641641645 	300.0193533257013 	0.05605115912211198 	101347.8812391322
-0.411661661661662 	300.0189036324374 	0.05475752491192455 	101347.3495305997
-0.4091591591591594 	300.0184403604849 	0.05341509542735131 	101346.8017720959
-0.406656656656657 	300.017965585378 	0.05203531324865574 	101346.2404128056
-0.4041541541541545 	300.0174705821368 	0.05059595809354685 	101345.655138224
-0.401651651651652 	300.0169424644916 	0.04906270890705139 	101345.0307182944
-0.3991491491491494 	300.016374912755 	0.04742753436526368 	101344.3596706791
-0.396646646646647 	300.0157755386688 	0.04569809103524923 	101343.651002709
-0.3941441441441444 	300.0151668167074 	0.04394518236303979 	101342.931283895
-0.3916416416416419 	300.0145805265964 	0.04225620834852523 	101342.2380834107
-0.3891391391391395 	300.0140467427202 	0.04071395495701842 	101341.6069693442
-0.3866366366366368 	300.0135830163957 	0.03937523805216943 	101341.0586869669
-0.3841341341341344 	300.0131877433678 	0.03822020295572996 	101340.5913372991
-0.381631631631632 	300.0128392947734 	0.0371975302452931 	101340.179360902
-0.3791291291291294 	300.0125039224258 	0.03621437108771061 	101339.7828440388
-0.3766266266266269 	300.0121482920911 	0.03517484109369305 	101339.3623780761
-0.3741241241241244 	300.0117479512141 	0.03401621632265964 	101338.8890600004
-0.371621621621622 	300.0112928657288 	0.03269835182279913 	101338.3510122668
-0.3691191191191194 	300.0107894053756 	0.03124476195007356 	101337.755772949
-0.366616616616617 	300.010255448464 	0.02970419548484928 	101337.1244829952
-0.3641141141141143 	300.0097137921429 	0.02814151748778095 	101336.484083848
-0.3616116116116119 	300.0091848040624 	0.02661434924587858 	101335.858668147
-0.3591091091091095 	300.0086775866599 	0.02514077385356751 	101335.2589956638
-0.356606606606607 	300.0081890678172 	0.02372504915427122 	101334.6814268449
-0.3541041041041044 	300.0077096764892 	0.02233210715445584 	101334.1146591227
-0.3516016016016019 	300.007226216225 	0.02092901024567453 	101333.5430810283
-0.3490990990990994 	300.0067288583753 	0.01948974393046651 	101332.9550738459
-0.346596596596597 	300.0062151430391 	0.01799808360537317 	101332.3477350046
-0.3440940940940944 	300.0056879207817 	0.01647401340853975 	101331.7244245568
-0.3415915915915919 	300.0051549429406 	0.01493512179216479 	101331.0943142107
-0.3390890890890895 	300.0046288510165 	0.01341030390628835 	101330.4723477863
-0.3365865865865869 	300.0041149849447 	0.0119191207464235 	101329.8648327264
-0.3340840840840844 	300.0036132505379 	0.01046199507209035 	101329.2716693271
-0.3315815815815819 	300.0031176053265 	0.009027259155503288 	101328.685703912
-0.3290790790790794 	300.0026177796616 	0.007576969312240533 	101328.0947994777
-0.3265765765765769 	300.002103492634 	0.006090286242699233 	101327.4868064356
-0.3240740740740744 	300.0015742319048 	0.004550781021419125 	101326.8611070545
-0.3215715715715718 	300.0010280667309 	0.002968409067321632 	101326.2154289826
-0.3190690690690695 	300.0004733180783 	0.001371465918267061 	101325.5596087812
-0.3165665665665668 	299.9999211706387 	0.0005197825366172404 	101324.906858027
-0.3140640640640644 	299.9993877902398 	0.00176770047317503 	101324.2763013503
-0.311561561561562 	299.9988826082738 	0.003228720276554908 	101323.67908258
-0.3090590590590593 	299.9984046660331 	0.004618587533180022 	101323.114063469
-0.3065565565565568 	299.9979435219507 	0.00596128691225463 	101322.5689127672
-0.3040540540540545 	299.9974825388842 	0.007305511031285608 	101322.0239543534
-0.3015515515515518 	299.9970041039769 	0.008696138811042265 	101321.4583651947
-0.2990490490490494 	299.9964950955887 	0.0101676570297249 	101320.8566411609
-0.2965465465465469 	299.9959510556342 	0.01174089203361977 	101320.2135038911
-0.2940440440440444 	299.9953777967904 	0.01339615689226624 	101319.5358264103
-0.2915415415415418 	299.9947897509481 	0.01509433042543206 	101318.8406743259
-0.2890390390390395 	299.9942054069016 	0.01678165963753152 	101318.1498963637
-0.2865365365365368 	299.9936416790378 	0.01840933064489536 	101317.4834921697
-0.2840340340340343 	299.993109119197 	0.01995231799999875 	101316.8539376079
-0.2815315315315318 	299.9926090285155 	0.0214053509004969 	101316.2627660328
-0.2790290290290295 	299.9921333928254 	0.02278955553030652 	101315.7005070802
-0.2765265265265269 	299.991667772662 	0.02414435201316613 	101315.1500932465
-0.2740240240240244 	299.9911960346786 	0.02551398739115878 	101314.5924480441
-0.2715215215215219 	299.9907051129879 	0.026937218904276 	101314.0121299367
-0.2690190190190194 	299.9901885847779 	0.02843304494892378 	101313.4015466428
-0.2665165165165169 	299.9896482469265 	0.02999405494766279 	101312.7628175824
-0.2640140140140144 	299.9890933488575 	0.03159625176972732 	101312.1068805869
-0.2615115115115119 	299.988537861904 	0.03320029470637095 	101311.4502485771
-0.2590090090090094 	299.9879965872401 	0.03476401120795923 	101310.8104172634
-0.2565065065065068 	299.9874813671952 	0.03625610040188996 	101310.2013889802
-0.2540040040040044 	299.9869984483182 	0.03765479323682024 	101309.6305433894
-0.2515015015015019 	299.9865473196874 	0.03896412981550009 	101309.0972775525
-0.2489989989989994 	299.9861210147885 	0.04020361081949597 	101308.5933604381
-0.2464964964964968 	299.9857076811845 	0.04140528191239824 	101308.1047775235
-0.2439939939939944 	299.9852930047286 	0.0426119628814054 	101307.6146098117
-0.2414914914914919 	299.9848631391272 	0.04385914456246981 	101307.106491926
-0.2389889889889893 	299.9844075411973 	0.04518005338441446 	101306.5679595218
-0.2364864864864869 	299.9839209660925 	0.04658951159028284 	101305.992812342
-0.2339839839839843 	299.9834042799745 	0.04808413853076628 	101305.3820757807
-0.2314814814814819 	299.9828642099486 	0.04964563747271099 	101304.7437001967
-0.2289789789789792 	299.9823122255652 	0.05123990571266714 	101304.0912446448
-0.2264764764764769 	299.9817627240333 	0.05282728834554288 	101303.4417230964
-0.2239739739739743 	299.98123061265 	0.05436427679909346 	101302.8127597962
-0.2214714714714718 	299.9807286815508 	0.0558150379661758 	101302.2194725499
-0.2189689689689693 	299.9802654522537 	0.05715535259594862 	101301.6719300168
-0.2164664664664669 	299.97984402174 	0.05837559813864468 	101301.1737982357
-0.2139639639639643 	299.9794618134491 	0.05948447894205616 	101300.722028352
-0.2114614614614618 	299.9791109404467 	0.06050516442249419 	101300.3072967552
-0.2089589589589593 	299.9787792637463 	0.06147189127107784 	101299.9152603158
-0.2064564564564568 	299.9784522434451 	0.06242582286083471 	101299.5287292419
-0.2039539539539543 	299.978115289576 	0.06340762548217398 	101299.1304575742
-0.2014514514514518 	299.977755974497 	0.06445293012687761 	101298.7057597454
-0.1989489489489494 	299.9773656939533 	0.0655859539227204 	101298.2444628322
-0.1964464464464468 	299.9769408962728 	0.06681554270827111 	101297.7423677152
-0.1939439439439443 	299.9764838755308 	0.0681351251289426 	101297.2021894682
-0.1914414414414418 	299.9760025734173 	0.06952308126494249 	101296.6333120808
-0.1889389389389393 	299.9755091198051 	0.07094632732767919 	101296.0500726954
-0.1864364364364368 	299.9750176298589 	0.07236523662968893 	101295.4691558294
-0.1839339339339343 	299.9745419148848 	0.07373993909187272 	101294.9068851859
-0.1814314314314318 	299.9740934256415 	0.07503782403034838 	101294.376796126
-0.1789289289289293 	299.9736794878281 	0.07623800821521654 	101293.8875442967
-0.1764264264264268 	299.9733021530435 	0.0773341189951085 	101293.4415576961
-0.1739239239239243 	299.9729582795429 	0.07833396519018304 	101293.0351220207
-0.1714214214214218 	299.9726407636587 	0.07925674983469227 	101292.6598388497
-0.1689189189189193 	299.9723402732994 	0.08012947670970284 	101292.3046832279
-0.1664164164164168 	299.9720471068349 	0.08098020952718953 	101291.9581835104
-0.1639139139139143 	299.9717528341541 	0.08183396847660436 	101291.6103786044
-0.1614114114114118 	299.9714514254045 	0.08270806259943878 	101291.2541408118
-0.1589089089089093 	299.9711398148992 	0.08361056812250314 	101290.8858465791
-0.1564064064064068 	299.9708177830569 	0.0845431813285949 	101290.5052357737
-0.1539039039039043 	299.9704870595685 	0.08550055669515989 	101290.1143533007
-0.1514014014014018 	299.9701504299647 	0.08647527617588231 	101289.7164911213
-0.1488988988988993 	299.9698113638361 	0.08745712482646731 	101289.3157503672
-0.1463963963963968 	299.969473728194 	0.0884337263914475 	101288.9167001704
-0.1438938938938943 	299.9691414787149 	0.08939482437836536 	101288.5240177317
-0.1413913913913918 	299.9688184139478 	0.09032805316201348 	101288.1421904204
-0.1388888888888893 	299.9685076208327 	0.09122734728246265 	101287.7748677752
-0.1363863863863868 	299.9682109057797 	0.09208767974361447 	101287.4241855341
-0.1338838838838843 	299.9679284414514 	0.09290607777378364 	101287.0903452867
-0.1313813813813818 	299.9676583201795 	0.09369060623836457 	101286.7710951021
-0.1288788788788793 	299.9673965531363 	0.09444934480377355 	101286.4617193337
-0.1263763763763768 	299.9671380314189 	0.09520023964422152 	101286.1561792254
-0.1238738738738743 	299.9668778801206 	0.09595752622115983 	101285.8487168031
-0.1213713713713717 	299.966612900623 	0.09672489403955123 	101285.5355474962
-0.1188688688688693 	299.9663427453576 	0.09750667307042964 	101285.2162601298
-0.1163663663663668 	299.9660702741881 	0.09829161475235995 	101284.8942376599
-0.1138638638638643 	299.9658013511065 	0.09906777251747742 	101284.5764090572
-0.1113613613613618 	299.9655441523871 	0.09981184478888347 	101284.2724351855
-0.1088588588588592 	299.9653074793283 	0.1004936015766786 	101283.9927211295
-0.1063563563563568 	299.9650985635013 	0.1010973453913403 	101283.7458110189
-0.1038538538538543 	299.964921014076 	0.1016109484503789 	101283.5359709177
-0.1013513513513517 	299.9647734653841 	0.1020412778845479 	101283.3615901685
-0.09884884884884926 	299.9646495193188 	0.1024060697208742 	101283.2151023324
-0.09634634634634676 	299.9645387714406 	0.1027322278865061 	101283.0842157579
-0.09384384384384425 	299.9644284895866 	0.1030575817152942 	101282.9538830932
-0.09134134134134177 	299.9643059431874 	0.103415600373236 	101282.8090501577
-0.08883883883883925 	299.9641608042999 	0.103837585995279 	101282.6375231096
-0.08633633633633674 	299.9639868863862 	0.1043413568989513 	101282.431985241
-0.08383383383383426 	299.9637829185849 	0.1049297657564713 	101282.1909281362
-0.08133133133133173 	299.9635527594662 	0.1055927443631764 	101281.9189221582
-0.07882882882882926 	299.9633052588043 	0.1063034619032305 	101281.626418661
-0.07632632632632676 	299.9630534644959 	0.107027424641451 	101281.3288384224
-0.07382382382382424 	299.9628129826878 	0.1077200331981002 	101281.0446308051
-0.07132132132132173 	299.9625999006953 	0.1083343579618245 	101280.7927999291
-0.06881881881881925 	299.9624290061537 	0.1088272859401373 	101280.590828012
-0.06631631631631671 	299.9623119777764 	0.1091641434718914 	101280.4525120855
-0.06381381381381425 	299.9622548177435 	0.1093304513440816 	101280.3849519186
-0.06131131131131173 	299.9622556646248 	0.1093305804440362 	101280.3859530182
-0.05880880880880923 	299.9623040115709 	0.1091959663722147 	101280.4430896331
-0.05630630630630672 	299.9623814713127 	0.1089791470186581 	101280.5346300331
-0.05380380380380424 	299.9624644182724 	0.1087460375394059 	101280.6326597977
-0.05130130130130173 	299.9625279784558 	0.1085702901120021 	101280.7077872276
-0.04879879879879922 	299.9625499640478 	0.1085127141031835 	101280.7337684332
-0.04629629629629672 	299.9625146799119 	0.1086186950117449 	101280.6920744123
-0.04379379379379422 	299.9624166850332 	0.1089019565833377 	101280.576268782
-0.04129129129129173 	299.9622624644799 	0.1093421836332207 	101280.394009061
-0.03878878878878922 	299.9620694860199 	0.1098925387283786 	101280.1659467837
-0.03628628628628671 	299.9618632297361 	0.1104771009176186 	101279.92218912
-0.03378378378378422 	299.9616725407598 	0.1110191522144135 	101279.6968247196
-0.03128128128128172 	299.9615249868278 	0.1114387923280689 	101279.522434082
-0.02877877877877922 	299.9614431877029 	0.1116689392604437 	101279.4257539177
-0.0262762762762767 	299.9614415238749 	0.1116736391262633 	101279.4237855453
-0.02377377377377422 	299.9615236631388 	0.1114350478942439 	101279.5208518502
-0.0212712712712717 	299.9616812805312 	0.1109874824576482 	101279.7071220512
-0.01876876876876921 	299.961894447195 	0.1103847318460366 	101279.9590402879
-0.01626626626626671 	299.962134470949 	0.1096998235557431 	101280.2427053811
-0.0137637637637642 	299.9623686615509 	0.1090334300929617 	101280.5194807106
-0.0112612612612617 	299.9625653297882 	0.1084701784806524 	101280.7519105665
-0.008758758758759198 	299.9626982253637 	0.1080920220204842 	101280.908988395
-0.006256256256256697 	299.9627501926595 	0.1079451678092909 	101280.9704069033
-0.003753753753754195 	299.9627163694806 	0.1080383137004693 	101280.9304351182
-0.001251251251251693 	299.9626076491215 	0.1083435596901147 	101280.8019378642
0.00125125125125081 	299.9624525521824 	0.1087754549199635 	101280.6186467792
0.003753753753753312 	299.9622952330726 	0.1092127253371338 	101280.4327257853
0.006256256256255817 	299.9621872192518 	0.1095093251654833 	101280.3050594608
0.008758758758758317 	299.9621747099825 	0.1095355776657393 	101280.2902768194
0.01126126126126082 	299.9622854964773 	0.109215159911704 	101280.4211933843
0.01376376376376332 	299.9625201188345 	0.1085444575706192 	101280.6984657421
0.01626626626626582 	299.9628509559666 	0.1076045320010127 	101281.0894529305
0.01876876876876833 	299.9632288949585 	0.1065307337564015 	101281.5361082099
0.02127127127127083 	299.9635959481349 	0.1054860462749085 	101281.969909786
0.02377377377377332 	299.9638998312827 	0.1046182723880387 	101282.3290584952
0.02627627627627583 	299.9641062694441 	0.1040216169424251 	101282.5730487575
0.02877877877877833 	299.9642071324257 	0.1037226783002365 	101282.6922666763
0.03128128128128083 	299.9642226886889 	0.1036612095993534 	101282.7106458181
0.03378378378378333 	299.9641959921316 	0.1037201431455054 	101282.6790921945
0.03628628628628584 	299.964179970262 	0.1037520016928228 	101282.6601572433
0.03878878878878834 	299.9642209577485 	0.1036237015414951 	101282.7085889874
0.04129129129129084 	299.9643440046062 	0.1032699787356899 	101282.8540054975
0.04379379379379333 	299.964546268919 	0.102690118850247 	101283.0930432721
0.04629629629629585 	299.9648019579171 	0.101961838472853 	101283.3952240759
0.04879879879879834 	299.9650762673789 	0.1011800988787742 	101283.719416954
0.05130130130130085 	299.9653410284711 	0.1004147916168509 	101284.0323256034
0.05380380380380335 	299.9655847377377 	0.09970735333104006 	101284.3203556204
0.05630630630630584 	299.9658127094063 	0.09904092451313407 	101284.5897855587
0.05880880880880836 	299.9660397722172 	0.09837854771921471 	101284.8581405973
0.06131131131131085 	299.9662804543449 	0.09768045263648885 	101285.1425909479
0.06381381381381336 	299.9665419059388 	0.09692347489814242 	101285.4515889413
0.06631631631631586 	299.9668224844331 	0.09611462310076518 	101285.7831930741
0.06881881881881835 	299.9671145626742 	0.09527080353089862 	101286.1283901315
0.07132132132132088 	299.9674087594828 	0.09442060103064323 	101286.4760928818
0.07382382382382337 	299.9676965366403 	0.09358891920157431 	101286.8162095271
0.07632632632632587 	299.9679706504295 	0.09279566405120983 	101287.1401803133
0.07882882882882837 	299.9682254498802 	0.09205937151429593 	101287.4413231722
0.08133133133133086 	299.9684586344968 	0.09138197765701558 	101287.7169216178
0.08383383383383337 	299.9686744885361 	0.09075249337002486 	101287.9720374669
0.08633633633633589 	299.9688864058988 	0.09013121096024844 	101288.2224959979
0.08883883883883838 	299.9691160455822 	0.08945646413417446 	101288.4939030712
0.09134134134134086 	299.9693878571432 	0.08866319557980556 	101288.8151482211
0.09384384384384339 	299.9697201717045 	0.08769816012008737 	101289.2079010466
0.09634634634634588 	299.9701163607797 	0.08655663762740846 	101289.6761532566
0.09884884884884838 	299.970560707291 	0.08527935160059356 	101290.2013209555
0.1013513513513509 	299.9710219692861 	0.08395526890778973 	101290.7464890737
0.1038538538538534 	299.9714638138874 	0.08268768013700797 	101291.2687153567
0.1063563563563559 	299.9718574621767 	0.08154997154081761 	101291.7339759553
0.1088588588588584 	299.9721911855469 	0.08058107721039542 	101292.1284157081
0.1113613613613609 	299.9724731389252 	0.07975632916270554 	101292.4616663097
0.1138638638638634 	299.9727264398342 	0.07901134723426997 	101292.7610476557
0.1163663663663659 	299.9729797555328 	0.07826986712713653 	101293.0604471311
0.1188688688688684 	299.973257532532 	0.07745921235183127 	101293.3887560129
0.1213713713713709 	299.9735736279231 	0.07654470332197144 	101293.7623547412
0.1238738738738734 	299.9739309135229 	0.07551149825926759 	101294.1846390153
0.1263763763763759 	299.9743251408527 	0.07436960427123951 	101294.6505877885
0.1288788788788784 	299.9747499256725 	0.07314137722967852 	101295.1526553628
0.1313813813813809 	299.9751998552213 	0.07183710255656937 	101295.6844461065
0.1338838838838834 	299.9756701603915 	0.07048001582094129 	101296.2403217414
0.1363863863863859 	299.9761538767006 	0.06908258849523365 	101296.8120515483
0.1388888888888884 	299.9766396673551 	0.06767802638996916 	101297.3862381033
0.1413913913913909 	299.9771118855573 	0.06631865267990121 	101297.944384553
0.1438938938938934 	299.9775535566163 	0.06504338746412727 	101298.4664312835
0.1463963963963959 	299.9779518244715 	0.06389536766170133 	101298.9371765548
0.1488988988988985 	299.9783032724611 	0.06287397907619217 	101299.3525840914
0.1514014014014009 	299.9786168958098 	0.06195429431693251 	101299.7232841901
0.1539039039039035 	299.9789129961621 	0.0610877281335819 	101300.0732667986
0.1564064064064059 	299.9792180045496 	0.06019228986564613 	101300.4337827878
0.1589089089089084 	299.9795579689235 	0.05920211695819361 	101300.8356111002
0.1614114114114109 	299.9799528761343 	0.05805314873175479 	101301.3023808807
0.1639139139139134 	299.9804124312357 	0.05672057790641131 	101301.8455718888
0.166416416416416 	299.9809335803278 	0.05521953409466411 	101302.4615623404
0.1689189189189185 	299.9815017436972 	0.05358226425573801 	101303.133132812
0.1714214214214209 	299.9820954637289 	0.05187309386031053 	101303.8349185733
0.1739239239239235 	299.9826913698637 	0.05015268957867382 	101304.5392885912
0.1764264264264259 	299.9832684514516 	0.04848366011012858 	101305.2214190324
0.1789289289289284 	299.9838117470439 	0.04691399880432861 	101305.8636142813
0.181431431431431 	299.984313476058 	0.04545991901705619 	101306.4566772901
0.1839339339339334 	299.9847742315536 	0.044122087900288 	101307.0013138399
0.186436436436436 	299.9852027748905 	0.04287543608264451 	101307.5078741914
0.1889389389389385 	299.9856116886744 	0.04168666327227608 	101307.9912296169
0.191441441441441 	299.9860144059666 	0.04051644559175605 	101308.467262812
0.1939439439439434 	299.9864232669763 	0.03932881742001488 	101308.9505597037
0.196446446446446 	299.9868455335192 	0.03810678441818424 	101309.449701093
0.1989489489489485 	299.9872826438796 	0.0368393373654847 	101309.9663940306
0.2014514514514509 	299.987732216696 	0.03553940015456723 	101310.4978189885
0.2039539539539535 	299.9881872978367 	0.03422394029770031 	101311.0357569908
0.2064564564564559 	299.9886420800788 	0.03290619100401932 	101311.5733474973
0.2089589589589585 	299.9890940316516 	0.03159949469731767 	101312.1075896956
0.211461461461461 	299.9895455697219 	0.03028797075402593 	101312.6413477281
0.2139639639639635 	299.990002435806 	0.02895990591362335 	101313.1814041191
0.2164664664664659 	299.990472417559 	0.0275976970265369 	101313.7369653443
0.2189689689689684 	299.9909601641991 	0.02618237147440445 	101314.3135300177
0.221471471471471 	299.9914673351514 	0.02471608346547009 	101314.9130567148
0.2239739739739735 	299.9919899608629 	0.02320286176905551 	101315.530859269
0.226476476476476 	299.9925213220876 	0.02166972718572118 	101316.1589881465
0.2289789789789785 	299.9930526008158 	0.0201324401431515 	101316.7870231339
0.231481481481481 	299.9935786824665 	0.01860651307390319 	101317.4089217028
0.2339839839839835 	299.9940978079982 	0.01710405819463869 	101318.0225945396
0.236486486486486 	299.9946124065896 	0.01560973657735503 	101318.6309206473
0.2389889889889885 	299.9951274733892 	0.01411916850043518 	101319.2398032388
0.241491491491491 	299.9956481702808 	0.01260967457106546 	101319.8553412922
0.2439939939939935 	299.9961753481494 	0.01107872056079094 	101320.4785469789
0.246496496496496 	299.9967067870898 	0.009543479112566771 	101321.1067910808
0.2489989989989985 	299.9972365042329 	0.008010377471438975 	101321.7330012952
0.251501501501501 	299.9977578591499 	0.006506196665265942 	101322.3493323348
0.2540040040040035 	299.998266104603 	0.00503356799044526 	101322.9501685198
0.256506506506506 	299.99876057068 	0.003596579162116708 	101323.5347144469
0.2590090090090086 	299.9992453044869 	0.00219072852337671 	101324.1077605839
0.261511511511511 	299.9997289272602 	0.0008869654987581685 	101324.6794920068
0.2640140140140135 	300.0002214266519 	0.0006454074571851992 	101325.2617180097
0.2665165165165161 	300.0007336226013 	0.002132034800327865 	101325.8672346528
0.2690190190190185 	300.0012697889917 	0.003684888271648925 	101326.5010876928
0.271521521521521 	300.0018261405712 	0.005292051006477012 	101327.1588095848
0.2740240240240235 	300.002392365116 	0.006928019462125472 	101327.8282089677
0.276526526526526 	300.0029550247324 	0.008552222512958601 	101328.4933947942
0.2790290290290286 	300.0035017376714 	0.01013400709946246 	101329.1397352482
0.281531531531531 	300.0040247565908 	0.01164850805635391 	101329.7580664228
0.2840340340340335 	300.0045231393206 	0.01309439260417067 	101330.347272324
0.2865365365365361 	300.0050029441583 	0.01448946858701337 	101330.9145183125
0.2890390390390385 	300.0054753716198 	0.01586191093487607 	101331.4730421354
0.291541541541541 	300.0059533965621 	0.01725154962433679 	101332.0381847695
0.2940440440440436 	300.0064479639216 	0.01868426023641118 	101332.6228873526
0.296546546546546 	300.0069649423208 	0.02018198572538306 	101333.2340868863
0.2990490490490486 	300.0075036075132 	0.02174192188375508 	101333.8709297858
0.3015515515515511 	300.008057021031 	0.02334023932272193 	101334.5252126616
0.3040540540540535 	300.0086142406678 	0.02495111317612702 	101335.1839991503
0.3065565565565562 	300.0091634390695 	0.02653400015755566 	101335.8333063691
0.3090590590590585 	300.0096949511616 	0.02807280604851211 	101336.4617078276
0.3115615615615611 	300.0102037475736 	0.02955088168831655 	101337.0632551924
0.3140640640640635 	300.0106907618281 	0.03096335197570789 	101337.6390512016
0.316566566566566 	300.0111625713805 	0.03233481738426856 	101338.1968720837
0.3190690690690687 	300.0116294145407 	0.03368620157955116 	101338.748823076
0.3215715715715711 	300.0121022438077 	0.0350602107481212 	101339.3078517219
0.3240740740740735 	300.0125896523703 	0.03647693222558722 	101339.8841201575
0.326576576576576 	300.0130955045893 	0.0379415470328236 	101340.4821983619
0.3290790790790786 	300.0136177497624 	0.03945234990570782 	101341.0996583123
0.3315815815815811 	300.0141487109112 	0.04098357176297303 	101341.7274299712
0.3340840840840836 	300.0146769901106 	0.04251057765692498 	101342.352033764
0.3365865865865861 	300.0151905787028 	0.04399496210410192 	101342.9592704851
0.3390890890890886 	300.015680085058 	0.04541245570857742 	101343.5380395636
0.3415915915915911 	300.016141214873 	0.04674960633790712 	101344.083257828
0.3440940940940935 	300.0165759583419 	0.04800959516614993 	101344.5972806602
0.3465965965965962 	300.0169921863746 	0.04922082550324303 	101345.0894118863
0.3490990990990985 	300.0174016874756 	0.05041021821117341 	101345.5735895033
0.3516016016016011 	300.0178173456388 	0.05162007317611515 	101346.0650492062
0.3541041041041035 	300.0182502835281 	0.0528781554108278 	101346.5769394919
0.3566066066066061 	300.0187076106066 	0.05420161140155719 	101347.1176682487
0.3591091091091085 	300.0191910916416 	0.05560189304004175 	101347.6893252816
0.3616116116116112 	300.0196968146224 	0.05705947119241117 	101348.2872813554
0.3641141141141137 	300.0202159204464 	0.05856049206019847 	101348.9010655873
0.3666166166166161 	300.0207361666161 	0.0600661031038847 	101349.5162036104
0.3691191191191185 	300.021243879079 	0.06153035650489884 	101350.1165229131
0.371621621621621 	300.0217260873443 	0.06292439537118388 	101350.6866909733
0.3741241241241237 	300.0221726552132 	0.06421141222916961 	101351.2147210823
0.3766266266266261 	300.0225780774262 	0.06538749983367245 	101351.6941002945
0.3791291291291286 	300.022942758799 	0.06645005866707468 	101352.1253095616
0.3816316316316311 	300.02327345264 	0.06741112292664583 	101352.516333054
0.3841341341341336 	300.0235824464042 	0.06831279978559085 	101352.8816924298
0.3866366366366362 	300.0238854999519 	0.06919471426047701 	101353.2400322359
0.3891391391391387 	300.0241990999896 	0.07010931496623081 	101353.6108403344
0.391641641641641 	300.0245375403777 	0.0710941763787185 	101354.0110180898
0.3941441441441436 	300.0249104297422 	0.07217511573587168 	101354.4519347632
0.3966466466466462 	300.0253210539659 	0.07336416800917278 	101354.9374685176
0.3991491491491486 	300.0257656956256 	0.07464737090381339 	101355.4632296623
0.4016516516516512 	300.0262341796695 	0.07599969202773015 	101356.0171876938
0.4041541541541536 	300.0267116916758 	0.07737636934574284 	101356.5818222696
0.4066566566566561 	300.0271814456752 	0.07873142455854168 	101357.1372889391
0.4091591591591587 	300.027627598087 	0.08002049576618236 	101357.664850168
0.4116616616616612 	300.0280378554422 	0.08120557453437688 	101358.1499692277
0.4141641641641635 	300.0284053581559 	0.0822704396322949 	101358.5845347456
0.4166666666666662 	300.0287296385607 	0.08320953498789502 	101358.9679911424
0.4191691691691687 	300.029016563378 	0.08404552989836848 	101359.3072760963
0.421671671671671 	300.0292771043341 	0.08480791127410048 	101359.6153624396
0.4241741741741737 	300.0295250491667 	0.08553033304365848 	101359.9085534515
0.4266766766766761 	300.0297741786721 	0.08625664250300084 	101360.2031437365
0.4291791791791785 	300.0300355079451 	0.08701233225128291 	101360.5121602106
0.4316816816816812 	300.0303154004798 	0.08782514680321334 	101360.843128638
0.4341841841841836 	300.0306149846284 	0.08869560372043893 	101361.1973832245
0.4366866866866862 	300.0309308075261 	0.08960738019506798 	101361.5708415135
0.4391891891891885 	300.0312563527806 	0.09054882795207876 	101361.9557973886
0.4416916916916913 	300.0315838200972 	0.09149400512031451 	101362.3430290978
0.4441941941941936 	300.0319056902653 	0.09242607652062829 	101362.7236420447
0.4466966966966961 	300.0322158777449 	0.09332514859979918 	101363.0904435142
0.4491991991991987 	300.0325103764642 	0.09417848239428471 	101363.4386934504
0.4517017017017012 	300.032787407264 	0.09498382660457058 	101363.766286675
0.4542042042042035 	300.033047230689 	0.09573862473077777 	101364.0735345968
0.4567067067067062 	300.0332918678105 	0.09645269137243644 	101364.3628240866
0.4592092092092087 	300.0335248419404 	0.09713218953840008 	101364.6383203527
0.4617117117117112 	300.0337508891442 	0.09779231709923755 	101364.9056279428
0.4642142142142137 	300.0339754255066 	0.09845086747886538 	101365.1711483862
0.4667167167167162 	300.0342034668832 	0.09911753205721649 	101365.4408114443
0.4692192192192187 	300.0344381248939 	0.09980606763710456 	101365.718302727
0.4717217217217212 	300.0346792408526 	0.1005084724440981 	101366.003428532
0.4742242242242236 	300.0349227843116 	0.1012198016923515 	101366.2914276265
0.4767267267267262 	300.0351615153816 	0.1019220016908014 	101366.5737384777
0.4792292292292287 	300.035386749912 	0.1025824201175371 	101366.8400873166
0.4817317317317312 	300.0355905461934 	0.1031864411818122 	101367.0810879188
0.4842342342342336 	300.0357676377697 	0.1037113663253889 	101367.2905093264
0.4867367367367362 	300.03591660827 	0.1041602495461301 	101367.4666751944
0.4892392392392387 	300.0360403106886 	0.1045429924764104 	101367.6129620998
0.4917417417417412 	300.0361456246642 	0.1048711335447468 	101367.7375020057
0.4942442442442437 	300.0362426570397 	0.1051795426635422 	101367.8522467036
0.4967467467467462 	300.0363432692138 	0.1054975957918412 	101367.9712260235
0.4992492492492487 	300.0364589580066 	0.1058597221953806 	101368.1080314927
0.5017517517517511 	300.0365983241869 	0.1062905573208772 	101368.2728356746
0.5042542542542537 	300.0367647985017 	0.1067971148174863 	101368.4696994217
0.5067567567567562 	300.0369553683292 	0.1073726401761157 	101368.6950566893
0.5092592592592589 	300.0371608489789 	0.1079883907363129 	101368.9380479503
0.5117617617617611 	300.0373677152093 	0.1086073943709903 	101369.1826816046
0.5142642642642637 	300.0375608818777 	0.1091865008142619 	101369.4111144427
0.5167667667667663 	300.0377264602836 	0.1096856349446664 	101369.6069244286
0.5192692692692688 	300.0378537493546 	0.1100750949453272 	101369.7574575502
0.5217717717717714 	300.0379361651941 	0.1103336536455955 	101369.8549234956
0.5242742742742736 	300.0379713622624 	0.1104559016955492 	101369.8965493584
0.5267767767767763 	300.0379612184929 	0.11044578056108 	101369.8845556206
0.5292792792792789 	300.0379122148369 	0.1103268848344929 	101369.8266089382
0.5317817817817813 	300.0378363332879 	0.1101345419111252 	101369.7368785091
0.5342842842842837 	300.0377517522772 	0.1099168710434039 	101369.6368554939
0.5367867867867864 	300.0376821060279 	0.1097455407982579 	101369.5544903181
0.5392892892892888 	300.0376532023658 	0.1096920577290618 	101369.5203071854
0.5417917917917912 	300.0376869137208 	0.1098182735016074 	101369.5601721957
0.5442942942942938 	300.0377934096498 	0.1101523928581778 	101369.6860991154
0.5467967967967964 	300.0379643990108 	0.110668363577993 	101369.8882977623
0.5492992992992988 	300.0381709531467 	0.1112866209026838 	101370.132561981
0.5518018018018012 	300.038368117423 	0.111879273137287 	101370.3657253761
0.5543043043043039 	300.0385059633622 	0.1123073107001658 	101370.5287461565
0.5568068068068063 	300.0385439562659 	0.1124580975282892 	101370.5736809221
0.5593093093093087 	300.0384638224414 	0.1122783362237341 	101370.4789193209
0.5618118118118114 	300.0382762467626 	0.1118003966287386 	101370.2571177189
0.5643143143143137 	300.0380186925786 	0.1111237743101557 	101369.9525472363
0.5668168168168163 	300.0377445160669 	0.1103985970848632 	101369.6283136199
0.5693193193193188 	300.0375075982704 	0.1097772954653659 	101369.3481373747
0.5718218218218213 	300.0373477848776 	0.1093677956228298 	101369.1591393663
0.5743243243243239 	300.0372816031082 	0.1092210858180853 	101369.0808699139
0.5768268268268262 	300.0373004510935 	0.1093102001992355 	101369.1031561863
0.5793293293293288 	300.0373757412852 	0.1095584741607672 	101369.1921853494
0.5818318318318314 	300.0374680994858 	0.109858642507057 	101369.3014040364
0.5843343343343338 	300.0375374209232 	0.1100957761417525 	101369.3833832668
0.5868368368368363 	300.0375514565882 	0.1101824878995519 	101369.3999840126
0.5893393393393387 	300.0374916061132 	0.1100635548531091 	101369.3292107689
0.5918418418418413 	300.0373549397748 	0.109730876700054 	101369.16760728
0.5943443443443439 	300.0371525931952 	0.1092160951501728 	101368.9283263333
0.5968468468468463 	300.0369058035243 	0.1085773508377158 	101368.636486512
0.5993493493493487 	300.0366407144885 	0.1078880290136081 	101368.3230037853
0.6018518518518514 	300.0363822560932 	0.1072153245791784 	101368.0173620056
0.6043543543543537 	300.036148948815 	0.106612125533619 	101367.7414615886
0.6068568568568564 	300.0359505214832 	0.1061067395984041 	101367.5068081536
0.6093593593593587 	300.0357881120858 	0.105702282460961 	101367.3147493529
0.6118618618618614 	300.0356562087408 	0.1053848226926667 	101367.1587655008
0.6143643643643638 	300.0355458164589 	0.1051281636337123 	101367.0282197128
0.6168668668668662 	300.0354469577483 	0.1049038904143316 	101366.9113152366
0.6193693693693688 	300.0353491091203 	0.104682810339643 	101366.7956054257
0.6218718718718714 	300.0352409822128 	0.104435147550881 	101366.6677389083
0.6243743743743737 	300.0351106577442 	0.1041277828740099 	101366.5136185749
0.6268768768768762 	300.0349457743352 	0.1037230202161247 	101366.318647943
0.629379379379379 	300.034734958662 	0.1031894072331125 	101366.0693627211
0.6318818818818812 	300.0344713913738 	0.1025088353973992 	101365.7576904825
0.6343843843843838 	300.0341572926911 	0.1016879310208897 	101365.3862628053
0.6368868868868864 	300.0338061575402 	0.1007627946030883 	101364.9710385778
0.6393893893893888 	300.0334405070102 	0.09979550131692838 	101364.5386481724
0.6418918918918912 	300.0330870607456 	0.09886482158250698 	101364.1206876352
0.6443943943943939 	300.0327708403187 	0.09803782171927804 	101363.7467472912
0.6468968968968963 	300.0325073286876 	0.09735550089828562 	101363.435136559
0.6493993993993988 	300.0322963202676 	0.09681972619008453 	101363.1856128475
0.6519019019019012 	300.0321220602166 	0.09638819344621971 	101362.9795460807
0.6544044044044038 	300.0319583701602 	0.09599049101803236 	101362.7859829217
0.6569069069069065 	300.0317759406979 	0.09554003692026521 	101362.5702622323
0.6594094094094087 	300.0315503740607 	0.0949695464685924 	101362.3035329843
0.6619119119119113 	300.0312684804478 	0.09424413615097525 	101361.9701987863
0.664414414414414 	300.0309302883222 	0.09336262352648828 	101361.5702915156
0.6669169169169162 	300.0305479909343 	0.09235945969877579 	101361.1182294281
0.6694194194194188 	300.0301410455678 	0.09128269971681402 	101360.6370215408
0.6719219219219214 	300.0297282398921 	0.09018578654930032 	101360.1488839559
0.674424424424424 	300.0293232003378 	0.08911089604015177 	101359.6699302174
0.6769269269269262 	300.028933784537 	0.08807981785634317 	101359.2094528058
0.679429429429429 	300.0285626673003 	0.08710020183836265 	101358.7706134718
0.6819319319319311 	300.0282094648719 	0.08617134885428199 	101358.3529603497
0.6844344344344341 	300.027873100543 	0.08528910794420182 	101357.955218464
0.686936936936936 	300.0275526200719 	0.08445733746170814 	101357.5762592441
0.6894394394394392 	300.0272475195983 	0.08367779264041827 	101357.2154883329
0.6919419419419413 	300.0269558336943 	0.08293661695882829 	101356.8705810805
0.694444444444444 	300.0266700120603 	0.08220747923847711 	101356.5326099068
0.6969469469469463 	300.0263750918603 	0.08144953579235072 	101356.1838831461
0.6994494494494489 	300.0260517615159 	0.08061048655112461 	101355.8015645615
0.7019519519519515 	300.0256810582425 	0.07963774458569928 	101355.3632323891
0.7044544544544538 	300.0252507117344 	0.07849472000218824 	101354.8543787566
0.7069569569569564 	300.0247594963105 	0.0771777616443608 	101354.273550965
0.7094594594594589 	300.0242186050361 	0.07572365691820036 	101353.63398592
0.7119619619619615 	300.0236528268743 	0.07420535704152491 	101352.9649951958
0.7144644644644638 	300.0230951735128 	0.07270818729100348 	101352.3056096394
0.7169669669669665 	300.0225772943087 	0.07132281387892622 	101351.6932551585
0.7194694694694688 	300.0221226276115 	0.07011681733858316 	101351.1556451341
0.7219719719719715 	300.0217400300225 	0.06911162772575068 	101350.7032519451
0.7244744744744737 	300.021419990452 	0.06828695641036066 	101350.3248314176
0.7269769769769764 	300.0211395926605 	0.06757714276391828 	101349.9932866507
0.7294794794794791 	300.0208677901705 	0.06689126889517409 	101349.6719090143
0.7319819819819813 	300.0205717266737 	0.06612949130334025 	101349.3218492815
0.7344844844844839 	300.020225171797 	0.06522228934709395 	101348.9120906071
0.7369869869869864 	300.0198123166045 	0.0641335299668141 	101348.4239407396
0.739489489489489 	300.0193320488607 	0.06286304833804528 	101347.8560853089
0.7419919919919914 	300.0187975689764 	0.06144453101121905 	101347.2241306854
0.7444944944944939 	300.0182292383207 	0.0599208729988203 	101346.5521526315
0.7469969969969963 	300.0176487012874 	0.05835435861869324 	101345.8657440458
0.7494994994994989 	300.0170724285745 	0.05679987919283198 	101345.1843789604
0.7520020020020015 	300.0165108159346 	0.05529188547598922 	101344.5203505957
0.7545045045045039 	300.0159696130656 	0.05384641275973004 	101343.8804565944
0.7570070070070062 	300.015448569645 	0.05244781444024038 	101343.264400011
0.7595095095095092 	300.0149441437901 	0.05109307946836108 	101342.6679954336
0.7620120120120112 	300.0144527584447 	0.04978100250982083 	101342.0870107984
0.7645145145145138 	300.0139699678849 	0.04849721384041997 	101341.5161908404
0.7670170170170165 	300.0134957689068 	0.04723992338413828 	101340.9555322057
0.7695195195195191 	300.0130299629386 	0.04600524712023567 	101340.4047981858
0.7720220220220213 	300.0125708491357 	0.04478943796983008 	101339.8619791443
0.7745245245245239 	300.0121168505074 	0.04358623975189632 	101339.3252107521
0.7770270270270263 	300.0116612981685 	0.04237729728043756 	101338.7866064709
0.779529529529529 	300.0111988870908 	0.04115082197916316 	101338.2398970818
0.7820320320320313 	300.0107235411836 	0.03989448990976086 	101337.6778975579
0.784534534534534 	300.0102301510581 	0.03857684195235869 	101337.0945653788
0.7870370370370364 	300.0097180339503 	0.03720452956063956 	101336.4890964389
0.7895395395395389 	300.0091880442557 	0.03579616871564684 	101335.8624987295
0.7920420420420413 	300.008646601866 	0.03434571804754186 	101335.2223623041
0.794544544544544 	300.0081020610135 	0.0328848503975871 	101334.5785652468
0.7970470470470463 	300.0075632843559 	0.03144269412443185 	101333.941585021
0.799549549549549 	300.007036603101 	0.03002332441363202 	101333.3189074557
0.8020520520520515 	300.0065235256492 	0.02864537504513067 	101332.7123156357
0.8045545545545539 	300.006022908552 	0.0273107585454551 	101332.1204584352
0.8070570570570563 	300.0055307166615 	0.02599944443349555 	101331.5385645428
0.8095595595595589 	300.0050396099493 	0.02469078143217893 	101330.9579570193
0.8120620620620614 	300.00454313817 	0.02335662718004071 	101330.3710104061
0.8145645645645638 	300.0040320576628 	0.02198131678194335 	101329.7667943221
0.8170670670670666 	300.0034995745118 	0.02055995477489616 	101329.1372782493
0.8195695695695689 	300.0029502459144 	0.01908425101628291 	101328.4878506708
0.8220720720720714 	300.0023878281128 	0.01757540537237579 	101327.8229502215
0.8245745745745739 	300.0018206380266 	0.01605677322570755 	101327.1524107049
0.8270770770770765 	300.0012579543105 	0.01453549204643574 	101326.4872012512
0.8295795795795788 	300.0007054265441 	0.01305129208742949 	101325.8339999959
0.8320820820820815 	300.0001717435152 	0.01162463233025689 	101325.2030811955
0.834584584584584 	299.9996542906031 	0.01023565430689807 	101324.5913510436
0.8370870870870865 	299.9991502152253 	0.008880580739043083 	101323.995438666
0.8395895895895891 	299.9986533420006 	0.007544178162461615 	101323.4080453994
0.8420920920920915 	299.9981513647681 	0.006192630193447936 	101322.8146202399
0.844594594594594 	299.9976339356118 	0.004798855725298379 	101322.2029320958
0.8470970970970964 	299.997095869104 	0.003340730245700372 	101321.5668510409
0.8495995995995991 	299.99653336734 	0.001813569395735469 	101320.9018849685
0.8521021021021015 	299.9959478628907 	0.0008029662507038932 	101320.2097301733
0.8546046046046039 	299.9953426745381 	0.001420137709687915 	101319.4943077313
0.8571071071071066 	299.9947283826924 	0.003085510492601278 	101318.7681258961
0.8596096096096089 	299.9941219983687 	0.004728532830712924 	101318.0512953483
0.8621121121121116 	299.9935386614076 	0.006307172792123688 	101317.3617117875
0.8646146146146139 	299.9929884260368 	0.007793237817509797 	101316.711261479
0.8671171171171166 	299.9924745724942 	0.009177381535067673 	101316.1038213418
0.8696196196196189 	299.991993077297 	0.01047068279787406 	101315.5346354257
0.8721221221221216 	299.9915336272419 	0.01170208238559528 	101314.991513323
0.874624624624624 	299.9910819921193 	0.01291201127226477 	101314.4576323383
0.8771271271271264 	299.9906230265728 	0.01414399096823511 	101313.9150901559
0.879629629629629 	299.9901434712057 	0.01543636838465981 	101313.3482120597
0.8821321321321317 	299.9896341547385 	0.01681560518274091 	101312.7461555681
0.8846346346346339 	299.9890914611692 	0.01829190726846118 	101312.1046476361
0.8871371371371364 	299.9885178661143 	0.01985778556603317 	101311.4266136178
0.8896396396396391 	299.9879213989033 	0.02148974649684747 	101310.7215450479
0.8921421421421414 	299.9873141109665 	0.02315276404907213 	101310.0036885716
0.8946446446446441 	299.9867098749567 	0.02480658572520783 	101309.2894416972
0.8971471471471464 	299.9861220251113 	0.02641258038832973 	101308.594566009
0.8996496496496489 	299.9855613024936 	0.02793993860084359 	101307.9317594102
0.9021521521521517 	299.9850343084013 	0.02937022522540116 	101307.3088246065
0.9046546546546541 	299.9845425694992 	0.03069997947722995 	101306.7275649303
0.9071571571571564 	299.9840823590474 	0.03194074362595518 	101306.1835765354
0.9096596596596589 	299.9836453773628 	0.0331167224978579 	101305.6670484988
0.9121621621621616 	299.9832202128731 	0.03426144718376081 	101305.1644911597
0.9146646646646639 	299.9827943059503 	0.03541166994011691 	101304.6610598109
0.9171671671671666 	299.9823560288882 	0.03660076780837444 	101304.1430090355
0.9196696696696689 	299.9818965811957 	0.03785340315987644 	101303.5999364791
0.9221721721721714 	299.9814115227229 	0.03918089902040316 	101303.0265946076
0.9246746746746741 	299.9809016829093 	0.04057940258381583 	101302.4239627731
0.9271771771771765 	299.9803731455839 	0.04203041476489005 	101301.7992317989
0.9296796796796791 	299.9798361589279 	0.04350416073216594 	101301.1645156808
0.9321821821821816 	299.979303101946 	0.04496546135933007 	101300.5344457187
0.9346846846846838 	299.9787859245291 	0.04638074478143051 	101299.9231471323
0.9371871871871866 	299.9782936650852 	0.04772503348900263 	101299.341303391
0.9396896896896891 	299.9778306328224 	0.04898684856179174 	101298.7940075701
0.9421921921921914 	299.9773956926666 	0.05017018521506402 	101298.2799183084
0.9446946946946939 	299.9769827798182 	0.05129288707397847 	101297.7918678666
0.9471971971971965 	299.9765824369842 	0.05238189383147758 	101297.3186770898
0.9496996996996991 	299.9761839605081 	0.05346751065668102 	101296.8476942958
0.9522022022022016 	299.975777628545 	0.0545771807336754 	101296.3674290305
0.9547047047047038 	299.9753564862809 	0.05573057012237406 	101295.8696603859
0.9572072072072064 	299.9749174040917 	0.05693672118313332 	101295.3506903346
0.9597097097097093 	299.9744614239745 	0.05819276593504093 	101294.8117498892
0.9622122122122114 	299.9739934450388 	0.0594849091779401 	101294.2586280753
0.964714714714714 	299.9735212395619 	0.06079103974648167 	101293.7005123806
0.9672172172172167 	299.9730539703331 	0.06208453380098543 	101293.1482325863
0.969719719719719 	299.9726006236825 	0.06333892408983118 	101292.612408764
0.9722222222222214 	299.9721687148921 	0.06453220759536782 	101292.1019248468
0.9747247247247239 	299.9717633562162 	0.06564985188496893 	101291.6228223705
0.9772272272272267 	299.9713866764518 	0.06668632016062657 	101291.1776164202
0.9797297297297292 	299.9710376230931 	0.06764479658841296 	101290.7650655081
0.9822322322322313 	299.970712103216 	0.0685364935979917 	101290.380330609
0.9847347347347344 	299.9704033399663 	0.06938058287147598 	101290.015401364
0.9872372372372363 	299.9701024436391 	0.07020258585232964 	101289.6597727294
0.9897397397397389 	299.969799275893 	0.07103186539532196 	101289.3014604443
0.9922422422422417 	299.9694836603579 	0.07189841570053108 	101288.9284378109
0.9947447447447441 	299.9691469483097 	0.07282758887914703 	101288.5304841382
0.9972472472472468 	299.9687837378262 	0.07383515361176363 	101288.1012128099
0.999749749749749 	299.9683932337148 	0.07492402431576994 	101287.6396853045
1.002252252252252 	299.9679796426518 	0.07608284939253684 	101287.1508735749
1.004754754754754 	299.9675514297069 	0.07728697307314356 	101286.6447797102
1.007257257257256 	299.9671199189244 	0.07850216621321622 	101286.1347891424
1.009759759759759 	299.9666977459397 	0.07969043662112316 	101285.6358358623
1.012262262262261 	299.9662972781217 	0.0808152070423134 	101285.1625345338
1.014764764764764 	299.9659291510469 	0.08184537282203121 	101284.7274570299
1.017267267267267 	299.9656011886786 	0.08275859826108858 	101284.3398497431
1.019769769769769 	299.9653177387544 	0.08354360439569652 	101284.0048490053
1.022272272272272 	299.9650792421417 	0.08420127820102546 	101283.7229779387
1.024774774774774 	299.9648819233309 	0.08474451333703788 	101283.4897745809
1.027277277277277 	299.964717783089 	0.08519727917713182 	101283.2957835231
1.029779779779779 	299.9645751380721 	0.0855931890625784 	101283.1271982047
1.032282282282282 	299.9644395650587 	0.08597328982480278 	101282.9669730096
1.034784784784784 	299.9642950894255 	0.08638241572011657 	101282.7962269906
1.037287287287286 	299.9641258197317 	0.08686468887841911 	101282.5961807645
1.039789789789789 	299.9639180620669 	0.0874578943850797 	101282.3506497165
1.042292292292291 	299.9636625517907 	0.08818712825568487 	101282.0486834256
1.044794794794794 	299.9633564928358 	0.08905951864918263 	101281.6869775928
1.047297297297296 	299.9630050062631 	0.09005998423000888 	101281.2715834799
1.049799799799799 	299.9626213738796 	0.09115069499849432 	101280.8181977847
1.052302302302302 	299.9622257561254 	0.09227530863608474 	101280.3506477627
1.054804804804804 	299.9618425041103 	0.09336634139308268 	101279.8977115889
1.057307307307306 	299.9614964344909 	0.09435476516852817 	101279.4887168245
1.059809809809809 	299.9612088430283 	0.09518007779254001 	101279.1488316015
1.062312312312312 	299.9609942492899 	0.09579986750367581 	101278.8952143781
1.064814814814814 	299.9608582881368 	0.09619726114812227 	101278.734523141
1.067317317317317 	299.9607966847661 	0.09638430338931528 	101278.6617140078
1.069819819819819 	299.9607955843466 	0.09640059773851968 	101278.660413762
1.072322322322321 	299.9608333093794 	0.09630775463694297 	101278.7049956637
1.074824824824824 	299.9608832406228 	0.096180720151333 	101278.7640075618
1.077327327327327 	299.9609175774974 	0.09609779377277836 	101278.8045911161
1.079829829829829 	299.9609111306388 	0.09613082138578569 	101278.7969740492
1.082332332332332 	299.9608444007274 	0.09633612571199958 	101278.7181188498
1.084834834834834 	299.9607059608131 	0.09674690987714415 	101278.5545172184
1.087337337337337 	299.9604942238917 	0.09736782107626975 	101278.3042914141
1.089839839839839 	299.9602186054353 	0.09817194205487205 	101277.9785705328
1.092342342342342 	299.9598997957187 	0.09910082680575383 	101277.6018040384
1.094844844844844 	299.9595684453992 	0.1000686296479361 	101277.2102137377
1.097347347347347 	299.9592617000471 	0.1009712814041776 	101276.8476999915
1.099849849849849 	299.9590175703439 	0.1017013081679926 	101276.5591767573
1.102352352352352 	299.9588676921941 	0.1021674581844422 	101276.3820380996
1.104854854854854 	299.9588299266961 	0.102315530743301 	101276.337403249
1.107357357357357 	299.9589027737196 	0.1021450447952721 	101276.4234870888
1.109859859859859 	299.9590637800392 	0.1017162448013537 	101276.6137559479
1.112362362362362 	299.9592735091751 	0.1011424530597049 	101276.8616109885
1.114864864864865 	299.9594839796696 	0.1005685133162157 	101277.1103481353
1.117367367367367 	299.9596487771672 	0.1001366277093642 	101277.3051160079
1.119869869869869 	299.9597323819979 	0.09994799478205263 	101277.4039297482
1.122372372372372 	299.9597175306683 	0.1000404323640929 	101277.3863824712
1.124874874874874 	299.9596099898232 	0.1003848510050495 	101277.2592955054
1.127377377377377 	299.9594385913746 	0.100898670598961 	101277.0567403689
1.129879879879879 	299.959247696695 	0.1014701763704335 	101276.8311428388
1.132382382382382 	299.9590832078666 	0.1019807441116323 	101276.6367423425
1.134884884884884 	299.958978922969 	0.1023291640147797 	101276.5134900027
1.137387387387387 	299.9589506345975 	0.102456195048685 	101276.4800564786
1.139889889889889 	299.9589980320818 	0.1023594210677559 	101276.5360669406
1.142392392392392 	299.9591075697481 	0.1020917862050981 	101276.6655135295
1.144894894894894 	299.9592536771738 	0.1017331537009159 	101276.8381802248
1.147397397397397 	299.9594048949023 	0.1013586864293453 	101277.0168887904
1.149899899899899 	299.9595369354871 	0.1010276056810391 	101277.172935729
1.152402402402402 	299.9596414238218 	0.1007746384490457 	101277.2964221124
1.154904904904904 	299.9597228339426 	0.1005960526427257 	101277.3926338782
1.157407407407407 	299.959792448812 	0.1004509548988516 	101277.4749045117
1.159909909909909 	299.9598671133823 	0.1002871277641851 	101277.5631413507
1.162412412412412 	299.9599649636152 	0.1000633540720596 	101277.6787777413
1.164914914914914 	299.96009457703 	0.09976003406860381 	101277.8319516637
1.167417417417417 	299.9602511458776 	0.09938509226053777 	101278.016983172
1.169919919919919 	299.960422111619 	0.09897270025022861 	101278.2190308785
1.172422422422422 	299.9605895581593 	0.09857650364937973 	101278.4169214719
1.174924924924925 	299.9607330024618 	0.09824779370715475 	101278.5864478011
1.177427427427427 	299.9608393934271 	0.09801957946138631 	101278.7121846362
1.179929929929929 	299.9609083692908 	0.09789687126134583 	101278.793703225
1.182432432432432 	299.9609501854361 	0.09784541538484953 	101278.8431228463
1.184934934934934 	299.9609858216377 	0.09780265833014722 	101278.8852369383
1.187437437437437 	299.9610428549864 	0.09769598727898365 	101278.9526358351
1.189939939939939 	299.9611457899304 	0.09745617997895042 	101279.0742796851
1.192442442442442 	299.9613114305201 	0.09703595438991344 	101279.2700292205
1.194944944944944 	299.961544633341 	0.09642575644572889 	101279.5456254646
1.197447447447447 	299.96183499749 	0.09565565310263938 	101279.8887780063
1.199949949949949 	299.9621611262508 	0.09478897416288387 	101280.2742013797
1.202452452452452 	299.9624951378102 	0.0939057232230873 	101280.6689446489
1.204954954954955 	299.9628088818284 	0.09308548105143488 	101281.0397382157
1.207457457457457 	299.9630818222494 	0.09239000064595562 	101281.3623113833
1.20995995995996 	299.9633041385005 	0.09184322581600871 	101281.6250562836
1.212462462462462 	299.9634790076548 	0.09143520650381209 	101281.8317257036
1.214964964964964 	299.9636211390073 	0.0911264135069359 	101281.9997030595
1.217467467467467 	299.9637521703111 	0.09084871013541193 	101282.1545598758
1.219969969969969 	299.9638962250067 	0.09053141459009659 	101282.3248061887
1.222472472472472 	299.9640741571504 	0.09011547846017544 	101282.5350886748
1.224974974974975 	299.9643002466627 	0.08955592218833097 	101282.8022849016
1.227477477477477 	299.9645799688666 	0.08883555500725154 	101283.1328672853
1.229979979979979 	299.9649098730187 	0.08796570465567488 	101283.5227586154
1.232482482482482 	299.9652791182224 	0.08697907833187662 	101283.9591478598
1.234984984984984 	299.9656717371779 	0.08592423228643284 	101284.4231644196
1.237487487487487 	299.9660698826909 	0.084855768605841 	101284.8937155498
1.239989989989989 	299.9664565914738 	0.08382553677609936 	101285.350751735
1.242492492492492 	299.9668190011121 	0.0828553428877134 	101285.7785317519
1.244994994994994 	299.9673298393155 	0.08207744622192233 	101286.1677279284
1.247497497497497 	299.9922540275082 	0.08124883149978092 	101286.5171809805
1.249999999999999 	301.2350183389068 	0.08040174122880028 	101286.8276582927
