/*--------------------------------*- C++ -*----------------------------------*\
  =========                 |
  \\      /  F ield         | OpenFOAM: The Open Source CFD Toolbox
   \\    /   O peration     | Website:  https://openfoam.org
    \\  /    A nd           | Version:  7
     \\/     M anipulation  |
\*---------------------------------------------------------------------------*/
FoamFile
{
    version     2.0;
    format      ascii;
    class       volScalarField;
    location    "0.00128";
    object      p;
}
// * * * * * * * * * * * * * * * * * * * * * * * * * * * * * * * * * * * * * //

dimensions      [1 -1 -2 0 0 0 0];

internalField   nonuniform List<scalar> 
5000
(
119999.58
119999.58
119999.58
119999.57
119999.57
119999.56
119999.55
119999.55
119999.54
119999.53
119999.51
119999.5
119999.49
119999.47
119999.45
119999.43
119999.41
119999.39
119999.37
119999.35
119999.32
119999.29
119999.26
119999.23
119999.2
119999.17
119999.13
119999.09
119999.05
119999.01
119998.97
119998.92
119998.87
119998.82
119998.76
119998.71
119998.65
119998.58
119998.52
119998.45
119998.38
119998.3
119998.22
119998.14
119998.06
119997.97
119997.87
119997.78
119997.67
119997.57
119997.46
119997.34
119997.22
119997.09
119996.96
119996.82
119996.68
119996.53
119996.38
119996.21
119996.04
119995.87
119995.69
119995.5
119995.3
119995.09
119994.88
119994.65
119994.42
119994.18
119993.93
119993.67
119993.4
119993.11
119992.82
119992.52
119992.2
119991.87
119991.53
119991.18
119990.81
119990.43
119990.04
119989.63
119989.2
119988.76
119988.3
119987.83
119987.34
119986.83
119986.3
119985.75
119985.19
119984.6
119983.99
119983.37
119982.72
119982.04
119981.34
119980.62
119979.88
119979.11
119978.31
119977.48
119976.63
119975.75
119974.84
119973.9
119972.92
119971.92
119970.88
119969.81
119968.71
119967.56
119966.39
119965.17
119963.92
119962.62
119961.29
119959.92
119958.5
119957.04
119955.53
119953.98
119952.38
119950.73
119949.03
119947.29
119945.49
119943.63
119941.73
119939.77
119937.75
119935.67
119933.54
119931.34
119929.08
119926.76
119924.37
119921.92
119919.4
119916.82
119914.16
119911.43
119908.62
119905.74
119902.79
119899.76
119896.65
119893.45
119890.18
119886.82
119883.38
119879.85
119876.23
119872.52
119868.71
119864.82
119860.83
119856.74
119852.56
119848.27
119843.88
119839.39
119834.8
119830.1
119825.28
119820.36
119815.33
119810.18
119804.92
119799.54
119794.04
119788.43
119782.69
119776.82
119770.83
119764.72
119758.47
119752.09
119745.59
119738.94
119732.16
119725.25
119718.19
119711
119703.66
119696.18
119688.55
119680.77
119672.85
119664.78
119656.55
119648.17
119639.63
119630.94
119622.09
119613.08
119603.91
119594.58
119585.08
119575.41
119565.58
119555.58
119545.41
119535.07
119524.56
119513.87
119503.01
119491.97
119480.75
119469.36
119457.78
119446.02
119434.08
119421.96
119409.65
119397.16
119384.48
119371.61
119358.55
119345.31
119331.87
119318.24
119304.42
119290.41
119276.2
119261.8
119247.2
119232.41
119217.42
119202.23
119186.84
119171.26
119155.47
119139.49
119123.31
119106.92
119090.34
119073.55
119056.56
119039.37
119021.98
119004.39
118986.59
118968.59
118950.39
118931.98
118913.37
118894.56
118875.54
118856.33
118836.91
118817.28
118797.46
118777.43
118757.2
118736.76
118716.13
118695.29
118674.25
118653.01
118631.57
118609.93
118588.09
118566.06
118543.82
118521.38
118498.75
118475.92
118452.9
118429.68
118406.26
118382.65
118358.85
118334.85
118310.66
118286.29
118261.72
118236.96
118212.01
118186.88
118161.56
118136.05
118110.36
118084.49
118058.43
118032.2
118005.78
117979.18
117952.41
117925.46
117898.33
117871.03
117843.56
117815.91
117788.09
117760.11
117731.95
117703.63
117675.14
117646.49
117617.68
117588.7
117559.57
117530.28
117500.83
117471.22
117441.46
117411.55
117381.48
117351.27
117320.91
117290.4
117259.75
117228.95
117198.01
117166.93
117135.71
117104.36
117072.87
117041.24
117009.48
116977.6
116945.58
116913.43
116881.16
116848.77
116816.25
116783.62
116750.86
116717.99
116685
116651.9
116618.68
116585.36
116551.93
116518.39
116484.74
116451
116417.15
116383.2
116349.15
116315.01
116280.77
116246.44
116212.02
116177.51
116142.92
116108.24
116073.47
116038.63
116003.7
115968.7
115933.62
115898.47
115863.24
115827.94
115792.58
115757.15
115721.65
115686.09
115650.47
115614.79
115579.05
115543.26
115507.41
115471.52
115435.57
115399.57
115363.53
115327.45
115291.32
115255.15
115218.94
115182.7
115146.42
115110.11
115073.77
115037.4
115001
114964.58
114928.13
114891.67
114855.18
114818.68
114782.16
114745.63
114709.09
114672.54
114635.98
114599.41
114562.84
114526.27
114489.7
114453.14
114416.57
114380.02
114343.47
114306.93
114270.4
114233.89
114197.39
114160.92
114124.46
114088.02
114051.61
114015.22
113978.87
113942.54
113906.24
113869.98
113833.76
113797.57
113761.43
113725.32
113689.26
113653.25
113617.28
113581.37
113545.51
113509.7
113473.95
113438.25
113402.62
113367.05
113331.55
113296.11
113260.74
113225.44
113190.21
113155.06
113119.99
113084.99
113050.08
113015.25
112980.5
112945.85
112911.28
112876.8
112842.42
112808.13
112773.94
112739.85
112705.86
112671.98
112638.2
112604.53
112570.97
112537.52
112504.18
112470.97
112437.87
112404.89
112372.03
112339.3
112306.7
112274.22
112241.87
112209.66
112177.58
112145.64
112113.84
112082.18
112050.66
112019.29
111988.06
111956.99
111926.06
111895.28
111864.67
111834.2
111803.9
111773.76
111743.78
111713.96
111684.31
111654.83
111625.52
111596.38
111567.42
111538.63
111510.02
111481.59
111453.34
111425.27
111397.38
111369.69
111342.18
111314.86
111287.73
111260.79
111234.05
111207.51
111181.16
111155.02
111129.07
111103.33
111077.79
111052.45
111027.32
111002.4
110977.69
110953.19
110928.9
110904.83
110880.97
110857.32
110833.89
110810.68
110787.69
110764.92
110742.36
110720.03
110697.93
110676.04
110654.39
110632.95
110611.74
110590.76
110570.01
110549.48
110529.19
110509.12
110489.28
110469.67
110450.29
110431.15
110412.23
110393.54
110375.09
110356.87
110338.87
110321.11
110303.59
110286.29
110269.22
110252.39
110235.78
110219.41
110203.27
110187.36
110171.67
110156.22
110140.99
110126
110111.22
110096.68
110082.36
110068.27
110054.4
110040.75
110027.33
110014.12
110001.14
109988.37
109975.83
109963.5
109951.38
109939.48
109927.79
109916.32
109905.05
109893.99
109883.14
109872.49
109862.05
109851.8
109841.76
109831.92
109822.27
109812.82
109803.56
109794.49
109785.61
109776.92
109768.41
109760.08
109751.94
109743.98
109736.19
109728.57
109721.13
109713.86
109706.76
109699.82
109693.05
109686.44
109679.98
109673.69
109667.54
109661.55
109655.71
109650.02
109644.47
109639.07
109633.81
109628.68
109623.69
109618.83
109614.1
109609.51
109605.04
109600.69
109596.46
109592.35
109588.36
109584.49
109580.73
109577.07
109573.53
109570.09
109566.75
109563.52
109560.38
109557.34
109554.39
109551.54
109548.77
109546.1
109543.51
109541
109538.58
109536.23
109533.96
109531.77
109529.65
109527.61
109525.63
109523.72
109521.88
109520.1
109518.39
109516.73
109515.14
109513.6
109512.12
109510.69
109509.32
109508
109506.72
109505.5
109504.32
109503.18
109502.09
109501.05
109500.04
109499.07
109498.14
109497.25
109496.39
109495.57
109494.78
109494.03
109493.3
109492.61
109491.94
109491.31
109490.7
109490.11
109489.55
109489.02
109488.51
109488.02
109487.55
109487.1
109486.67
109486.27
109485.88
109485.51
109485.15
109484.81
109484.49
109484.18
109483.89
109483.61
109483.35
109483.09
109482.85
109482.62
109482.4
109482.2
109482
109481.81
109481.63
109481.47
109481.31
109481.15
109481.01
109480.87
109480.74
109480.62
109480.5
109480.39
109480.29
109480.19
109480.1
109480.01
109479.92
109479.84
109479.77
109479.7
109479.63
109479.57
109479.51
109479.45
109479.4
109479.35
109479.31
109479.26
109479.22
109479.18
109479.15
109479.11
109479.08
109479.05
109479.02
109479
109478.97
109478.95
109478.93
109478.91
109478.89
109478.87
109478.85
109478.84
109478.82
109478.81
109478.8
109478.78
109478.77
109478.76
109478.75
109478.74
109478.73
109478.72
109478.71
109478.71
109478.7
109478.69
109478.68
109478.67
109478.67
109478.66
109478.65
109478.64
109478.63
109478.62
109478.62
109478.61
109478.6
109478.59
109478.58
109478.58
109478.57
109478.56
109478.56
109478.55
109478.55
109478.55
109478.54
109478.54
109478.53
109478.53
109478.53
109478.52
109478.51
109478.51
109478.5
109478.49
109478.49
109478.48
109478.47
109478.46
109478.45
109478.44
109478.44
109478.43
109478.42
109478.41
109478.4
109478.39
109478.39
109478.38
109478.37
109478.36
109478.35
109478.34
109478.34
109478.33
109478.32
109478.31
109478.3
109478.3
109478.29
109478.28
109478.28
109478.27
109478.26
109478.26
109478.25
109478.25
109478.24
109478.24
109478.24
109478.23
109478.23
109478.23
109478.23
109478.22
109478.22
109478.22
109478.22
109478.21
109478.21
109478.2
109478.2
109478.19
109478.19
109478.18
109478.18
109478.18
109478.17
109478.17
109478.16
109478.16
109478.15
109478.14
109478.14
109478.13
109478.13
109478.12
109478.12
109478.12
109478.11
109478.11
109478.11
109478.1
109478.1
109478.1
109478.09
109478.09
109478.08
109478.08
109478.07
109478.07
109478.07
109478.06
109478.06
109478.05
109478.05
109478.05
109478.04
109478.04
109478.03
109478.03
109478.03
109478.03
109478.02
109478.02
109478.02
109478.01
109478.01
109478.01
109478
109478
109477.99
109477.99
109477.99
109477.98
109477.98
109477.98
109477.97
109477.97
109477.97
109477.96
109477.96
109477.96
109477.95
109477.95
109477.95
109477.95
109477.94
109477.94
109477.94
109477.93
109477.93
109477.93
109477.93
109477.92
109477.92
109477.92
109477.92
109477.91
109477.91
109477.91
109477.91
109477.9
109477.9
109477.9
109477.89
109477.89
109477.89
109477.88
109477.88
109477.88
109477.87
109477.87
109477.86
109477.86
109477.86
109477.86
109477.86
109477.86
109477.86
109477.86
109477.85
109477.85
109477.85
109477.85
109477.85
109477.85
109477.84
109477.84
109477.84
109477.84
109477.83
109477.83
109477.83
109477.82
109477.82
109477.82
109477.82
109477.82
109477.82
109477.82
109477.81
109477.81
109477.81
109477.81
109477.81
109477.81
109477.81
109477.81
109477.81
109477.81
109477.81
109477.81
109477.81
109477.81
109477.81
109477.81
109477.8
109477.8
109477.8
109477.8
109477.8
109477.8
109477.8
109477.8
109477.79
109477.79
109477.79
109477.79
109477.79
109477.79
109477.78
109477.78
109477.78
109477.78
109477.78
109477.77
109477.77
109477.77
109477.77
109477.77
109477.77
109477.77
109477.77
109477.77
109477.77
109477.77
109477.77
109477.77
109477.77
109477.77
109477.77
109477.77
109477.77
109477.77
109477.77
109477.77
109477.78
109477.78
109477.78
109477.78
109477.78
109477.78
109477.78
109477.78
109477.78
109477.78
109477.78
109477.78
109477.78
109477.78
109477.78
109477.79
109477.79
109477.79
109477.79
109477.79
109477.79
109477.79
109477.79
109477.79
109477.79
109477.79
109477.79
109477.79
109477.79
109477.79
109477.79
109477.79
109477.8
109477.8
109477.8
109477.8
109477.8
109477.8
109477.8
109477.8
109477.8
109477.8
109477.8
109477.8
109477.81
109477.81
109477.81
109477.81
109477.81
109477.81
109477.81
109477.81
109477.81
109477.81
109477.81
109477.81
109477.81
109477.81
109477.81
109477.81
109477.81
109477.81
109477.81
109477.81
109477.81
109477.81
109477.81
109477.81
109477.81
109477.81
109477.81
109477.81
109477.81
109477.81
109477.81
109477.81
109477.81
109477.81
109477.81
109477.82
109477.82
109477.82
109477.82
109477.82
109477.82
109477.82
109477.82
109477.82
109477.82
109477.82
109477.82
109477.82
109477.82
109477.82
109477.82
109477.82
109477.82
109477.82
109477.82
109477.83
109477.83
109477.83
109477.83
109477.83
109477.83
109477.83
109477.83
109477.83
109477.83
109477.83
109477.83
109477.83
109477.83
109477.83
109477.83
109477.83
109477.83
109477.83
109477.83
109477.83
109477.84
109477.84
109477.84
109477.84
109477.84
109477.84
109477.84
109477.84
109477.84
109477.84
109477.85
109477.85
109477.85
109477.85
109477.85
109477.85
109477.85
109477.85
109477.86
109477.86
109477.86
109477.86
109477.86
109477.86
109477.86
109477.87
109477.87
109477.87
109477.87
109477.87
109477.87
109477.87
109477.88
109477.88
109477.88
109477.88
109477.88
109477.88
109477.88
109477.89
109477.89
109477.89
109477.89
109477.89
109477.89
109477.89
109477.89
109477.89
109477.89
109477.9
109477.9
109477.9
109477.9
109477.9
109477.9
109477.9
109477.9
109477.9
109477.9
109477.9
109477.9
109477.9
109477.9
109477.9
109477.9
109477.9
109477.91
109477.91
109477.91
109477.91
109477.91
109477.91
109477.91
109477.91
109477.91
109477.91
109477.91
109477.91
109477.91
109477.91
109477.91
109477.91
109477.91
109477.91
109477.91
109477.91
109477.91
109477.92
109477.92
109477.92
109477.92
109477.92
109477.92
109477.92
109477.92
109477.92
109477.92
109477.92
109477.92
109477.93
109477.93
109477.93
109477.93
109477.93
109477.93
109477.93
109477.93
109477.93
109477.93
109477.93
109477.93
109477.94
109477.94
109477.94
109477.94
109477.94
109477.94
109477.94
109477.94
109477.94
109477.94
109477.94
109477.94
109477.94
109477.94
109477.95
109477.95
109477.95
109477.95
109477.95
109477.95
109477.95
109477.95
109477.95
109477.95
109477.95
109477.95
109477.95
109477.95
109477.95
109477.95
109477.95
109477.95
109477.96
109477.96
109477.96
109477.96
109477.96
109477.96
109477.96
109477.96
109477.96
109477.96
109477.96
109477.96
109477.96
109477.96
109477.96
109477.96
109477.96
109477.96
109477.96
109477.97
109477.97
109477.97
109477.97
109477.97
109477.97
109477.97
109477.97
109477.97
109477.97
109477.97
109477.97
109477.97
109477.97
109477.97
109477.97
109477.97
109477.97
109477.97
109477.97
109477.98
109477.98
109477.98
109477.98
109477.98
109477.98
109477.98
109477.98
109477.98
109477.98
109477.98
109477.98
109477.98
109477.98
109477.98
109477.98
109477.99
109477.99
109477.99
109477.99
109477.99
109477.99
109477.99
109477.99
109477.99
109477.99
109477.99
109477.99
109477.99
109477.99
109478
109478
109478
109478
109478
109478
109478
109478
109478
109478
109478
109478
109478
109478
109478
109478
109478.01
109478.01
109478.01
109478.01
109478.01
109478.01
109478.01
109478.01
109478.01
109478.01
109478.01
109478.01
109478.01
109478.01
109478.01
109478.01
109478.01
109478.01
109478.01
109478.01
109478.01
109478.01
109478.02
109478.02
109478.02
109478.02
109478.02
109478.02
109478.02
109478.02
109478.02
109478.02
109478.02
109478.02
109478.02
109478.02
109478.02
109478.02
109478.02
109478.02
109478.02
109478.02
109478.02
109478.02
109478.02
109478.02
109478.02
109478.02
109478.02
109478.02
109478.02
109478.02
109478.02
109478.02
109478.02
109478.02
109478.02
109478.02
109478.02
109478.02
109478.02
109478.02
109478.03
109478.03
109478.03
109478.03
109478.03
109478.03
109478.03
109478.03
109478.03
109478.03
109478.03
109478.03
109478.03
109478.03
109478.03
109478.03
109478.03
109478.03
109478.03
109478.03
109478.03
109478.03
109478.04
109478.04
109478.04
109478.04
109478.04
109478.04
109478.04
109478.04
109478.04
109478.04
109478.04
109478.04
109478.04
109478.04
109478.04
109478.05
109478.05
109478.05
109478.05
109478.05
109478.05
109478.05
109478.05
109478.05
109478.05
109478.05
109478.05
109478.05
109478.05
109478.05
109478.06
109478.06
109478.06
109478.06
109478.06
109478.06
109478.06
109478.06
109478.06
109478.06
109478.06
109478.06
109478.06
109478.06
109478.06
109478.06
109478.06
109478.06
109478.06
109478.06
109478.06
109478.06
109478.06
109478.06
109478.06
109478.07
109478.07
109478.07
109478.07
109478.07
109478.07
109478.07
109478.07
109478.07
109478.07
109478.07
109478.07
109478.07
109478.07
109478.07
109478.07
109478.07
109478.07
109478.07
109478.07
109478.07
109478.07
109478.07
109478.07
109478.07
109478.07
109478.07
109478.07
109478.07
109478.07
109478.07
109478.07
109478.07
109478.07
109478.07
109478.07
109478.07
109478.07
109478.07
109478.07
109478.07
109478.07
109478.07
109478.07
109478.07
109478.07
109478.07
109478.07
109478.07
109478.07
109478.07
109478.07
109478.07
109478.07
109478.07
109478.07
109478.07
109478.07
109478.07
109478.07
109478.07
109478.07
109478.07
109478.07
109478.07
109478.07
109478.07
109478.08
109478.08
109478.08
109478.08
109478.08
109478.08
109478.08
109478.08
109478.08
109478.08
109478.08
109478.08
109478.08
109478.08
109478.08
109478.08
109478.08
109478.08
109478.08
109478.08
109478.08
109478.08
109478.08
109478.08
109478.09
109478.09
109478.09
109478.09
109478.09
109478.09
109478.09
109478.09
109478.09
109478.09
109478.09
109478.09
109478.09
109478.09
109478.09
109478.09
109478.09
109478.09
109478.09
109478.09
109478.09
109478.09
109478.09
109478.09
109478.09
109478.09
109478.1
109478.1
109478.1
109478.1
109478.1
109478.1
109478.1
109478.1
109478.1
109478.1
109478.1
109478.1
109478.1
109478.1
109478.1
109478.1
109478.1
109478.1
109478.1
109478.1
109478.1
109478.1
109478.1
109478.1
109478.1
109478.11
109478.11
109478.11
109478.11
109478.11
109478.11
109478.11
109478.11
109478.11
109478.11
109478.11
109478.11
109478.11
109478.11
109478.11
109478.11
109478.11
109478.11
109478.11
109478.11
109478.11
109478.11
109478.11
109478.11
109478.11
109478.11
109478.11
109478.11
109478.11
109478.11
109478.11
109478.12
109478.12
109478.12
109478.12
109478.12
109478.12
109478.12
109478.12
109478.12
109478.12
109478.12
109478.12
109478.12
109478.12
109478.12
109478.12
109478.12
109478.12
109478.12
109478.12
109478.12
109478.12
109478.12
109478.12
109478.12
109478.12
109478.12
109478.12
109478.12
109478.12
109478.12
109478.12
109478.12
109478.12
109478.12
109478.12
109478.12
109478.12
109478.12
109478.12
109478.12
109478.12
109478.12
109478.12
109478.12
109478.12
109478.12
109478.12
109478.12
109478.12
109478.12
109478.12
109478.12
109478.12
109478.12
109478.12
109478.12
109478.12
109478.12
109478.12
109478.12
109478.12
109478.12
109478.12
109478.12
109478.12
109478.12
109478.13
109478.13
109478.13
109478.13
109478.13
109478.13
109478.13
109478.13
109478.13
109478.13
109478.13
109478.13
109478.13
109478.13
109478.13
109478.13
109478.13
109478.13
109478.13
109478.13
109478.13
109478.13
109478.13
109478.13
109478.13
109478.13
109478.13
109478.13
109478.13
109478.13
109478.13
109478.13
109478.13
109478.13
109478.13
109478.13
109478.13
109478.13
109478.13
109478.13
109478.13
109478.13
109478.13
109478.13
109478.14
109478.14
109478.14
109478.14
109478.14
109478.14
109478.14
109478.14
109478.14
109478.14
109478.14
109478.14
109478.14
109478.14
109478.14
109478.14
109478.14
109478.14
109478.14
109478.14
109478.14
109478.14
109478.14
109478.14
109478.14
109478.14
109478.14
109478.14
109478.14
109478.14
109478.14
109478.14
109478.14
109478.14
109478.14
109478.14
109478.14
109478.14
109478.14
109478.14
109478.14
109478.14
109478.14
109478.14
109478.14
109478.14
109478.14
109478.14
109478.14
109478.14
109478.14
109478.14
109478.14
109478.14
109478.14
109478.15
109478.15
109478.15
109478.15
109478.15
109478.15
109478.15
109478.15
109478.15
109478.15
109478.15
109478.15
109478.15
109478.15
109478.15
109478.15
109478.15
109478.15
109478.15
109478.15
109478.15
109478.15
109478.15
109478.15
109478.15
109478.15
109478.15
109478.15
109478.15
109478.15
109478.15
109478.15
109478.15
109478.15
109478.15
109478.15
109478.15
109478.15
109478.15
109478.15
109478.15
109478.15
109478.15
109478.15
109478.15
109478.15
109478.15
109478.15
109478.15
109478.16
109478.16
109478.16
109478.16
109478.16
109478.16
109478.16
109478.16
109478.16
109478.16
109478.16
109478.16
109478.16
109478.16
109478.16
109478.16
109478.16
109478.16
109478.16
109478.16
109478.16
109478.16
109478.16
109478.16
109478.16
109478.16
109478.16
109478.16
109478.16
109478.16
109478.16
109478.16
109478.16
109478.16
109478.16
109478.16
109478.16
109478.16
109478.16
109478.16
109478.16
109478.16
109478.16
109478.16
109478.16
109478.16
109478.17
109478.17
109478.17
109478.17
109478.17
109478.17
109478.17
109478.17
109478.17
109478.17
109478.17
109478.17
109478.17
109478.17
109478.17
109478.17
109478.17
109478.17
109478.17
109478.17
109478.17
109478.17
109478.17
109478.17
109478.17
109478.17
109478.17
109478.17
109478.17
109478.17
109478.17
109478.17
109478.17
109478.17
109478.17
109478.17
109478.17
109478.17
109478.17
109478.17
109478.17
109478.17
109478.17
109478.17
109478.17
109478.17
109478.17
109478.17
109478.17
109478.17
109478.17
109478.17
109478.17
109478.17
109478.17
109478.17
109478.17
109478.17
109478.17
109478.17
109478.17
109478.17
109478.17
109478.17
109478.17
109478.17
109478.17
109478.17
109478.17
109478.17
109478.17
109478.17
109478.17
109478.17
109478.17
109478.17
109478.17
109478.17
109478.17
109478.17
109478.17
109478.17
109478.17
109478.17
109478.17
109478.17
109478.17
109478.17
109478.17
109478.17
109478.17
109478.17
109478.17
109478.17
109478.17
109478.17
109478.17
109478.17
109478.17
109478.17
109478.17
109478.17
109478.17
109478.17
109478.17
109478.17
109478.17
109478.17
109478.17
109478.17
109478.17
109478.18
109478.18
109478.18
109478.18
109478.18
109478.18
109478.18
109478.18
109478.18
109478.18
109478.18
109478.18
109478.18
109478.18
109478.18
109478.18
109478.18
109478.18
109478.18
109478.18
109478.18
109478.18
109478.18
109478.18
109478.18
109478.18
109478.18
109478.18
109478.18
109478.18
109478.18
109478.18
109478.18
109478.18
109478.18
109478.18
109478.18
109478.18
109478.18
109478.18
109478.18
109478.18
109478.18
109478.18
109478.18
109478.18
109478.18
109478.18
109478.18
109478.18
109478.18
109478.18
109478.18
109478.18
109478.18
109478.18
109478.18
109478.18
109478.18
109478.18
109478.18
109478.18
109478.18
109478.18
109478.18
109478.18
109478.18
109478.18
109478.18
109478.18
109478.18
109478.18
109478.18
109478.18
109478.19
109478.19
109478.19
109478.19
109478.19
109478.19
109478.19
109478.19
109478.19
109478.19
109478.19
109478.19
109478.19
109478.19
109478.19
109478.19
109478.19
109478.19
109478.19
109478.19
109478.19
109478.19
109478.19
109478.19
109478.19
109478.19
109478.19
109478.19
109478.19
109478.19
109478.19
109478.19
109478.19
109478.19
109478.19
109478.19
109478.19
109478.19
109478.19
109478.19
109478.19
109478.19
109478.19
109478.19
109478.19
109478.19
109478.19
109478.19
109478.19
109478.19
109478.19
109478.19
109478.19
109478.19
109478.19
109478.19
109478.19
109478.19
109478.19
109478.19
109478.19
109478.19
109478.19
109478.19
109478.19
109478.19
109478.19
109478.19
109478.19
109478.19
109478.19
109478.19
109478.19
109478.19
109478.19
109478.19
109478.19
109478.19
109478.19
109478.19
109478.19
109478.19
109478.19
109478.19
109478.19
109478.19
109478.19
109478.19
109478.19
109478.19
109478.19
109478.19
109478.19
109478.19
109478.19
109478.19
109478.19
109478.19
109478.19
109478.19
109478.19
109478.19
109478.19
109478.19
109478.2
109478.2
109478.2
109478.2
109478.2
109478.2
109478.2
109478.2
109478.2
109478.2
109478.2
109478.2
109478.2
109478.2
109478.2
109478.2
109478.2
109478.2
109478.2
109478.2
109478.2
109478.2
109478.2
109478.2
109478.2
109478.2
109478.2
109478.2
109478.2
109478.2
109478.2
109478.2
109478.2
109478.2
109478.2
109478.2
109478.2
109478.2
109478.2
109478.2
109478.2
109478.2
109478.2
109478.2
109478.2
109478.2
109478.2
109478.2
109478.2
109478.2
109478.2
109478.2
109478.2
109478.2
109478.2
109478.2
109478.2
109478.2
109478.2
109478.2
109478.2
109478.2
109478.2
109478.2
109478.2
109478.2
109478.2
109478.2
109478.2
109478.2
109478.2
109478.2
109478.2
109478.2
109478.2
109478.2
109478.2
109478.2
109478.2
109478.21
109478.21
109478.21
109478.21
109478.21
109478.21
109478.21
109478.21
109478.21
109478.21
109478.21
109478.21
109478.21
109478.21
109478.21
109478.21
109478.21
109478.21
109478.21
109478.21
109478.21
109478.21
109478.21
109478.21
109478.21
109478.21
109478.21
109478.21
109478.21
109478.21
109478.21
109478.21
109478.21
109478.21
109478.21
109478.21
109478.21
109478.21
109478.21
109478.21
109478.21
109478.21
109478.21
109478.21
109478.21
109478.21
109478.21
109478.21
109478.21
109478.21
109478.21
109478.21
109478.21
109478.21
109478.21
109478.21
109478.21
109478.21
109478.21
109478.21
109478.21
109478.21
109478.21
109478.21
109478.21
109478.21
109478.21
109478.21
109478.21
109478.21
109478.21
109478.21
109478.21
109478.21
109478.21
109478.21
109478.21
109478.21
109478.21
109478.21
109478.21
109478.21
109478.21
109478.21
109478.21
109478.21
109478.21
109478.21
109478.21
109478.21
109478.21
109478.21
109478.21
109478.21
109478.21
109478.21
109478.21
109478.21
109478.21
109478.21
109478.21
109478.21
109478.21
109478.21
109478.21
109478.21
109478.21
109478.21
109478.21
109478.21
109478.21
109478.21
109478.21
109478.21
109478.21
109478.21
109478.21
109478.21
109478.21
109478.21
109478.21
109478.21
109478.21
109478.21
109478.21
109478.21
109478.21
109478.21
109478.21
109478.21
109478.21
109478.21
109478.21
109478.21
109478.21
109478.21
109478.21
109478.21
109478.21
109478.21
109478.21
109478.21
109478.21
109478.21
109478.21
109478.21
109478.21
109478.21
109478.21
109478.21
109478.21
109478.21
109478.21
109478.21
109478.21
109478.21
109478.21
109478.21
109478.21
109478.21
109478.21
109478.21
109478.21
109478.21
109478.21
109478.21
109478.21
109478.21
109478.21
109478.21
109478.21
109478.21
109478.21
109478.21
109478.21
109478.21
109478.21
109478.21
109478.21
109478.21
109478.21
109478.21
109478.21
109478.21
109478.21
109478.21
109478.21
109478.21
109478.21
109478.21
109478.21
109478.21
109478.21
109478.21
109478.21
109478.21
109478.21
109478.21
109478.21
109478.21
109478.21
109478.21
109478.21
109478.21
109478.21
109478.21
109478.21
109478.21
109478.21
109478.21
109478.21
109478.21
109478.21
109478.21
109478.21
109478.21
109478.21
109478.21
109478.21
109478.21
109478.21
109478.21
109478.21
109478.21
109478.21
109478.21
109478.21
109478.21
109478.21
109478.21
109478.21
109478.21
109478.21
109478.21
109478.21
109478.21
109478.21
109478.21
109478.21
109478.21
109478.21
109478.21
109478.21
109478.21
109478.21
109478.21
109478.21
109478.21
109478.21
109478.21
109478.21
109478.21
109478.21
109478.21
109478.21
109478.21
109478.21
109478.21
109478.21
109478.21
109478.21
109478.21
109478.21
109478.21
109478.21
109478.21
109478.21
109478.21
109478.21
109478.21
109478.21
109478.21
109478.21
109478.21
109478.21
109478.21
109478.21
109478.21
109478.21
109478.21
109478.21
109478.21
109478.21
109478.21
109478.21
109478.21
109478.21
109478.21
109478.21
109478.21
109478.21
109478.21
109478.21
109478.21
109478.21
109478.21
109478.21
109478.22
109478.22
109478.22
109478.22
109478.22
109478.22
109478.22
109478.22
109478.22
109478.22
109478.22
109478.22
109478.22
109478.22
109478.22
109478.22
109478.22
109478.22
109478.22
109478.22
109478.22
109478.22
109478.22
109478.22
109478.22
109478.22
109478.22
109478.22
109478.22
109478.22
109478.22
109478.22
109478.22
109478.22
109478.22
109478.22
109478.22
109478.22
109478.22
109478.22
109478.22
109478.22
109478.22
109478.22
109478.23
109478.23
109478.23
109478.23
109478.23
109478.22
109478.22
109478.21
109478.2
109478.19
109478.18
109478.17
109478.17
109478.2
109478.25
109478.27
109478.26
109478.25
109478.24
109478.24
109478.23
109478.23
109478.22
109478.22
109478.22
109478.22
109478.22
109478.22
109478.22
109478.22
109478.22
109478.22
109478.22
109478.22
109478.22
109478.22
109478.22
109478.22
109478.22
109478.22
109478.22
109478.22
109478.22
109478.22
109478.22
109478.22
109478.22
109478.22
109478.22
109478.22
109478.22
109478.22
109478.22
109478.22
109478.22
109478.22
109478.22
109478.22
109478.22
109478.22
109478.22
109478.22
109478.22
109478.22
109478.22
109478.22
109478.22
109478.22
109478.22
109478.22
109478.22
109478.22
109478.22
109478.22
109478.22
109478.22
109478.22
109478.22
109478.22
109478.22
109478.22
109478.22
109478.22
109478.22
109478.22
109478.22
109478.22
109478.22
109478.22
109478.22
109478.22
109478.22
109478.22
109478.22
109478.22
109478.22
109478.22
109478.22
109478.22
109478.22
109478.22
109478.22
109478.22
109478.22
109478.22
109478.22
109478.22
109478.22
109478.21
109478.21
109478.21
109478.21
109478.21
109478.21
109478.21
109478.21
109478.21
109478.21
109478.21
109478.21
109478.21
109478.21
109478.21
109478.21
109478.21
109478.21
109478.21
109478.21
109478.21
109478.21
109478.21
109478.21
109478.21
109478.21
109478.21
109478.21
109478.21
109478.21
109478.21
109478.21
109478.21
109478.21
109478.21
109478.21
109478.21
109478.21
109478.21
109478.21
109478.21
109478.21
109478.21
109478.21
109478.21
109478.21
109478.21
109478.21
109478.21
109478.21
109478.21
109478.21
109478.21
109478.21
109478.21
109478.21
109478.21
109478.21
109478.21
109478.21
109478.21
109478.21
109478.21
109478.21
109478.21
109478.21
109478.21
109478.21
109478.21
109478.21
109478.21
109478.21
109478.21
109478.21
109478.21
109478.21
109478.21
109478.21
109478.21
109478.21
109478.21
109478.21
109478.21
109478.21
109478.21
109478.21
109478.21
109478.21
109478.21
109478.21
109478.21
109478.21
109478.21
109478.21
109478.21
109478.21
109478.21
109478.21
109478.21
109478.21
109478.21
109478.21
109478.21
109478.21
109478.21
109478.21
109478.21
109478.21
109478.21
109478.21
109478.22
109478.22
109478.22
109478.22
109478.22
109478.22
109478.22
109478.22
109478.22
109478.22
109478.22
109478.22
109478.22
109478.22
109478.22
109478.22
109478.22
109478.22
109478.22
109478.22
109478.22
109478.22
109478.22
109478.22
109478.22
109478.22
109478.22
109478.22
109478.22
109478.22
109478.22
109478.22
109478.22
109478.22
109478.22
109478.22
109478.22
109478.22
109478.22
109478.22
109478.22
109478.22
109478.22
109478.22
109478.22
109478.22
109478.22
109478.22
109478.22
109478.22
109478.22
109478.22
109478.22
109478.22
109478.22
109478.22
109478.22
109478.22
109478.22
109478.22
109478.22
109478.22
109478.22
109478.22
109478.22
109478.22
109478.22
109478.22
109478.22
109478.22
109478.22
109478.22
109478.22
109478.22
109478.22
109478.22
109478.22
109478.22
109478.22
109478.22
109478.22
109478.22
109478.22
109478.22
109478.22
109478.22
109478.22
109478.22
109478.22
109478.22
109478.22
109478.22
109478.22
109478.22
109478.22
109478.22
109478.22
109478.22
109478.22
109478.22
109478.22
109478.22
109478.22
109478.22
109478.22
109478.22
109478.22
109478.22
109478.22
109478.22
109478.22
109478.22
109478.22
109478.22
109478.22
109478.22
109478.22
109478.22
109478.22
109478.22
109478.22
109478.22
109478.22
109478.22
109478.22
109478.22
109478.22
109478.22
109478.22
109478.22
109478.22
109478.22
109478.21
109478.21
109478.21
109478.21
109478.21
109478.21
109478.21
109478.21
109478.21
109478.21
109478.21
109478.21
109478.21
109478.21
109478.21
109478.21
109478.21
109478.21
109478.21
109478.21
109478.21
109478.21
109478.21
109478.21
109478.21
109478.21
109478.21
109478.21
109478.21
109478.21
109478.21
109478.21
109478.21
109478.21
109478.21
109478.21
109478.21
109478.21
109478.21
109478.21
109478.21
109478.21
109478.21
109478.21
109478.21
109478.21
109478.21
109478.21
109478.21
109478.21
109478.21
109478.21
109478.21
109478.21
109478.21
109478.21
109478.21
109478.21
109478.21
109478.21
109478.21
109478.21
109478.21
109478.21
109478.21
109478.21
109478.21
109478.21
109478.21
109478.21
109478.21
109478.21
109478.21
109478.21
109478.21
109478.21
109478.21
109478.21
109478.21
109478.21
109478.21
109478.21
109478.21
109478.21
109478.21
109478.21
109478.21
109478.21
109478.21
109478.21
109478.21
109478.21
109478.21
109478.21
109478.21
109478.21
109478.21
109478.21
109478.21
109478.21
109478.21
109478.21
109478.21
109478.21
109478.21
109478.21
109478.21
109478.21
109478.21
109478.2
109478.2
109478.2
109478.2
109478.2
109478.2
109478.2
109478.2
109478.2
109478.2
109478.2
109478.2
109478.2
109478.2
109478.2
109478.2
109478.2
109478.2
109478.2
109478.2
109478.2
109478.2
109478.2
109478.2
109478.2
109478.2
109478.2
109478.2
109478.2
109478.2
109478.2
109478.2
109478.2
109478.2
109478.2
109478.2
109478.2
109478.2
109478.2
109478.2
109478.2
109478.2
109478.2
109478.2
109478.2
109478.2
109478.2
109478.2
109478.2
109478.2
109478.2
109478.2
109478.2
109478.2
109478.2
109478.2
109478.2
109478.2
109478.2
109478.2
109478.2
109478.2
109478.2
109478.2
109478.2
109478.2
109478.2
109478.2
109478.2
109478.2
109478.2
109478.2
109478.2
109478.2
109478.2
109478.2
109478.2
109478.2
109478.2
109478.2
109478.2
109478.2
109478.2
109478.2
109478.2
109478.2
109478.2
109478.2
109478.2
109478.2
109478.2
109478.2
109478.2
109478.2
109478.2
109478.2
109478.2
109478.2
109478.2
109478.2
109478.2
109478.2
109478.2
109478.2
109478.2
109478.2
109478.2
109478.2
109478.2
109478.2
109478.2
109478.2
109478.2
109478.2
109478.2
109478.2
109478.2
109478.2
109478.2
109478.2
109478.2
109478.2
109478.2
109478.2
109478.2
109478.2
109478.2
109478.2
109478.2
109478.2
109478.2
109478.2
109478.2
109478.2
109478.2
109478.2
109478.2
109478.2
109478.2
109478.2
109478.2
109478.2
109478.2
109478.2
109478.2
109478.19
109478.19
109478.19
109478.19
109478.19
109478.19
109478.19
109478.19
109478.19
109478.19
109478.19
109478.19
109478.19
109478.19
109478.19
109478.19
109478.19
109478.19
109478.19
109478.19
109478.19
109478.19
109478.19
109478.19
109478.19
109478.19
109478.19
109478.19
109478.19
109478.19
109478.19
109478.19
109478.19
109478.19
109478.19
109478.19
109478.19
109478.19
109478.19
109478.19
109478.19
109478.19
109478.19
109478.19
109478.19
109478.19
109478.19
109478.19
109478.19
109478.19
109478.19
109478.19
109478.19
109478.19
109478.19
109478.19
109478.19
109478.19
109478.19
109478.19
109478.19
109478.19
109478.19
109478.19
109478.19
109478.19
109478.19
109478.19
109478.19
109478.19
109478.19
109478.19
109478.19
109478.18
109478.18
109478.18
109478.18
109478.18
109478.18
109478.18
109478.18
109478.18
109478.18
109478.18
109478.18
109478.18
109478.18
109478.18
109478.18
109478.18
109478.18
109478.18
109478.18
109478.18
109478.18
109478.18
109478.18
109478.18
109478.18
109478.18
109478.18
109478.18
109478.18
109478.18
109478.18
109478.18
109478.18
109478.18
109478.18
109478.18
109478.18
109478.18
109478.18
109478.18
109478.18
109478.18
109478.18
109478.18
109478.18
109478.18
109478.18
109478.18
109478.18
109478.18
109478.18
109478.18
109478.18
109478.18
109478.18
109478.18
109478.18
109478.18
109478.18
109478.18
109478.18
109478.18
109478.18
109478.18
109478.18
109478.18
109478.18
109478.18
109478.18
109478.18
109478.18
109478.18
109478.18
109478.18
109478.18
109478.18
109478.18
109478.18
109478.18
109478.18
109478.18
109478.17
109478.17
109478.17
109478.17
109478.17
109478.17
109478.17
109478.17
109478.17
109478.17
109478.17
109478.17
109478.17
109478.17
109478.17
109478.17
109478.17
109478.17
109478.17
109478.17
109478.17
109478.17
109478.17
109478.17
109478.17
109478.17
109478.17
109478.17
109478.17
109478.17
109478.17
109478.17
109478.17
109478.17
109478.17
109478.17
109478.17
109478.17
109478.17
109478.17
109478.17
109478.17
109478.17
109478.17
109478.17
109478.17
109478.17
109478.17
109478.17
109478.17
109478.17
109478.17
109478.17
109478.17
109478.17
109478.17
109478.17
109478.17
109478.17
109478.17
109478.17
109478.17
109478.17
109478.17
109478.17
109478.17
109478.17
109478.17
109478.17
109478.17
109478.17
109478.17
109478.17
109478.17
109478.17
109478.17
109478.17
109478.17
109478.17
109478.17
109478.17
109478.17
109478.17
109478.17
109478.17
109478.17
109478.17
109478.17
109478.17
109478.17
109478.17
109478.17
109478.17
109478.17
109478.17
109478.17
109478.17
109478.17
109478.16
109478.16
109478.16
109478.16
109478.16
109478.16
109478.16
109478.16
109478.16
109478.16
109478.16
109478.16
109478.16
109478.16
109478.16
109478.16
109478.16
109478.16
109478.16
109478.16
109478.16
109478.16
109478.16
109478.16
109478.16
109478.16
109478.16
109478.16
109478.16
109478.16
109478.16
109478.16
109478.16
109478.16
109478.16
109478.16
109478.16
109478.16
109478.16
109478.16
109478.16
109478.16
109478.16
109478.16
109478.16
109478.16
109478.16
109478.16
109478.15
109478.15
109478.15
109478.15
109478.15
109478.15
109478.15
109478.15
109478.15
109478.15
109478.15
109478.15
109478.15
109478.15
109478.15
109478.15
109478.15
109478.15
109478.15
109478.15
109478.15
109478.15
109478.15
109478.15
109478.15
109478.15
109478.15
109478.15
109478.15
109478.15
109478.15
109478.15
109478.15
109478.15
109478.15
109478.15
109478.15
109478.15
109478.15
109478.15
109478.15
109478.15
109478.15
109478.15
109478.15
109478.15
109478.15
109478.15
109478.15
109478.15
109478.15
109478.15
109478.15
109478.15
109478.15
109478.15
109478.15
109478.15
109478.15
109478.15
109478.15
109478.15
109478.15
109478.15
109478.15
109478.15
109478.15
109478.15
109478.15
109478.15
109478.15
109478.15
109478.15
109478.15
109478.15
109478.15
109478.15
109478.15
109478.15
109478.15
109478.15
109478.15
109478.15
109478.15
109478.15
109478.15
109478.15
109478.15
109478.15
109478.15
109478.15
109478.15
109478.15
109478.15
109478.15
109478.15
109478.15
109478.15
109478.15
109478.15
109478.15
109478.15
109478.15
109478.15
109478.14
109478.14
109478.14
109478.14
109478.14
109478.14
109478.14
109478.14
109478.14
109478.14
109478.14
109478.14
109478.14
109478.14
109478.14
109478.14
109478.14
109478.14
109478.14
109478.14
109478.14
109478.14
109478.14
109478.14
109478.14
109478.14
109478.14
109478.14
109478.14
109478.14
109478.14
109478.13
109478.13
109478.13
109478.13
109478.13
109478.13
109478.13
109478.13
109478.13
109478.13
109478.13
109478.13
109478.13
109478.13
109478.13
109478.13
109478.13
109478.13
109478.13
109478.13
109478.13
109478.13
109478.13
109478.13
109478.13
109478.13
109478.13
109478.13
109478.13
109478.12
109478.12
109478.12
109478.12
109478.12
109478.12
109478.12
109478.12
109478.12
109478.12
109478.12
109478.12
109478.12
109478.12
109478.12
109478.12
109478.12
109478.12
109478.12
109478.12
109478.12
109478.12
109478.12
109478.12
109478.12
109478.12
109478.12
109478.12
109478.12
109478.12
109478.12
109478.12
109478.12
109478.11
109478.11
109478.11
109478.11
109478.11
109478.11
109478.11
109478.11
109478.11
109478.11
109478.11
109478.11
109478.11
109478.11
109478.11
109478.11
109478.11
109478.11
109478.11
109478.11
109478.11
109478.11
109478.11
109478.11
109478.11
109478.11
109478.11
109478.11
109478.11
109478.11
109478.11
109478.11
109478.11
109478.11
109478.11
109478.11
109478.11
109478.1
109478.1
109478.1
109478.1
109478.1
109478.1
109478.1
109478.1
109478.1
109478.1
109478.1
109478.1
109478.1
109478.1
109478.1
109478.1
109478.1
109478.1
109478.1
109478.1
109478.1
109478.1
109478.1
109478.1
109478.1
109478.1
109478.1
109478.1
109478.1
109478.1
109478.1
109478.1
109478.1
109478.09
109478.09
109478.09
109478.09
109478.09
109478.09
109478.09
109478.09
109478.09
109478.09
109478.09
109478.09
109478.09
109478.09
109478.09
109478.09
109478.09
109478.09
109478.09
109478.09
109478.09
109478.09
109478.09
109478.09
109478.09
109478.09
109478.09
109478.09
109478.09
109478.09
109478.09
109478.08
109478.08
109478.08
109478.08
109478.08
109478.08
109478.08
109478.08
109478.08
109478.08
109478.08
109478.08
109478.08
109478.08
109478.08
109478.08
109478.08
109478.08
109478.08
109478.08
109478.08
109478.08
109478.08
109478.08
109478.08
109478.08
109478.08
109478.08
109478.08
109478.08
109478.07
109478.07
109478.07
109478.07
109478.07
109478.07
109478.07
109478.07
109478.07
109478.07
109478.07
109478.07
109478.07
109478.07
109478.07
109478.07
109478.07
109478.07
109478.07
109478.07
109478.07
109478.07
109478.07
109478.07
109478.07
109478.07
109478.07
109478.07
109478.07
109478.07
109478.07
109478.07
109478.06
109478.06
109478.06
109478.06
109478.06
109478.06
109478.06
109478.06
109478.06
109478.06
109478.06
109478.06
109478.06
109478.06
109478.06
109478.06
109478.06
109478.06
109478.06
109478.06
109478.06
109478.06
109478.06
109478.06
109478.06
109478.06
109478.06
109478.06
109478.06
109478.06
109478.06
109478.05
109478.05
109478.05
109478.05
109478.05
109478.05
109478.05
109478.05
109478.05
109478.05
109478.05
109478.05
109478.05
109478.05
109478.05
109478.05
109478.05
109478.05
109478.05
109478.05
109478.05
109478.05
109478.05
109478.05
109478.05
109478.05
109478.05
109478.04
109478.04
109478.04
109478.04
109478.04
109478.04
109478.04
109478.04
109478.04
109478.04
109478.04
109478.04
109478.04
109478.04
109478.04
109478.04
109478.04
109478.04
109478.04
109478.04
109478.04
109478.04
109478.04
109478.03
109478.03
109478.03
109478.03
109478.03
109478.03
109478.03
109478.03
109478.03
109478.03
109478.03
109478.03
109478.03
109478.03
109478.03
109478.03
109478.03
109478.03
109478.03
109478.03
109478.03
109478.03
109478.02
109478.02
109478.02
109478.02
109478.02
109478.02
109478.02
109478.02
109478.02
109478.02
109478.02
109478.02
109478.02
109478.02
109478.02
109478.02
109478.02
109478.02
109478.02
109478.02
109478.02
109478.02
109478.02
109478.02
109478.01
109478.01
109478.01
109478.01
109478.01
109478.01
109478.01
109478.01
109478.01
109478.01
109478.01
109478.01
109478.01
109478.01
109478.01
109478.01
109478.01
109478.01
109478.01
109478.01
109478.01
109478.01
109478.01
109478.01
109478
109478
109478
109478
109478
109478
109478
109478
109478
109478
109478
109478
109478
109478
109478
109478
109478
109478
109478
109478
109477.99
109477.99
109477.99
109477.99
109477.99
109477.99
109477.99
109477.99
109477.99
109477.99
109477.99
109477.99
109477.99
109477.99
109477.99
109477.99
109477.99
109477.99
109477.99
109477.98
109477.98
109477.98
109477.98
109477.98
109477.98
109477.98
109477.98
109477.98
109477.98
109477.98
109477.98
109477.98
109477.98
109477.98
109477.98
109477.98
109477.98
109477.97
109477.97
109477.97
109477.97
109477.97
109477.97
109477.97
109477.97
109477.97
109477.97
109477.97
109477.97
109477.97
109477.97
109477.97
109477.97
109477.97
109477.97
109477.97
109477.96
109477.96
109477.96
109477.96
109477.96
109477.96
109477.96
109477.96
109477.96
109477.96
109477.96
109477.96
109477.96
109477.96
109477.96
109477.96
109477.96
109477.96
109477.95
109477.95
109477.95
109477.95
109477.95
109477.95
109477.95
109477.95
109477.95
109477.95
109477.95
109477.95
109477.95
109477.95
109477.95
109477.94
109477.94
109477.94
109477.94
109477.94
109477.94
109477.94
109477.94
109477.94
109477.94
109477.94
109477.94
109477.94
109477.94
109477.94
109477.93
109477.93
109477.93
109477.93
109477.93
109477.93
109477.93
109477.93
109477.93
109477.93
109477.93
109477.93
109477.93
109477.93
109477.93
109477.93
109477.92
109477.92
109477.92
109477.92
109477.92
109477.92
109477.92
109477.92
109477.92
109477.92
109477.92
109477.92
109477.92
109477.92
109477.92
109477.92
109477.91
109477.91
109477.91
109477.91
109477.91
109477.91
109477.91
109477.91
109477.91
109477.91
109477.91
109477.91
109477.91
109477.91
109477.9
109477.9
109477.9
109477.9
109477.9
109477.9
109477.9
109477.9
109477.9
109477.9
109477.9
109477.9
109477.9
109477.89
109477.89
109477.89
109477.89
109477.89
109477.89
109477.89
109477.89
109477.89
109477.89
109477.89
109477.89
109477.89
109477.88
109477.88
109477.88
109477.88
109477.88
109477.88
109477.88
109477.88
109477.88
109477.88
109477.88
109477.88
109477.88
109477.88
109477.88
109477.87
109477.87
109477.87
109477.87
109477.87
109477.87
109477.87
109477.87
109477.87
109477.87
109477.87
109477.87
109477.87
109477.86
109477.86
109477.86
109477.86
109477.86
109477.86
109477.86
109477.86
109477.86
109477.86
109477.86
109477.85
109477.85
109477.85
109477.85
109477.85
109477.85
109477.85
109477.85
109477.85
109477.85
109477.85
109477.84
109477.84
109477.84
109477.84
109477.84
109477.84
109477.84
109477.84
109477.84
109477.84
109477.84
109477.83
109477.83
109477.83
109477.83
109477.83
109477.83
109477.83
109477.83
109477.83
109477.83
109477.83
109477.82
109477.82
109477.82
109477.82
109477.82
109477.82
109477.82
109477.82
109477.82
109477.82
109477.82
109477.82
109477.81
109477.81
109477.81
109477.81
109477.81
109477.81
109477.81
109477.81
109477.81
109477.81
109477.8
109477.8
109477.8
109477.8
109477.8
109477.8
109477.8
109477.8
109477.79
109477.79
109477.79
109477.79
109477.79
109477.79
109477.79
109477.79
109477.78
109477.78
109477.78
109477.78
109477.78
109477.78
109477.78
109477.77
109477.77
109477.77
109477.77
109477.77
109477.77
109477.77
109477.77
109477.76
109477.76
109477.76
109477.76
109477.76
109477.76
109477.76
109477.76
109477.75
109477.75
109477.75
109477.75
109477.75
109477.75
109477.75
109477.75
109477.75
109477.74
109477.74
109477.74
109477.74
109477.74
109477.74
109477.74
109477.74
109477.73
109477.73
109477.73
109477.73
109477.73
109477.73
109477.73
109477.73
109477.72
109477.72
109477.72
109477.72
109477.72
109477.72
109477.72
109477.72
109477.71
109477.71
109477.71
109477.71
109477.71
109477.71
109477.71
109477.71
109477.7
109477.7
109477.7
109477.7
109477.7
109477.7
109477.7
109477.7
109477.7
109477.69
109477.69
109477.69
109477.69
109477.69
109477.69
109477.69
109477.69
109477.69
109477.69
109477.69
109477.69
109477.68
109477.68
109477.68
109477.68
109477.68
109477.68
109477.68
109477.68
109477.68
109477.68
109477.68
109477.68
109477.68
109477.68
109477.68
109477.68
109477.68
109477.68
109477.67
109477.67
109477.67
109477.67
109477.67
109477.67
109477.67
109477.67
109477.67
109477.67
109477.67
109477.67
109477.67
109477.68
109477.68
109477.68
109477.68
109477.68
109477.68
109477.68
109477.68
109477.68
109477.68
109477.69
109477.69
109477.69
109477.69
109477.69
109477.7
109477.7
109477.7
109477.7
109477.71
109477.71
109477.71
109477.72
109477.72
109477.72
109477.73
109477.73
109477.73
109477.74
109477.74
109477.75
109477.75
109477.76
109477.76
109477.77
109477.77
109477.78
109477.79
109477.8
109477.8
109477.81
109477.82
109477.83
109477.83
109477.84
109477.85
109477.86
109477.87
109477.88
109477.89
109477.9
109477.91
109477.92
109477.94
109477.95
109477.96
109477.97
109477.99
109478
109478.02
109478.03
109478.04
109478.06
109478.07
109478.09
109478.1
109478.12
109478.14
109478.16
109478.17
109478.19
109478.21
109478.23
109478.24
109478.26
109478.28
109478.3
109478.32
109478.33
109478.36
109478.38
109478.4
109478.42
109478.43
109478.45
109478.46
109478.49
109478.51
109478.52
109478.54
109478.55
109478.57
109478.58
109478.59
109478.61
109478.62
109478.62
109478.63
109478.64
109478.64
109478.64
109478.63
109478.63
109478.62
109478.61
109478.6
109478.58
109478.56
109478.54
109478.51
109478.49
109478.46
109478.43
109478.39
109478.36
109478.32
109478.28
109478.24
109478.19
109478.14
109478.09
109478.04
109477.98
109477.92
109477.86
109477.79
109477.72
109477.64
109477.56
109477.47
109477.38
109477.29
109477.19
109477.08
109476.97
109476.85
109476.72
109476.59
109476.45
109476.3
109476.14
109475.98
109475.8
109475.62
109475.43
109475.22
109475.01
109474.78
109474.54
109474.29
109474.03
109473.75
109473.46
109473.15
109472.83
109472.48
109472.13
109471.75
109471.35
109470.94
109470.5
109470.04
109469.55
109469.05
109468.51
109467.95
109467.37
109466.75
109466.1
109465.42
109464.71
109463.96
109463.18
109462.36
109461.5
109460.59
109459.65
109458.66
109457.62
109456.53
109455.39
109454.2
109452.95
109451.65
109450.28
109448.85
109447.36
109445.79
109444.15
109442.44
109440.66
109438.79
109436.83
109434.79
109432.66
109430.44
109428.11
109425.68
109423.15
109420.5
109417.74
109414.86
109411.86
109408.72
109405.46
109402.05
109398.49
109394.79
109390.93
109386.91
109382.72
109378.35
109373.81
109369.07
109364.15
109359.02
109353.68
109348.12
109342.34
109336.33
109330.08
109323.58
109316.82
109309.79
109302.49
109294.9
109287.02
109278.83
109270.33
109261.5
109252.33
109242.82
109232.94
109222.7
109212.07
109201.05
109189.62
109177.77
109165.49
109152.75
109139.56
109125.9
109111.74
109097.09
109081.91
109066.21
109049.95
109033.13
109015.74
108997.74
108979.14
108959.91
108940.03
108919.49
108898.28
108876.37
108853.74
108830.39
108806.28
108781.41
108755.76
108729.31
108702.03
108673.92
108644.95
108615.11
108584.38
108552.75
108520.18
108486.67
108452.21
108416.76
108380.32
108342.88
108304.4
108264.89
108224.32
108182.69
108139.97
108096.15
108051.23
108005.18
107958.01
107909.69
107860.23
107809.61
107757.83
107704.88
107650.75
107595.45
107538.96
107481.3
107422.46
107362.44
107301.25
107238.9
107175.38
107110.71
107044.89
106977.95
106909.89
106840.73
106770.49
106699.18
106626.83
106553.46
106479.1
106403.77
106327.5
106250.32
106172.26
106093.36
106013.65
105933.18
105851.97
105770.08
105687.54
105604.4
105520.7
105436.49
105351.82
105266.74
105181.3
105095.54
105009.53
104923.31
104836.93
104750.46
104663.94
104577.43
104490.98
104404.65
104318.49
104232.56
104146.9
104061.58
103976.64
103892.14
103808.12
103724.64
103641.74
103559.47
103477.88
103397
103316.89
103237.58
103159.11
103081.52
103004.84
102929.11
102854.37
102780.63
102707.93
102636.29
102565.75
102496.31
102428
102360.84
102294.84
102230.02
102166.39
102103.96
102042.74
101982.73
101923.94
101866.37
101810.03
101754.91
101701.01
101648.33
101596.87
101546.61
101497.56
101449.69
101403.01
101357.51
101313.16
101269.96
101227.9
101186.95
101147.11
101108.36
101070.69
101034.07
100998.48
100963.92
100930.37
100897.79
100866.19
100835.53
100805.79
100776.97
100749.03
100721.96
100695.74
100670.35
100645.77
100621.98
100598.96
100576.7
100555.16
100534.34
100514.22
100494.77
100475.98
100457.83
100440.3
100423.37
100407.03
100391.26
100376.05
100361.37
100347.22
100333.56
100320.4
100307.71
100295.49
100283.7
100272.35
100261.42
100250.89
100240.75
100230.99
100221.59
100212.55
100203.85
100195.48
100187.43
100179.69
100172.24
100165.08
100158.2
100151.58
100145.23
100139.12
100133.25
100127.61
100122.2
100117
100112.01
100107.22
100102.62
100098.2
100093.97
100089.9
100086
100082.26
100078.67
100075.23
100071.94
100068.77
100065.74
100062.84
100060.05
100057.39
100054.83
100052.38
100050.04
100047.79
100045.64
100043.58
100041.61
100039.73
100037.92
100036.19
100034.54
100032.96
100031.45
100030
100028.62
100027.3
100026.03
100024.82
100023.67
100022.56
100021.51
100020.5
100019.54
100018.62
100017.74
100016.9
100016.1
100015.34
100014.61
100013.91
100013.25
100012.61
100012.01
100011.43
100010.88
100010.36
100009.86
100009.38
100008.93
100008.5
100008.09
100007.69
100007.32
100006.97
100006.63
100006.31
100006
100005.71
100005.43
100005.17
100004.92
100004.68
100004.46
100004.25
100004.04
100003.85
100003.67
100003.5
100003.34
100003.18
100003.04
100002.9
100002.77
100002.65
100002.54
100002.43
100002.33
100002.24
100002.15
100002.07
100001.99
100001.92
100001.86
100001.8
100001.75
100001.7
100001.65
100001.62
100001.58
100001.55
100001.53
100001.51
100001.49
100001.48
100001.47
)
;

boundaryField
{
    leftSide
    {
        type            zeroGradient;
    }
    rightSide
    {
        type            zeroGradient;
    }
    emptywalls
    {
        type            empty;
    }
}


// ************************************************************************* //
