/*--------------------------------*- C++ -*----------------------------------*\
  =========                 |
  \\      /  F ield         | OpenFOAM: The Open Source CFD Toolbox
   \\    /   O peration     | Website:  https://openfoam.org
    \\  /    A nd           | Version:  7
     \\/     M anipulation  |
\*---------------------------------------------------------------------------*/
FoamFile
{
    version     2.0;
    format      ascii;
    class       volScalarField;
    location    "0.00301";
    object      rho;
}
// * * * * * * * * * * * * * * * * * * * * * * * * * * * * * * * * * * * * * //

dimensions      [1 -3 0 0 0 0 0];

internalField   nonuniform List<scalar> 
5000
(
1.2479598
1.2479598
1.24796
1.2479603
1.2479605
1.2479607
1.2479609
1.247961
1.2479611
1.2479611
1.2479611
1.2479612
1.2479612
1.2479612
1.2479612
1.2479612
1.2479612
1.2479612
1.2479612
1.2479612
1.2479612
1.2479612
1.2479612
1.2479612
1.2479612
1.2479612
1.2479612
1.2479612
1.2479612
1.2479612
1.2479612
1.2479612
1.2479612
1.2479612
1.2479612
1.2479612
1.2479612
1.2479612
1.2479612
1.2479612
1.2479612
1.2479612
1.2479612
1.2479612
1.2479612
1.2479612
1.2479612
1.2479612
1.2479612
1.2479612
1.2479612
1.2479612
1.2479612
1.2479612
1.2479612
1.2479612
1.2479612
1.2479612
1.2479612
1.2479611
1.2479611
1.2479611
1.2479611
1.2479611
1.2479611
1.2479611
1.2479611
1.2479611
1.2479611
1.2479611
1.2479611
1.2479611
1.2479611
1.2479611
1.2479611
1.2479611
1.2479611
1.2479611
1.2479611
1.2479611
1.2479611
1.2479611
1.2479611
1.2479611
1.2479611
1.2479611
1.2479611
1.2479611
1.2479611
1.2479611
1.2479611
1.2479611
1.2479611
1.2479611
1.2479611
1.247961
1.247961
1.247961
1.247961
1.247961
1.247961
1.247961
1.247961
1.247961
1.247961
1.247961
1.247961
1.247961
1.247961
1.247961
1.247961
1.247961
1.247961
1.247961
1.247961
1.247961
1.247961
1.247961
1.247961
1.247961
1.247961
1.247961
1.247961
1.247961
1.247961
1.247961
1.247961
1.247961
1.247961
1.2479609
1.2479609
1.2479609
1.2479609
1.2479609
1.2479609
1.2479609
1.2479609
1.2479609
1.2479609
1.2479609
1.2479609
1.2479609
1.2479609
1.2479609
1.2479609
1.2479609
1.2479609
1.2479609
1.2479609
1.2479609
1.2479609
1.2479609
1.2479609
1.2479609
1.2479609
1.2479609
1.2479609
1.2479609
1.2479609
1.2479609
1.2479609
1.2479609
1.2479609
1.2479609
1.2479609
1.2479609
1.2479609
1.2479609
1.2479609
1.2479609
1.2479609
1.2479609
1.2479609
1.2479609
1.2479608
1.2479608
1.2479608
1.2479608
1.2479608
1.2479608
1.2479608
1.2479608
1.2479608
1.2479608
1.2479608
1.2479608
1.2479608
1.2479608
1.2479608
1.2479608
1.2479608
1.2479608
1.2479608
1.2479608
1.2479608
1.2479608
1.2479608
1.2479608
1.2479608
1.2479608
1.2479608
1.2479608
1.2479608
1.2479608
1.2479608
1.2479608
1.2479608
1.2479608
1.2479608
1.2479608
1.2479608
1.2479608
1.2479608
1.2479608
1.2479608
1.2479608
1.2479608
1.2479608
1.2479608
1.2479608
1.2479608
1.2479608
1.2479608
1.2479608
1.2479608
1.2479608
1.2479608
1.2479608
1.2479608
1.2479608
1.2479608
1.2479608
1.2479608
1.2479608
1.2479608
1.2479608
1.2479608
1.2479608
1.2479608
1.2479608
1.2479608
1.2479608
1.2479608
1.2479608
1.2479608
1.2479608
1.2479608
1.2479608
1.2479608
1.2479608
1.2479608
1.2479608
1.2479608
1.2479608
1.2479608
1.2479608
1.2479608
1.2479608
1.2479608
1.2479608
1.2479608
1.2479608
1.2479608
1.2479608
1.2479608
1.2479608
1.2479608
1.2479608
1.2479608
1.2479608
1.2479608
1.2479608
1.2479608
1.2479608
1.2479608
1.2479608
1.2479608
1.2479608
1.2479608
1.2479608
1.2479608
1.2479608
1.2479608
1.2479608
1.2479608
1.2479608
1.2479608
1.2479608
1.2479608
1.2479608
1.2479608
1.2479608
1.2479608
1.2479608
1.2479608
1.2479608
1.2479608
1.2479608
1.2479608
1.2479608
1.2479608
1.2479608
1.2479608
1.2479608
1.2479608
1.2479608
1.2479608
1.2479608
1.2479608
1.2479608
1.2479608
1.2479608
1.2479608
1.2479608
1.2479608
1.2479608
1.2479608
1.2479608
1.2479608
1.2479608
1.2479608
1.2479608
1.2479608
1.2479608
1.2479608
1.2479608
1.2479608
1.2479608
1.2479608
1.2479608
1.2479608
1.2479608
1.2479608
1.2479608
1.2479608
1.2479608
1.2479608
1.2479608
1.2479608
1.2479608
1.2479608
1.2479608
1.2479608
1.2479608
1.2479608
1.2479608
1.2479608
1.2479608
1.2479608
1.2479608
1.2479608
1.2479608
1.2479608
1.2479608
1.2479608
1.2479608
1.2479608
1.2479608
1.2479608
1.2479608
1.2479608
1.2479608
1.2479608
1.2479608
1.2479608
1.2479608
1.2479608
1.2479608
1.2479608
1.2479608
1.2479608
1.2479608
1.2479608
1.2479608
1.2479608
1.2479608
1.2479608
1.2479608
1.2479608
1.2479608
1.2479608
1.2479608
1.2479608
1.2479608
1.2479608
1.2479608
1.2479608
1.2479608
1.2479608
1.2479609
1.2479609
1.2479609
1.2479609
1.2479609
1.2479609
1.2479609
1.2479609
1.2479609
1.2479609
1.2479609
1.2479609
1.2479609
1.2479609
1.2479609
1.2479609
1.2479609
1.2479609
1.2479609
1.2479609
1.2479609
1.2479609
1.2479609
1.2479609
1.2479609
1.2479609
1.2479609
1.2479609
1.2479609
1.2479609
1.2479609
1.2479609
1.2479609
1.2479609
1.2479609
1.2479609
1.2479609
1.2479609
1.2479609
1.2479609
1.2479609
1.2479609
1.2479609
1.2479609
1.2479609
1.2479609
1.2479609
1.2479609
1.2479609
1.2479609
1.2479609
1.2479609
1.2479609
1.2479609
1.2479609
1.2479609
1.2479609
1.2479609
1.2479609
1.2479609
1.2479609
1.2479609
1.2479609
1.2479609
1.2479609
1.2479609
1.2479609
1.2479609
1.2479609
1.2479609
1.2479609
1.2479609
1.2479609
1.2479609
1.2479609
1.2479609
1.2479608
1.2479608
1.2479608
1.2479609
1.2479609
1.2479609
1.2479608
1.2479608
1.2479609
1.2479609
1.2479609
1.2479609
1.2479608
1.2479608
1.2479608
1.2479608
1.2479608
1.2479608
1.2479608
1.2479608
1.2479608
1.2479608
1.2479608
1.2479608
1.2479608
1.2479608
1.2479608
1.2479608
1.2479608
1.2479608
1.2479608
1.2479608
1.2479608
1.2479608
1.2479608
1.2479608
1.2479608
1.2479608
1.2479608
1.2479608
1.2479608
1.2479608
1.2479608
1.2479608
1.2479608
1.2479608
1.2479608
1.2479608
1.2479608
1.2479608
1.2479608
1.2479608
1.2479608
1.2479608
1.2479608
1.2479608
1.2479608
1.2479608
1.2479608
1.2479608
1.2479608
1.2479608
1.2479608
1.2479608
1.2479608
1.2479608
1.2479608
1.2479608
1.2479608
1.2479608
1.2479608
1.2479608
1.2479608
1.2479608
1.2479608
1.2479608
1.2479608
1.2479608
1.2479608
1.2479608
1.2479608
1.2479608
1.2479608
1.2479608
1.2479608
1.2479608
1.2479608
1.2479608
1.2479608
1.2479608
1.2479608
1.2479608
1.2479608
1.2479608
1.2479608
1.2479608
1.2479608
1.2479608
1.2479608
1.2479608
1.2479608
1.2479608
1.2479608
1.2479608
1.2479608
1.2479608
1.2479608
1.2479608
1.2479608
1.2479608
1.2479608
1.2479608
1.2479608
1.2479608
1.2479608
1.2479608
1.2479608
1.2479608
1.2479608
1.2479608
1.2479608
1.2479608
1.2479608
1.2479608
1.2479608
1.2479608
1.2479608
1.2479608
1.2479608
1.2479608
1.2479608
1.2479608
1.2479608
1.2479608
1.2479608
1.2479608
1.2479608
1.2479608
1.2479608
1.2479608
1.2479608
1.2479608
1.2479608
1.2479608
1.2479608
1.2479608
1.2479608
1.2479608
1.2479608
1.2479608
1.2479608
1.2479608
1.2479608
1.2479608
1.2479608
1.2479608
1.2479608
1.2479608
1.2479608
1.2479608
1.2479608
1.2479608
1.2479608
1.2479608
1.2479608
1.2479608
1.2479608
1.2479608
1.2479608
1.2479608
1.2479608
1.2479608
1.2479608
1.2479608
1.2479608
1.2479608
1.2479608
1.2479608
1.2479608
1.2479608
1.2479608
1.2479608
1.2479608
1.2479608
1.2479608
1.2479608
1.2479608
1.2479608
1.2479608
1.2479608
1.2479608
1.2479608
1.2479608
1.2479608
1.2479608
1.2479608
1.2479608
1.2479608
1.2479608
1.2479608
1.2479608
1.2479608
1.2479608
1.2479608
1.2479608
1.2479608
1.2479608
1.2479608
1.2479608
1.2479608
1.2479608
1.2479608
1.2479608
1.2479608
1.2479608
1.2479608
1.2479608
1.2479608
1.2479608
1.2479608
1.2479608
1.2479608
1.2479608
1.2479608
1.2479608
1.2479608
1.2479608
1.2479608
1.2479608
1.2479608
1.2479608
1.2479608
1.2479608
1.2479608
1.2479608
1.2479608
1.2479608
1.2479608
1.2479608
1.2479608
1.2479608
1.2479608
1.2479608
1.2479608
1.2479608
1.2479608
1.2479608
1.2479608
1.2479608
1.2479608
1.2479608
1.2479608
1.2479608
1.2479608
1.2479608
1.2479608
1.2479608
1.2479608
1.2479608
1.2479608
1.2479608
1.2479608
1.2479608
1.2479608
1.2479608
1.2479608
1.2479608
1.2479608
1.2479608
1.2479608
1.2479608
1.2479608
1.2479608
1.2479608
1.2479608
1.2479608
1.2479608
1.2479608
1.2479608
1.2479608
1.2479608
1.2479608
1.2479608
1.2479608
1.2479608
1.2479608
1.2479608
1.2479608
1.2479608
1.2479608
1.2479608
1.2479608
1.2479608
1.2479608
1.2479608
1.2479608
1.2479608
1.2479608
1.2479608
1.2479608
1.2479608
1.2479608
1.2479608
1.2479608
1.2479608
1.2479608
1.2479608
1.2479608
1.2479608
1.2479608
1.2479608
1.2479608
1.2479608
1.2479608
1.2479608
1.2479608
1.2479608
1.2479608
1.2479608
1.2479608
1.2479608
1.2479608
1.2479608
1.2479607
1.2479607
1.2479607
1.2479607
1.2479607
1.2479607
1.2479607
1.2479607
1.2479607
1.2479607
1.2479607
1.2479607
1.2479607
1.2479607
1.2479607
1.2479607
1.2479607
1.2479607
1.2479607
1.2479607
1.2479607
1.2479607
1.2479607
1.2479607
1.2479607
1.2479607
1.2479607
1.2479607
1.2479607
1.2479607
1.2479607
1.2479607
1.2479607
1.2479607
1.2479607
1.2479607
1.2479607
1.2479607
1.2479607
1.2479607
1.2479607
1.2479607
1.2479607
1.2479607
1.2479607
1.2479607
1.2479607
1.2479607
1.2479607
1.2479607
1.2479607
1.2479607
1.2479607
1.2479607
1.2479607
1.2479607
1.2479607
1.2479607
1.2479607
1.2479607
1.2479607
1.2479607
1.2479607
1.2479607
1.2479607
1.2479607
1.2479607
1.2479607
1.2479607
1.2479607
1.2479607
1.2479607
1.2479607
1.2479607
1.2479607
1.2479607
1.2479607
1.2479607
1.2479607
1.2479607
1.2479607
1.2479607
1.2479607
1.2479607
1.2479607
1.2479607
1.2479607
1.2479607
1.2479607
1.2479607
1.2479607
1.2479607
1.2479607
1.2479607
1.2479607
1.2479607
1.2479607
1.2479607
1.2479607
1.2479607
1.2479607
1.2479607
1.2479607
1.2479607
1.2479607
1.2479607
1.2479607
1.2479607
1.2479607
1.2479607
1.2479607
1.2479607
1.2479607
1.2479607
1.2479607
1.2479607
1.2479607
1.2479607
1.2479607
1.2479607
1.2479607
1.2479607
1.2479607
1.2479607
1.2479607
1.2479607
1.2479607
1.2479607
1.2479607
1.2479607
1.2479607
1.2479607
1.2479607
1.2479607
1.2479607
1.2479607
1.2479607
1.2479607
1.2479607
1.2479607
1.2479607
1.2479607
1.2479607
1.2479607
1.2479607
1.2479607
1.2479607
1.2479607
1.2479607
1.2479607
1.2479606
1.2479606
1.2479606
1.2479606
1.2479606
1.2479606
1.2479606
1.2479606
1.2479606
1.2479606
1.2479606
1.2479606
1.2479607
1.2479607
1.2479607
1.2479607
1.2479606
1.2479606
1.2479606
1.2479606
1.2479606
1.2479606
1.2479606
1.2479606
1.2479606
1.2479606
1.2479606
1.2479606
1.2479606
1.2479606
1.2479606
1.2479606
1.2479606
1.2479606
1.2479606
1.2479606
1.2479606
1.2479606
1.2479606
1.2479606
1.2479606
1.2479606
1.2479606
1.2479606
1.2479606
1.2479606
1.2479606
1.2479606
1.2479606
1.2479606
1.2479606
1.2479606
1.2479606
1.2479606
1.2479606
1.2479606
1.2479606
1.2479606
1.2479606
1.2479606
1.2479606
1.2479606
1.2479606
1.2479606
1.2479606
1.2479606
1.2479606
1.2479606
1.2479606
1.2479606
1.2479606
1.2479606
1.2479606
1.2479606
1.2479606
1.2479606
1.2479606
1.2479606
1.2479606
1.2479606
1.2479606
1.2479606
1.2479606
1.2479606
1.2479606
1.2479606
1.2479606
1.2479606
1.2479606
1.2479606
1.2479606
1.2479606
1.2479606
1.2479606
1.2479606
1.2479606
1.2479606
1.2479606
1.2479606
1.2479606
1.2479606
1.2479606
1.2479606
1.2479606
1.2479606
1.2479606
1.2479606
1.2479606
1.2479606
1.2479606
1.2479606
1.2479606
1.2479606
1.2479606
1.2479606
1.2479606
1.2479606
1.2479606
1.2479606
1.2479606
1.2479606
1.2479606
1.2479606
1.2479606
1.2479606
1.2479606
1.2479606
1.2479606
1.2479606
1.2479606
1.2479606
1.2479605
1.2479605
1.2479605
1.2479605
1.2479605
1.2479605
1.2479605
1.2479605
1.2479605
1.2479605
1.2479605
1.2479605
1.2479605
1.2479605
1.2479605
1.2479605
1.2479605
1.2479605
1.2479605
1.2479605
1.2479605
1.2479605
1.2479605
1.2479605
1.2479605
1.2479605
1.2479605
1.2479605
1.2479605
1.2479605
1.2479605
1.2479605
1.2479605
1.2479605
1.2479605
1.2479605
1.2479605
1.2479605
1.2479605
1.2479605
1.2479605
1.2479605
1.2479605
1.2479605
1.2479605
1.2479605
1.2479605
1.2479605
1.2479605
1.2479605
1.2479605
1.2479605
1.2479605
1.2479605
1.2479605
1.2479605
1.2479605
1.2479605
1.2479605
1.2479605
1.2479605
1.2479605
1.2479605
1.2479605
1.2479605
1.2479605
1.2479605
1.2479605
1.2479605
1.2479605
1.2479605
1.2479605
1.2479605
1.2479605
1.2479605
1.2479605
1.2479605
1.2479605
1.2479605
1.2479605
1.2479605
1.2479605
1.2479605
1.2479605
1.2479604
1.2479604
1.2479604
1.2479604
1.2479604
1.2479604
1.2479604
1.2479604
1.2479604
1.2479604
1.2479604
1.2479604
1.2479604
1.2479604
1.2479604
1.2479604
1.2479604
1.2479604
1.2479604
1.2479604
1.2479604
1.2479604
1.2479604
1.2479604
1.2479604
1.2479604
1.2479604
1.2479604
1.2479604
1.2479604
1.2479604
1.2479604
1.2479604
1.2479604
1.2479604
1.2479604
1.2479604
1.2479604
1.2479604
1.2479604
1.2479604
1.2479604
1.2479604
1.2479604
1.2479604
1.2479604
1.2479604
1.2479604
1.2479604
1.2479604
1.2479604
1.2479604
1.2479604
1.2479604
1.2479604
1.2479604
1.2479604
1.2479604
1.2479604
1.2479604
1.2479604
1.2479604
1.2479604
1.2479604
1.2479604
1.2479604
1.2479604
1.2479604
1.2479604
1.2479604
1.2479604
1.2479604
1.2479604
1.2479604
1.2479604
1.2479604
1.2479604
1.2479604
1.2479604
1.2479603
1.2479603
1.2479603
1.2479603
1.2479603
1.2479603
1.2479603
1.2479603
1.2479603
1.2479603
1.2479603
1.2479603
1.2479603
1.2479603
1.2479603
1.2479603
1.2479603
1.2479603
1.2479603
1.2479603
1.2479603
1.2479603
1.2479603
1.2479603
1.2479603
1.2479603
1.2479603
1.2479603
1.2479603
1.2479603
1.2479603
1.2479603
1.2479603
1.2479603
1.2479603
1.2479603
1.2479603
1.2479603
1.2479603
1.2479603
1.2479603
1.2479603
1.2479603
1.2479603
1.2479603
1.2479603
1.2479603
1.2479603
1.2479603
1.2479603
1.2479603
1.2479603
1.2479603
1.2479603
1.2479603
1.2479603
1.2479603
1.2479603
1.2479603
1.2479603
1.2479603
1.2479603
1.2479603
1.2479603
1.2479603
1.2479603
1.2479603
1.2479602
1.2479602
1.2479602
1.2479602
1.2479602
1.2479602
1.2479602
1.2479602
1.2479602
1.2479602
1.2479602
1.2479602
1.2479602
1.2479602
1.2479602
1.2479602
1.2479602
1.2479602
1.2479602
1.2479602
1.2479602
1.2479602
1.2479602
1.2479602
1.2479602
1.2479602
1.2479602
1.2479602
1.2479602
1.2479602
1.2479602
1.2479602
1.2479602
1.2479602
1.2479602
1.2479602
1.2479602
1.2479602
1.2479602
1.2479602
1.2479602
1.2479602
1.2479602
1.2479602
1.2479602
1.2479602
1.2479602
1.2479602
1.2479602
1.2479602
1.2479602
1.2479602
1.2479602
1.2479602
1.2479602
1.2479602
1.2479602
1.2479602
1.2479602
1.2479602
1.2479602
1.2479602
1.2479602
1.2479602
1.2479602
1.2479602
1.2479601
1.2479601
1.2479601
1.2479601
1.2479601
1.2479601
1.2479601
1.2479601
1.2479601
1.2479601
1.2479601
1.2479601
1.2479601
1.2479601
1.2479601
1.2479601
1.2479601
1.2479601
1.2479601
1.2479601
1.2479601
1.2479601
1.2479601
1.2479601
1.2479601
1.2479601
1.2479601
1.2479601
1.2479601
1.2479601
1.2479601
1.2479601
1.2479601
1.2479601
1.2479601
1.2479601
1.2479601
1.2479601
1.2479601
1.2479601
1.2479601
1.2479601
1.2479601
1.2479601
1.2479601
1.2479601
1.2479601
1.2479601
1.2479601
1.2479601
1.2479601
1.2479601
1.2479601
1.2479601
1.2479601
1.2479601
1.2479601
1.2479601
1.2479601
1.2479601
1.24796
1.24796
1.24796
1.24796
1.24796
1.24796
1.24796
1.24796
1.24796
1.24796
1.24796
1.24796
1.24796
1.24796
1.24796
1.24796
1.24796
1.24796
1.24796
1.24796
1.24796
1.24796
1.24796
1.24796
1.24796
1.24796
1.24796
1.24796
1.24796
1.24796
1.24796
1.24796
1.24796
1.24796
1.24796
1.24796
1.24796
1.24796
1.24796
1.24796
1.24796
1.24796
1.24796
1.24796
1.24796
1.24796
1.24796
1.24796
1.24796
1.24796
1.24796
1.24796
1.24796
1.24796
1.24796
1.24796
1.24796
1.24796
1.24796
1.24796
1.24796
1.24796
1.24796
1.24796
1.2479599
1.2479599
1.2479599
1.2479599
1.2479599
1.2479599
1.2479599
1.2479599
1.2479599
1.2479599
1.2479599
1.2479599
1.2479599
1.2479599
1.2479599
1.2479599
1.2479599
1.2479599
1.2479599
1.2479599
1.2479599
1.2479599
1.2479599
1.2479599
1.2479599
1.2479599
1.2479599
1.2479599
1.2479599
1.2479599
1.2479599
1.2479599
1.2479599
1.2479599
1.2479599
1.2479599
1.2479599
1.2479599
1.2479599
1.2479599
1.2479599
1.2479599
1.2479599
1.2479599
1.2479599
1.2479599
1.2479599
1.2479599
1.2479599
1.2479599
1.2479599
1.2479599
1.2479599
1.2479599
1.2479599
1.2479599
1.2479599
1.2479599
1.2479599
1.2479599
1.2479599
1.2479599
1.2479599
1.2479598
1.2479598
1.2479598
1.2479598
1.2479598
1.2479598
1.2479598
1.2479598
1.2479598
1.2479598
1.2479598
1.2479598
1.2479598
1.2479598
1.2479598
1.2479598
1.2479598
1.2479598
1.2479598
1.2479598
1.2479598
1.2479598
1.2479598
1.2479598
1.2479598
1.2479598
1.2479598
1.2479598
1.2479598
1.2479598
1.2479598
1.2479598
1.2479598
1.2479598
1.2479598
1.2479598
1.2479598
1.2479598
1.2479598
1.2479598
1.2479598
1.2479598
1.2479598
1.2479598
1.2479598
1.2479598
1.2479598
1.2479598
1.2479598
1.2479598
1.2479598
1.2479598
1.2479598
1.2479598
1.2479598
1.2479598
1.2479598
1.2479598
1.2479598
1.2479598
1.2479598
1.2479598
1.2479598
1.2479598
1.2479598
1.2479598
1.2479598
1.2479598
1.2479598
1.2479598
1.2479598
1.2479598
1.2479598
1.2479598
1.2479598
1.2479598
1.2479598
1.2479598
1.2479597
1.2479597
1.2479597
1.2479597
1.2479597
1.2479597
1.2479597
1.2479597
1.2479597
1.2479597
1.2479597
1.2479597
1.2479597
1.2479597
1.2479597
1.2479597
1.2479597
1.2479597
1.2479597
1.2479597
1.2479597
1.2479597
1.2479597
1.2479597
1.2479597
1.2479597
1.2479597
1.2479597
1.2479597
1.2479597
1.2479597
1.2479597
1.2479597
1.2479597
1.2479597
1.2479597
1.2479597
1.2479597
1.2479597
1.2479597
1.2479597
1.2479597
1.2479597
1.2479597
1.2479597
1.2479597
1.2479597
1.2479597
1.2479597
1.2479597
1.2479597
1.2479597
1.2479597
1.2479597
1.2479597
1.2479597
1.2479597
1.2479597
1.2479597
1.2479597
1.2479597
1.2479597
1.2479597
1.2479597
1.2479597
1.2479597
1.2479597
1.2479597
1.2479597
1.2479597
1.2479597
1.2479597
1.2479597
1.2479597
1.2479597
1.2479597
1.2479597
1.2479597
1.2479597
1.2479597
1.2479597
1.2479597
1.2479598
1.2479598
1.2479598
1.2479598
1.2479598
1.2479598
1.2479598
1.2479598
1.2479598
1.2479598
1.2479598
1.2479598
1.2479598
1.2479598
1.2479598
1.2479598
1.2479598
1.2479598
1.2479598
1.2479598
1.2479598
1.2479598
1.2479598
1.2479598
1.2479598
1.2479598
1.2479598
1.2479598
1.2479598
1.2479598
1.2479598
1.2479598
1.2479599
1.2479599
1.2479599
1.2479599
1.2479599
1.2479599
1.2479599
1.2479599
1.2479599
1.2479599
1.2479599
1.2479599
1.2479599
1.2479599
1.2479599
1.2479599
1.2479599
1.2479599
1.2479599
1.24796
1.24796
1.24796
1.24796
1.24796
1.24796
1.24796
1.24796
1.24796
1.24796
1.24796
1.24796
1.24796
1.2479601
1.2479601
1.2479601
1.2479601
1.2479601
1.2479601
1.2479601
1.2479601
1.2479601
1.2479601
1.2479602
1.2479602
1.2479602
1.2479602
1.2479602
1.2479602
1.2479602
1.2479602
1.2479602
1.2479602
1.2479603
1.2479603
1.2479603
1.2479603
1.2479603
1.2479603
1.2479603
1.2479603
1.2479604
1.2479604
1.2479604
1.2479604
1.2479604
1.2479604
1.2479604
1.2479604
1.2479605
1.2479605
1.2479605
1.2479605
1.2479605
1.2479605
1.2479605
1.2479606
1.2479606
1.2479606
1.2479606
1.2479606
1.2479606
1.2479607
1.2479607
1.2479607
1.2479607
1.2479607
1.2479608
1.2479608
1.2479608
1.2479608
1.2479608
1.2479609
1.2479609
1.2479609
1.2479609
1.2479609
1.247961
1.247961
1.247961
1.247961
1.247961
1.2479611
1.2479611
1.2479611
1.2479611
1.2479612
1.2479612
1.2479612
1.2479612
1.2479613
1.2479613
1.2479613
1.2479613
1.2479614
1.2479614
1.2479614
1.2479614
1.2479615
1.2479615
1.2479615
1.2479615
1.2479616
1.2479616
1.2479616
1.2479617
1.2479617
1.2479617
1.2479618
1.2479618
1.2479618
1.2479618
1.2479619
1.2479619
1.2479619
1.247962
1.247962
1.247962
1.2479621
1.2479621
1.2479622
1.2479622
1.2479622
1.2479623
1.2479623
1.2479623
1.2479624
1.2479624
1.2479624
1.2479625
1.2479625
1.2479626
1.2479626
1.2479626
1.2479627
1.2479627
1.2479628
1.2479628
1.2479629
1.2479629
1.247963
1.247963
1.247963
1.2479631
1.2479631
1.2479632
1.2479632
1.2479633
1.2479633
1.2479634
1.2479634
1.2479635
1.2479636
1.2479636
1.2479637
1.2479637
1.2479638
1.2479638
1.2479639
1.247964
1.247964
1.2479641
1.2479641
1.2479642
1.2479643
1.2479643
1.2479644
1.2479645
1.2479645
1.2479646
1.2479647
1.2479647
1.2479648
1.2479649
1.247965
1.247965
1.2479651
1.2479652
1.2479653
1.2479654
1.2479654
1.2479655
1.2479656
1.2479657
1.2479658
1.2479659
1.247966
1.2479661
1.2479662
1.2479663
1.2479664
1.2479665
1.2479666
1.2479667
1.2479668
1.2479669
1.2479671
1.2479672
1.2479673
1.2479674
1.2479676
1.2479677
1.2479678
1.247968
1.2479681
1.2479683
1.2479684
1.2479686
1.2479687
1.2479689
1.247969
1.2479692
1.2479694
1.2479696
1.2479697
1.2479699
1.2479701
1.2479703
1.2479705
1.2479707
1.247971
1.2479712
1.2479714
1.2479716
1.2479719
1.2479721
1.2479724
1.2479726
1.2479729
1.2479732
1.2479735
1.2479738
1.2479741
1.2479744
1.2479747
1.2479751
1.2479754
1.2479758
1.2479761
1.2479765
1.2479769
1.2479773
1.2479777
1.2479782
1.2479786
1.2479791
1.2479795
1.24798
1.2479805
1.247981
1.2479816
1.2479821
1.2479827
1.2479833
1.2479839
1.2479845
1.2479852
1.2479859
1.2479866
1.2479873
1.247988
1.2479888
1.2479896
1.2479904
1.2479913
1.2479922
1.2479931
1.247994
1.247995
1.247996
1.247997
1.2479981
1.2479992
1.2480004
1.2480016
1.2480028
1.2480041
1.2480054
1.2480068
1.2480082
1.2480096
1.2480111
1.2480127
1.2480143
1.248016
1.2480177
1.2480195
1.2480214
1.2480233
1.2480253
1.2480273
1.2480294
1.2480316
1.2480339
1.2480363
1.2480387
1.2480412
1.2480438
1.2480465
1.2480493
1.2480522
1.2480552
1.2480583
1.2480615
1.2480648
1.2480682
1.2480718
1.2480754
1.2480792
1.2480831
1.2480872
1.2480914
1.2480957
1.2481002
1.2481049
1.2481097
1.2481147
1.2481198
1.2481252
1.2481307
1.2481364
1.2481423
1.2481484
1.2481547
1.2481612
1.248168
1.248175
1.2481822
1.2481897
1.2481974
1.2482054
1.2482137
1.2482222
1.2482311
1.2482403
1.2482497
1.2482595
1.2482697
1.2482801
1.248291
1.2483022
1.2483138
1.2483258
1.2483382
1.248351
1.2483642
1.2483779
1.2483921
1.2484068
1.2484219
1.2484376
1.2484538
1.2484706
1.2484879
1.2485058
1.2485243
1.2485435
1.2485633
1.2485837
1.2486049
1.2486267
1.2486494
1.2486727
1.2486969
1.2487218
1.2487476
1.2487743
1.2488019
1.2488304
1.2488599
1.2488903
1.2489217
1.2489543
1.2489878
1.2490226
1.2490584
1.2490955
1.2491338
1.2491734
1.2492143
1.2492565
1.2493001
1.2493452
1.2493917
1.2494398
1.2494895
1.2495408
1.2495938
1.2496485
1.249705
1.2497634
1.2498236
1.2498859
1.2499501
1.2500164
1.2500849
1.2501555
1.2502285
1.2503038
1.2503815
1.2504617
1.2505444
1.2506298
1.2507179
1.2508088
1.2509026
1.2509993
1.2510991
1.2512019
1.251308
1.2514175
1.2515303
1.2516465
1.2517664
1.25189
1.2520173
1.2521486
1.2522838
1.2524231
1.2525666
1.2527144
1.2528667
1.2530234
1.2531849
1.253351
1.2535221
1.2536981
1.2538793
1.2540657
1.2542574
1.2544546
1.2546574
1.254866
1.2550803
1.2553007
1.2555271
1.2557598
1.2559988
1.2562443
1.2564964
1.2567552
1.2570208
1.2572935
1.2575732
1.2578601
1.2581544
1.2584561
1.2587653
1.2590823
1.259407
1.2597396
1.2600802
1.2604289
1.2607858
1.261151
1.2615246
1.2619066
1.2622971
1.2626963
1.2631041
1.2635206
1.2639459
1.2643801
1.2648231
1.265275
1.2657358
1.2662056
1.2666844
1.267172
1.2676687
1.2681742
1.2686887
1.269212
1.2697441
1.2702849
1.2708345
1.2713926
1.2719593
1.2725343
1.2731177
1.2737092
1.2743088
1.2749163
1.2755316
1.2761544
1.2767846
1.2774221
1.2780666
1.2787178
1.2793757
1.2800399
1.2807103
1.2813866
1.2820684
1.2827556
1.283448
1.2841451
1.2848467
1.2855525
1.2862623
1.2869757
1.2876923
1.288412
1.2891343
1.289859
1.2905856
1.2913139
1.2920436
1.2927743
1.2935056
1.2942373
1.2949691
1.2957004
1.2964312
1.297161
1.2978894
1.2986163
1.2993412
1.3000639
1.3007841
1.3015014
1.3022156
1.3029263
1.3036334
1.3043365
1.3050354
1.3057298
1.3064195
1.3071043
1.3077838
1.308458
1.3091266
1.3097894
1.3104462
1.3110969
1.3117412
1.312379
1.3130103
1.3136348
1.3142524
1.314863
1.3154665
1.3160629
1.316652
1.3172337
1.317808
1.3183749
1.3189343
1.3194861
1.3200303
1.320567
1.321096
1.3216175
1.3221313
1.3226376
1.3231363
1.3236274
1.3241111
1.3245872
1.325056
1.3255174
1.3259714
1.3264183
1.3268579
1.3272904
1.3277159
1.3281344
1.328546
1.3289509
1.329349
1.3297406
1.3301256
1.3305042
1.3308765
1.3312426
1.3316025
1.3319565
1.3323046
1.3326469
1.3329835
1.3333145
1.3336401
1.3339603
1.3342752
1.3345851
1.3348899
1.3351898
1.3354849
1.3357753
1.3360611
1.3363424
1.3366194
1.3368921
1.3371606
1.3374251
1.3376857
1.3379424
1.3381953
1.3384446
1.3386903
1.3389326
1.3391715
1.3394072
1.3396397
1.3398691
1.3400956
1.3403191
1.3405397
1.3407577
1.340973
1.3411857
1.3413959
1.3416037
1.3418092
1.3420124
1.3422134
1.3424123
1.3426092
1.342804
1.342997
1.3431881
1.3433774
1.343565
1.3437509
1.3439352
1.344118
1.3442993
1.3444791
1.3446575
1.3448346
1.3450105
1.345185
1.3453584
1.3455307
1.3457018
1.3458719
1.346041
1.3462091
1.3463763
1.3465426
1.346708
1.3468727
1.3470365
1.3471996
1.3473619
1.3475236
1.3476847
1.3478451
1.3480049
1.3481641
1.3483228
1.348481
1.3486388
1.348796
1.3489529
1.3491093
1.3492653
1.349421
1.3495763
1.3497313
1.3498859
1.3500403
1.3501945
1.3503483
1.350502
1.3506554
1.3508086
1.3509617
1.3511146
1.3512673
1.3514198
1.3515723
1.3517246
1.3518768
1.352029
1.352181
1.352333
1.3524849
1.3526368
1.3527886
1.3529405
1.3530923
1.353244
1.3533958
1.3535476
1.3536994
1.3538512
1.354003
1.3541549
1.3543068
1.3544588
1.3546108
1.3547629
1.3549151
1.3550673
1.3552196
1.3553719
1.3555244
1.3556769
1.3558296
1.3559823
1.3561351
1.356288
1.3564411
1.3565942
1.3567475
1.3569009
1.3570544
1.357208
1.3573617
1.3575156
1.3576695
1.3578237
1.3579779
1.3581323
1.3582868
1.3584414
1.3585962
1.3587511
1.3589062
1.3590613
1.3592167
1.3593721
1.3595277
1.3596835
1.3598393
1.3599953
1.3601515
1.3603078
1.3604642
1.3606208
1.3607775
1.3609343
1.3610913
1.3612484
1.3614057
1.3615631
1.3617206
1.3618783
1.3620361
1.362194
1.362352
1.3625102
1.3626685
1.362827
1.3629856
1.3631443
1.3633031
1.363462
1.3636211
1.3637803
1.3639396
1.364099
1.3642586
1.3644182
1.364578
1.3647379
1.3648979
1.365058
1.3652182
1.3653786
1.365539
1.3656996
1.3658602
1.366021
1.3661818
1.3663427
1.3665038
1.3666649
1.3668262
1.3669875
1.3671489
1.3673105
1.3674721
1.3676338
1.3677955
1.3679574
1.3681194
1.3682814
1.3684435
1.3686057
1.3687679
1.3689303
1.3690927
1.3692552
1.3694177
1.3695803
1.369743
1.3699057
1.3700685
1.3702314
1.3703943
1.3705573
1.3707203
1.3708834
1.3710466
1.3712097
1.371373
1.3715362
1.3716996
1.3718629
1.3720263
1.3721897
1.3723532
1.3725167
1.3726802
1.3728438
1.3730074
1.373171
1.3733346
1.3734983
1.3736619
1.3738256
1.3739893
1.3741531
1.3743168
1.3744805
1.3746443
1.374808
1.3749718
1.3751355
1.3752993
1.375463
1.3756268
1.3757905
1.3759542
1.3761179
1.3762816
1.3764453
1.376609
1.3767727
1.3769363
1.3770999
1.3772635
1.3774271
1.3775906
1.3777541
1.3779176
1.378081
1.3782444
1.3784078
1.3785711
1.3787344
1.3788977
1.3790608
1.379224
1.3793871
1.3795501
1.3797131
1.3798761
1.3800389
1.3802018
1.3803645
1.3805272
1.3806898
1.3808524
1.3810149
1.3811773
1.3813396
1.3815019
1.3816641
1.3818262
1.3819883
1.3821502
1.3823121
1.3824739
1.3826356
1.3827972
1.3829587
1.3831202
1.3832815
1.3834428
1.3836039
1.3837649
1.3839259
1.3840867
1.3842474
1.384408
1.3845685
1.3847289
1.3848892
1.3850493
1.3852093
1.3853693
1.385529
1.3856887
1.3858482
1.3860076
1.3861669
1.3863261
1.3864851
1.3866439
1.3868026
1.3869612
1.3871196
1.3872779
1.387436
1.387594
1.3877518
1.3879095
1.388067
1.3882244
1.3883816
1.3885386
1.3886955
1.3888522
1.3890087
1.389165
1.3893212
1.3894772
1.389633
1.3897887
1.3899441
1.3900994
1.3902545
1.3904094
1.390564
1.3907186
1.3908729
1.391027
1.3911809
1.3913346
1.3914881
1.3916414
1.3917945
1.3919473
1.3921
1.3922525
1.3924047
1.3925567
1.3927085
1.39286
1.3930113
1.3931624
1.3933133
1.3934639
1.3936143
1.3937645
1.3939144
1.394064
1.3942134
1.3943626
1.3945116
1.3946602
1.3948087
1.3949569
1.3951048
1.3952524
1.3953998
1.395547
1.3956938
1.3958405
1.3959868
1.3961329
1.3962787
1.3964243
1.3965696
1.3967146
1.3968594
1.3970039
1.3971481
1.3972921
1.3974358
1.3975793
1.3977225
1.3978654
1.3980081
1.3981505
1.3982927
1.3984345
1.3985762
1.3987176
1.3988587
1.3989995
1.39914
1.3992803
1.3994202
1.3995599
1.3996992
1.3998383
1.399977
1.4001154
1.4002535
1.4003912
1.4005286
1.4006657
1.4008024
1.4009387
1.4010746
1.40121
1.4013449
1.4014794
1.4016134
1.401747
1.4018801
1.4020127
1.4021449
1.4022767
1.402408
1.402539
1.4026695
1.4027995
1.4029293
1.4030586
1.4031875
1.4033161
1.4034443
1.4035722
1.4036998
1.4038271
1.4039541
1.4040808
1.4042074
1.4043335
1.4044597
1.4045854
1.4047106
1.4048363
1.404961
1.4050829
1.4052118
1.4053228
1.4054447
1.4055856
1.4056507
1.4054749
1.4048267
1.4035673
1.4018473
1.399645
1.3969818
1.393908
1.3904832
1.3867799
1.3828793
1.3788662
1.3748246
1.3708336
1.3669641
1.3632762
1.3598178
1.3566242
1.3537185
1.3511119
1.348806
1.3467935
1.3450606
1.3435885
1.3423549
1.3413359
1.3405068
1.3398431
1.3393217
1.338921
1.3386213
1.3384053
1.3382575
1.338165
1.3381166
1.3381031
1.3381167
1.3381514
1.3382021
1.3382648
1.3383365
1.3384148
1.3384978
1.3385839
1.338672
1.3387615
1.3388518
1.3389428
1.3390341
1.3391253
1.3392165
1.3393073
1.3393977
1.3394877
1.3395772
1.3396662
1.3397547
1.3398428
1.3399304
1.3400176
1.3401044
1.3401908
1.3402768
1.3403623
1.3404475
1.3405323
1.3406166
1.3407006
1.3407841
1.3408672
1.3409498
1.341032
1.3411136
1.3411948
1.3412755
1.3413557
1.3414354
1.3415145
1.3415931
1.3416712
1.3417487
1.3418257
1.3419021
1.341978
1.3420534
1.3421282
1.3422024
1.3422762
1.3423494
1.342422
1.3424942
1.3425658
1.3426369
1.3427075
1.3427776
1.3428472
1.3429163
1.3429849
1.343053
1.3431206
1.3431877
1.3432543
1.3433204
1.3433861
1.3434512
1.3435159
1.3435801
1.3436438
1.3437071
1.3437698
1.3438321
1.3438939
1.3439553
1.3440162
1.3440766
1.3441365
1.344196
1.3442549
1.3443135
1.3443715
1.3444291
1.3444863
1.3445429
1.3445991
1.3446549
1.3447102
1.344765
1.3448194
1.3448733
1.3449268
1.3449798
1.3450323
1.3450844
1.3451361
1.3451873
1.3452381
1.3452884
1.3453383
1.3453877
1.3454367
1.3454852
1.3455333
1.345581
1.3456282
1.3456751
1.3457214
1.3457674
1.3458129
1.345858
1.3459026
1.3459469
1.3459907
1.3460341
1.346077
1.3461196
1.3461617
1.3462034
1.3462447
1.3462856
1.3463261
1.3463662
1.3464059
1.3464451
1.346484
1.3465225
1.3465605
1.3465982
1.3466355
1.3466724
1.3467089
1.346745
1.3467807
1.346816
1.346851
1.3468856
1.3469198
1.3469536
1.346987
1.3470201
1.3470528
1.3470851
1.3471171
1.3471487
1.34718
1.3472109
1.3472415
1.3472717
1.3473016
1.3473311
1.3473599
1.3473888
1.3474173
1.3474455
1.3474734
1.3475009
1.3475282
1.347555
1.3475816
1.3476078
1.3476337
1.3476593
1.3476845
1.3477095
1.3477341
1.3477584
1.3477824
1.3478061
1.3478295
1.3478526
1.3478754
1.3478979
1.3479201
1.347942
1.3479636
1.347985
1.348006
1.3480268
1.3480473
1.3480675
1.3480874
1.3481071
1.3481265
1.3481456
1.3481645
1.3481831
1.3482014
1.3482195
1.3482373
1.3482549
1.3482722
1.3482893
1.3483061
1.3483227
1.3483391
1.3483552
1.3483711
1.3483867
1.3484021
1.3484173
1.3484323
1.348447
1.3484616
1.3484759
1.34849
1.3485038
1.3485175
1.3485309
1.3485442
1.3485572
1.3485701
1.3485827
1.3485952
1.3486074
1.3486195
1.3486313
1.348643
1.3486545
1.3486658
1.3486769
1.3486879
1.3486986
1.3487092
1.3487197
1.3487299
1.34874
1.3487499
1.3487597
1.3487693
1.3487787
1.348788
1.3487971
1.348806
1.3488149
1.3488235
1.348832
1.3488404
1.3488486
1.3488567
1.3488646
1.3488724
1.3488801
1.3488876
1.348895
1.3489023
1.3489094
1.3489165
1.3489233
1.3489301
1.3489367
1.3489433
1.3489497
1.3489559
1.3489621
1.3489682
1.3489741
1.34898
1.3489857
1.3489913
1.3489968
1.3490022
1.3490076
1.3490128
1.3490179
1.3490229
1.3490278
1.3490327
1.3490374
1.349042
1.3490466
1.349051
1.3490554
1.3490597
1.3490639
1.349068
1.3490721
1.349076
1.3490799
1.3490837
1.3490874
1.3490911
1.3490947
1.3490982
1.3491016
1.349105
1.3491083
1.3491115
1.3491147
1.3491178
1.3491208
1.3491238
1.3491267
1.3491295
1.3491323
1.349135
1.3491377
1.3491403
1.3491429
1.3491454
1.3491478
1.3491502
1.3491525
1.3491548
1.349157
1.3491592
1.3491614
1.3491635
1.3491655
1.3491675
1.3491694
1.3491714
1.3491732
1.349175
1.3491768
1.3491785
1.3491802
1.3491819
1.3491835
1.349185
1.3491866
1.3491881
1.3491895
1.3491909
1.3491923
1.3491937
1.349195
1.3491963
1.3491975
1.3491987
1.3491999
1.3492011
1.3492022
1.3492033
1.3492043
1.3492054
1.3492063
1.3492073
1.3492082
1.3492091
1.34921
1.3492109
1.3492117
1.3492125
1.3492132
1.349214
1.3492147
1.3492154
1.3492161
1.3492167
1.3492173
1.3492179
1.3492184
1.349219
1.3492195
1.34922
1.3492204
1.3492209
1.3492213
1.3492217
1.349222
1.3492224
1.3492227
1.349223
1.3492233
1.3492235
1.3492237
1.3492239
1.3492241
1.3492243
1.3492244
1.3492245
1.3492246
1.3492247
1.3492247
1.3492247
1.3492247
1.3492247
1.3492246
1.3492245
1.3492244
1.3492243
1.3492241
1.3492239
1.3492237
1.3492235
1.3492232
1.3492229
1.3492226
1.3492223
1.3492219
1.3492215
1.3492211
1.3492206
1.3492201
1.3492196
1.3492191
1.3492185
1.3492179
1.3492173
1.3492166
1.3492159
1.3492152
1.3492144
1.3492136
1.3492128
1.3492119
1.349211
1.3492101
1.3492091
1.3492081
1.3492071
1.349206
1.3492049
1.3492037
1.3492025
1.3492013
1.3492
1.3491987
1.3491973
1.3491959
1.3491944
1.3491929
1.3491914
1.3491898
1.3491882
1.3491865
1.3491848
1.349183
1.3491812
1.3491793
1.3491774
1.3491754
1.3491733
1.3491713
1.3491691
1.3491669
1.3491647
1.3491624
1.34916
1.3491576
1.3491552
1.3491526
1.34915
1.3491474
1.3491447
1.3491419
1.3491391
1.3491362
1.3491332
1.3491302
1.3491272
1.349124
1.3491208
1.3491175
1.3491142
1.3491108
1.3491074
1.3491038
1.3491002
1.3490966
1.3490928
1.349089
1.3490852
1.3490813
1.3490773
1.3490732
1.3490691
1.3490649
1.3490606
1.3490563
1.3490519
1.3490474
1.3490429
1.3490383
1.3490336
1.3490289
1.3490241
1.3490192
1.3490143
1.3490093
1.3490042
1.3489991
1.3489939
1.3489886
1.3489833
1.3489779
1.3489725
1.348967
1.3489614
1.3489558
1.3489501
1.3489444
1.3489386
1.3489328
1.3489269
1.3489209
1.3489149
1.3489089
1.3489028
1.3488966
1.3488905
1.3488842
1.3488779
1.3488716
1.3488652
1.3488588
1.3488524
1.3488459
1.3488394
1.3488328
1.3488263
1.3488197
1.348813
1.3488063
1.3487997
1.3487929
1.3487862
1.3487794
1.3487727
1.3487659
1.348759
1.3487522
1.3487454
1.3487385
1.3487317
1.3487248
1.348718
1.3487111
1.3487042
1.3486973
1.3486905
1.3486836
1.3486768
1.3486699
1.3486631
1.3486563
1.3486494
1.3486427
1.3486359
1.3486291
1.3486224
1.3486156
1.3486089
1.3486023
1.3485956
1.348589
1.3485824
1.3485759
1.3485694
1.3485629
1.3485564
1.34855
1.3485436
1.3485373
1.348531
1.3485248
1.3485185
1.3485124
1.3485063
1.3485002
1.3484942
1.3484882
1.3484823
1.3484764
1.3484706
1.3484649
1.3484592
1.3484535
1.3484479
1.3484424
1.3484369
1.3484315
1.3484261
1.3484208
1.3484156
1.3484104
1.3484053
1.3484002
1.3483953
1.3483903
1.3483855
1.3483807
1.3483759
1.3483712
1.3483666
1.3483621
1.3483576
1.3483532
1.3483488
1.3483445
1.3483403
1.3483361
1.3483321
1.348328
1.3483241
1.3483201
1.3483163
1.3483125
1.3483088
1.3483052
1.3483016
1.3482981
1.3482946
1.3482912
1.3482879
1.3482846
1.3482814
1.3482782
1.3482751
1.3482721
1.3482691
1.3482662
1.3482633
1.3482605
1.3482577
1.3482551
1.3482524
1.3482498
1.3482473
1.3482448
1.3482424
1.34824
1.3482377
1.3482354
1.3482332
1.348231
1.3482289
1.3482268
1.3482248
1.3482228
1.3482209
1.348219
1.3482172
1.3482154
1.3482136
1.3482119
1.3482102
1.3482086
1.348207
1.3482054
1.3482039
1.3482024
1.348201
1.3481996
1.3481982
1.3481969
1.3481956
1.3481943
1.3481931
1.3481919
1.3481907
1.3481896
1.3481885
1.3481874
1.3481864
1.3481854
1.3481844
1.3481834
1.3481825
1.3481816
1.3481807
1.3481798
1.348179
1.3481782
1.3481774
1.3481767
1.3481759
1.3481752
1.3481745
1.3481738
1.3481732
1.3481725
1.3481719
1.3481713
1.3481708
1.3481702
1.3481696
1.3481691
1.3481686
1.3481681
1.3481676
1.3481672
1.3481667
1.3481663
1.3481659
1.3481655
1.3481651
1.3481647
1.3481643
1.348164
1.3481636
1.3481633
1.348163
1.3481627
1.3481624
1.3481621
1.3481618
1.3481615
1.3481613
1.348161
1.3481608
1.3481605
1.3481603
1.3481601
1.3481599
1.3481597
1.3481595
1.3481593
1.3481591
1.348159
1.3481588
1.3481586
1.3481585
1.3481583
1.3481582
1.348158
1.3481579
1.3481578
1.3481577
1.3481575
1.3481574
1.3481573
1.3481572
1.3481571
1.348157
1.3481569
1.3481568
1.3481568
1.3481567
1.3481566
1.3481565
1.3481565
1.3481564
1.3481563
1.3481563
1.3481562
1.3481562
1.3481561
1.3481561
1.348156
1.348156
1.3481559
1.3481559
1.3481558
1.3481558
1.3481558
1.3481557
1.3481557
1.3481557
1.3481556
1.3481556
1.3481556
1.3481556
1.3481555
1.3481555
1.3481555
1.3481555
1.3481555
1.3481555
1.3481554
1.3481554
1.3481554
1.3481554
1.3481554
1.3481554
1.3481554
1.3481554
1.3481554
1.3481554
1.3481554
1.3481554
1.3481554
1.3481554
1.3481554
1.3481554
1.3481554
1.3481554
1.3481554
1.3481554
1.3481554
1.3481554
1.3481554
1.3481554
1.3481554
1.3481554
1.3481554
1.3481554
1.3481554
1.3481554
1.3481554
1.3481554
1.3481554
1.3481554
1.3481554
1.3481555
1.3481555
1.3481555
1.3481555
1.3481555
1.3481555
1.3481555
1.3481555
1.3481555
1.3481555
1.3481556
1.3481556
1.3481556
1.3481556
1.3481556
1.3481556
1.3481556
1.3481556
1.3481557
1.3481557
1.3481557
1.3481557
1.3481557
1.3481557
1.3481557
1.3481557
1.3481557
1.3481558
1.3481558
1.3481558
1.3481558
1.3481558
1.3481558
1.3481558
1.3481559
1.3481559
1.3481559
1.3481559
1.3481559
1.3481559
1.3481559
1.348156
1.348156
1.348156
1.348156
1.348156
1.348156
1.348156
1.348156
1.3481561
1.3481561
1.3481561
1.3481561
1.3481561
1.3481561
1.3481561
1.3481562
1.3481562
1.3481562
1.3481562
1.3481562
1.3481562
1.3481563
1.3481563
1.3481563
1.3481563
1.3481563
1.3481563
1.3481563
1.3481563
1.3481564
1.3481564
1.3481564
1.3481564
1.3481564
1.3481564
1.3481564
1.3481564
1.3481565
1.3481565
1.3481565
1.3481565
1.3481565
1.3481565
1.3481565
1.3481565
1.3481566
1.3481566
1.3481566
1.3481566
1.3481566
1.3481566
1.3481566
1.3481566
1.3481567
1.3481567
1.3481567
1.3481567
1.3481567
1.3481567
1.3481568
1.3481568
1.3481568
1.3481568
1.3481568
1.3481568
1.3481568
1.3481568
1.3481568
1.3481569
1.3481569
1.3481569
1.3481569
1.3481569
1.3481569
1.3481569
1.3481569
1.348157
1.348157
1.348157
1.348157
1.348157
1.348157
1.348157
1.348157
1.3481571
1.3481571
1.3481571
1.3481571
1.3481571
1.3481571
1.3481571
1.3481571
1.3481571
1.3481572
1.3481572
1.3481572
1.3481572
1.3481572
1.3481572
1.3481572
1.3481572
1.3481573
1.3481573
1.3481573
1.3481573
1.3481573
1.3481573
1.3481573
1.3481573
1.3481574
1.3481574
1.3481574
1.3481574
1.3481574
1.3481574
1.3481574
1.3481574
1.3481574
1.3481574
1.3481575
1.3481575
1.3481575
1.3481575
1.3481575
1.3481575
1.3481575
1.3481575
1.3481575
1.3481576
1.3481576
1.3481576
1.3481576
1.3481576
1.3481576
1.3481576
1.3481576
1.3481576
1.3481577
1.3481577
1.3481577
1.3481577
1.3481577
1.3481577
1.3481577
1.3481577
1.3481577
1.3481578
1.3481578
1.3481578
1.3481578
1.3481578
1.3481578
1.3481578
1.3481578
1.3481578
1.3481579
1.3481579
1.3481579
1.3481579
1.3481579
1.3481579
1.3481579
1.3481579
1.3481579
1.3481579
1.3481579
1.348158
1.348158
1.348158
1.348158
1.348158
1.348158
1.348158
1.348158
1.348158
1.348158
1.3481581
1.3481581
1.3481581
1.3481581
1.3481581
1.3481581
1.3481581
1.3481581
1.3481581
1.3481581
1.3481582
1.3481582
1.3481582
1.3481582
1.3481582
1.3481582
1.3481582
1.3481582
1.3481582
1.3481582
1.3481583
1.3481583
1.3481583
1.3481583
1.3481583
1.3481583
1.3481583
1.3481583
1.3481583
1.3481583
1.3481583
1.3481584
1.3481584
1.3481584
1.3481584
1.3481584
1.3481584
1.3481584
1.3481584
1.3481584
1.3481584
1.3481585
1.3481585
1.3481585
1.3481585
1.3481585
1.3481585
1.3481585
1.3481585
1.3481585
1.3481585
1.3481585
1.3481585
1.3481586
1.3481586
1.3481586
1.3481586
1.3481586
1.3481586
1.3481586
1.3481586
1.3481586
1.3481586
1.3481586
1.3481586
1.3481587
1.3481587
1.3481587
1.3481587
1.3481587
1.3481587
1.3481587
1.3481587
1.3481587
1.3481587
1.3481587
1.3481588
1.3481588
1.3481588
1.3481588
1.3481588
1.3481588
1.3481588
1.3481588
1.3481588
1.3481588
1.3481588
1.3481588
1.3481589
1.3481589
1.3481589
1.3481589
1.3481589
1.3481589
1.3481589
1.3481589
1.3481589
1.3481589
1.3481589
1.3481589
1.348159
1.348159
1.348159
1.348159
1.348159
1.348159
1.348159
1.348159
1.348159
1.348159
1.348159
1.348159
1.348159
1.348159
1.348159
1.3481591
1.3481591
1.3481591
1.3481591
1.3481591
1.3481591
1.3481591
1.3481591
1.3481591
1.3481591
1.3481591
1.3481592
1.3481592
1.3481592
1.3481592
1.3481592
1.3481592
1.3481592
1.3481592
1.3481592
1.3481592
1.3481592
1.3481592
1.3481592
1.3481592
1.3481593
1.3481593
1.3481593
1.3481593
1.3481593
1.3481593
1.3481593
1.3481593
1.3481593
1.3481593
1.3481593
1.3481593
1.3481593
1.3481593
1.3481594
1.3481594
1.3481594
1.3481594
1.3481594
1.3481594
1.3481594
1.3481594
1.3481594
1.3481594
1.3481594
1.3481594
1.3481594
1.3481594
1.3481594
1.3481595
1.3481595
1.3481595
1.3481595
1.3481595
1.3481595
1.3481595
1.3481595
1.3481595
1.3481595
1.3481595
1.3481595
1.3481595
1.3481596
1.3481596
1.3481596
1.3481596
1.3481596
1.3481596
1.3481596
1.3481596
1.3481596
1.3481596
1.3481596
1.3481596
1.3481596
1.3481596
1.3481596
1.3481596
1.3481597
1.3481597
1.3481597
1.3481597
1.3481597
1.3481597
1.3481597
1.3481597
1.3481597
1.3481597
1.3481597
1.3481597
1.3481597
1.3481597
1.3481597
1.3481598
1.3481598
1.3481598
1.3481598
1.3481598
1.3481598
1.3481598
1.3481598
1.3481598
1.3481598
1.3481598
1.3481598
1.3481598
1.3481598
1.3481598
1.3481598
1.3481598
1.3481599
1.3481599
1.3481599
1.3481599
1.3481599
1.3481599
1.3481599
1.3481599
1.3481599
1.3481599
1.3481599
1.3481599
1.3481599
1.3481599
1.3481599
1.3481599
1.3481599
1.3481599
1.34816
1.34816
1.34816
1.34816
1.34816
1.34816
1.34816
1.34816
1.34816
1.34816
1.34816
1.34816
1.34816
1.34816
1.34816
1.34816
1.3481601
1.3481601
1.3481601
1.3481601
1.3481601
1.3481601
1.3481601
1.3481601
1.3481601
1.3481601
1.3481601
1.3481601
1.3481601
1.3481601
1.3481601
1.3481601
1.3481601
1.3481601
1.3481601
1.3481601
1.3481601
1.3481601
1.3481602
1.3481602
1.3481602
1.3481602
1.3481602
1.3481602
1.3481602
1.3481602
1.3481602
1.3481602
1.3481602
1.3481602
1.3481602
1.3481602
1.3481602
1.3481602
1.3481602
1.3481603
1.3481603
1.3481603
1.3481603
1.3481603
1.3481603
1.3481603
1.3481603
1.3481603
1.3481603
1.3481603
1.3481603
1.3481603
1.3481603
1.3481603
1.3481603
1.3481603
1.3481603
1.3481603
1.3481603
1.3481604
1.3481604
1.3481604
1.3481604
1.3481604
1.3481604
1.3481604
1.3481604
1.3481604
1.3481604
1.3481604
1.3481604
1.3481604
1.3481604
1.3481604
1.3481604
1.3481604
1.3481604
1.3481604
1.3481605
1.3481605
1.3481605
1.3481605
1.3481605
1.3481605
1.3481605
1.3481605
1.3481605
1.3481605
1.3481605
1.3481605
1.3481605
1.3481605
1.3481605
1.3481605
1.3481605
1.3481605
1.3481605
1.3481605
1.3481605
1.3481606
1.3481606
1.3481606
1.3481606
1.3481606
1.3481606
1.3481606
1.3481606
1.3481606
1.3481606
1.3481606
1.3481606
1.3481606
1.3481606
1.3481606
1.3481606
1.3481606
1.3481606
1.3481606
1.3481606
1.3481606
1.3481606
1.3481606
1.3481606
1.3481607
1.3481607
1.3481607
1.3481607
1.3481607
1.3481607
1.3481607
1.3481607
1.3481607
1.3481607
1.3481607
1.3481607
1.3481607
1.3481607
1.3481607
1.3481607
1.3481607
1.3481607
1.3481607
1.3481607
1.3481607
1.3481607
1.3481608
1.3481608
1.3481608
1.3481608
1.3481608
1.3481608
1.3481608
1.3481608
1.3481608
1.3481608
1.3481608
1.3481608
1.3481608
1.3481608
1.3481608
1.3481608
1.3481608
1.3481608
1.3481608
1.3481608
1.3481608
1.3481608
1.3481609
1.3481609
1.3481609
1.3481609
1.3481609
1.3481609
1.3481609
1.3481609
1.3481609
1.3481609
1.3481609
1.3481609
1.3481609
1.3481609
1.3481609
1.3481609
1.3481609
1.3481609
1.3481609
1.3481609
1.3481609
1.3481609
1.3481609
1.3481609
1.3481609
1.348161
1.348161
1.348161
1.348161
1.348161
1.348161
1.348161
1.348161
1.348161
1.348161
1.348161
1.348161
1.348161
1.348161
1.348161
1.348161
1.348161
1.348161
1.348161
1.348161
1.348161
1.348161
1.348161
1.348161
1.3481611
1.3481611
1.3481611
1.3481611
1.3481611
1.3481611
1.3481611
1.3481611
1.3481611
1.3481611
1.3481611
1.3481611
1.3481611
1.3481611
1.3481611
1.3481611
1.3481611
1.3481611
1.3481611
1.3481611
1.3481611
1.3481611
1.3481611
1.3481611
1.3481611
1.3481611
1.3481611
1.3481611
1.3481611
1.3481612
1.3481612
1.3481612
1.3481612
1.3481612
1.3481612
1.3481612
1.3481612
1.3481612
1.3481612
1.3481612
1.3481612
1.3481612
1.3481612
1.3481612
1.3481612
1.3481612
1.3481612
1.3481612
1.3481612
1.3481612
1.3481612
1.3481612
1.3481612
1.3481612
1.3481612
1.3481612
1.3481613
1.3481613
1.3481613
1.3481613
1.3481613
1.3481613
1.3481613
1.3481613
1.3481613
1.3481613
1.3481613
1.3481613
1.3481613
1.3481613
1.3481613
1.3481613
1.3481613
1.3481613
1.3481613
1.3481613
1.3481613
1.3481613
1.3481613
1.3481613
1.3481613
1.3481613
1.3481614
1.3481614
1.3481614
1.3481614
1.3481614
1.3481614
1.3481614
1.3481614
1.3481614
1.3481614
1.3481614
1.3481614
1.3481614
1.3481614
1.3481614
1.3481614
1.3481614
1.3481614
1.3481614
1.3481614
1.3481614
1.3481614
1.3481614
1.3481614
1.3481614
1.3481614
1.3481614
1.3481614
1.3481614
1.3481614
1.3481614
1.3481614
1.3481614
1.3481615
1.3481615
1.3481615
1.3481615
1.3481615
1.3481615
1.3481615
1.3481615
1.3481615
1.3481615
1.3481615
1.3481615
1.3481615
1.3481615
1.3481615
1.3481615
1.3481615
1.3481615
1.3481615
1.3481615
1.3481615
1.3481615
1.3481615
1.3481615
1.3481615
1.3481615
1.3481615
1.3481615
1.3481615
1.3481615
1.3481615
1.3481615
1.3481615
1.3481615
1.3481615
1.3481616
1.3481616
1.3481616
1.3481616
1.3481616
1.3481616
1.3481616
1.3481616
1.3481616
1.3481616
1.3481616
1.3481616
1.3481616
1.3481616
1.3481616
1.3481616
1.3481616
1.3481616
1.3481616
1.3481616
1.3481616
1.3481616
1.3481616
1.3481616
1.3481616
1.3481616
1.3481616
1.3481616
1.3481616
1.3481616
1.3481617
1.3481617
1.3481617
1.3481617
1.3481617
1.3481617
1.3481617
1.3481617
1.3481617
1.3481617
1.3481617
1.3481617
1.3481617
1.3481617
1.3481617
1.3481617
1.3481617
1.3481617
1.3481617
1.3481617
1.3481617
1.3481617
1.3481617
1.3481617
1.3481617
1.3481617
1.3481617
1.3481617
1.3481617
1.3481617
1.3481617
1.3481617
1.3481617
1.3481617
1.3481617
1.3481617
1.3481617
1.3481618
1.3481618
1.3481618
1.3481618
1.3481618
1.3481618
1.3481618
1.3481618
1.3481618
1.3481618
1.3481618
1.3481618
1.3481618
1.3481618
1.3481618
1.3481618
1.3481618
1.3481618
1.3481618
1.3481618
1.3481618
1.3481618
1.3481618
1.3481618
1.3481618
1.3481618
1.3481618
1.3481618
1.3481618
1.3481618
1.3481618
1.3481618
1.3481618
1.3481618
1.3481618
1.3481618
1.3481618
1.3481618
1.3481618
1.3481618
1.3481619
1.3481619
1.3481619
1.3481619
1.3481619
1.3481619
1.3481619
1.3481619
1.3481619
1.3481619
1.3481619
1.3481619
1.3481619
1.3481619
1.3481619
1.3481619
1.3481619
1.3481619
1.3481619
1.3481619
1.3481619
1.3481619
1.3481619
1.3481619
1.3481619
1.3481619
1.3481619
1.3481619
1.3481619
1.3481619
1.3481619
1.3481619
1.3481619
1.3481619
1.3481619
1.3481619
1.3481619
1.3481619
1.3481619
1.3481619
1.348162
1.348162
1.348162
1.348162
1.348162
1.348162
1.348162
1.348162
1.348162
1.348162
1.348162
1.348162
1.348162
1.348162
1.348162
1.348162
1.348162
1.348162
1.348162
1.348162
1.348162
1.348162
1.348162
1.348162
1.348162
1.348162
1.348162
1.348162
1.348162
1.348162
1.348162
1.348162
1.348162
1.348162
1.348162
1.348162
1.348162
1.348162
1.348162
1.348162
1.348162
1.348162
1.348162
1.348162
1.348162
1.348162
1.348162
1.348162
1.348162
1.348162
1.348162
1.348162
1.348162
1.348162
1.348162
1.348162
1.3481621
1.3481621
1.3481621
1.3481621
1.3481621
1.3481621
1.3481621
1.3481621
1.3481621
1.3481621
1.3481621
1.3481621
1.3481621
1.3481621
1.3481621
1.3481621
1.3481621
1.3481621
1.3481621
1.3481621
1.3481621
1.3481621
1.3481621
1.3481621
1.3481621
1.3481621
1.3481621
1.3481621
1.3481621
1.3481621
1.3481621
1.3481621
1.3481621
1.3481621
1.3481621
1.3481621
1.3481621
1.3481621
1.3481621
1.3481621
1.3481621
1.3481621
1.3481622
1.3481622
1.3481622
1.3481622
1.3481621
1.3481621
1.3481621
1.3481621
1.3481621
1.3481621
1.3481622
1.3481622
1.3481622
1.3481622
1.3481622
1.3481622
1.3481622
1.3481622
1.3481622
1.3481622
1.3481622
1.3481622
1.3481622
1.3481622
1.3481622
1.3481622
1.3481622
1.3481622
1.3481622
1.3481622
1.3481622
1.3481622
1.3481622
1.3481622
1.3481622
1.3481622
1.3481622
1.3481622
1.3481622
1.3481622
1.3481622
1.3481622
1.3481622
1.3481622
1.3481622
1.3481622
1.3481622
1.3481622
1.3481622
1.3481622
1.3481622
1.3481622
1.3481622
1.3481622
1.3481622
1.3481622
1.3481622
1.3481622
1.3481622
1.3481622
1.3481622
1.3481622
1.3481622
1.3481622
1.3481622
1.3481622
1.3481622
1.3481622
1.3481622
1.3481622
1.3481622
1.3481622
1.3481622
1.3481622
1.3481622
1.3481622
1.3481622
1.3481622
1.3481622
1.3481622
1.3481622
1.3481622
1.3481622
1.3481622
1.3481622
1.3481623
1.3481623
1.3481623
1.3481623
1.3481623
1.3481623
1.3481623
1.3481623
1.3481623
1.3481623
1.3481623
1.3481623
1.3481623
1.3481623
1.3481623
1.3481623
1.3481623
1.3481623
1.3481623
1.3481623
1.3481623
1.3481623
1.3481623
1.3481623
1.3481623
1.3481623
1.3481623
1.3481623
1.3481623
1.3481623
1.3481623
1.3481623
1.3481623
1.3481623
1.3481623
1.3481623
1.3481623
1.3481623
1.3481623
1.3481623
1.3481623
1.3481623
1.3481623
1.3481623
1.3481623
1.3481623
1.3481623
1.3481623
1.3481623
1.3481623
1.3481623
1.3481623
1.3481623
1.3481623
1.3481623
1.3481623
1.3481623
1.3481623
1.3481623
1.3481623
1.3481623
1.3481623
1.3481623
1.3481623
1.3481623
1.3481623
1.3481623
1.3481623
1.3481623
1.3481623
1.3481623
1.3481623
1.3481623
1.3481623
1.3481623
1.3481623
1.3481623
1.3481623
1.3481623
1.3481623
1.3481623
1.3481623
1.3481624
1.3481624
1.3481624
1.3481624
1.3481624
1.3481624
1.3481624
1.3481624
1.3481624
1.3481624
1.3481624
1.3481624
1.3481624
1.3481624
1.3481624
1.3481624
1.3481624
1.3481624
1.3481624
1.3481624
1.3481624
1.3481624
1.3481624
1.3481624
1.3481624
1.3481624
1.3481624
1.3481624
1.3481624
1.3481624
1.3481624
1.3481624
1.3481624
1.3481624
1.3481624
1.3481624
1.3481624
1.3481624
1.3481624
1.3481624
1.3481624
1.3481624
1.3481625
1.3481625
1.3481625
1.3481625
1.3481625
1.3481625
1.3481625
1.3481625
1.3481625
1.3481625
1.3481625
1.3481625
1.3481625
1.3481625
1.3481626
1.3481626
1.3481626
1.3481626
1.3481626
1.3481626
1.3481626
1.3481626
1.3481627
1.3481627
1.3481627
1.3481627
1.3481627
1.3481627
1.3481628
1.3481628
1.3481628
1.3481628
1.3481628
1.3481629
1.3481629
1.3481629
1.3481629
1.348163
1.348163
1.348163
1.348163
1.3481631
1.3481631
1.3481631
1.3481632
1.3481632
1.3481632
1.3481633
1.3481633
1.3481633
1.3481634
1.3481634
1.3481635
1.3481635
1.3481635
1.3481636
1.3481636
1.3481636
1.3481637
1.3481637
1.3481637
1.3481638
1.3481638
1.3481638
1.3481639
1.3481639
1.3481639
1.3481639
1.348164
1.348164
1.348164
1.348164
1.3481641
1.3481641
1.3481641
1.3481641
1.3481641
1.3481642
1.3481641
)
;

boundaryField
{
    leftSide
    {
        type            calculated;
        value           uniform 1.2479598;
    }
    rightSide
    {
        type            calculated;
        value           uniform 1.3481641;
    }
    emptywalls
    {
        type            empty;
    }
}


// ************************************************************************* //
