/*--------------------------------*- C++ -*----------------------------------*\
  =========                 |
  \\      /  F ield         | OpenFOAM: The Open Source CFD Toolbox
   \\    /   O peration     | Website:  https://openfoam.org
    \\  /    A nd           | Version:  7
     \\/     M anipulation  |
\*---------------------------------------------------------------------------*/
FoamFile
{
    version     2.0;
    format      ascii;
    class       surfaceScalarField;
    location    "0.00244";
    object      phi;
}
// * * * * * * * * * * * * * * * * * * * * * * * * * * * * * * * * * * * * * //

dimensions      [1 0 -1 0 0 0 0];

internalField   nonuniform List<scalar> 
4999
(
-2.9551579
-2.9542813
-2.9534048
-2.9525283
-2.9516518
-2.9507752
-2.9498987
-2.9490222
-2.9481456
-2.9472691
-2.9463925
-2.945516
-2.9446394
-2.9437629
-2.9428863
-2.9420097
-2.9411332
-2.9402566
-2.93938
-2.9385035
-2.9376269
-2.9367503
-2.9358737
-2.9349972
-2.9341206
-2.9332441
-2.9323675
-2.931491
-2.9306145
-2.9297382
-2.9288618
-2.9279857
-2.9271096
-2.9262336
-2.9253576
-2.9244816
-2.9236055
-2.9227292
-2.9218526
-2.9209757
-2.9200985
-2.9192211
-2.9183433
-2.9174654
-2.9165874
-2.9157093
-2.9148311
-2.9139528
-2.9130746
-2.9121963
-2.911318
-2.9104397
-2.9095614
-2.9086831
-2.9078048
-2.9069264
-2.9060481
-2.9051698
-2.9042914
-2.9034131
-2.9025347
-2.9016564
-2.900778
-2.8998996
-2.8990213
-2.8981429
-2.8972645
-2.8963861
-2.8955077
-2.8946293
-2.8937509
-2.8928724
-2.891994
-2.8911156
-2.8902371
-2.8893587
-2.8884802
-2.8876018
-2.8867233
-2.8858449
-2.8849664
-2.8840879
-2.8832094
-2.8823309
-2.8814524
-2.8805739
-2.8796954
-2.8788169
-2.8779383
-2.8770598
-2.8761813
-2.8753027
-2.8744242
-2.8735456
-2.872667
-2.8717885
-2.8709099
-2.8700313
-2.8691527
-2.8682741
-2.8673955
-2.8665169
-2.8656383
-2.8647596
-2.863881
-2.8630024
-2.8621237
-2.8612451
-2.8603664
-2.8594877
-2.8586091
-2.8577304
-2.8568517
-2.855973
-2.8550943
-2.8542156
-2.8533369
-2.8524582
-2.8515794
-2.8507007
-2.849822
-2.8489432
-2.8480645
-2.8471857
-2.8463069
-2.8454282
-2.8445494
-2.8436706
-2.8427918
-2.841913
-2.8410342
-2.8401554
-2.8392765
-2.8383977
-2.8375189
-2.83664
-2.8357612
-2.8348823
-2.8340035
-2.8331246
-2.8322457
-2.8313668
-2.8304879
-2.829609
-2.8287301
-2.8278512
-2.8269723
-2.8260934
-2.8252145
-2.8243355
-2.8234566
-2.8225776
-2.8216987
-2.8208197
-2.8199407
-2.8190618
-2.8181828
-2.8173038
-2.8164248
-2.8155458
-2.8146668
-2.8137877
-2.8129087
-2.8120297
-2.8111507
-2.8102716
-2.8093926
-2.8085136
-2.8076346
-2.8067556
-2.8058766
-2.8049976
-2.8041186
-2.8032397
-2.8023608
-2.8014819
-2.800603
-2.7997242
-2.7988453
-2.7979664
-2.7970876
-2.7962087
-2.7953298
-2.7944508
-2.7935718
-2.7926927
-2.7918135
-2.7909343
-2.790055
-2.7891755
-2.788296
-2.7874163
-2.7865366
-2.7856567
-2.7847767
-2.7838966
-2.7830164
-2.7821362
-2.7812558
-2.7803754
-2.7794948
-2.7786143
-2.7777337
-2.776853
-2.7759723
-2.7750916
-2.7742108
-2.77333
-2.7724491
-2.7715683
-2.7706874
-2.7698066
-2.7689257
-2.7680447
-2.7671639
-2.7662829
-2.765402
-2.764521
-2.7636401
-2.7627592
-2.7618781
-2.7609973
-2.7601161
-2.7592353
-2.7583541
-2.7574732
-2.7565922
-2.7557109
-2.7548304
-2.7539486
-2.7530685
-2.7521864
-2.7513065
-2.7504241
-2.7495443
-2.748662
-2.7477821
-2.7468999
-2.7460197
-2.7451377
-2.7442573
-2.7433756
-2.7424949
-2.7416134
-2.7407325
-2.7398511
-2.7389701
-2.7380888
-2.7372076
-2.7363264
-2.7354452
-2.7345639
-2.7336827
-2.7328015
-2.7319202
-2.731039
-2.7301577
-2.7292764
-2.7283951
-2.7275138
-2.7266325
-2.7257512
-2.7248699
-2.7239886
-2.7231072
-2.7222259
-2.7213445
-2.7204632
-2.7195818
-2.7187004
-2.717819
-2.7169376
-2.7160562
-2.7151748
-2.7142934
-2.713412
-2.7125305
-2.7116491
-2.7107676
-2.7098862
-2.7090047
-2.7081232
-2.7072417
-2.7063603
-2.7054787
-2.7045972
-2.7037157
-2.7028342
-2.7019526
-2.7010711
-2.7001895
-2.699308
-2.6984264
-2.6975448
-2.6966632
-2.6957817
-2.6949
-2.6940185
-2.6931368
-2.6922552
-2.6913736
-2.690492
-2.6896103
-2.6887287
-2.687847
-2.6869654
-2.6860837
-2.6852021
-2.6843204
-2.6834388
-2.6825571
-2.6816754
-2.6807938
-2.6799121
-2.6790304
-2.6781488
-2.6772671
-2.6763854
-2.6755037
-2.674622
-2.6737403
-2.6728586
-2.6719768
-2.6710951
-2.6702133
-2.6693315
-2.6684496
-2.6675677
-2.6666858
-2.6658038
-2.6649218
-2.6640397
-2.6631576
-2.6622754
-2.6613931
-2.6605108
-2.6596284
-2.6587459
-2.6578633
-2.6569807
-2.656098
-2.6552153
-2.6543324
-2.6534495
-2.6525666
-2.6516835
-2.6508004
-2.6499173
-2.6490341
-2.6481508
-2.6472675
-2.6463842
-2.6455008
-2.6446174
-2.6437339
-2.6428504
-2.6419669
-2.6410833
-2.6401998
-2.6393162
-2.6384325
-2.6375489
-2.6366652
-2.6357816
-2.6348979
-2.6340142
-2.6331305
-2.6322467
-2.631363
-2.6304792
-2.6295955
-2.6287117
-2.6278279
-2.6269441
-2.6260603
-2.6251764
-2.6242926
-2.6234088
-2.6225249
-2.6216411
-2.6207572
-2.6198733
-2.6189894
-2.6181055
-2.6172216
-2.6163377
-2.6154538
-2.6145698
-2.6136859
-2.6128019
-2.6119179
-2.611034
-2.61015
-2.609266
-2.608382
-2.6074979
-2.6066139
-2.6057299
-2.6048458
-2.6039618
-2.6030777
-2.6021936
-2.6013095
-2.6004254
-2.5995413
-2.5986572
-2.5977731
-2.5968889
-2.5960048
-2.5951206
-2.5942365
-2.5933523
-2.5924681
-2.5915839
-2.5906997
-2.5898155
-2.5889313
-2.588047
-2.5871628
-2.5862785
-2.5853942
-2.58451
-2.5836257
-2.5827414
-2.5818571
-2.5809728
-2.5800884
-2.5792041
-2.5783198
-2.5774354
-2.576551
-2.5756667
-2.5747823
-2.5738979
-2.5730135
-2.5721291
-2.5712446
-2.5703602
-2.5694758
-2.5685913
-2.5677069
-2.5668224
-2.5659379
-2.5650534
-2.5641689
-2.5632844
-2.5623999
-2.5615154
-2.5606309
-2.5597463
-2.5588618
-2.5579773
-2.5570927
-2.5562081
-2.5553236
-2.554439
-2.5535544
-2.5526698
-2.5517853
-2.5509006
-2.550016
-2.5491314
-2.5482468
-2.5473622
-2.5464775
-2.5455929
-2.5447082
-2.5438235
-2.5429388
-2.5420541
-2.5411693
-2.5402846
-2.5393998
-2.5385149
-2.5376301
-2.5367452
-2.5358603
-2.5349753
-2.5340903
-2.5332052
-2.5323201
-2.531435
-2.5305498
-2.5296645
-2.5287792
-2.5278939
-2.5270084
-2.526123
-2.5252374
-2.5243518
-2.5234662
-2.5225804
-2.5216947
-2.5208088
-2.5199229
-2.519037
-2.518151
-2.5172649
-2.5163788
-2.5154926
-2.5146064
-2.5137202
-2.5128339
-2.5119475
-2.5110611
-2.5101747
-2.5092883
-2.5084018
-2.5075152
-2.5066287
-2.5057421
-2.5048555
-2.5039688
-2.5030822
-2.5021955
-2.5013088
-2.500422
-2.4995353
-2.4986485
-2.4977617
-2.4968749
-2.4959881
-2.4951012
-2.4942144
-2.4933275
-2.4924406
-2.4915537
-2.4906668
-2.4897799
-2.4888929
-2.488006
-2.487119
-2.486232
-2.485345
-2.484458
-2.483571
-2.4826839
-2.4817969
-2.4809098
-2.4800227
-2.4791357
-2.4782485
-2.4773614
-2.4764743
-2.4755872
-2.4747
-2.4738128
-2.4729257
-2.4720385
-2.4711513
-2.470264
-2.4693768
-2.4684896
-2.4676023
-2.466715
-2.4658277
-2.4649404
-2.4640531
-2.4631658
-2.4622784
-2.4613911
-2.4605037
-2.4596163
-2.4587289
-2.4578415
-2.4569541
-2.4560666
-2.4551792
-2.4542917
-2.4534042
-2.4525167
-2.4516291
-2.4507416
-2.449854
-2.4489665
-2.4480789
-2.4471913
-2.4463037
-2.445416
-2.4445284
-2.4436407
-2.442753
-2.4418653
-2.4409776
-2.4400898
-2.439202
-2.4383142
-2.4374264
-2.4365386
-2.4356508
-2.4347629
-2.433875
-2.4329871
-2.4320992
-2.4312112
-2.4303232
-2.4294352
-2.4285472
-2.4276592
-2.4267711
-2.425883
-2.4249949
-2.4241067
-2.4232185
-2.4223303
-2.4214421
-2.4205538
-2.4196655
-2.4187772
-2.4178888
-2.4170004
-2.416112
-2.4152235
-2.414335
-2.4134465
-2.4125579
-2.4116692
-2.4107805
-2.4098918
-2.409003
-2.4081141
-2.4072252
-2.4063362
-2.4054472
-2.4045581
-2.4036689
-2.4027796
-2.4018903
-2.4010009
-2.4001113
-2.3992217
-2.398332
-2.3974422
-2.3965523
-2.3956623
-2.3947722
-2.393882
-2.3929916
-2.3921011
-2.3912105
-2.3903197
-2.3894288
-2.3885378
-2.3876466
-2.3867553
-2.3858638
-2.3849722
-2.3840804
-2.3831884
-2.3822963
-2.381404
-2.3805115
-2.3796188
-2.378726
-2.3778329
-2.3769397
-2.3760463
-2.3751527
-2.3742589
-2.3733648
-2.3724706
-2.3715761
-2.3706814
-2.3697865
-2.3688914
-2.367996
-2.3671004
-2.3662046
-2.3653085
-2.3644121
-2.3635155
-2.3626186
-2.3617214
-2.360824
-2.3599263
-2.3590282
-2.3581299
-2.3572312
-2.3563323
-2.355433
-2.3545334
-2.3536334
-2.3527331
-2.3518324
-2.3509313
-2.3500298
-2.349128
-2.3482257
-2.3473231
-2.34642
-2.3455165
-2.3446125
-2.3437081
-2.3428031
-2.3418978
-2.3409919
-2.3400855
-2.3391785
-2.3382711
-2.3373631
-2.3364545
-2.3355453
-2.3346356
-2.3337252
-2.3328142
-2.3319026
-2.3309904
-2.3300774
-2.3291638
-2.3282495
-2.3273344
-2.3264186
-2.3255021
-2.3245848
-2.3236667
-2.3227477
-2.321828
-2.3209074
-2.319986
-2.3190637
-2.3181404
-2.3172163
-2.3162912
-2.3153651
-2.314438
-2.31351
-2.3125809
-2.3116508
-2.3107196
-2.3097872
-2.3088538
-2.3079193
-2.3069836
-2.3060466
-2.3051085
-2.3041692
-2.3032286
-2.3022867
-2.3013435
-2.300399
-2.2994531
-2.2985058
-2.2975571
-2.296607
-2.2956554
-2.2947024
-2.2937478
-2.2927917
-2.291834
-2.2908747
-2.2899138
-2.2889513
-2.287987
-2.2870211
-2.2860534
-2.285084
-2.2841128
-2.2831397
-2.2821648
-2.281188
-2.2802093
-2.2792287
-2.2782461
-2.2772615
-2.2762749
-2.2752862
-2.2742954
-2.2733025
-2.2723074
-2.2713102
-2.2703107
-2.2693091
-2.2683051
-2.2672988
-2.2662902
-2.2652792
-2.2642658
-2.26325
-2.2622317
-2.2612109
-2.2601876
-2.2591617
-2.2581332
-2.2571022
-2.2560684
-2.255032
-2.2539928
-2.2529509
-2.2519062
-2.2508587
-2.2498083
-2.2487551
-2.2476989
-2.2466398
-2.2455778
-2.2445127
-2.2434446
-2.2423735
-2.2412993
-2.2402219
-2.2391414
-2.2380577
-2.2369708
-2.2358807
-2.2347873
-2.2336907
-2.2325907
-2.2314874
-2.2303807
-2.2292706
-2.2281572
-2.2270403
-2.2259199
-2.224796
-2.2236686
-2.2225377
-2.2214033
-2.2202652
-2.2191236
-2.2179784
-2.2168295
-2.215677
-2.2145207
-2.2133608
-2.2121972
-2.2110299
-2.2098588
-2.208684
-2.2075053
-2.2063229
-2.2051367
-2.2039466
-2.2027527
-2.201555
-2.2003534
-2.1991479
-2.1979385
-2.1967252
-2.195508
-2.1942869
-2.1930619
-2.1918329
-2.1905999
-2.189363
-2.1881221
-2.1868773
-2.1856284
-2.1843756
-2.1831188
-2.1818579
-2.1805931
-2.1793242
-2.1780514
-2.1767745
-2.1754936
-2.1742086
-2.1729197
-2.1716267
-2.1703296
-2.1690286
-2.1677235
-2.1664144
-2.1651013
-2.1637842
-2.162463
-2.1611378
-2.1598086
-2.1584754
-2.1571382
-2.155797
-2.1544518
-2.1531026
-2.1517494
-2.1503923
-2.1490312
-2.1476662
-2.1462972
-2.1449242
-2.1435474
-2.1421666
-2.1407819
-2.1393934
-2.1380009
-2.1366046
-2.1352044
-2.1338004
-2.1323926
-2.1309809
-2.1295655
-2.1281462
-2.1267232
-2.1252965
-2.123866
-2.1224318
-2.1209939
-2.1195523
-2.118107
-2.1166581
-2.1152056
-2.1137494
-2.1122897
-2.1108264
-2.1093595
-2.1078891
-2.1064152
-2.1049378
-2.103457
-2.1019727
-2.100485
-2.0989938
-2.0974993
-2.0960015
-2.0945003
-2.0929958
-2.091488
-2.0899769
-2.0884626
-2.0869451
-2.0854243
-2.0839005
-2.0823734
-2.0808433
-2.07931
-2.0777737
-2.0762343
-2.0746919
-2.0731465
-2.0715981
-2.0700468
-2.0684926
-2.0669354
-2.0653754
-2.0638125
-2.0622468
-2.0606784
-2.0591071
-2.0575331
-2.0559564
-2.0543769
-2.0527948
-2.0512101
-2.0496227
-2.0480328
-2.0464403
-2.0448452
-2.0432476
-2.0416476
-2.0400451
-2.0384401
-2.0368327
-2.0352229
-2.0336108
-2.0319964
-2.0303796
-2.0287605
-2.0271392
-2.0255157
-2.0238899
-2.022262
-2.0206319
-2.0189997
-2.0173654
-2.0157291
-2.0140906
-2.0124502
-2.0108077
-2.0091633
-2.007517
-2.0058687
-2.0042185
-2.0025665
-2.0009126
-1.9992569
-1.9975994
-1.9959401
-1.9942791
-1.9926164
-1.990952
-1.9892859
-1.9876182
-1.9859488
-1.9842779
-1.9826053
-1.9809313
-1.9792557
-1.9775786
-1.9759
-1.97422
-1.9725386
-1.9708557
-1.9691715
-1.9674859
-1.9657989
-1.9641106
-1.9624211
-1.9607302
-1.9590381
-1.9573448
-1.9556502
-1.9539545
-1.9522576
-1.9505595
-1.9488603
-1.94716
-1.9454586
-1.9437561
-1.9420526
-1.940348
-1.9386424
-1.9369358
-1.9352282
-1.9335196
-1.9318101
-1.9300997
-1.9283884
-1.9266761
-1.924963
-1.923249
-1.9215342
-1.9198186
-1.9181021
-1.9163848
-1.9146667
-1.9129479
-1.9112283
-1.909508
-1.907787
-1.9060652
-1.9043428
-1.9026196
-1.9008958
-1.8991714
-1.8974462
-1.8957205
-1.8939942
-1.8922672
-1.8905397
-1.8888115
-1.8870829
-1.8853536
-1.8836238
-1.8818935
-1.8801627
-1.8784313
-1.8766995
-1.8749671
-1.8732343
-1.871501
-1.8697673
-1.8680331
-1.8662985
-1.8645635
-1.862828
-1.8610921
-1.8593559
-1.8576192
-1.8558822
-1.8541448
-1.852407
-1.8506689
-1.8489304
-1.8471916
-1.8454525
-1.843713
-1.8419732
-1.8402332
-1.8384928
-1.8367521
-1.8350111
-1.8332699
-1.8315284
-1.8297866
-1.8280446
-1.8263023
-1.8245598
-1.822817
-1.821074
-1.8193308
-1.8175873
-1.8158436
-1.8140998
-1.8123557
-1.8106114
-1.8088669
-1.8071222
-1.8053773
-1.8036323
-1.8018871
-1.8001416
-1.7983961
-1.7966503
-1.7949044
-1.7931584
-1.7914121
-1.7896658
-1.7879192
-1.7861726
-1.7844258
-1.7826788
-1.7809318
-1.7791845
-1.7774372
-1.7756897
-1.7739421
-1.7721944
-1.7704466
-1.7686986
-1.7669506
-1.7652024
-1.7634541
-1.7617057
-1.7599572
-1.7582085
-1.7564598
-1.754711
-1.7529621
-1.7512131
-1.7494639
-1.7477147
-1.7459654
-1.744216
-1.7424666
-1.740717
-1.7389674
-1.7372176
-1.7354678
-1.7337179
-1.731968
-1.7302179
-1.7284678
-1.7267176
-1.7249674
-1.7232171
-1.7214667
-1.7197163
-1.7179658
-1.7162152
-1.7144646
-1.7127139
-1.7109632
-1.7092125
-1.7074617
-1.7057109
-1.70396
-1.7022091
-1.7004582
-1.6987072
-1.6969562
-1.6952052
-1.6934542
-1.6917031
-1.6899521
-1.688201
-1.68645
-1.6846989
-1.6829478
-1.6811968
-1.6794457
-1.6776947
-1.6759436
-1.6741926
-1.6724416
-1.6706907
-1.6689397
-1.6671888
-1.665438
-1.6636871
-1.6619364
-1.6601856
-1.6584349
-1.6566843
-1.6549338
-1.6531833
-1.6514328
-1.6496825
-1.6479322
-1.646182
-1.6444319
-1.6426818
-1.6409319
-1.639182
-1.6374323
-1.6356826
-1.6339331
-1.6321837
-1.6304344
-1.6286852
-1.6269361
-1.6251872
-1.6234384
-1.6216897
-1.6199412
-1.6181928
-1.6164445
-1.6146965
-1.6129485
-1.6112008
-1.6094532
-1.6077058
-1.6059585
-1.6042115
-1.6024646
-1.6007179
-1.5989714
-1.5972251
-1.595479
-1.5937331
-1.5919874
-1.590242
-1.5884967
-1.5867517
-1.5850069
-1.5832623
-1.581518
-1.5797739
-1.5780301
-1.5762865
-1.5745432
-1.5728001
-1.5710573
-1.5693148
-1.5675725
-1.5658305
-1.5640888
-1.5623474
-1.5606063
-1.5588655
-1.5571249
-1.5553847
-1.5536448
-1.5519051
-1.5501658
-1.5484269
-1.5466882
-1.5449499
-1.5432119
-1.5414742
-1.5397369
-1.5379999
-1.5362632
-1.534527
-1.532791
-1.5310554
-1.5293202
-1.5275854
-1.5258509
-1.5241168
-1.522383
-1.5206497
-1.5189167
-1.5171841
-1.5154519
-1.5137201
-1.5119887
-1.5102577
-1.5085271
-1.5067969
-1.5050671
-1.5033377
-1.5016087
-1.4998801
-1.498152
-1.4964243
-1.494697
-1.4929701
-1.4912437
-1.4895176
-1.4877921
-1.4860669
-1.4843422
-1.4826179
-1.4808941
-1.4791707
-1.4774478
-1.4757253
-1.4740032
-1.4722816
-1.4705604
-1.4688397
-1.4671195
-1.4653997
-1.4636803
-1.4619614
-1.460243
-1.458525
-1.4568074
-1.4550903
-1.4533737
-1.4516575
-1.4499418
-1.4482266
-1.4465118
-1.4447974
-1.4430835
-1.44137
-1.439657
-1.4379445
-1.4362324
-1.4345207
-1.4328095
-1.4310987
-1.4293884
-1.4276785
-1.4259691
-1.4242601
-1.4225515
-1.4208434
-1.4191357
-1.4174284
-1.4157215
-1.4140151
-1.4123091
-1.4106035
-1.4088984
-1.4071936
-1.4054893
-1.4037853
-1.4020818
-1.4003787
-1.398676
-1.3969736
-1.3952717
-1.3935701
-1.391869
-1.3901682
-1.3884678
-1.3867678
-1.3850681
-1.3833688
-1.3816699
-1.3799714
-1.3782732
-1.3765753
-1.3748778
-1.3731807
-1.3714839
-1.3697874
-1.3680913
-1.3663955
-1.3647
-1.3630048
-1.36131
-1.3596155
-1.3579213
-1.3562274
-1.3545338
-1.3528405
-1.3511475
-1.3494548
-1.3477624
-1.3460703
-1.3443784
-1.3426868
-1.3409955
-1.3393045
-1.3376137
-1.3359232
-1.3342329
-1.3325429
-1.3308532
-1.3291636
-1.3274743
-1.3257853
-1.3240965
-1.3224079
-1.3207195
-1.3190313
-1.3173434
-1.3156556
-1.3139681
-1.3122807
-1.3105936
-1.3089066
-1.3072199
-1.3055333
-1.3038469
-1.3021606
-1.3004746
-1.2987887
-1.2971029
-1.2954173
-1.2937319
-1.2920466
-1.2903615
-1.2886765
-1.2869916
-1.2853069
-1.2836223
-1.2819378
-1.2802534
-1.2785691
-1.276885
-1.2752009
-1.273517
-1.2718331
-1.2701494
-1.2684657
-1.2667821
-1.2650986
-1.2634152
-1.2617318
-1.2600485
-1.2583653
-1.2566821
-1.2549989
-1.2533159
-1.2516328
-1.2499498
-1.2482669
-1.2465839
-1.244901
-1.2432182
-1.2415353
-1.2398525
-1.2381696
-1.2364868
-1.234804
-1.2331212
-1.2314383
-1.2297555
-1.2280726
-1.2263898
-1.2247069
-1.2230239
-1.221341
-1.219658
-1.2179749
-1.2162919
-1.2146087
-1.2129255
-1.2112423
-1.209559
-1.2078756
-1.2061922
-1.2045087
-1.202825
-1.2011414
-1.1994576
-1.1977737
-1.1960897
-1.1944056
-1.1927214
-1.1910371
-1.1893526
-1.1876681
-1.1859834
-1.1842985
-1.1826135
-1.1809284
-1.1792431
-1.1775576
-1.175872
-1.1741862
-1.1725002
-1.170814
-1.1691276
-1.167441
-1.1657542
-1.1640672
-1.16238
-1.1606926
-1.1590049
-1.157317
-1.1556288
-1.1539404
-1.1522517
-1.1505627
-1.1488735
-1.147184
-1.1454941
-1.143804
-1.1421136
-1.1404229
-1.1387318
-1.1370404
-1.1353487
-1.1336566
-1.1319642
-1.1302714
-1.1285782
-1.1268847
-1.1251908
-1.1234965
-1.1218017
-1.1201066
-1.1184111
-1.1167151
-1.1150187
-1.1133219
-1.1116246
-1.1099269
-1.1082287
-1.10653
-1.1048309
-1.1031312
-1.1014311
-1.0997305
-1.0980294
-1.0963277
-1.0946256
-1.0929229
-1.0912197
-1.0895159
-1.0878116
-1.0861067
-1.0844013
-1.0826953
-1.0809887
-1.0792815
-1.0775738
-1.0758654
-1.0741565
-1.0724469
-1.0707367
-1.069026
-1.0673145
-1.0656025
-1.0638898
-1.0621765
-1.0604625
-1.0587479
-1.0570326
-1.0553167
-1.0536001
-1.0518828
-1.0501648
-1.0484462
-1.0467269
-1.0450069
-1.0432862
-1.0415648
-1.0398426
-1.0381198
-1.0363963
-1.0346721
-1.0329471
-1.0312214
-1.029495
-1.0277679
-1.02604
-1.0243115
-1.0225821
-1.0208521
-1.0191212
-1.0173897
-1.0156574
-1.0139243
-1.0121905
-1.010456
-1.0087207
-1.0069846
-1.0052478
-1.0035102
-1.0017719
-1.0000328
-0.99829293
-0.99655231
-0.99481092
-0.99306877
-0.99132585
-0.98958216
-0.98783772
-0.9860925
-0.98434651
-0.98259976
-0.98085225
-0.97910396
-0.97735491
-0.9756051
-0.97385452
-0.97210318
-0.97035108
-0.96859822
-0.9668446
-0.96509022
-0.96333508
-0.9615792
-0.95982256
-0.95806517
-0.95630703
-0.95454815
-0.95278852
-0.95102815
-0.94926704
-0.9475052
-0.94574263
-0.94397933
-0.9422153
-0.94045056
-0.93868509
-0.93691892
-0.93515203
-0.93338443
-0.93161614
-0.92984714
-0.92807745
-0.92630708
-0.92453602
-0.92276429
-0.92099188
-0.91921879
-0.91744505
-0.91567064
-0.91389557
-0.91211986
-0.91034349
-0.90856649
-0.90678886
-0.9050106
-0.90323172
-0.90145223
-0.89967212
-0.89789142
-0.89611012
-0.89432823
-0.89254575
-0.8907627
-0.88897907
-0.88719488
-0.88541014
-0.88362483
-0.88183899
-0.8800526
-0.87826567
-0.87647822
-0.87469025
-0.87290177
-0.87111278
-0.86932329
-0.86753331
-0.86574283
-0.86395188
-0.86216046
-0.86036856
-0.85857621
-0.8567834
-0.85499014
-0.85319644
-0.85140231
-0.84960775
-0.84781277
-0.84601738
-0.84422157
-0.84242536
-0.84062876
-0.83883176
-0.83703438
-0.83523663
-0.8334385
-0.83164001
-0.82984116
-0.82804196
-0.82624241
-0.82444252
-0.8226423
-0.82084174
-0.81904086
-0.81723967
-0.81543815
-0.81363633
-0.81183421
-0.81003179
-0.80822907
-0.80642607
-0.8046228
-0.80281924
-0.80101542
-0.79921134
-0.797407
-0.7956024
-0.79379756
-0.79199247
-0.79018714
-0.78838158
-0.78657578
-0.78476976
-0.78296352
-0.78115706
-0.77935039
-0.77754351
-0.77573643
-0.77392915
-0.77212168
-0.77031401
-0.76850616
-0.76669813
-0.76488992
-0.76308154
-0.76127298
-0.75946426
-0.75765538
-0.75584633
-0.75403713
-0.75222777
-0.75041827
-0.74860861
-0.74679882
-0.74498888
-0.7431788
-0.7413686
-0.73955826
-0.7377478
-0.73593721
-0.73412649
-0.73231566
-0.73050471
-0.72869364
-0.72688246
-0.72507117
-0.72325977
-0.72144827
-0.71963666
-0.71782494
-0.71601313
-0.71420123
-0.71238922
-0.71057713
-0.70876494
-0.70695266
-0.70514029
-0.70332783
-0.70151529
-0.69970265
-0.69788994
-0.69607714
-0.69426427
-0.69245131
-0.69063828
-0.68882518
-0.687012
-0.68519875
-0.68338542
-0.68157202
-0.67975855
-0.67794501
-0.67613139
-0.67431771
-0.67250397
-0.67069015
-0.66887627
-0.66706233
-0.66524832
-0.66343425
-0.66162012
-0.65980592
-0.65799167
-0.65617735
-0.65436298
-0.65254855
-0.65073406
-0.64891951
-0.64710491
-0.64529025
-0.64347553
-0.64166076
-0.63984594
-0.63803105
-0.63621612
-0.63440112
-0.63258608
-0.63077098
-0.62895584
-0.62714064
-0.62532538
-0.62351008
-0.62169473
-0.61987932
-0.61806387
-0.61624836
-0.61443281
-0.61261721
-0.61080155
-0.60898585
-0.6071701
-0.6053543
-0.60353845
-0.60172255
-0.5999066
-0.59809061
-0.59627457
-0.59445848
-0.59264235
-0.59082616
-0.58900993
-0.58719365
-0.58537732
-0.58356095
-0.58174453
-0.57992805
-0.57811154
-0.57629497
-0.57447836
-0.5726617
-0.57084499
-0.56902824
-0.56721143
-0.56539458
-0.56357769
-0.56176075
-0.55994376
-0.55812672
-0.55630963
-0.5544925
-0.55267532
-0.55085809
-0.54904081
-0.54722349
-0.54540612
-0.5435887
-0.54177124
-0.53995372
-0.53813616
-0.53631856
-0.5345009
-0.5326832
-0.53086546
-0.52904766
-0.52722982
-0.52541194
-0.523594
-0.52177602
-0.519958
-0.51813993
-0.51632182
-0.51450366
-0.51268545
-0.5108672
-0.50904891
-0.50723057
-0.50541218
-0.50359376
-0.50177529
-0.49995677
-0.49813821
-0.49631961
-0.49450097
-0.49268228
-0.49086355
-0.48904477
-0.48722596
-0.4854071
-0.4835882
-0.48176926
-0.47995028
-0.47813126
-0.47631219
-0.47449309
-0.47267394
-0.47085476
-0.46903553
-0.46721626
-0.46539695
-0.46357759
-0.4617582
-0.45993876
-0.45811929
-0.45629977
-0.45448021
-0.4526606
-0.45084096
-0.44902127
-0.44720155
-0.44538177
-0.44356196
-0.4417421
-0.43992221
-0.43810226
-0.43628228
-0.43446225
-0.43264218
-0.43082206
-0.4290019
-0.4271817
-0.42536145
-0.42354115
-0.42172081
-0.41990043
-0.41807999
-0.41625951
-0.41443899
-0.41261841
-0.41079779
-0.40897712
-0.40715641
-0.40533564
-0.40351482
-0.40169396
-0.39987305
-0.39805208
-0.39623107
-0.39441
-0.39258888
-0.39076771
-0.38894649
-0.38712522
-0.38530389
-0.38348251
-0.38166108
-0.37983959
-0.37801804
-0.37619644
-0.37437479
-0.37255308
-0.37073132
-0.3689095
-0.36708763
-0.36526571
-0.36344372
-0.36162169
-0.3597996
-0.35797745
-0.35615524
-0.35433298
-0.35251067
-0.35068829
-0.34886586
-0.34704338
-0.34522083
-0.34339824
-0.34157558
-0.33975287
-0.3379301
-0.33610728
-0.3342844
-0.33246146
-0.33063847
-0.32881542
-0.32699232
-0.32516916
-0.32334594
-0.32152266
-0.31969933
-0.31787594
-0.3160525
-0.314229
-0.31240544
-0.31058182
-0.30875815
-0.30693441
-0.30511063
-0.30328678
-0.30146288
-0.29963892
-0.29781491
-0.29599084
-0.29416672
-0.29234253
-0.2905183
-0.288694
-0.28686965
-0.28504525
-0.28322078
-0.28139626
-0.27957168
-0.27774705
-0.27592236
-0.27409761
-0.2722728
-0.27044793
-0.268623
-0.26679802
-0.26497297
-0.26314787
-0.2613227
-0.25949748
-0.2576722
-0.25584686
-0.25402146
-0.25219601
-0.25037049
-0.24854492
-0.24671929
-0.24489361
-0.24306786
-0.24124206
-0.2394162
-0.23759028
-0.2357643
-0.23393826
-0.23211216
-0.230286
-0.22845978
-0.2266335
-0.22480716
-0.22298077
-0.22115431
-0.21932779
-0.21750122
-0.21567459
-0.2138479
-0.21202116
-0.21019436
-0.2083675
-0.20654059
-0.20471362
-0.2028866
-0.20105952
-0.19923238
-0.19740518
-0.19557793
-0.19375061
-0.19192324
-0.19009581
-0.18826831
-0.18644076
-0.18461314
-0.18278547
-0.18095773
-0.17912994
-0.17730209
-0.17547418
-0.17364621
-0.17181819
-0.16999011
-0.16816198
-0.16633379
-0.16450555
-0.16267725
-0.1608489
-0.15902049
-0.15719203
-0.15536351
-0.15353493
-0.1517063
-0.1498776
-0.14804884
-0.14622002
-0.14439114
-0.1425622
-0.1407332
-0.13890414
-0.13707502
-0.13524584
-0.1334166
-0.13158731
-0.12975796
-0.12792856
-0.12609911
-0.1242696
-0.12244005
-0.12061044
-0.11878078
-0.11695107
-0.1151213
-0.11329148
-0.1114616
-0.10963167
-0.10780167
-0.10597162
-0.1041415
-0.10231133
-0.1004811
-0.098650812
-0.096820464
-0.094990059
-0.093159598
-0.091329082
-0.089498512
-0.08766789
-0.085837217
-0.084006497
-0.082175729
-0.080344917
-0.07851406
-0.076683158
-0.07485221
-0.073021214
-0.071190169
-0.069359071
-0.067527919
-0.065696714
-0.063865453
-0.062034139
-0.060202772
-0.058371352
-0.05653988
-0.054708355
-0.052876777
-0.051045143
-0.049213454
-0.047381706
-0.045549902
-0.043718044
-0.04188614
-0.040054199
-0.038222234
-0.036390258
-0.034558274
-0.032726278
-0.030894254
-0.02906218
-0.02723004
-0.025397826
-0.023565542
-0.0217332
-0.019900808
-0.018068371
-0.016235889
-0.014403362
-0.012570789
-0.010738171
-0.0089055066
-0.0070727967
-0.0052400404
-0.0034072371
-0.0015743858
0.00025851577
0.0020914299
0.0039243927
0.0057574034
0.0075904614
0.0094235664
0.011256718
0.013089917
0.014923162
0.016756454
0.018589793
0.020423183
0.022256633
0.024090155
0.025923753
0.027757419
0.029591137
0.031424886
0.033258649
0.035092423
0.036926211
0.038760026
0.04059388
0.042427783
0.044261742
0.046095761
0.04792984
0.049763978
0.051598174
0.053432427
0.055266737
0.057101102
0.058935525
0.060770004
0.062604539
0.06443913
0.066273774
0.068108469
0.069943213
0.071778005
0.073612842
0.075447724
0.077282652
0.079117627
0.080952651
0.082787724
0.08462285
0.086458029
0.088293263
0.090128553
0.0919639
0.093799304
0.095634767
0.097470286
0.099305863
0.1011415
0.10297718
0.10481293
0.10664872
0.10848456
0.11032046
0.1121564
0.11399239
0.11582842
0.1176645
0.11950063
0.12133681
0.12317304
0.12500932
0.12684565
0.12868203
0.13051847
0.13235496
0.13419151
0.1360281
0.13786476
0.13970146
0.14153821
0.14337502
0.14521187
0.14704877
0.14888572
0.15072271
0.15255975
0.15439683
0.15623396
0.15807112
0.15990834
0.1617456
0.1635829
0.16542025
0.16725765
0.16909509
0.17093258
0.17277012
0.1746077
0.17644533
0.178283
0.18012071
0.18195847
0.18379627
0.18563411
0.18747199
0.1893099
0.19114785
0.19298584
0.19482387
0.19666193
0.19850002
0.20033815
0.20217631
0.20401451
0.20585274
0.207691
0.20952929
0.21136762
0.21320598
0.21504437
0.21688279
0.21872124
0.22055971
0.22239821
0.22423674
0.22607529
0.22791386
0.22975246
0.23159108
0.23342971
0.23526837
0.23710704
0.23894573
0.24078444
0.24262316
0.24446189
0.24630064
0.2481394
0.24997817
0.25181696
0.25365575
0.25549454
0.25733335
0.25917215
0.26101097
0.26284978
0.26468859
0.26652741
0.26836622
0.27020503
0.27204383
0.27388264
0.27572143
0.27756022
0.27939901
0.28123778
0.28307655
0.2849153
0.28675405
0.28859278
0.2904315
0.29227021
0.2941089
0.29594758
0.29778625
0.29962489
0.30146352
0.30330213
0.30514073
0.3069793
0.30881785
0.31065638
0.31249489
0.31433338
0.31617185
0.3180103
0.31984872
0.32168712
0.3235255
0.32536385
0.32720218
0.32904049
0.33087877
0.33271703
0.33455527
0.33639348
0.33823166
0.34006983
0.34190797
0.34374609
0.34558418
0.34742226
0.34926031
0.35109833
0.35293634
0.35477433
0.35661229
0.35845023
0.36028816
0.36212607
0.36396395
0.36580183
0.36763968
0.36947752
0.37131534
0.37315314
0.37499094
0.37682872
0.37866648
0.38050424
0.38234198
0.38417972
0.38601745
0.38785517
0.38969288
0.39153059
0.3933683
0.39520601
0.39704371
0.39888142
0.40071912
0.40255683
0.40439454
0.40623226
0.40806998
0.40990771
0.41174545
0.4135832
0.41542096
0.41725874
0.41909653
0.42093433
0.42277215
0.42460999
0.42644785
0.42828573
0.43012364
0.43196156
0.43379951
0.43563748
0.43747548
0.43931351
0.44115156
0.44298964
0.44482775
0.44666589
0.44850407
0.45034227
0.45218051
0.45401878
0.45585709
0.45769543
0.45953381
0.46137223
0.46321068
0.46504917
0.4668877
0.46872627
0.47056487
0.47240352
0.4742422
0.47608092
0.47791969
0.47975849
0.48159734
0.48343623
0.48527516
0.48711413
0.48895314
0.4907922
0.49263129
0.49447043
0.4963096
0.49814882
0.49998807
0.50182737
0.5036667
0.50550608
0.50734549
0.50918495
0.51102444
0.51286397
0.51470354
0.51654315
0.51838279
0.52022246
0.52206218
0.52390192
0.52574171
0.52758152
0.52942137
0.53126124
0.53310116
0.5349411
0.53678107
0.53862107
0.5404611
0.54230115
0.54414123
0.54598134
0.54782147
0.54966162
0.55150179
0.55334199
0.5551822
0.55702243
0.55886269
0.56070295
0.56254323
0.56438353
0.56622384
0.56806416
0.56990449
0.57174483
0.57358518
0.57542554
0.5772659
0.57910626
0.58094663
0.58278701
0.58462738
0.58646775
0.58830812
0.59014849
0.59198886
0.59382922
0.59566957
0.59750991
0.59935025
0.60119058
0.60303089
0.60487119
0.60671148
0.60855175
0.61039201
0.61223225
0.61407247
0.61591268
0.61775286
0.61959302
0.62143316
0.62327328
0.62511338
0.62695345
0.6287935
0.63063352
0.63247351
0.63431347
0.63615341
0.63799331
0.63983319
0.64167303
0.64351284
0.64535262
0.64719236
0.64903207
0.65087174
0.65271137
0.65455097
0.65639053
0.65823006
0.66006955
0.66190899
0.66374841
0.66558778
0.66742711
0.6692664
0.67110565
0.67294486
0.67478404
0.67662317
0.67846226
0.6803013
0.68214031
0.68397927
0.6858182
0.68765708
0.68949592
0.69133471
0.69317347
0.69501218
0.69685085
0.69868947
0.70052806
0.70236661
0.70420512
0.70604358
0.70788201
0.70972039
0.71155874
0.71339704
0.71523531
0.71707354
0.71891173
0.72074989
0.72258801
0.7244261
0.72626415
0.72810216
0.72994014
0.7317781
0.73361602
0.73545391
0.73729177
0.73912961
0.74096742
0.7428052
0.74464295
0.74648068
0.74831839
0.75015607
0.75199373
0.75383136
0.75566898
0.75750657
0.75934415
0.7611817
0.76301924
0.76485676
0.76669427
0.76853177
0.77036925
0.77220672
0.77404419
0.77588164
0.77771908
0.77955652
0.78139395
0.78323138
0.7850688
0.78690621
0.78874363
0.79058104
0.79241845
0.79425586
0.79609328
0.7979307
0.79976812
0.80160556
0.80344299
0.80528044
0.80711789
0.80895535
0.81079283
0.81263031
0.8144678
0.8163053
0.81814282
0.81998034
0.82181788
0.82365542
0.82549298
0.82733055
0.82916814
0.83100574
0.83284335
0.83468099
0.83651862
0.83835629
0.84019396
0.84203164
0.84386936
0.84570707
0.84754482
0.84938257
0.85122033
0.85305813
0.85489592
0.85673374
0.85857158
0.86040942
0.86224729
0.86408516
0.86592306
0.86776098
0.86959889
0.87143684
0.8732748
0.87511276
0.87695076
0.87878876
0.88062676
0.8824648
0.88430283
0.88614087
0.88797894
0.88981701
0.89165509
0.89349319
0.89533128
0.89716939
0.89900751
0.90084563
0.90268376
0.9045219
0.90636003
0.90819818
0.91003633
0.91187447
0.9137126
0.91555075
0.91738888
0.919227
0.92106513
0.92290325
0.92474135
0.92657945
0.92841756
0.93025564
0.93209371
0.93393178
0.93576983
0.93760786
0.93944589
0.9412839
0.94312188
0.94495984
0.94679779
0.94863572
0.95047361
0.95231149
0.95414935
0.95598717
0.95782497
0.95966274
0.96150049
0.96333819
0.96517587
0.96701353
0.96885114
0.97068871
0.97252625
0.97436376
0.97620123
0.97803866
0.97987605
0.98171341
0.98355072
0.98538798
0.98722521
0.9890624
0.99089953
0.99273662
0.99457367
0.99641068
0.99824764
1.0000845
1.0019214
1.0037582
1.005595
1.0074317
1.0092684
1.011105
1.0129416
1.0147781
1.0166146
1.018451
1.0202874
1.0221237
1.0239599
1.0257961
1.0276323
1.0294684
1.0313044
1.0331404
1.0349763
1.0368122
1.038648
1.0404838
1.0423195
1.0441552
1.0459908
1.0478264
1.0496619
1.0514974
1.0533328
1.0551682
1.0570036
1.0588389
1.0606741
1.0625093
1.0643445
1.0661796
1.0680147
1.0698497
1.0716847
1.0735197
1.0753546
1.0771895
1.0790244
1.0808592
1.082694
1.0845288
1.0863636
1.0881983
1.090033
1.0918677
1.0937024
1.0955371
1.0973718
1.0992064
1.101041
1.1028757
1.1047103
1.106545
1.1083797
1.1102144
1.1120491
1.1138837
1.1157183
1.1175529
1.1193876
1.1212224
1.1230571
1.1248918
1.1267265
1.1285613
1.1303961
1.1322311
1.134066
1.1359008
1.1377354
1.13957
1.1414046
1.1432394
1.1450743
1.1469094
1.1487445
1.1505795
1.1524143
1.154249
1.1560835
1.1579179
1.1597523
1.1615867
1.163421
1.1652553
1.1670895
1.1689239
1.1707584
1.1725931
1.1744278
1.1762623
1.1780965
1.1799303
1.1817636
1.1835968
1.1854301
1.1872638
1.1890981
1.190933
1.1927683
1.1946037
1.1964386
1.1982729
1.2001063
1.2019391
1.2037717
1.2056044
1.207438
1.2092726
1.2111085
1.2129453
1.2147825
1.2166194
1.2184553
1.22029
1.2221233
1.2239558
1.2257883
1.2276216
1.2294564
1.2312928
1.2331303
1.2349677
1.236804
1.2386383
1.24047
1.242298
1.2441212
1.2459385
1.2477453
1.2495206
1.2511929
1.2525548
1.2530263
1.2518091
1.2502469
1.2484632
1.2465259
1.2445054
1.2424665
1.2404679
1.2385611
1.2367907
1.2351935
1.2337984
1.2326262
1.23169
1.2309959
1.230544
1.2303288
1.2303406
1.2305662
1.2309901
1.2315954
1.2323648
1.2332807
1.2343262
1.2354854
1.2367433
1.238086
1.2395013
1.2409778
1.2425057
1.2440761
1.2456816
1.2473158
1.2489733
1.2506495
1.2523407
1.2540439
1.2557567
1.2574769
1.2592029
1.2609333
1.2626669
1.2644027
1.2661398
1.2678775
1.2696155
1.2713548
1.273098
1.2748417
1.2765851
1.2783282
1.2800711
1.2818138
1.2835563
1.2852986
1.2870406
1.2887825
1.2905243
1.2922658
1.2940072
1.2957485
1.2974897
1.2992307
1.3009717
1.3027127
1.3044535
1.3061943
1.3079351
1.3096758
1.3114165
1.3131571
1.3148977
1.3166384
1.318379
1.3201196
1.3218602
1.3236008
1.3253413
1.3270819
1.3288224
1.3305629
1.3323034
1.3340438
1.3357842
1.3375244
1.3392647
1.3410048
1.3427449
1.3444849
1.3462248
1.3479646
1.3497043
1.3514438
1.3531833
1.3549227
1.356662
1.3584011
1.3601402
1.3618791
1.363618
1.3653567
1.3670953
1.3688339
1.3705723
1.3723107
1.374049
1.3757871
1.3775252
1.3792633
1.3810012
1.3827391
1.3844769
1.3862147
1.3879523
1.38969
1.3914275
1.393165
1.3949025
1.3966399
1.3983773
1.4001146
1.4018518
1.403589
1.4053262
1.4070633
1.4088004
1.4105374
1.4122744
1.4140114
1.4157483
1.4174852
1.4192221
1.4209589
1.4226958
1.4244325
1.4261693
1.427906
1.4296427
1.4313793
1.433116
1.4348526
1.4365892
1.4383257
1.4400623
1.4417988
1.4435353
1.4452717
1.4470082
1.4487446
1.450481
1.4522173
1.4539537
1.45569
1.4574263
1.4591626
1.4608988
1.462635
1.4643713
1.4661074
1.4678436
1.4695798
1.4713159
1.473052
1.4747881
1.4765242
1.4782602
1.4799963
1.4817323
1.4834683
1.4852042
1.4869402
1.4886761
1.490412
1.4921478
1.4938837
1.4956195
1.4973553
1.499091
1.5008268
1.5025625
1.5042982
1.5060338
1.5077695
1.5095051
1.5112407
1.5129762
1.5147117
1.5164472
1.5181827
1.5199181
1.5216535
1.5233889
1.5251242
1.5268595
1.5285948
1.53033
1.5320652
1.5338004
1.5355355
1.5372706
1.5390057
1.5407407
1.5424757
1.5442107
1.5459456
1.5476805
1.5494153
1.5511502
1.5528849
1.5546197
1.5563544
1.558089
1.5598236
1.5615582
1.5632928
1.5650273
1.5667617
1.5684961
1.5702305
1.5719648
1.5736991
1.5754333
1.5771675
1.5789017
1.5806358
1.5823698
1.5841039
1.5858378
1.5875718
1.5893056
1.5910395
1.5927732
1.594507
1.5962407
1.5979743
1.5997079
1.6014414
1.6031749
1.6049084
1.6066418
1.6083751
1.6101084
1.6118416
1.6135748
1.6153079
1.617041
1.618774
1.620507
1.6222399
1.6239727
1.6257055
1.6274383
1.629171
1.6309036
1.6326361
1.6343687
1.6361011
1.6378335
1.6395658
1.6412981
1.6430303
1.6447625
1.6464946
1.6482266
1.6499586
1.6516905
1.6534224
1.6551542
1.6568859
1.6586176
1.6603492
1.6620808
1.6638123
1.6655437
1.6672751
1.6690064
1.6707376
1.6724688
1.6742
1.675931
1.677662
1.6793929
1.6811238
1.6828546
1.6845854
1.6863161
1.6880467
1.6897772
1.6915077
1.6932382
1.6949685
1.6966989
1.6984291
1.7001593
1.7018894
1.7036195
1.7053495
1.7070794
1.7088093
1.7105391
1.7122689
1.7139986
1.7157282
1.7174578
1.7191873
1.7209167
1.7226461
1.7243754
1.7261047
1.7278339
1.729563
1.7312921
1.7330211
1.73475
1.7364789
1.7382078
1.7399365
1.7416652
1.7433939
1.7451224
1.746851
1.7485794
1.7503078
1.7520361
1.7537644
1.7554926
1.7572207
1.7589488
1.7606768
1.7624048
1.7641327
1.7658605
1.7675882
1.7693159
1.7710436
1.7727711
1.7744986
1.776226
1.7779534
1.7796807
1.7814079
1.7831351
1.7848622
1.7865892
1.7883161
1.790043
1.7917698
1.7934966
1.7952232
1.7969498
1.7986764
1.8004028
1.8021292
1.8038555
1.8055818
1.8073079
1.809034
1.81076
1.812486
1.8142119
1.8159377
1.8176634
1.819389
1.8211146
1.8228401
1.8245655
1.8262909
1.8280161
1.8297413
1.8314664
1.8331915
1.8349164
1.8366413
1.8383661
1.8400909
1.8418155
1.8435401
1.8452646
1.846989
1.8487134
1.8504377
1.8521619
1.853886
1.85561
1.857334
1.8590579
1.8607817
1.8625055
1.8642292
1.8659528
1.8676763
1.8693997
1.8711231
1.8728464
1.8745696
1.8762928
1.8780158
1.8797388
1.8814617
1.8831846
1.8849073
1.88663
1.8883526
1.8900752
1.8917976
1.89352
1.8952423
1.8969646
1.8986867
1.9004088
1.9021308
1.9038528
1.9055746
1.9072964
1.9090181
1.9107397
1.9124613
1.9141827
1.9159041
1.9176254
1.9193467
1.9210678
1.9227889
1.9245099
1.9262308
1.9279516
1.9296724
1.9313931
1.9331136
1.9348342
1.9365546
1.9382749
1.9399952
1.9417154
1.9434355
1.9451555
1.9468754
1.9485953
1.950315
1.9520347
1.9537543
1.9554739
1.9571933
1.9589127
1.9606319
1.9623511
1.9640703
1.9657893
1.9675083
1.9692271
1.9709459
1.9726646
1.9743833
1.9761018
1.9778203
1.9795387
1.981257
1.9829753
1.9846934
1.9864115
1.9881295
1.9898474
1.9915653
1.9932831
1.9950008
1.9967184
1.9984359
2.0001534
2.0018708
2.0035881
2.0053054
2.0070226
2.0087397
2.0104567
2.0121737
2.0138906
2.0156074
2.0173241
2.0190408
2.0207574
2.0224739
2.0241903
2.0259067
2.027623
2.0293392
2.0310554
2.0327715
2.0344875
2.0362035
2.0379193
2.0396351
2.0413509
2.0430665
2.0447821
2.0464976
2.048213
2.0499284
2.0516437
2.0533589
2.055074
2.0567891
2.0585041
2.060219
2.0619339
2.0636486
2.0653633
2.0670779
2.0687925
2.070507
2.0722214
2.0739357
2.07565
2.0773641
2.0790782
2.0807923
2.0825062
2.0842201
2.0859339
2.0876477
2.0893614
2.091075
2.0927885
2.0945019
2.0962153
2.0979286
2.0996419
2.1013551
2.1030682
2.1047812
2.1064941
2.108207
2.1099199
2.1116326
2.1133453
2.1150579
2.1167705
2.118483
2.1201954
2.1219077
2.12362
2.1253322
2.1270443
2.1287564
2.1304684
2.1321804
2.1338923
2.1356041
2.1373158
2.1390275
2.1407391
2.1424507
2.1441622
2.1458736
2.1475849
2.1492962
2.1510074
2.1527186
2.1544297
2.1561407
2.1578517
2.1595626
2.1612734
2.1629842
2.1646949
2.1664055
2.168116
2.1698265
2.1715369
2.1732473
2.1749576
2.1766678
2.1783779
2.180088
2.181798
2.1835079
2.1852178
2.1869276
2.1886373
2.1903469
2.1920565
2.193766
2.1954755
2.1971848
2.1988941
2.2006033
2.2023124
2.2040215
2.2057305
2.2074394
2.2091482
2.210857
2.2125657
2.2142743
2.2159829
2.2176913
2.2193997
2.2211081
2.2228163
2.2245245
2.2262326
2.2279407
2.2296486
2.2313565
2.2330643
2.2347721
2.2364798
2.2381874
2.2398949
2.2416024
2.2433098
2.2450171
2.2467244
2.2484316
2.2501387
2.2518458
2.2535528
2.2552598
2.2569667
2.2586735
2.2603802
2.262087
2.2637936
2.2655002
2.2672067
2.2689132
2.2706196
2.272326
2.2740323
2.2757386
2.2774449
2.279151
2.2808572
2.2825633
2.2842693
2.2859753
2.2876813
2.2893873
2.2910932
2.2927991
2.2945049
2.2962108
2.2979166
2.2996224
2.3013281
2.3030339
2.3047397
2.3064454
2.3081512
2.3098569
2.3115627
2.3132685
2.3149743
2.3166801
2.3183859
2.3200918
2.3217977
2.3235036
2.3252096
2.3269156
2.3286218
2.3303279
2.3320342
2.3337405
2.335447
2.3371535
2.3388601
2.3405669
2.3422738
2.3439809
2.3456881
2.3473954
2.3491029
2.3508107
2.3525186
2.3542267
2.3559351
2.3576437
2.3593526
2.3610618
2.3627712
2.364481
2.3661911
2.3679015
2.3696123
2.3713235
2.3730352
2.3747472
2.3764597
2.3781727
2.3798862
2.3816002
2.3833148
2.38503
2.3867457
2.3884622
2.3901793
2.3918971
2.3936157
2.395335
2.3970551
2.3987761
2.400498
2.4022208
2.4039446
2.4056694
2.4073952
2.4091221
2.4108501
2.4125794
2.4143098
2.4160416
2.4177746
2.4195091
2.421245
2.4229823
2.4247212
2.4264617
2.4282038
2.4299477
2.4316933
2.4334407
2.43519
2.4369413
2.4386945
2.4404499
2.4422073
2.443967
2.445729
2.4474932
2.4492599
2.4510291
2.4528007
2.454575
2.4563519
2.4581316
2.4599141
2.4616995
2.4634878
2.4652791
2.4670735
2.4688711
2.4706718
2.4724758
2.4742832
2.476094
2.4779082
2.479726
2.4815473
2.4833723
2.485201
2.4870335
2.4888697
2.4907098
2.4925538
2.4944018
2.4962538
2.4981098
2.4999698
2.501834
2.5037023
2.5055748
2.5074514
2.5093323
2.5112174
2.5131067
2.5150002
2.5168981
2.5188001
2.5207065
2.522617
2.5245318
2.5264508
2.528374
2.5303014
2.5322328
2.5341684
2.5361081
2.5380517
2.5399994
2.5419509
2.5439063
2.5458654
2.5478283
2.5497947
2.5517648
2.5537383
2.5557152
2.5576953
2.5596787
2.5616651
2.5636545
2.5656467
2.5676417
2.5696393
2.5716393
2.5736418
2.5756464
2.5776532
2.5796619
2.5816724
2.5836846
2.5856982
2.5877132
2.5897295
2.5917467
2.5937649
2.5957838
2.5978032
2.599823
2.6018431
2.6038632
2.6058833
2.607903
2.6099223
2.611941
2.6139589
2.6159758
2.6179916
2.6200061
2.6220192
2.6240307
2.6260405
2.6280484
2.6300542
2.6320579
2.6340594
2.6360583
2.6380547
2.6400485
2.6420394
2.6440273
2.6460123
2.647994
2.6499725
2.6519477
2.6539194
2.6558875
2.6578521
2.6598129
2.66177
2.6637232
2.6656725
2.6676179
2.6695593
2.6714966
2.6734299
2.675359
2.677284
2.6792048
2.6811214
2.6830338
2.6849421
2.6868461
2.6887459
2.6906416
2.692533
2.6944203
2.6963035
2.6981826
2.7000576
2.7019285
2.7037954
2.7056584
2.7075174
2.7093726
2.711224
2.7130715
2.7149154
2.7167556
2.7185922
2.7204253
2.7222549
2.7240811
2.7259039
2.7277235
2.7295399
2.7313531
2.7331632
2.7349704
2.7367746
2.7385759
2.7403745
2.7421703
2.7439635
2.7457541
2.7475421
2.7493277
2.7511109
2.7528918
2.7546705
2.7564469
2.7582212
2.7599935
2.7617637
2.763532
2.7652984
2.7670629
2.7688257
2.7705868
2.7723461
2.7741039
2.7758601
2.7776148
2.779368
2.7811198
2.7828702
2.7846192
2.786367
2.7881135
2.7898588
2.791603
2.793346
2.7950879
2.7968288
2.7985686
2.8003075
2.8020454
2.8037823
2.8055184
2.8072536
2.808988
2.8107216
2.8124545
2.8141865
2.8159179
2.8176485
2.8193785
2.8211079
2.8228366
2.8245647
2.8262922
2.8280191
2.8297456
2.8314715
2.8331969
2.8349218
2.8366462
2.8383702
2.8400938
2.8418169
2.8435397
2.845262
2.846984
2.8487056
2.8504269
2.8521479
2.8538685
2.8555888
2.8573088
2.8590286
2.860748
2.8624672
2.8641862
2.8659049
2.8676233
2.8693416
2.8710596
2.8727774
2.874495
2.8762124
2.8779297
2.8796467
2.8813636
2.8830803
2.8847968
2.8865132
2.8882295
2.8899456
2.8916616
2.8933774
2.8950931
2.8968087
2.8985241
2.9002395
2.9019547
2.9036699
2.9053849
2.9070998
2.9088146
2.9105294
2.912244
2.9139586
2.915673
2.9173874
2.9191017
2.9208159
2.9225301
2.9242442
2.9259582
2.9276721
2.9293859
2.9310997
2.9328134
2.9345271
2.9362407
2.9379542
2.9396677
2.9413811
2.9430944
2.9448077
2.9465209
2.948234
2.9499471
2.9516601
2.9533731
2.955086
2.9567989
2.9585117
2.9602244
2.9619371
2.9636497
2.9653623
2.9670748
2.9687873
2.9704997
2.972212
2.9739243
2.9756366
2.9773487
2.9790609
2.9807729
2.982485
2.9841969
2.9859088
2.9876207
2.9893324
2.9910442
2.9927558
2.9944674
2.996179
2.9978905
2.9996019
3.0013133
3.0030246
3.0047359
3.0064471
3.0081582
3.0098693
3.0115803
3.0132913
3.0150021
3.016713
3.0184237
3.0201344
3.0218451
3.0235556
3.0252661
3.0269766
3.028687
3.0303972
3.0321075
3.0338176
3.0355277
3.0372377
3.0389477
3.0406576
3.0423674
3.0440771
3.0457867
3.0474963
3.0492058
3.0509152
3.0526245
3.0543337
3.0560429
3.0577519
3.0594609
3.0611698
3.0628786
3.0645873
3.0662959
3.0680044
3.0697128
3.0714212
3.0731294
3.0748375
3.0765456
3.0782535
3.0799614
3.0816691
3.0833767
3.0850842
3.0867917
3.088499
3.0902062
3.0919133
3.0936203
3.0953272
3.097034
3.0987407
3.1004472
3.1021537
3.1038601
3.1055663
3.1072725
3.1089785
3.1106844
3.1123903
3.114096
3.1158016
3.1175071
3.1192125
3.1209178
3.122623
3.1243281
3.1260331
3.1277381
3.1294429
3.1311476
3.1328522
3.1345567
3.1362611
3.1379655
3.1396697
3.1413739
3.143078
3.1447819
3.1464858
3.1481896
3.1498934
3.151597
3.1533006
3.155004
3.1567075
3.1584108
3.160114
3.1618172
3.1635203
3.1652233
3.1669263
3.1686291
3.170332
3.1720347
3.1737373
3.1754399
3.1771425
3.1788449
3.1805473
3.1822496
3.1839519
3.185654
3.1873561
3.1890582
3.1907602
3.1924621
3.1941639
3.1958657
3.1975674
3.1992691
3.2009707
3.2026722
3.2043737
3.2060751
3.2077764
3.2094776
3.2111788
3.21288
3.2145811
3.2162821
3.217983
3.2196839
3.2213847
3.2230855
3.2247861
3.2264868
3.2281873
3.2298878
3.2315882
3.2332886
3.2349889
3.2366891
3.2383893
3.2400894
3.2417894
3.2434894
3.2451893
3.2468891
3.2485889
3.2502886
3.2519882
3.2536878
3.2553873
3.2570867
3.2587861
3.2604854
3.2621846
3.2638838
3.2655829
3.2672819
3.2689808
3.2706797
3.2723785
3.2740773
3.2757759
3.2774745
3.279173
3.2808715
3.2825698
3.2842681
3.2859663
3.2876644
3.2893625
3.2910604
3.2927583
3.2944561
3.2961538
3.2978514
3.299549
3.3012464
3.3029438
3.3046411
3.3063382
3.3080353
3.3097323
3.3114292
3.313126
3.3148227
3.3165193
3.3182158
3.3199121
3.3216084
3.3233046
3.3250006
3.3266966
3.3283924
3.3300882
3.3317838
3.3334793
3.3351747
3.3368699
3.3385651
3.3402602
3.3419551
3.3436499
3.3453446
3.3470392
3.3487337
3.350428
3.3521223
3.3538164
3.3555104
3.3572043
3.3588981
3.3605917
3.3622853
3.3639788
3.3656721
3.3673653
3.3690585
3.3707515
3.3724444
3.3741372
3.37583
3.3775226
3.3792151
3.3809076
3.3825999
3.3842921
3.3859843
3.3876764
3.3893684
3.3910603
3.3927521
3.3944438
3.3961354
3.397827
3.3995185
3.4012099
3.4029013
3.4045925
3.4062837
3.4079748
3.4096659
3.4113569
3.4130478
3.4147386
3.4164294
3.4181201
3.4198107
3.4215013
3.4231918
3.4248822
3.4265726
3.4282629
3.4299531
3.4316433
3.4333334
3.4350235
3.4367135
3.4384034
3.4400933
3.4417831
3.4434728
3.4451625
3.4468521
3.4485416
3.4502311
3.4519205
3.4536099
3.4552992
3.4569884
3.4586776
3.4603667
3.4620557
3.4637447
3.4654336
3.4671225
3.4688113
3.4705
3.4721887
3.4738773
3.4755658
3.4772543
3.4789427
3.480631
3.4823193
3.4840075
3.4856956
3.4873837
3.4890717
3.4907597
3.4924476
3.4941354
3.4958232
3.4975108
3.4991985
3.500886
3.5025735
3.5042609
3.5059482
3.5076355
3.5093227
3.5110099
3.5126969
3.5143839
3.5160708
3.5177577
3.5194445
3.5211312
3.5228178
3.5245043
3.5261908
3.5278772
3.5295635
3.5312497
3.5329359
3.5346219
3.5363079
3.5379938
3.5396796
3.5413653
3.543051
3.5447365
3.546422
3.5481073
3.5497926
3.5514777
3.5531628
3.5548477
3.5565326
3.5582173
3.5599019
3.5615864
3.5632708
3.5649551
3.5666393
3.5683233
3.5700073
3.5716911
3.5733748
3.5750583
3.5767417
3.578425
3.5801082
3.5817912
3.5834741
3.5851568
3.5868394
3.5885219
3.5902042
3.5918863
3.5935684
3.5952502
3.596932
3.5986136
3.600295
3.6019763
3.6036575
3.6053385
3.6070193
3.6087001
3.6103806
3.6120611
3.6137414
3.6154215
3.6171016
3.6187815
3.6204612
3.6221408
3.6238203
3.6254997
3.627179
3.6288581
3.6305371
3.632216
3.6338948
3.6355734
3.637252
3.6389304
3.6406088
3.642287
3.6439651
3.6456432
3.6473211
3.6489989
3.6506767
3.6523544
3.6540319
3.6557094
3.6573868
3.6590641
3.6607413
3.6624185
3.6640955
3.6657725
3.6674494
3.6691262
3.6708029
3.6724795
3.6741561
3.6758325
3.6775089
3.6791852
3.6808615
3.6825376
3.6842137
3.6858896
3.6875655
3.6892413
3.690917
3.6925927
3.6942682
3.6959437
3.697619
3.6992943
3.7009695
3.7026445
3.7043195
3.7059944
3.7076692
3.7093439
3.7110185
3.712693
3.7143674
3.7160417
3.7177159
3.71939
3.721064
3.7227378
3.7244116
3.7260852
3.7277588
3.7294322
3.7311055
3.7327786
3.7344517
3.7361246
3.7377974
3.7394701
3.7411427
3.7428151
3.7444874
3.7461596
3.7478316
3.7495035
3.7511752
3.7528468
3.7545183
3.7561896
3.7578607
3.7595317
3.7612026
3.7628733
3.7645438
3.7662141
3.7678843
3.7695543
3.7712242
3.7728938
3.7745633
3.7762326
3.7779017
3.7795706
3.7812393
3.7829078
3.7845761
3.7862442
3.7879121
3.7895797
3.7912471
3.7929143
3.7945812
3.7962479
3.7979143
3.7995805
3.8012464
3.802912
3.8045774
3.8062425
3.8079073
3.8095718
3.811236
3.8128999
3.8145635
3.8162268
3.8178898
3.8195523
3.8212147
3.8228766
3.8245383
3.8261994
3.8278605
3.8295208
3.8311813
3.8328408
3.8345006
3.8361593
3.8378184
3.8394762
3.8411347
3.8427917
3.8444494
3.8461055
3.8477625
3.8494177
3.851074
3.8527284
3.8543837
3.8560375
3.8576916
3.859345
3.8609978
3.8626504
3.8643026
3.8659542
3.8676053
3.8692561
3.8709063
3.8725562
3.8742054
3.8758543
3.8775025
3.8791504
3.8807977
3.8824445
3.8840907
3.8857365
3.8873817
3.8890263
3.8906704
3.8923139
3.8939568
3.8955992
3.8972409
3.8988821
3.9005225
3.9021625
3.9038017
3.9054403
3.9070782
3.9087155
3.9103521
3.911988
3.9136232
3.9152577
3.9168914
3.9185245
3.9201567
3.9217882
3.9234189
3.9250489
3.926678
3.9283064
3.9299338
3.9315606
3.9331864
3.9348114
3.9364354
3.9380587
3.939681
3.9413025
3.9429229
3.9445425
3.946161
3.9477787
3.9493953
3.9510111
3.9526257
3.9542394
3.9558519
3.9574635
3.959074
3.9606835
3.9622917
3.963899
3.965505
3.9671101
3.9687138
3.9703165
3.9719179
3.9735182
3.9751172
3.9767151
3.9783116
3.979907
3.9815009
3.9830938
3.9846851
3.9862753
3.9878639
3.9894514
3.9910373
3.9926221
3.9942052
3.995787
3.9973672
3.9989462
4.0005234
4.0020994
4.0036736
4.0052465
4.0068176
4.0083874
4.0099553
4.0115218
4.0130865
4.0146497
4.016211
4.0177708
4.0193287
4.0208851
4.0224394
4.0239922
4.025543
4.0270922
4.0286393
4.0301847
4.031728
4.0332696
4.034809
4.0363468
4.0378822
4.039416
4.0409474
4.042477
4.0440043
4.0455298
4.0470529
4.0485741
4.0500929
4.0516098
4.0531242
4.0546366
4.0561466
4.0576546
4.05916
4.0606634
4.0621643
4.0636631
4.0651592
4.0666533
4.0681447
4.0696341
4.0711207
4.0726052
4.0740869
4.0755665
4.0770433
4.078518
4.0799898
4.0814594
4.0829262
4.0843907
4.0858523
4.0873117
4.0887681
4.0902223
4.0916734
4.0931223
4.0945681
4.0960116
4.097452
4.09889
4.100325
4.1017575
4.1031869
4.1046139
4.1060377
4.107459
4.1088771
4.1102927
4.1117051
4.1131149
4.1145214
4.1159254
4.1173261
4.1187242
4.1201189
4.121511
4.1228997
4.1242857
4.1256684
4.1270483
4.1284248
4.1297986
4.1311689
4.1325365
4.1339006
4.1352619
4.1366196
4.1379746
4.1393259
4.1406745
4.1420195
4.1433616
4.1447001
4.1460358
4.1473679
4.1486971
4.1500226
4.1513452
4.1526641
4.1539802
4.1552925
4.1566019
4.1579075
4.1592102
4.1605091
4.161805
4.1630972
4.1643864
4.1656718
4.1669542
4.1682328
4.1695085
4.1707802
4.172049
4.173314
4.1745759
4.175834
4.1770891
4.1783402
4.1795884
4.1808327
4.182074
4.1833114
4.1845458
4.1857762
4.1870037
4.1882273
4.1894478
4.1906644
4.191878
4.1930877
4.1942944
4.1954972
4.1966969
4.1978928
4.1990856
4.2002745
4.2014603
4.2026423
4.2038213
4.2049964
4.2061685
4.2073367
4.208502
4.2096633
4.2108216
4.211976
4.2131275
4.2142751
4.2154197
4.2165604
4.2176981
4.218832
4.2199629
4.22109
4.2222141
4.2233344
4.2244517
4.2255652
4.2266758
4.2277826
4.2288865
4.2299866
4.2310839
4.2321775
4.2332681
4.2343553
4.2354392
4.2365199
4.2375973
4.2386715
4.2397425
4.2408104
4.2418751
4.2429367
4.2439952
4.2450506
4.246103
4.2471523
4.2481986
4.2492419
4.2502823
4.2513197
4.2523541
4.2533857
4.2544143
4.2554401
4.2564631
4.2574831
4.2585005
4.259515
4.2605267
4.2615357
4.262542
4.2635455
4.2645464
4.2655446
4.2665401
4.267533
4.2685234
4.2695111
4.2704963
4.2714789
4.272459
4.2734366
4.2744118
4.2753844
4.2763547
4.2773225
4.278288
4.279251
4.2802117
4.2811701
4.2821262
4.28308
4.2840316
4.2849809
4.285928
4.2868729
4.2878157
4.2887562
4.2896947
4.2906311
4.2915654
4.2924976
4.2934278
4.294356
4.2952822
4.2962064
4.2971287
4.2980491
4.2989675
4.2998841
4.3007989
4.3017117
4.3026228
4.3035321
4.3044397
4.3053454
4.3062495
4.3071518
4.3080525
4.3089515
4.3098489
4.3107447
4.3116389
4.3125314
4.3134225
4.314312
4.3152
4.3160865
4.3169716
4.3178551
4.3187373
4.3196181
4.3204974
4.3213754
4.3222521
4.3231274
4.3240014
4.3248741
4.3257455
4.3266157
4.3274846
4.3283524
4.3292189
4.3300842
4.3309484
4.3318114
4.3326733
4.3335341
4.3343938
4.3352524
4.3361099
4.3369663
4.3378217
4.3386761
4.3395294
4.3403817
4.341233
4.3420833
4.3429326
4.343781
4.3446283
4.3454747
4.3463202
4.3471647
4.3480082
4.3488509
4.3496926
4.3505334
4.3513734
4.3522124
4.3530506
4.353888
4.3547245
4.3555603
4.3563952
4.3572294
4.3580629
4.3588956
4.3597276
4.3605589
4.3613895
4.3622195
4.3630489
4.3638777
4.3647058
4.3655334
4.3663604
4.3671868
4.3680127
4.3688381
4.369663
4.3704873
4.3713111
4.3721345
4.3729574
4.3737797
4.3746017
4.3754231
4.3762442
4.3770648
4.3778849
4.3787046
4.3795239
4.3803428
4.3811613
4.3819794
4.3827971
4.3836145
4.3844314
4.385248
4.3860642
4.3868801
4.3876956
4.3885108
4.3893257
4.3901402
4.3909544
4.3917682
4.3925818
4.3933951
4.394208
4.3950207
4.3958331
4.3966452
4.397457
4.3982685
4.3990798
4.3998908
4.4007016
4.4015121
4.4023224
4.4031324
4.4039422
4.4047517
4.405561
4.4063701
4.407179
4.4079876
4.4087961
4.4096043
4.4104123
4.4112202
4.4120278
4.4128353
4.4136425
4.4144496
4.4152565
4.4160632
4.4168697
4.4176761
4.4184823
4.4192883
4.4200942
4.4208999
4.4217055
4.4225109
4.4233162
4.4241213
4.4249263
4.4257311
4.4265358
4.4273404
4.4281448
4.4289491
4.4297533
4.4305573
4.4313612
4.432165
4.4329687
4.4337723
4.4345758
4.4353791
4.4361824
4.4369855
4.4377885
4.4385914
4.4393942
4.4401969
4.4409995
4.4418019
4.4426043
4.4434065
4.4442086
4.4450105
4.4458122
4.4466138
4.4474152
4.4482164
4.4490174
4.4498182
4.4506187
4.4514189
4.452219
4.4530187
4.4538183
4.4546176
4.4554167
4.4562155
4.4570142
4.4578128
4.4586112
4.4594095
4.4602077
4.4610058
4.4618038
4.4626018
4.4633998
4.4641977
4.4649956
4.4657934
4.4665913
4.4673891
4.4681868
4.4689845
4.4697822
4.4705798
4.4713774
4.472175
4.4729725
4.4737699
4.4745673
4.4753646
4.4761619
4.4769592
4.4777564
4.4785535
4.4793507
4.4801477
4.4809448
4.4817417
4.4825387
4.4833356
4.4841324
4.4849292
4.485726
4.4865227
4.4873194
4.488116
4.4889126
4.4897092
4.4905057
4.4913022
4.4920986
4.492895
4.4936914
4.4944877
4.495284
4.4960803
4.4968765
4.4976727
4.4984688
4.4992649
4.500061
4.500857
4.501653
4.5024489
4.5032449
4.5040408
4.5048366
4.5056324
4.5064282
4.507224
4.5080197
4.5088154
4.5096111
4.5104067
4.5112023
4.5119978
4.5127934
4.5135889
4.5143843
4.5151798
4.5159752
4.5167706
4.5175659
4.5183613
4.5191566
4.5199519
4.5207471
4.5215423
4.5223375
4.5231327
4.5239279
4.524723
4.5255181
4.5263132
4.5271082
4.5279033
4.5286983
4.5294933
4.5302882
4.5310832
4.5318781
4.532673
4.5334679
4.5342628
4.5350576
4.5358524
4.5366473
4.537442
4.5382368
4.5390316
4.5398263
4.5406211
4.5414158
4.5422105
4.5430051
4.5437998
4.5445944
4.5453891
4.5461837
4.5469783
4.5477729
4.5485675
4.549362
4.5501566
4.550951
4.5517453
4.5525393
4.5533328
4.5541259
4.5549185
4.5557108
4.5565027
4.5572944
4.558086
4.5588776
4.5596693
4.560461
4.5612527
4.5620445
4.5628363
4.5636282
4.5644201
4.5652119
4.5660038
4.5667957
4.5675875
4.5683793
4.5691712
4.569963
4.5707548
4.5715466
4.5723384
4.5731302
4.5739219
4.5747137
4.5755054
4.5762972
4.5770889
4.5778806
4.5786723
4.579464
4.5802557
)
;

boundaryField
{
    leftSide
    {
        type            calculated;
        value           uniform 2.9560343;
    }
    rightSide
    {
        type            calculated;
        value           uniform 4.5810474;
    }
    emptywalls
    {
        type            empty;
        value           nonuniform 0();
    }
}


// ************************************************************************* //
