/*--------------------------------*- C++ -*----------------------------------*\
  =========                 |
  \\      /  F ield         | OpenFOAM: The Open Source CFD Toolbox
   \\    /   O peration     | Website:  https://openfoam.org
    \\  /    A nd           | Version:  7
     \\/     M anipulation  |
\*---------------------------------------------------------------------------*/
FoamFile
{
    version     2.0;
    format      ascii;
    class       volScalarField;
    location    "0.00272";
    object      Uy;
}
// * * * * * * * * * * * * * * * * * * * * * * * * * * * * * * * * * * * * * //

dimensions      [0 1 -1 0 0 0 0];

internalField   nonuniform List<scalar> 
5000
(
3.7260685e-17
3.7871202e-17
0
0
-2.0106322e-17
2.2862167e-32
2.0113275e-17
0
0
-2.0116471e-17
-4.023385e-17
2.0117438e-17
2.0117221e-17
-2.0116997e-17
0
-2.0115011e-17
1.8565411e-49
2.0111594e-17
0
2.0107007e-17
-2.0104196e-17
-2.0101537e-17
4.0196751e-17
-2.009544e-17
-2.0092018e-17
-1.6557832e-31
2.0085238e-17
2.0081899e-17
-4.0156235e-17
3.4803886e-31
-3.5082336e-31
2.0067143e-17
4.0126289e-17
-4.0118954e-17
3.4770551e-31
-1.7439037e-30
-6.9513912e-31
4.0087601e-17
-4.0079294e-17
-4.0071694e-17
4.0063329e-17
-1.3775255e-30
-4.0047263e-17
2.0019783e-17
6.0046665e-17
-2.0011687e-17
-2.0007442e-17
-1.3701701e-30
-3.9998595e-17
0
1.9991122e-17
2.8403528e-33
-1.9982911e-17
3.9957951e-17
-6.9828815e-31
-3.9941398e-17
1.9966356e-17
-6.893481e-31
-1.9958001e-17
0
1.9949594e-17
6.8026419e-31
5.6676122e-33
1.9937076e-17
-1.9932632e-17
6.9667608e-31
1.9924073e-17
-1.9919957e-17
-1.9915453e-17
1.9911302e-17
1.9906762e-17
-1.9902571e-17
-1.9897989e-17
3.9787512e-17
1.988913e-17
-1.9884852e-17
0
1.9875857e-17
-2.8238586e-33
-1.9866768e-17
1.9862002e-17
-5.6438641e-33
5.6424947e-33
1.9848289e-17
1.9843414e-17
6.9072223e-31
-1.9833941e-17
0
-1.9824333e-17
-2.0560764e-30
-6.9269184e-31
1.9809823e-17
1.9804657e-17
-3.959964e-17
-1.3699198e-30
1.9789638e-17
0
0
-1.9773824e-17
-1.3709393e-30
3.9526325e-17
-1.9757943e-17
-3.9504599e-17
0
1.9741227e-17
1.9735794e-17
-1.9729931e-17
-1.9724381e-17
0
0
1.9706609e-17
1.9700804e-17
0
-1.9688615e-17
6.8806514e-31
1.9676139e-17
-1.9669601e-17
5.588662e-33
-6.8717116e-31
-2.4174405e-49
3.9286738e-17
-8.3716626e-33
-1.9629724e-17
0
-1.9615705e-17
1.9608739e-17
1.9601302e-17
-3.9188284e-17
-1.9586494e-17
3.9158255e-17
1.9571272e-17
-1.9563683e-17
-1.9555605e-17
-1.9547789e-17
0
1.9531423e-17
1.9522871e-17
-1.9514573e-17
-6.7635258e-31
1.9497218e-17
-1.9488157e-17
-1.9479337e-17
0
1.9460902e-17
1.9451281e-17
-1.9441888e-17
1.9431967e-17
-1.1040281e-32
-1.9412037e-17
1.9402022e-17
-1.9391468e-17
1.3495695e-30
1.9370237e-17
-1.9359555e-17
1.9348322e-17
1.9337287e-17
-1.9325697e-17
0
0
-1.9290569e-17
-1.927823e-17
1.9266071e-17
1.9253338e-17
-1.9240778e-17
-1.3334168e-30
1.9214661e-17
-1.9201096e-17
-1.9187688e-17
0
1.9159833e-17
1.914538e-17
0
-1.9116153e-17
-1.9101374e-17
0
1.9070721e-17
3.9643004e-30
-1.903908e-17
1.9022695e-17
1.9006426e-17
-1.8989524e-17
-1.3103471e-30
1.3037559e-30
8.0737451e-33
1.8920008e-17
-1.890214e-17
-2.6191198e-30
1.2975586e-30
-1.2962464e-30
1.882713e-17
0
0
-1.8767653e-17
-1.8747479e-17
0
0
1.8684387e-17
9.7750091e-49
-1.8640897e-17
0
1.8596146e-17
-1.8573477e-17
-5.1404544e-30
3.7053613e-17
-1.8502801e-17
-3.8365867e-30
-2.6224956e-33
-1.8429543e-17
1.8404209e-17
-2.6117988e-33
-2.5402905e-30
1.2683454e-30
-1.8300141e-17
0
1.824594e-17
1.2608415e-30
5.0484703e-30
1.8161908e-17
0
-1.810372e-17
-1.8073812e-17
0
0
0
1.7950714e-17
1.2401264e-30
-1.7886818e-17
0
0
1.7788752e-17
1.7755309e-17
-1.7722019e-17
-1.7688195e-17
0
1.762046e-17
1.7586575e-17
-1.755221e-17
-1.751807e-17
0
1.7448983e-17
-4.8355182e-30
-1.2052245e-30
1.7343653e-17
-1.7308237e-17
-1.7272137e-17
0
1.7199152e-17
-2.38524e-30
1.712445e-17
2.3698724e-30
-3.409575e-17
1.7009085e-17
-2.3535559e-30
-5.8772808e-30
-1.1687966e-30
-1.684752e-17
1.6806243e-17
1.6764652e-17
0
-1.6679512e-17
-1.6636303e-17
0
1.6548881e-17
1.6504788e-17
-3.2920105e-17
-1.6415278e-17
1.6369835e-17
1.6324417e-17
4.5155531e-30
-1.6232329e-17
1.6185674e-17
-1.1192266e-30
-1.6091831e-17
1.604465e-17
-1.1116411e-30
1.1105918e-30
-4.5193056e-33
-1.0948603e-30
1.5803875e-17
0
0
-1.565667e-17
-1.5606941e-17
0
0
0
0
1.5355917e-17
1.0548579e-30
-3.0508177e-17
6.4813273e-33
1.5151495e-17
1.509976e-17
-2.089291e-30
-2.0778086e-30
-2.1237025e-33
-1.4891852e-17
-1.4839695e-17
-1.4787146e-17
2.946928e-17
4.4045205e-17
-1.4629013e-17
-2.9151812e-17
0
1.4469637e-17
1.4416501e-17
-1.4363024e-17
4.0670734e-33
-6.0777613e-33
4.036654e-33
1.4148953e-17
1.4095364e-17
-1.4041468e-17
-2.7975446e-17
1.3933675e-17
2.5596132e-48
1.3825922e-17
3.81642e-30
-2.7436144e-17
0
0
2.7113426e-17
-7.4986729e-30
-2.689711e-17
0
1.3340872e-17
1.3286139e-17
-1.3232952e-17
1.8730646e-33
-1.822481e-30
1.8575733e-33
1.3017831e-17
-1.2964515e-17
-1.2911708e-17
0
1.280524e-17
-1.7704819e-30
-1.2698954e-17
2.5291975e-17
-3.4933051e-30
-1.2540484e-17
-3.4676513e-30
-2.4870942e-17
2.4766323e-17
1.2330952e-17
-1.2278887e-17
-1.7375538e-33
-1.2175156e-17
0
0
1.2020689e-17
-1.6601474e-30
-2.3837047e-17
1.6865007e-33
3.5451151e-17
-1.1766578e-17
-1.1716302e-17
2.3332414e-17
-1.1616321e-17
1.1566629e-17
2.3034319e-17
-1.1467898e-17
-1.1418874e-17
-1.1370073e-17
1.1321526e-17
4.5825945e-48
-1.1225182e-17
1.1177404e-17
-1.1129919e-17
1.1082711e-17
3.0581533e-30
3.1233237e-33
1.0942951e-17
-2.1793999e-17
1.0851393e-17
3.0006433e-30
-2.9851107e-30
-1.0716607e-17
-2.1344758e-17
3.1885465e-17
2.9362222e-30
-5.8484752e-30
2.9093644e-30
-2.0912702e-17
2.0828283e-17
-2.8772173e-30
-2.0661306e-17
0
0
1.0207634e-17
-1.4101677e-30
-1.0127004e-17
-1.0087082e-17
1.0047414e-17
3.0023978e-17
-9.9688167e-18
-9.9298783e-18
-2.8112423e-33
-9.8527128e-18
0
1.9552973e-17
1.9477459e-17
-9.7012084e-18
-1.9327867e-17
-9.6269024e-18
1.9180252e-17
1.9107202e-17
-1.903468e-17
-1.8962678e-17
0
1.8820291e-17
-9.3749598e-18
-1.8680094e-17
9.3054178e-18
9.2710671e-18
-1.3126574e-33
1.2777766e-30
9.1697443e-18
-9.1365493e-18
-9.1036522e-18
9.0710469e-18
-1.2536549e-30
-1.2799333e-33
-1.2448166e-30
-8.9436004e-18
8.9124825e-18
-3.6993891e-30
-1.2288914e-30
-2.4481337e-30
-8.7909586e-18
8.7613111e-18
-1.2123457e-30
-2.412911e-30
-1.2326677e-33
-1.7291291e-17
-8.6174549e-18
8.589548e-18
1.7123861e-17
-1.1849436e-30
-1.7015093e-17
-8.4807768e-18
1.6908583e-17
8.4280825e-18
-8.4021547e-18
-8.3764998e-18
-2.3177539e-30
8.3260163e-18
0
0
8.2523235e-18
0
-8.2045242e-18
8.1810157e-18
1.1592889e-33
-2.2577103e-30
0
-8.0895696e-18
8.0673482e-18
8.0453758e-18
-1.6047314e-17
-8.0021833e-18
7.9809585e-18
0
0
-7.9187287e-18
2.1943687e-30
7.878431e-18
0
0
-7.8197284e-18
3.2502221e-30
7.7817311e-18
0
0
0
0
0
0
0
0
1.5243118e-17
4.2212482e-30
-7.5882613e-18
7.5719124e-18
-7.5557563e-18
7.5397969e-18
-2.0914107e-30
-7.5084471e-18
-2.0806716e-30
-7.4778463e-18
0
0
7.4333133e-18
2.0600611e-30
-7.4045163e-18
0
0
0
0
0
0
0
1.4591998e-17
-6.0630097e-30
-1.4540856e-17
7.2578659e-18
1.0296398e-33
7.2331722e-18
-4.0041195e-30
-1.4418088e-17
-7.1971861e-18
-5.5014762e-49
2.1521644e-17
0
-1.4302231e-17
0
0
1.4235961e-17
-1.9715097e-30
-2.1289719e-17
7.0860757e-18
7.0757224e-18
-7.0655075e-18
7.0554394e-18
-7.0455125e-18
-1.9516842e-30
7.0261044e-18
-7.0166268e-18
0
-6.9981256e-18
6.9891046e-18
1.3960484e-17
-6.9715313e-18
-6.9629778e-18
-6.9545742e-18
-6.9463234e-18
1.3876435e-17
6.9302568e-18
-6.9224332e-18
0
6.9071858e-18
-6.8997513e-18
-6.8924338e-18
2.0655689e-17
1.9548821e-33
-1.3742259e-17
6.8642184e-18
9.5208042e-31
6.8506359e-18
-1.9451671e-33
-1.3674638e-17
6.8307419e-18
0
-1.8931455e-30
-9.6793936e-34
-6.8048471e-18
6.7984555e-18
-1.8860283e-30
-9.411693e-31
-9.6341457e-34
-6.7731257e-18
6.7668418e-18
2.9147714e-49
-1.875541e-30
-9.589609e-34
-1.3483738e-17
-9.3422288e-31
6.7294735e-18
0
0
-6.7109923e-18
-2.789853e-30
6.698756e-18
-6.6926658e-18
9.283673e-31
1.1237385e-48
-9.266911e-31
6.6685229e-18
6.6625489e-18
9.2325698e-31
-6.6506828e-18
0
0
6.6330978e-18
-6.6272938e-18
5.5122278e-30
6.6157711e-18
-6.6100519e-18
0
6.5986968e-18
6.5930608e-18
-6.5874523e-18
-6.581871e-18
0
6.5707879e-18
6.5652847e-18
-1.3119612e-17
-6.5543514e-18
6.5489198e-18
6.543511e-18
9.0682443e-31
6.5327604e-18
1.8125341e-30
-1.3044195e-17
0
0
0
6.5010213e-18
6.4957996e-18
0
-6.4854078e-18
-8.9787464e-31
6.4750829e-18
0
0
-6.4597184e-18
-8.9524363e-31
8.9362305e-31
-6.4444894e-18
6.4394393e-18
-2.6773147e-30
-6.4293753e-18
0
-6.4193582e-18
-8.9057109e-31
6.4093883e-18
-6.4044208e-18
6.3994644e-18
6.3945184e-18
-6.3895821e-18
0
6.3797349e-18
6.3748224e-18
-6.3699166e-18
-6.3650171e-18
0
-6.3552375e-18
6.3503577e-18
6.3454847e-18
-6.3406187e-18
-1.2671519e-17
3.5159333e-30
1.8978177e-17
2.24363e-49
-6.3163798e-18
-1.2623094e-17
3.498915e-30
1.2603782e-17
-6.297067e-18
6.2922441e-18
-6.2874222e-18
-6.2826007e-18
1.2555559e-17
0
0
-1.2526649e-17
-1.7856642e-48
1.2507403e-17
0
0
-1.2478601e-17
-1.7764885e-48
1.2459455e-17
0
0
-1.2430847e-17
-6.2106736e-18
1.241187e-17
6.2012096e-18
0
-1.2383604e-17
3.436082e-30
1.2364926e-17
-6.1778224e-18
0
6.1686085e-18
-6.1640385e-18
8.7531694e-34
6.1549808e-18
-6.1504961e-18
6.1460422e-18
6.1416202e-18
-6.1372308e-18
-6.1328746e-18
1.7017769e-30
6.1242632e-18
-6.1200077e-18
-1.6982318e-30
6.1115943e-18
-6.1074343e-18
6.1033038e-18
6.0992013e-18
-6.0951251e-18
-6.0910732e-18
1.6902508e-30
6.0830325e-18
-6.0790379e-18
8.6331743e-34
6.0710847e-18
-6.06712e-18
6.0631595e-18
6.0592003e-18
-6.0552394e-18
-1.2102548e-17
3.3601488e-30
1.2086633e-17
-6.0393196e-18
8.5766871e-34
1.2062554e-17
1.7130411e-33
-6.0231568e-18
0
6.0149447e-18
0
-6.00663e-18
0
0
0
-5.9896693e-18
-2.0048112e-49
5.9810198e-18
0
5.9722653e-18
-1.6571534e-30
-5.9634114e-18
0
0
0
-5.9454183e-18
1.649661e-30
5.936301e-18
0
5.9271104e-18
1.6437159e-30
-5.9178557e-18
0
5.9085618e-18
-5.9039031e-18
3.2778762e-30
5.8945506e-18
-5.8898543e-18
0
-5.8804394e-18
-1.6315734e-30
5.8710212e-18
0
5.8615827e-18
-5.8568459e-18
-3.2500238e-30
5.8473555e-18
-3.243927e-30
-8.2961379e-34
1.6205815e-30
-8.2826879e-34
-5.8236699e-18
0
5.814127e-18
-1.6123188e-30
-1.6110014e-30
2.203379e-49
-1.6091983e-30
0
-1.1571261e-17
-1.6052242e-30
5.7760502e-18
-5.7712821e-18
1.6004352e-30
5.7618279e-18
5.7571078e-18
1.5973155e-30
-1.5959857e-30
5.7427538e-18
-5.7379416e-18
-5.7331637e-18
0
-5.7237296e-18
1.5880583e-30
5.7142707e-18
0
0
0
-1.138997e-17
6.3202779e-30
1.1371129e-17
0
0
0
0
0
0
0
-1.1294662e-17
3.1353214e-30
1.1275986e-17
5.6332346e-18
-5.6283897e-18
-5.6234915e-18
1.5609714e-30
3.1144706e-30
5.6090164e-18
-5.604336e-18
5.5996753e-18
5.594978e-18
-5.590207e-18
-5.5853599e-18
3.0975836e-30
5.5755763e-18
5.5707244e-18
-1.543966e-30
-5.5611874e-18
-5.5564781e-18
5.551778e-18
5.5470653e-18
-5.5423245e-18
5.5375461e-18
0
-5.5278518e-18
-5.5229425e-18
1.5306806e-30
5.513202e-18
-5.5084964e-18
5.5039192e-18
5.4994108e-18
-5.4948879e-18
5.4902776e-18
1.5232233e-30
-5.4806454e-18
-5.4756571e-18
-7.7742766e-34
1.0931562e-17
3.0321172e-30
-5.4567455e-18
-5.4525731e-18
0
5.4441314e-18
0
0
0
5.4253637e-18
5.4205822e-18
-5.4158959e-18
-5.4113658e-18
0
5.4029739e-18
-1.4999946e-30
-5.3953922e-18
0
0
5.3834139e-18
-2.9856572e-30
-5.3739899e-18
0
0
5.3597199e-18
-2.9727648e-30
-5.3518818e-18
0
5.3450781e-18
-1.4832667e-30
1.4814979e-30
-1.4811792e-30
-5.3300126e-18
0
-5.3212234e-18
2.9503794e-30
5.3119952e-18
0
5.3028666e-18
-5.2984815e-18
-5.2942449e-18
1.0580301e-17
1.4693705e-30
-1.0564623e-17
1.4657285e-30
5.2746584e-18
0
0
5.2632179e-18
-1.4596687e-30
-5.2553782e-18
0
5.2469455e-18
-5.2424664e-18
-5.2378643e-18
5.233214e-18
0
-5.2240458e-18
5.2195763e-18
2.8947975e-30
-2.8923106e-30
5.2060688e-18
-4.3314472e-30
5.1964851e-18
-5.1915656e-18
1.4394962e-30
-2.8777938e-30
-1.0354319e-17
1.4348484e-30
5.1680024e-18
0
0
0
-1.0298191e-17
-5.1443451e-18
1.027941e-17
5.1351738e-18
0
0
5.1215663e-18
2.269397e-49
-5.1119211e-18
0
-1.0204381e-17
-5.0975473e-18
1.0186227e-17
5.0888464e-18
0
-1.0160639e-17
-1.4426543e-33
1.5214027e-17
-1.4054853e-30
-1.0124099e-17
5.0573928e-18
2.8721617e-33
-5.0481388e-18
1.4011942e-30
2.7954739e-30
5.0339775e-18
0
5.0241157e-18
-2.786705e-30
-1.0028288e-17
5.0092639e-18
-8.3322921e-30
-5.000038e-18
9.9914373e-18
-7.0933288e-34
-4.9871644e-18
0
0
0
-4.9674766e-18
4.9623538e-18
9.9150313e-18
-4.9530705e-18
-1.3742404e-30
-1.3717594e-30
-4.9411368e-18
0
4.9320548e-18
-7.001619e-34
-9.843324e-18
4.9164366e-18
2.7248677e-30
-4.9070211e-18
-4.9029416e-18
2.7221538e-30
9.7903736e-18
0
4.8864767e-18
4.8816025e-18
0
-4.8713335e-18
-4.8662944e-18
4.8615027e-18
0
-4.8525467e-18
0
0
4.8384836e-18
-4.0249658e-30
-4.8280585e-18
0
0
4.8142265e-18
4.8105847e-18
-4.8070518e-18
-4.8032049e-18
4.7987744e-18
4.7937513e-18
-9.5766371e-18
-4.7827796e-18
1.3272934e-30
4.7727291e-18
-2.6455662e-30
-2.643486e-30
4.7610727e-18
-4.7569963e-18
4.7525032e-18
-4.7476855e-18
-4.0438909e-33
4.7378256e-18
-9.466295e-18
-4.7287484e-18
-4.7245745e-18
9.4410172e-18
9.4328519e-18
-4.7122445e-18
4.7079389e-18
-4.7035131e-18
2.6096307e-30
9.3888094e-18
-4.6898327e-18
1.3003668e-30
-1.3005135e-30
-4.6770962e-18
0
0
4.6655664e-18
4.6612923e-18
0
-4.6519656e-18
-4.6472792e-18
0
-4.6390674e-18
1.287256e-30
4.6326976e-18
-4.6294658e-18
1.2831763e-30
4.6216709e-18
0
4.612752e-18
2.5586657e-30
-4.6042704e-18
4.6003242e-18
-1.2743824e-30
-4.5925545e-18
-4.5886298e-18
-1.2724308e-30
4.5808289e-18
0
-4.5731453e-18
4.569232e-18
-1.2975146e-33
2.5330849e-30
4.5571096e-18
-4.5531475e-18
0
-9.0907873e-18
1.0083314e-29
4.5372458e-18
2.5161079e-30
9.0570131e-18
-9.0484297e-18
-9.0403715e-18
9.0329926e-18
9.0261108e-18
4.5096303e-18
0
-4.5020837e-18
-8.9955792e-18
6.385182e-34
-4.488334e-18
4.4834342e-18
4.478662e-18
-4.4741834e-18
8.9401703e-18
-8.9327233e-18
-7.4329863e-30
8.918831e-18
-8.91145e-18
2.4710131e-30
-4.4472453e-18
4.4425612e-18
4.4377385e-18
-4.4329026e-18
-1.2283496e-30
-8.8470579e-18
8.838184e-18
8.8297374e-18
-8.8217563e-18
-1.2231351e-30
-4.4033984e-18
2.4433927e-30
4.395727e-18
1.2188189e-30
8.6334574e-49
4.3824509e-18
8.7556309e-18
-4.3733901e-18
-1.6284366e-48
-4.3656903e-18
-7.2666586e-30
4.3587276e-18
-8.7095784e-18
2.414765e-30
8.690679e-18
2.6367443e-49
-4.3343718e-18
0
0
-4.3198999e-18
4.3163234e-18
8.6262278e-18
0
0
0
-4.2977279e-18
-4.292958e-18
0
4.283446e-18
-4.2791657e-18
-7.1207583e-30
8.5442808e-18
0
0
0
-4.257407e-18
-4.2524168e-18
4.2471012e-18
-4.2417543e-18
-2.3528652e-30
8.463852e-18
0
0
-8.4392668e-18
1.1982451e-33
4.2124673e-18
-4.2090971e-18
4.2056516e-18
-4.2019373e-18
2.331316e-30
8.3867546e-18
0
0
-4.1791687e-18
-4.1747172e-18
0
0
4.1623378e-18
4.1583798e-18
0
-4.1509598e-18
-4.1474597e-18
4.1439049e-18
-4.1401611e-18
-4.1361701e-18
4.1319499e-18
4.1275499e-18
-2.2897625e-30
-4.1184242e-18
4.1138176e-18
1.1404787e-30
-4.1048481e-18
0
-4.0964832e-18
2.272206e-30
4.0883966e-18
-4.0842022e-18
2.2652064e-30
4.0754225e-18
0
-4.066963e-18
1.1282504e-30
5.7688284e-34
-4.0557056e-18
4.0517761e-18
4.0476769e-18
0
-8.0786512e-18
4.4820669e-30
4.0313736e-18
5.7235016e-34
8.0475369e-18
-8.0400279e-18
-8.0326479e-18
8.0254266e-18
4.0091162e-18
0
-8.0028956e-18
6.6552386e-30
7.9859487e-18
0
-7.9695009e-18
-2.2109431e-30
3.9777038e-18
1.1036063e-30
7.9419864e-18
-7.935061e-18
-9.900869e-30
7.9208049e-18
-7.9134805e-18
2.1936124e-30
7.8977687e-18
3.9446248e-18
-7.8805593e-18
-3.936078e-18
7.8645144e-18
-7.8579282e-18
-9.8062134e-30
7.8466486e-18
-7.8408253e-18
1.0877574e-30
-3.9140213e-18
4.3391908e-30
1.1721511e-17
-2.1667347e-30
-7.7990723e-18
3.8952859e-18
7.7816788e-18
-3.8864163e-18
2.1555213e-30
-3.8787063e-18
-4.3048566e-30
3.8731711e-18
-7.7410267e-18
3.2205714e-30
-4.2898148e-30
2.1412967e-30
3.8555388e-18
0
3.8477071e-18
3.8438396e-18
0
0
0
0
0
-3.8214479e-18
-3.8190679e-18
0
3.8128455e-18
-3.8085808e-18
-6.3362066e-30
7.5972476e-18
0
0
0
-3.7822379e-18
-3.7789781e-18
3.7756625e-18
3.772228e-18
-7.5374059e-18
-6.2730319e-30
7.5229328e-18
0
-7.506412e-18
-6.2443628e-30
3.7438115e-18
-3.739191e-18
3.7349559e-18
-3.7312225e-18
-2.0692431e-30
7.4489179e-18
0
0
-3.7124777e-18
-3.7083154e-18
0
-3.7005618e-18
-1.0506989e-33
-3.6928402e-18
3.6885366e-18
1.1052014e-17
0
7.350183e-18
7.3421101e-18
0
-1.0990679e-17
-7.3193126e-18
7.3111119e-18
-3.6513681e-18
-3.6472151e-18
1.0929567e-17
3.6393031e-18
5.1662855e-34
3.6314635e-18
-3.627269e-18
-3.6229062e-18
-3.6184968e-18
-1.9945225e-49
-3.6101572e-18
-3.6063602e-18
3.6026734e-18
0
7.1897922e-18
7.1814216e-18
0
-3.5819808e-18
-7.155208e-18
-1.9829464e-30
-3.5690914e-18
-7.1299132e-18
7.121736e-18
7.1135907e-18
3.5527166e-18
3.5486204e-18
0
-3.5403806e-18
-1.0608765e-17
3.5321384e-18
2.1041224e-47
-1.0571796e-17
7.0396637e-18
3.5157338e-18
3.5116493e-18
7.0151804e-18
-7.0071099e-18
-3.4995201e-18
3.4954468e-18
3.4912984e-18
3.4870603e-18
-1.0448242e-17
-3.4783989e-18
1.0422199e-17
3.4697964e-18
-3.4656175e-18
-6.9230698e-18
3.4575311e-18
-3.4535828e-18
5.743507e-30
-5.7389744e-30
-1.0325565e-17
3.4378847e-18
3.433842e-18
6.8594516e-18
3.4255516e-18
-6.8427013e-18
-9.7121539e-34
-3.4130107e-18
3.4089139e-18
1.0214588e-17
-1.0202512e-17
-3.3968196e-18
1.0178404e-17
0
-1.0154361e-17
-3.3808147e-18
1.0130638e-17
-3.37298e-18
-6.7382024e-18
-1.8679546e-30
3.7311177e-30
3.3574424e-18
0
6.6992808e-18
6.6914852e-18
-3.3418472e-18
-3.3379511e-18
-6.6681051e-18
3.330155e-18
3.326267e-18
-6.6447965e-18
0
6.6294673e-18
6.6218496e-18
-3.3071129e-18
-6.6065735e-18
1.831444e-30
3.2956088e-18
-6.5835791e-18
3.2880017e-18
-1.0938045e-29
-6.5610546e-18
3.2768239e-18
0
6.5387189e-18
0
-7.2429911e-30
-3.2579102e-18
-6.5081728e-18
9.7508573e-18
-9.2271295e-34
-6.4854797e-18
0
6.4703573e-18
3.2313752e-18
-6.4551348e-18
3.5793293e-30
3.219977e-18
-6.4323889e-18
3.2124174e-18
-5.342209e-30
-6.4097261e-18
3.2010752e-18
-3.1972743e-18
6.3868951e-18
9.5687308e-18
0
-9.5449765e-18
-6.3552323e-18
9.5206258e-18
6.3389298e-18
-3.1654115e-18
-6.3227948e-18
3.1574236e-18
3.153476e-18
-6.2990663e-18
3.1455745e-18
6.2831791e-18
-3.1375818e-18
4.453062e-34
-6.2590988e-18
-6.2510846e-18
9.3646045e-18
-3.1175121e-18
-5.1855097e-30
9.328156e-18
0
-9.3035365e-18
-6.1941264e-18
3.0929416e-18
3.0888175e-18
3.0847e-18
0
3.0765174e-18
-1.7054365e-30
-6.1366758e-18
1.7004299e-30
3.060038e-18
0
3.0517191e-18
-6.0951947e-18
-9.1304544e-18
6.0786975e-18
9.1055018e-18
3.0309466e-18
-3.0267206e-18
-6.0450533e-18
3.0183796e-18
-3.0142594e-18
-3.0101231e-18
6.0118782e-18
-6.0034322e-18
-2.9975103e-18
8.9801509e-18
5.9787175e-18
-2.9853584e-18
-8.9437851e-18
6.6099448e-30
-6.6004346e-30
-2.9684785e-18
-3.2907648e-30
-2.9600724e-18
2.9559122e-18
2.9517035e-18
2.947407e-18
-2.9430348e-18
-2.9386492e-18
8.802967e-18
-2.9300944e-18
-5.8519059e-18
8.7655205e-18
8.2925798e-34
-2.913484e-18
5.8184484e-18
2.9049432e-18
0
-2.8964913e-18
-2.8923646e-18
-5.7765284e-18
2.8841306e-18
-9.5915471e-30
-8.6272373e-18
2.8715469e-18
2.8673766e-18
2.8632323e-18
-2.8590785e-18
-2.8548591e-18
8.5516246e-18
-2.8461666e-18
-5.6837056e-18
-4.7262646e-30
-2.8338237e-18
5.6600173e-18
8.4781405e-18
1.5659383e-30
-1.5638901e-30
-3.9973459e-34
-2.8083144e-18
-5.6077277e-18
-2.7996157e-18
8.386735e-18
-3.0991985e-30
-5.5757664e-18
0
0
2.7761012e-18
-1.5385642e-30
1.5357212e-30
2.7629568e-18
-5.5171504e-18
-2.7542827e-18
-3.0522098e-30
2.7458906e-18
8.225157e-18
2.7375238e-18
0
0
0
-8.1629373e-18
-5.4343548e-18
8.1403151e-18
-3.0088278e-30
-5.4110438e-18
0
0
5.3847238e-18
-5.9681082e-30
-2.9785588e-30
5.3592038e-18
-2.6756389e-18
-5.3434782e-18
-5.3356271e-18
2.6638393e-18
7.9795005e-18
2.6558145e-18
0
0
0
-7.9199841e-18
-5.2722451e-18
7.8966503e-18
-5.8354335e-30
-2.6240893e-18
3.7230597e-34
-2.6156225e-18
5.2228353e-18
-2.8944986e-30
-2.6032778e-18
5.1986863e-18
0
-1.4388994e-30
-5.1753965e-18
-5.1675707e-18
7.7395993e-18
5.1519122e-18
-2.5720613e-18
-1.4251617e-30
2.5642288e-18
-7.680655e-18
-5.1122515e-18
2.5519704e-18
2.5477883e-18
-2.5436206e-18
-2.5394972e-18
2.5354218e-18
2.5313744e-18
-1.4028616e-30
1.4002518e-30
2.5191897e-18
0
2.510929e-18
-5.0135642e-18
-7.5078919e-18
4.9969445e-18
4.9886091e-18
2.4901142e-18
-2.7593451e-30
-4.9631265e-18
2.477179e-18
-2.4727395e-18
-2.4682722e-18
4.9275981e-18
-4.9186501e-18
-2.4548407e-18
2.4503378e-18
4.891639e-18
2.441291e-18
-4.8734999e-18
1.349355e-30
-2.4275594e-18
-2.4228538e-18
7.2542159e-18
-2.4132445e-18
-2.4083986e-18
7.2106017e-18
-3.408645e-34
-7.1808743e-18
-2.3885409e-18
7.1502143e-18
-2.378269e-18
-2.6374954e-47
-3.9426635e-30
-4.7257177e-18
4.7150806e-18
4.7041937e-18
-2.3466038e-18
2.5990305e-30
4.6715056e-18
-2.330366e-18
-6.9746833e-18
-2.3192475e-18
2.3134203e-18
0
2.3016085e-18
4.5915809e-18
-3.2543159e-34
-6.8526531e-18
-2.2782893e-18
4.5444081e-18
-3.2201809e-34
-4.5194805e-18
4.5069129e-18
-3.742644e-30
-4.4815615e-18
6.7031185e-18
4.4558919e-18
0
0
-2.2084526e-18
-6.6050237e-18
-2.1947053e-18
6.5628961e-18
-2.4207817e-30
-4.3473071e-18
4.3336495e-18
4.3200671e-18
-2.1531762e-18
-4.2922486e-18
2.1388292e-18
2.1313413e-18
-6.371233e-18
-2.1161102e-18
-3.5116877e-30
1.1655251e-30
2.0931752e-18
-2.0854783e-18
4.1554419e-18
6.2096411e-18
0
-6.1616944e-18
-4.0915619e-18
6.1129069e-18
-5.7682258e-34
-2.0214423e-18
4.0267938e-18
-2.0053065e-18
-1.9970819e-18
-2.2077128e-30
1.9800238e-18
3.9424502e-18
-1.9623447e-18
-3.90693e-18
-3.8892616e-18
2.1496172e-30
1.9270129e-18
-1.9181139e-18
3.8182044e-18
5.6999693e-18
0
-5.6449662e-18
-3.7450281e-18
5.5901457e-18
-2.0589723e-30
-1.8449031e-18
1.8354423e-18
1.8258206e-18
-1.0075482e-30
-3.6125946e-18
9.9720449e-31
3.5735398e-18
-1.9725176e-30
-1.9616502e-30
-3.5146942e-18
-5.242013e-18
3.4744573e-18
-1.9177966e-30
-5.7175606e-30
1.7067458e-18
1.6966056e-18
3.3728773e-18
-5.0285898e-18
-1.6658474e-18
3.3107848e-18
-3.2897263e-18
-9.289939e-34
4.8712436e-18
1.6132088e-18
-1.6026697e-18
-4.7762749e-18
5.2673408e-30
3.1413439e-18
1.5598241e-18
-3.0978581e-18
-4.61409e-18
4.5814586e-18
1.5162965e-18
1.670831e-30
1.4945177e-18
-2.9670343e-18
8.1730866e-31
-1.4612766e-18
1.4501124e-18
-4.7932406e-30
-4.2835719e-18
4.2502932e-18
4.2169744e-18
0
0
0
-1.3605968e-18
-4.047795e-18
-1.3379795e-18
-1.4728851e-30
-1.3155275e-18
3.9128795e-18
1.2929945e-18
-1.2816144e-18
-1.2701819e-18
-1.2587576e-18
2.4947859e-18
-1.2361025e-18
1.2248651e-18
-4.0419747e-30
-2.4047587e-18
3.57314e-18
2.3592914e-18
0
-2.3137504e-18
-1.2718128e-30
1.1344561e-18
-3.3700177e-18
-1.1122173e-18
1.1010402e-18
0
0
1.0672279e-18
2.1121938e-18
-2.3204403e-30
-2.0683719e-18
-1.0232888e-18
1.0123563e-18
-1.0013514e-18
9.9027862e-19
5.7340824e-47
-1.6126755e-30
2.8725539e-18
0
0
-1.8514141e-18
-1.8300735e-18
-9.042908e-19
9.9180717e-31
2.6484748e-18
-9.6869244e-31
-1.7241871e-18
0
1.6834427e-18
8.3144719e-19
-1.6421995e-18
8.1070286e-19
8.0034723e-19
-2.3705805e-18
7.8033365e-19
-2.5666132e-30
-1.5218801e-18
2.2533876e-18
1.4824627e-18
0
0
0
-2.1063447e-18
-1.3858442e-18
2.0513248e-18
1.3490041e-18
0
-1.3112408e-18
7.1733342e-31
6.3682729e-19
-1.2555384e-18
6.1905351e-19
-6.1051135e-19
-6.01856e-19
1.7789945e-18
-1.1680252e-18
-1.150026e-18
5.6614129e-19
-5.5754712e-19
1.0986781e-18
1.6241934e-18
0
-1.5753643e-18
-1.0332977e-18
5.0813522e-19
4.9975748e-19
-5.4582306e-31
4.8395756e-19
-1.5875335e-30
-4.6925115e-19
-2.5629734e-31
-1.5425259e-48
4.4570043e-19
0
4.3025607e-19
-8.4608025e-19
-1.2485659e-18
1.2283593e-18
1.207438e-18
0
-7.7572383e-19
-7.6105716e-19
7.4675741e-19
-3.6656071e-19
-3.6018676e-19
1.0623434e-18
-6.9583069e-19
-6.8262737e-19
3.3441067e-19
6.5500268e-19
3.2089275e-19
-9.4429893e-19
-3.0908007e-19
-5.0542485e-31
5.9539444e-19
1.6572438e-34
-8.558077e-19
5.5824794e-19
8.1975017e-19
2.6761675e-19
-7.8658422e-19
-5.1401827e-19
7.5556473e-19
-5.4723656e-31
-4.8155551e-19
-2.3509226e-19
1.2744695e-31
4.4893872e-19
-2.4389711e-31
2.1514354e-19
2.1051358e-19
-6.1665889e-19
-2.0034759e-19
-2.166734e-31
3.8051968e-19
-6.183635e-31
-5.4387803e-19
3.5409105e-19
-1.9202599e-31
-1.8740766e-31
-3.6496219e-31
-1.5992362e-19
4.6645924e-19
-1.5116023e-19
-2.4481968e-31
-4.768816e-31
-4.1864774e-19
1.3590424e-19
2.6404344e-19
-1.4206527e-31
1.2399938e-19
1.2031409e-19
-2.3391868e-19
-2.2763414e-19
1.22814e-31
3.2161914e-19
-1.149249e-31
-9.99192e-20
1.9312314e-19
-9.3544015e-20
-9.072664e-20
4.8803459e-32
-4.7271648e-32
8.2210663e-20
-1.5832517e-19
7.6165753e-20
-2.4425406e-31
-2.3533517e-31
2.0441473e-19
-1.3156431e-19
1.8069467e-35
1.2269906e-19
-5.8939078e-20
-1.6924676e-19
-5.400259e-20
1.5562279e-19
-5.557216e-32
-4.8429366e-20
9.3494408e-20
-8.9635365e-20
-2.1334412e-31
4.0648137e-20
-3.8930201e-20
3.760955e-20
-7.2976542e-20
3.5348936e-20
1.0222788e-19
0
0
-5.9665896e-20
-8.190421e-36
5.600873e-20
-2.7290158e-20
-8.0018997e-20
-2.6139684e-20
7.681708e-20
7.1027772e-36
2.7006635e-32
4.7602408e-20
-7.0754524e-20
-1.1822656e-31
2.3894599e-20
-2.4091954e-20
-2.411341e-20
2.6658165e-32
2.3983891e-20
-4.8626413e-20
5.0105967e-20
-8.655763e-32
-5.3736857e-20
8.2775914e-20
5.6358372e-20
-2.8786072e-20
-8.8929626e-20
-3.0862211e-20
3.2316051e-20
0
-3.5372904e-20
3.6971429e-20
1.1576799e-19
2.2324788e-32
-8.3757952e-20
4.3702767e-20
4.5815774e-20
-9.6376826e-20
5.0668427e-20
-5.3112393e-20
-1.1090895e-19
1.7320632e-19
-2.0031179e-31
1.3965572e-31
1.3192533e-19
-1.3824278e-19
-7.2222741e-20
-7.5281944e-20
-8.7023401e-32
8.144363e-20
-1.6942071e-19
1.763304e-19
2.7544726e-19
0
-9.9642839e-20
5.7523367e-32
3.0570693e-35
-3.3437113e-19
-1.1541899e-19
3.5883619e-19
-1.2408914e-19
2.4113044e-47
4.000512e-19
-1.3801585e-19
-4.2808985e-19
-1.4736224e-19
3.0402565e-19
-1.5672464e-19
1.616591e-19
-5.5588732e-31
-3.4468318e-19
5.332217e-19
2.0333914e-31
-8.3661399e-31
3.8741236e-19
-3.9827856e-19
-2.2726729e-31
2.1037789e-19
-4.3210238e-19
-2.2178384e-19
0
0
4.7991237e-19
-5.4632173e-31
-1.4330961e-34
-2.8660452e-31
-2.6425754e-19
-2.704517e-19
2.7679148e-19
2.8324834e-19
-5.7957228e-19
5.9281292e-19
-3.364602e-31
-6.1950752e-19
6.3288087e-19
1.0761554e-30
-3.6614694e-31
3.3656412e-19
-6.8683617e-19
3.5036711e-19
-7.9336298e-31
-7.2845057e-19
0
7.5591695e-19
3.8489837e-19
-7.8397753e-19
-3.9918507e-19
4.0636938e-19
-6.8872439e-31
-4.2067263e-19
0
0
8.8440056e-19
8.989889e-19
0
-9.2835611e-19
-4.7144714e-19
4.7869583e-19
-4.8599542e-19
4.9341076e-19
0
-1.0165817e-18
0
0
5.3002777e-19
-5.9641499e-31
-5.4457986e-19
0
5.595508e-19
3.1464516e-31
-5.73996e-19
0
1.1761889e-18
1.1903745e-18
-6.0240942e-19
-6.7678437e-31
6.1693934e-19
-1.2480455e-18
-1.2619833e-18
1.2757975e-18
1.8326014e-34
1.4471554e-30
1.8719702e-34
-1.3312222e-18
6.7258866e-19
-7.5435344e-31
6.8630757e-19
-6.9303049e-19
-2.0991546e-18
2.1191021e-18
7.1295373e-19
-7.1950253e-19
-8.0596251e-31
-7.3265348e-19
1.4781022e-18
1.4905193e-18
-1.5027541e-18
-2.522574e-30
-7.6361893e-19
-7.696742e-19
1.5511903e-18
-7.8142291e-19
8.7379873e-31
-4.4035735e-31
7.9857558e-19
1.6083208e-18
-1.6193599e-18
-1.6302343e-18
0
8.2580392e-19
9.2264357e-31
-1.6725712e-18
-9.3401484e-31
2.5388783e-18
1.7023438e-18
0
-1.7215779e-18
-1.9215005e-30
-8.7017876e-19
-8.7470162e-19
2.6373348e-18
-4.902372e-31
-1.7752354e-18
8.9173191e-19
1.7915298e-18
-8.9969233e-19
-1.8069752e-18
-9.0716188e-19
0
1.8285423e-18
-9.1771841e-19
-2.7631953e-18
9.243209e-19
9.2749941e-19
1.8611525e-18
9.335378e-19
-1.8727944e-18
-9.3915812e-19
-9.4182275e-19
1.0484394e-30
9.4693922e-19
9.493944e-19
1.9035218e-18
9.5405068e-19
0
0
0
-1.9249953e-18
-1.9288564e-18
1.9324291e-18
1.0744435e-30
1.0760919e-30
-1.0773578e-30
-2.1584243e-30
1.9463795e-18
0
-1.9505528e-18
-9.7621087e-19
9.7709107e-19
-9.7790597e-19
-9.7861812e-19
0
0
1.9605752e-18
-3.2661115e-30
-2.178105e-30
1.9624149e-18
-1.9626374e-18
-1.9626888e-18
0
1.9621781e-18
-1.0885589e-30
-1.9609206e-18
1.9602689e-18
1.0881065e-30
-1.9596057e-18
0
1.9597262e-18
9.7955165e-19
-1.9574586e-18
9.7750925e-19
2.1680867e-30
-1.9502583e-18
1.9482652e-18
1.9461799e-18
0
0
0
-1.9382527e-18
-1.9351832e-18
1.9321646e-18
0
-1.9264304e-18
0
-9.608402e-19
1.9185101e-18
9.5718742e-19
-9.5482418e-19
1.904885e-18
9.5021844e-19
-1.8963586e-18
-9.4625971e-19
-1.0485331e-30
9.424596e-19
-2.0881598e-30
5.3344031e-34
1.8726525e-18
0
-9.3193437e-19
-1.8593359e-18
-9.2736114e-19
0
0
0
-9.1781805e-19
1.83076e-18
9.1292901e-19
-9.1046244e-19
-9.0797163e-19
9.0544353e-19
9.0286403e-19
-1.8004448e-18
0
1.7894911e-18
1.7838532e-18
0
0
-1.7666652e-18
-9.7745238e-31
-8.7761231e-19
-8.747672e-19
8.71928e-19
-8.6908946e-19
8.6624642e-19
1.7267894e-18
8.6053159e-19
0
-1.7095358e-18
-9.4546139e-31
8.4895927e-19
-8.4604149e-19
-8.4311576e-19
-1.6803632e-18
1.6744747e-18
8.3428049e-19
-2.3627194e-34
8.2831716e-19
-1.6506122e-18
8.2227425e-19
-8.1922269e-19
-7.1029092e-48
8.1307208e-19
-1.6199629e-18
1.613774e-18
1.6075859e-18
0
-7.9761916e-19
-1.5890866e-18
4.3932921e-31
7.8841642e-19
7.8536452e-19
-1.5646383e-18
-1.5585585e-18
7.7624386e-19
1.5464238e-18
1.5403648e-18
-7.6715397e-19
-1.5282502e-18
7.6109378e-19
-7.5805775e-19
1.2570568e-30
7.5196214e-19
-1.4977973e-18
1.4916459e-18
8.2433756e-31
-4.1057469e-30
1.4730498e-18
-1.466813e-18
-3.2428996e-30
7.2715694e-19
-1.4480644e-18
7.2091151e-19
-2.0401026e-34
3.1736633e-30
7.1159411e-19
-1.417013e-18
1.5662649e-30
-3.8976262e-31
6.9929702e-19
-1.9788382e-34
-1.3863822e-18
1.3802856e-18
3.905681e-34
-3.0375739e-30
1.3619814e-18
-1.355862e-18
-1.4984025e-30
1.3435737e-18
-6.6869885e-19
-6.6559879e-19
-6.6248621e-19
6.5936148e-19
-7.2850988e-31
-1.3061583e-18
0
0
1.2871888e-18
1.8201914e-34
-1.2744982e-18
6.3407454e-19
-7.0021574e-31
6.2772644e-19
1.3866982e-30
-1.2427603e-18
0
-6.1503038e-19
1.2237034e-18
6.0866899e-19
-1.3445239e-30
6.0228606e-19
-1.1981651e-18
5.9586888e-19
-6.5775623e-31
-1.1788127e-18
0
0
5.7961576e-19
-3.1990427e-31
5.7302082e-19
-5.6970289e-19
-1.6991159e-18
1.6890865e-18
5.5967422e-19
-1.1126178e-18
5.5293346e-19
9.1504527e-31
5.4615421e-19
-3.0851837e-34
-1.7964009e-30
5.3591996e-19
-1.0649827e-18
-5.2905348e-19
0
-5.2214763e-19
5.1867838e-19
5.1519731e-19
5.1170362e-19
-1.1283505e-30
5.6012227e-31
-5.5619712e-31
-9.9517266e-19
4.9401922e-19
8.1661985e-31
-9.7368049e-19
6.8670983e-35
4.796041e-19
9.5193211e-19
9.4463198e-19
-9.3731025e-19
-5.1646802e-31
-4.6130586e-19
-4.5761946e-19
9.0785244e-19
-9.0045362e-19
-4.4652188e-19
1.3284361e-18
8.7819543e-19
-4.353791e-19
-8.6331233e-19
-4.279287e-19
4.2419649e-19
8.4091888e-19
-8.3343509e-19
-1.2389125e-18
4.092193e-19
4.054629e-19
8.0340322e-19
3.9793555e-19
-7.883302e-19
-3.9039089e-19
-3.8661365e-19
7.6566821e-19
3.7905288e-19
-7.5054102e-19
7.4297518e-19
5.8269249e-48
1.0343316e-34
7.2028634e-19
-7.1273168e-19
-1.1745912e-30
-3.8684716e-31
-1.149379e-30
5.7963273e-48
-1.0125833e-18
-3.7058397e-31
3.3001827e-19
6.52539e-19
6.4504888e-19
-6.3756563e-19
-6.9949442e-31
-3.1130934e-19
-1.0245488e-30
3.0384966e-19
-6.0025083e-19
0
2.9268842e-19
-3.2072501e-31
2.8526773e-19
5.6312893e-19
-5.557332e-19
-5.4834907e-19
0
5.336176e-19
-5.8439039e-31
-5.1893793e-19
5.1161901e-19
2.7993309e-31
-2.4851295e-19
-1.3595959e-31
-6.8566378e-35
2.3762429e-19
-2.3400934e-19
-2.3040171e-19
2.2680147e-19
-2.4789066e-31
2.1962312e-19
-7.1958916e-31
2.3587806e-31
4.1781946e-19
-4.1070643e-19
-4.0360883e-19
0
3.8946188e-19
-4.2453664e-31
-3.7538102e-19
3.6836604e-19
3.6136873e-19
-1.7719488e-19
-3.4742975e-19
-9.4547027e-32
-2.370141e-35
-9.0615715e-32
-4.5443901e-35
-1.5645995e-19
3.0607655e-19
2.9925312e-19
-2.9244947e-19
-1.5864713e-31
2.7890008e-19
-2.7215352e-19
-2.6542561e-19
0
2.5202665e-19
-3.4867202e-35
1.3246542e-31
1.2881795e-31
-2.5032578e-31
2.1886373e-19
-2.1228687e-19
-7.8827554e-48
1.9918943e-19
-2.8900433e-19
-1.8616909e-19
8.9843964e-20
0
1.6678212e-19
-2.67076e-31
8.5475325e-32
1.4755907e-19
0
0
-1.9273748e-19
-6.1084338e-20
5.7930595e-20
-5.4784242e-20
5.1644974e-20
-4.8512575e-20
-1.0075979e-31
4.2267852e-20
3.9155472e-20
3.6049767e-20
-3.2950729e-20
0
0
-4.7379843e-20
2.0613422e-20
5.2622636e-20
0
-1.1404088e-20
-1.6675314e-20
-7.498907e-37
-2.2321749e-21
1.6713782e-33
-2.1731115e-36
7.0135517e-21
-3.0362214e-20
-2.9188078e-32
8.9744697e-32
-3.8372334e-20
4.4402037e-20
2.5215514e-20
-2.8242056e-20
-3.1288226e-20
6.8710537e-20
6.2355551e-32
-1.2158508e-19
8.7212845e-20
-1.5540685e-31
-4.9693538e-20
1.0542028e-19
-5.5739971e-20
5.881257e-20
1.0313004e-31
-6.5121012e-20
1.3663489e-19
-1.4296879e-19
4.2394951e-35
6.0304837e-31
4.5807672e-35
5.5705593e-31
-1.7346236e-19
8.9873986e-20
2.0658401e-31
-9.6182678e-20
1.9871146e-19
2.0508692e-19
-2.1145472e-19
3.6266716e-31
1.1198401e-19
1.2778306e-31
-1.1827624e-19
6.9059436e-35
2.4943618e-19
-2.5586788e-19
-4.3674284e-31
4.4744011e-31
-1.5270835e-31
3.1267918e-31
-2.8828171e-19
0
0
1.5383806e-19
3.1417321e-19
-1.6038604e-19
3.6354262e-31
3.7088977e-31
5.6736922e-31
3.472946e-19
-1.7692591e-19
2.0007689e-31
1.8355846e-19
-1.8691506e-19
2.1126347e-31
1.9363341e-19
0
0
0
-4.1408629e-19
-4.2086152e-19
4.276427e-19
2.1720737e-19
-2.2058927e-19
4.4794387e-19
-4.5472279e-19
-9.2303864e-19
4.6832518e-19
4.7512868e-19
-7.2288671e-19
2.4416094e-30
4.9550785e-19
5.5773835e-31
-2.5454735e-19
-5.1588177e-19
5.2266019e-19
2.6471473e-19
-5.3619143e-19
-2.7147349e-19
0
0
2.8157973e-19
-2.8493738e-19
-5.7657909e-19
8.7490916e-19
5.8995658e-19
-5.9663007e-19
3.0164665e-19
-3.0497335e-19
2.0537007e-30
3.1161185e-19
-6.2984783e-19
6.3646321e-19
-7.1399662e-31
-6.4966831e-19
6.5625826e-19
3.314203e-19
-6.6941441e-19
3.3799001e-19
6.8253785e-19
-6.8908648e-19
-6.9562764e-19
0
7.0868153e-19
-3.5759705e-19
-7.2169618e-19
3.64094e-19
-3.6733365e-19
7.4113553e-19
-1.2449068e-30
1.2558444e-30
7.6045256e-19
8.514919e-31
-3.8662234e-19
-7.7961047e-19
7.8595262e-19
3.9613475e-19
-7.9855853e-19
-8.0481411e-19
8.1103676e-19
4.0861421e-19
-8.2338295e-19
0
-4.1779854e-19
8.4167483e-19
8.4774552e-19
-8.5383147e-19
-4.2998089e-19
8.6615783e-19
8.7244483e-19
0
0
-4.4607606e-19
-8.9902388e-19
-4.5300372e-19
9.1305306e-19
9.2008299e-19
-9.2699753e-19
1.0362635e-30
9.4001739e-19
-9.4591866e-19
1.0562406e-30
4.7808352e-19
-1.4408245e-18
-9.6466382e-19
1.4531714e-18
-1.620386e-30
-9.7837448e-19
1.4765744e-18
-4.9563952e-19
1.6634469e-30
-1.6772314e-30
-5.07584e-19
5.114267e-19
-5.148437e-19
1.0354447e-18
1.0400581e-18
-1.0437303e-18
1.1620965e-30
3.4999544e-30
-1.0556324e-18
0
0
5.3875543e-19
1.2054363e-30
-1.0932981e-18
1.0995882e-18
5.5221876e-19
-1.6621344e-18
1.1112859e-18
-1.2775369e-48
3.7317398e-30
1.1272198e-18
1.2603252e-30
5.7156072e-19
0
-1.1567679e-18
-1.1614194e-18
1.1650235e-18
2.5946597e-30
-1.1730721e-18
1.1791807e-18
2.6347914e-30
1.3262106e-30
-6.0080653e-19
4.0227454e-30
-1.1743945e-48
-6.0813127e-19
1.8301614e-18
-1.2252469e-18
-1.2318366e-18
1.2392119e-18
-6.9207158e-31
-6.264507e-19
0
0
1.26628e-18
-1.4116369e-30
1.4191409e-30
-5.3673011e-48
1.4340251e-30
1.2973855e-18
-1.3021786e-18
-1.9596759e-18
6.55595e-19
6.5840024e-19
-6.6145357e-19
0
-6.6712918e-19
1.3388063e-18
-2.2359952e-30
4.4876102e-30
1.3524788e-18
1.5073904e-30
6.8148392e-19
0
-1.3720192e-18
-1.3765676e-18
0
0
0
1.3980141e-18
7.0167985e-19
-1.4089065e-18
-1.4148103e-18
1.4210148e-18
-2.3765166e-30
-7.1691118e-19
2.1604726e-18
-1.4469064e-18
-1.4536209e-18
7.3021265e-19
0
0
0
1.4871283e-18
3.3165137e-30
-1.4998581e-18
1.5061488e-18
1.512436e-18
-2.2781315e-18
-1.525134e-18
7.6579588e-19
-7.6906196e-19
7.7235426e-19
7.756569e-19
-7.7895411e-19
0
1.570975e-18
-1.7514095e-30
-7.9191659e-19
1.5902014e-18
7.9827338e-19
-8.0143966e-19
8.9334462e-31
8.0775978e-19
-1.6218252e-18
-1.6281189e-18
0
0
0
1.6532185e-18
1.8422934e-30
-1.6657799e-18
0
1.6783506e-18
-8.4231518e-19
2.8162175e-30
8.485834e-19
-2.5551523e-18
9.4926717e-31
8.5801606e-19
1.7223792e-18
2.4567147e-34
-1.7351614e-18
1.7415661e-18
3.8814806e-30
3.895584e-30
-4.8458984e-48
3.9233243e-30
1.7731992e-18
0
-1.785897e-18
-8.9617014e-19
1.2781553e-34
-9.0269132e-19
1.8119207e-18
-4.9760319e-48
-1.8248403e-18
0
9.1871882e-19
1.8436741e-18
9.2496882e-19
-9.2814201e-19
-1.3235621e-34
9.3466667e-19
0
0
-1.889369e-18
-1.8958862e-18
1.9022352e-18
-2.1189309e-30
-1.9145753e-18
0
0
1.9335546e-18
-9.7014674e-19
6.4856169e-30
9.7707889e-19
4.3540556e-30
1.9676356e-18
0
0
-9.9289797e-19
1.105702e-30
-9.989746e-19
-2.0046103e-18
0
0
0
2.0340697e-18
2.0408442e-18
0
-2.0523418e-18
-3.086152e-18
-1.0313279e-18
3.1027214e-18
2.0752311e-18
-2.0829719e-18
-1.0457422e-18
1.0501277e-18
2.1085721e-18
-2.1157334e-18
-2.1213503e-18
3.188351e-18
2.1290271e-18
0
0
-1.0721934e-18
2.3906151e-30
1.0819149e-18
-2.1749929e-18
-2.1852656e-18
0
0
0
2.1995836e-18
4.8851965e-30
-2.2031378e-18
-1.1050769e-18
2.2214803e-18
-7.4475941e-30
7.5006053e-30
2.2661134e-18
2.5261861e-30
-1.1386539e-18
-2.2733773e-18
0
0
0
2.2677321e-18
2.2847994e-18
0
-2.3352589e-18
2.6174224e-30
-1.1840339e-18
7.8752992e-30
2.3484442e-18
-2.3259193e-18
-1.1531021e-18
-1.1492459e-18
1.154467e-18
1.1694095e-18
-1.1917231e-18
-1.2158796e-18
1.2346217e-18
3.724428e-18
1.2334709e-18
0
-1.1860228e-18
-1.6513257e-34
-1.1506375e-18
-2.3194095e-18
2.3827558e-18
1.2384491e-18
-1.2844145e-18
1.3117581e-18
-1.3134336e-18
-3.885466e-18
-7.6296492e-48
3.6320926e-18
-1.1345324e-18
3.5453949e-30
-6.2687329e-47
-1.2048163e-18
1.5674947e-18
-1.5075302e-18
2.3305027e-18
-2.7185875e-30
-1.2211615e-18
2.3763849e-18
-1.2280066e-18
-2.566059e-18
2.6261425e-18
5.9014401e-30
-4.0053845e-18
2.6576711e-18
1.2317791e-47
8.6332123e-30
1.282928e-18
-2.5568654e-18
2.5665257e-18
-2.8756272e-30
-1.3101948e-18
-8.666188e-48
-1.3347448e-18
2.6798611e-18
2.6805947e-18
0
-2.6675071e-18
-2.6623963e-18
-1.3312228e-18
2.6684997e-18
4.0193439e-18
-1.346707e-18
-4.0611827e-18
6.0385041e-30
1.3641553e-18
1.5174485e-30
3.0383501e-30
1.3692519e-18
-1.3703213e-18
9.1396332e-30
4.1248533e-18
-1.3787346e-18
3.0716438e-30
1.3878166e-18
0
-2.7924549e-18
-2.7990998e-18
0
0
0
-1.4094038e-18
-4.7052723e-30
1.5721072e-30
2.8403127e-18
-1.9932017e-48
1.4260984e-29
1.4305981e-18
-4.3024805e-18
2.8751489e-18
1.4407925e-18
-4.3318456e-18
1.6069157e-30
1.4502956e-18
0
0
2.9210172e-18
-3.2506761e-30
3.2594116e-30
2.9422912e-18
-2.9492174e-18
6.5645713e-30
1.4814025e-18
3.2973035e-30
-3.3046629e-30
-2.9832991e-18
3.3201331e-30
3.328026e-30
1.5022953e-18
-1.5058847e-18
1.0055287e-29
4.5391103e-18
-1.5165937e-18
3.3751856e-30
1.5237037e-18
0
-3.0617515e-18
-3.0689978e-18
1.5381444e-18
-1.7118582e-30
-1.5454773e-18
3.0983052e-18
1.0344141e-29
-3.1130143e-18
3.1203778e-18
-1.5638778e-18
1.0442382e-29
1.571288e-18
6.9940083e-30
3.1574918e-18
-3.1649782e-18
-3.1724775e-18
0
0
0
3.2025545e-18
7.1278375e-30
-3.2176396e-18
3.2251955e-18
3.2327598e-18
0
-3.2479089e-18
3.6140893e-30
1.6315376e-18
-1.6353307e-18
-1.639124e-18
-3.2858342e-18
3.6566647e-30
1.6505027e-18
-1.6542952e-18
3.6816936e-30
-3.6905851e-30
3.3313395e-18
3.3389177e-18
3.7158276e-30
1.67703e-18
0
0
-3.3767271e-18
-3.3842695e-18
0
3.3993334e-18
3.7826096e-30
-3.4143661e-18
0
-1.7146824e-18
3.4368515e-18
-5.7355939e-30
-1.7258996e-18
5.1888903e-18
-3.4667126e-18
1.1570524e-29
5.2223874e-18
-1.7445094e-18
-3.4964384e-18
1.7519253e-18
7.7970537e-30
-3.518655e-18
1.7630239e-18
-1.7667173e-18
1.7704079e-18
5.3222881e-18
-3.5555637e-18
-1.7814655e-18
-1.7851474e-18
1.7888278e-18
-2.1178815e-48
-1.7961853e-18
1.7998636e-18
-3.6070845e-18
-3.6144439e-18
5.4327094e-18
7.2583447e-18
-1.8182712e-18
6.0684704e-30
1.8256483e-18
0
0
-1.8367365e-18
4.0871234e-30
1.8441515e-18
-3.6957364e-18
-3.7031839e-18
0
0
1.8628104e-18
-4.1451428e-30
-3.7406688e-18
1.8741122e-18
5.633705e-18
-3.7634075e-18
1.256035e-29
-6.2913207e-30
-1.8931946e-18
5.6911685e-18
-1.9009351e-18
-3.8096655e-18
0
0
0
3.8412728e-18
3.8492946e-18
0
-3.8655006e-18
-5.8105356e-18
3.8819423e-18
-6.4770639e-30
-3.8986471e-18
1.9535542e-18
-1.957824e-18
2.1785472e-30
5.8994715e-18
-5.6016121e-34
-3.9506849e-18
0
3.9688008e-18
3.978027e-18
0
-1.9984228e-18
4.4486232e-30
-4.0161952e-18
-4.0260861e-18
2.0180653e-18
0
0
2.0336338e-18
-2.0390047e-18
-2.0444738e-18
4.1000917e-18
4.1114516e-18
-4.1230376e-18
2.0656457e-29
6.2203981e-18
-2.0796318e-18
2.3159998e-30
-2.0923779e-18
-4.1979415e-18
0
0
0
4.2539214e-18
4.2687962e-18
-6.4260802e-18
-4.2997096e-18
4.7917868e-30
4.3322874e-18
-4.9547908e-48
-4.366674e-18
2.1922964e-18
0
-2.2109894e-18
1.9016517e-48
2.2307811e-18
2.2411149e-18
-8.3020796e-48
-2.2627136e-18
4.548004e-18
4.5712648e-18
0
-2.3099685e-18
5.158088e-30
-2.3358213e-18
-4.698697e-18
4.7265883e-18
2.3776724e-18
-2.392498e-18
-4.8155719e-18
-2.4235516e-18
7.3194303e-18
-5.4543469e-30
-7.421599e-18
4.983388e-18
7.5302244e-18
0
-2.5485577e-18
-5.1373837e-18
-2.5894432e-18
5.2216573e-18
-1.169227e-29
-2.6555694e-18
5.3579168e-18
-2.7030487e-18
-5.4557132e-18
5.5067974e-18
1.2344309e-29
-8.420252e-18
-2.8345932e-18
8.5897057e-18
-1.7240443e-47
-5.8459637e-18
2.9541182e-18
5.9722343e-18
-1.3407026e-29
-3.0527627e-18
8.7750257e-34
-3.1230322e-18
6.3191179e-18
6.3940611e-18
0
-6.5497118e-18
1.472259e-29
9.5400288e-34
7.5477033e-30
6.8846819e-18
-6.9734639e-18
-1.0596436e-17
9.0344133e-48
3.6260585e-18
0
0
-3.7746962e-18
7.6526409e-18
-1.2916579e-29
2.6195256e-29
7.974831e-18
8.9776525e-30
4.0999558e-18
0
-8.4330931e-18
-8.552674e-18
0
0
0
9.0503372e-18
3.0575591e-29
2.0669071e-29
-4.7214696e-18
3.1899385e-29
-3.9461312e-47
-9.8507985e-18
1.4984834e-17
-5.0652242e-18
-1.0272412e-17
5.782253e-30
1.3959367e-47
5.3530235e-18
0
-5.5004174e-18
5.5748447e-18
5.649699e-18
5.7249334e-18
1.1600999e-17
-1.1752697e-17
1.3217896e-29
6.0286933e-18
-1.8315254e-17
-6.1815503e-18
6.2580343e-18
6.3344795e-18
7.1169928e-30
-1.2974038e-17
7.2868526e-30
6.6386897e-18
1.3428092e-17
6.7890002e-18
7.6204905e-30
6.9374466e-18
0
-1.4167031e-17
-1.4310992e-17
0
0
0
1.4869755e-17
6.6637746e-29
-2.2705605e-17
-8.4744884e-30
2.3092445e-17
-7.7600299e-18
5.2100848e-29
7.8809664e-18
-2.38177e-17
8.8755873e-30
8.0510685e-18
1.6209042e-17
8.1562552e-18
-1.6412433e-17
8.254352e-18
1.8429879e-29
-4.7435514e-33
2.3838152e-33
3.7426266e-29
1.6931852e-17
-1.7004208e-17
1.8952826e-29
8.5679988e-18
-1.719529e-17
-8.625047e-18
1.7300351e-17
8.6730029e-18
-1.738701e-17
-8.7116601e-18
0
1.7481712e-17
1.7503738e-17
-8.7604779e-18
1.9468376e-29
8.7702869e-18
0
0
-1.7531742e-17
-1.75192e-17
1.7501961e-17
2.4840662e-33
-1.7453545e-17
0
1.7386861e-17
3.3054092e-47
-2.5953535e-17
-8.6267931e-18
8.6002841e-18
-1.9031759e-29
1.7082114e-17
2.5525282e-17
0
-8.4373746e-18
1.8648451e-29
-8.3589401e-18
-1.6634181e-17
0
8.2284099e-18
1.6363398e-17
8.1334901e-18
-2.4251541e-17
-2.701561e-46
7.9805225e-18
1.7604803e-29
-7.8722654e-18
5.2064747e-29
1.5519257e-17
-1.5403687e-17
-7.6431742e-18
7.5836914e-18
1.5046932e-17
-1.4925137e-17
-7.4010693e-18
2.2017115e-17
7.2765457e-18
0
0
-7.0869903e-18
1.5596943e-29
6.9595672e-18
-1.3791475e-17
-1.3663827e-17
0
0
0
0
1.3029974e-17
-1.8338931e-33
-1.9170876e-17
1.2657199e-17
1.8802221e-17
0
-6.1467021e-18
1.3518195e-29
-6.0285163e-18
-1.1940928e-17
0
0
0
1.1491952e-17
1.1383856e-17
0
-1.1172984e-17
-1.6605433e-17
-5.4847342e-18
1.630583e-17
1.077357e-17
-1.0678543e-17
-5.2927448e-18
1.0494425e-17
5.2026805e-18
-1.5477457e-17
-5.1166303e-18
5.0751149e-18
1.0069211e-17
9.9902028e-18
0
-4.9190926e-18
2.1682309e-29
4.8470486e-18
-9.6249902e-18
-9.5578166e-18
0
0
0
9.3080359e-18
2.0538261e-29
-9.1941634e-18
-4.5699455e-18
9.0873564e-18
1.448851e-47
5.9864161e-29
1.3536394e-47
-4.4469965e-18
4.4248448e-18
-4.4034692e-18
0
8.7259652e-18
4.3438403e-18
6.1467781e-34
4.3076771e-18
0
0
-8.516993e-18
-1.2730171e-17
8.4578051e-18
-1.4040328e-29
-1.2605167e-17
4.1889997e-18
4.1768362e-18
8.3304344e-18
-1.8449216e-29
-8.28711e-18
0
0
0
0
0
0
0
-4.0759664e-18
-4.0694559e-18
1.219001e-17
8.1151939e-18
-4.0522262e-18
4.0472138e-18
-8.0850984e-18
-4.0382222e-18
4.0342234e-18
-8.0610865e-18
-4.0271722e-18
0
0
4.0188239e-18
4.459607e-30
8.9142934e-30
8.0258778e-18
4.4544986e-30
-4.0102728e-18
8.0185873e-18
8.9013177e-30
-4.0080061e-18
8.0153674e-18
-4.0075665e-18
-1.2022942e-17
-4.0079199e-18
0
0
4.0098236e-18
-4.453167e-30
-4.011937e-18
4.0132296e-18
4.0146726e-18
0
4.0179886e-18
8.0397018e-18
-4.0218433e-18
-8.0479211e-18
0
8.0571018e-18
8.9512254e-30
-1.2100762e-17
-4.0362621e-18
4.0390361e-18
5.7438928e-34
4.0448651e-18
4.0479121e-18
2.3886307e-48
-4.501987e-30
-8.1150702e-18
-4.0608916e-18
0
1.2203425e-17
4.0713635e-18
-1.2224939e-17
9.0570067e-30
8.1647554e-18
4.5374175e-30
-4.0899932e-18
0
0
4.1017934e-18
8.2116276e-18
-4.1098729e-18
-1.2341905e-17
-4.1180977e-18
0
0
4.1306678e-18
-9.1807636e-30
-4.1391835e-18
4.143478e-18
4.1477955e-18
4.1521343e-18
4.1564927e-18
4.1608687e-18
-4.1652606e-18
-8.3393323e-18
0
8.3570244e-18
8.3659007e-18
-8.374795e-18
-1.257556e-17
4.6597422e-30
-4.6641102e-30
4.6684844e-30
4.2097497e-18
4.214238e-18
4.2187299e-18
-8.4464483e-18
-4.2277199e-18
-4.2322162e-18
-4.2367122e-18
8.4824147e-18
4.2457008e-18
0
-4.2546801e-18
1.418617e-29
4.7345053e-30
4.7376552e-30
4.2725899e-18
4.2770543e-18
8.5630256e-18
-4.2859651e-18
-8.5808214e-18
0
-4.2992802e-18
-4.3037031e-18
0
4.3125224e-18
-9.58487e-30
-6.1409418e-34
-6.1471593e-34
-4.3300429e-18
4.3343952e-18
1.3016205e-17
-9.6441506e-30
-8.6947476e-18
0
0
8.7204462e-18
8.7289533e-18
0
-8.7458804e-18
-4.37715e-18
4.3813446e-18
-4.3855234e-18
-8.7793706e-18
4.3938295e-18
4.3979552e-18
-4.4020616e-18
-8.8122968e-18
-4.4102153e-18
4.4142624e-18
4.4182898e-18
4.4222976e-18
0
0
-4.4342039e-18
2.9550863e-48
4.4420431e-18
-4.4459328e-18
4.4498023e-18
4.4536514e-18
-4.4574801e-18
0
-4.4650765e-18
-4.4688447e-18
0
4.4763233e-18
4.9741563e-30
-4.483729e-18
0
0
4.4947104e-18
8.9966776e-18
1.4994832e-29
-4.5055503e-18
0
0
4.5162647e-18
-4.5198126e-18
4.5233505e-18
1.3580639e-17
-9.0608024e-18
-1.3601749e-17
-4.5374257e-18
0
9.0888639e-18
4.5479307e-18
-4.5514278e-18
-9.109849e-18
-4.5584218e-18
9.1238417e-18
4.5654229e-18
0
0
0
-4.5794841e-18
-6.5128609e-34
-1.5277952e-29
-4.5901183e-18
9.1873729e-18
4.5972685e-18
-4.6008654e-18
0
4.6081085e-18
4.6117562e-18
-4.6154221e-18
-4.6191066e-18
-4.6228102e-18
-4.626533e-18
1.3890826e-17
-1.9144923e-47
-9.2756421e-18
9.28325e-18
1.0315632e-29
-9.298595e-18
1.6416902e-48
4.6570582e-18
4.6609722e-18
-4.6649086e-18
4.6688677e-18
1.4018548e-17
-9.3537076e-18
-1.4042643e-17
-4.6849308e-18
0
9.386196e-18
4.6972148e-18
-4.7013531e-18
-4.7055126e-18
1.0455611e-29
4.7138932e-18
0
0
0
0
0
0
0
-4.748218e-18
4.7525971e-18
4.7569941e-18
-9.5228162e-18
2.0901371e-49
4.7702825e-18
9.5494816e-18
2.1223964e-29
-1.4351084e-17
2.1195254e-49
6.8108275e-34
9.5944176e-18
-2.3047887e-47
-1.4418808e-17
4.8108147e-18
4.8153705e-18
-4.8199372e-18
4.824515e-18
4.8291044e-18
-4.8337057e-18
9.6766378e-18
-4.8429441e-18
1.6141899e-29
1.4556687e-17
-9.7137745e-18
-1.4584665e-17
-4.866231e-18
0
0
4.8802962e-18
4.884993e-18
-4.8896923e-18
-5.4342157e-30
4.8990951e-18
0
0
0
0
0
0
0
9.8734735e-18
-4.9414453e-18
-1.4838461e-17
4.9508612e-18
-7.042284e-34
4.9602698e-18
-1.1026563e-29
4.4142311e-29
4.9743544e-18
-9.9580775e-18
-4.9837165e-18
0
0
4.9976966e-18
5.0023321e-18
-5.0069509e-18
5.5650069e-30
-3.4348098e-48
5.573009e-30
1.0050437e-17
-1.1169683e-29
5.5894831e-30
1.0077465e-17
-5.0432311e-18
-1.5143223e-17
-5.0522706e-18
0
0
5.0660191e-18
1.5211943e-17
-5.0752827e-18
-1.0159815e-17
1.5253505e-17
-1.1299225e-29
-1.0187032e-17
0
0
0
0
1.02289e-17
1.1365834e-29
-1.5366874e-17
1.0252393e-17
5.1301482e-18
-1.5402561e-17
5.1383319e-18
5.1425921e-18
5.7146507e-30
-1.9129131e-48
-1.0311974e-17
-5.1605406e-18
0
1.5508536e-17
5.1738552e-18
-1.0356133e-17
-5.1821303e-18
1.1515353e-29
-2.8003568e-48
2.7456949e-48
1.0394505e-17
5.7745903e-30
5.7780465e-30
1.0417288e-17
5.7876508e-30
-1.0433931e-17
-1.0442729e-17
-5.2258665e-18
0
5.234872e-18
7.4453758e-34
-5.2433893e-18
5.2473764e-18
5.2511962e-18
0
0
0
-5.2661199e-18
1.1702101e-29
5.2744261e-18
1.0557837e-17
-5.2835925e-18
3.5219432e-29
5.2932041e-18
-1.0595938e-17
-5.302591e-18
5.3070108e-18
5.3111978e-18
1.1801269e-29
1.0637949e-17
-5.3227756e-18
-1.0653383e-17
0
-5.3352592e-18
-5.340002e-18
5.345018e-18
5.3502156e-18
0
-5.3606822e-18
1.1914313e-29
5.3705526e-18
0
5.3794651e-18
-5.3836287e-18
-5.3877534e-18
5.3920183e-18
0
-5.4013014e-18
-5.4063177e-18
0
5.4168225e-18
-6.0201695e-30
-5.4273862e-18
0
0
5.4422508e-18
5.4469162e-18
-5.4514977e-18
5.4560632e-18
1.6382113e-17
-5.4654985e-18
2.4293757e-29
1.0951148e-17
0
-1.0971794e-17
-1.0981981e-17
-5.4960052e-18
-5.5009466e-18
0
5.5107095e-18
5.5155992e-18
0
0
-5.5306394e-18
-5.5357833e-18
5.5409448e-18
5.5460783e-18
0
0
0
0
-5.5707854e-18
-5.5756954e-18
1.1161332e-17
5.5856967e-18
-5.5907683e-18
0
-5.6009075e-18
-5.6059303e-18
-1.1221854e-17
-5.6159298e-18
-6.2409442e-30
-5.6261227e-18
1.6894076e-17
-3.0014269e-48
-1.1283948e-17
1.129442e-17
-1.2551419e-29
1.2561476e-29
1.132377e-17
6.290612e-30
-5.6709692e-18
5.6756175e-18
5.6805015e-18
0
-1.1382095e-17
-1.7089667e-17
-5.7020323e-18
0
1.1424825e-17
5.7172665e-18
-5.7220035e-18
0
-5.7316453e-18
-1.6304732e-33
5.741953e-18
0
0
0
0
0
-5.7717032e-18
-5.7762016e-18
1.1561636e-17
5.7856328e-18
-5.7906549e-18
0
5.8010138e-18
1.1612259e-17
-5.8110874e-18
-1.1631738e-17
-5.820521e-18
1.1650268e-17
1.9415894e-29
-1.7503724e-17
5.839447e-18
5.8443492e-18
-5.8491859e-18
5.853877e-18
1.7575173e-17
-1.9999189e-49
-5.8670531e-18
5.8713681e-18
5.8757732e-18
-1.764088e-17
-1.1769801e-17
6.5382694e-30
-5.8940866e-18
0
5.9027755e-18
5.9069008e-18
0
-5.9150423e-18
-1.1838396e-17
5.923458e-18
-2.6328108e-29
1.3172914e-29
1.1872989e-17
0
0
0
5.9530303e-18
-5.9571928e-18
2.6474132e-29
5.9657606e-18
-1.1940159e-17
5.9743322e-18
1.1956943e-17
-1.1964997e-17
-5.9864629e-18
-8.5129362e-34
1.9261119e-49
1.7996199e-17
-6.0030419e-18
-1.8022103e-17
1.8034823e-17
6.0156868e-18
-1.8058729e-17
1.3373671e-29
1.2054456e-17
8.5711539e-34
-6.0359888e-18
-6.0408977e-18
-1.7183657e-33
1.2101917e-17
1.2111409e-17
-6.0601167e-18
-1.8192606e-17
-6.0681031e-18
0
0
6.0810775e-18
6.0859226e-18
-6.0908016e-18
2.7069897e-29
-6.1002928e-18
2.7111366e-29
1.8328846e-17
1.2228802e-17
-6.7942548e-30
-1.2248767e-17
-6.1295008e-18
1.2269187e-17
4.0900455e-29
-1.8433299e-17
1.2298331e-17
6.1538466e-18
-1.847568e-17
6.8440328e-30
-6.8477693e-30
6.1733831e-18
6.1785394e-18
-1.2367503e-17
-6.1889992e-18
0
0
6.2048602e-18
3.5300315e-33
6.899859e-30
1.2440525e-17
-1.3822688e-29
-6.2300602e-18
6.234968e-18
-6.9264537e-30
6.9331162e-30
-6.2505859e-18
-6.2561124e-18
-8.8983768e-34
-6.2671674e-18
0
0
6.2827365e-18
-6.9803259e-30
-6.2927045e-18
6.2977345e-18
1.399601e-29
6.308027e-18
1.262657e-17
6.3185823e-18
-6.3238791e-18
-1.2658282e-17
0
-6.3394976e-18
1.2689189e-17
6.3496505e-18
-6.3546778e-18
1.4122256e-29
1.4130691e-29
1.2739528e-17
-6.3748707e-18
-1.27601e-17
0
-6.3906217e-18
1.4202813e-29
6.4013072e-18
0
0
0
0
-6.4272433e-18
-9.140997e-34
6.4376168e-18
1.2885738e-17
-1.8326683e-33
-6.453351e-18
1.2916994e-17
-6.4635448e-18
-1.9405487e-17
6.4733744e-18
-2.8767231e-29
-1.2966141e-17
6.487961e-18
7.2090346e-30
2.1640979e-29
1.4439424e-29
-6.5079921e-18
0
1.3036151e-17
1.9569228e-17
-6.528036e-18
-1.9598847e-17
-7.2588928e-30
6.54262e-18
0
0
1.3113443e-17
-1.456624e-29
-1.3131688e-17
1.3140647e-17
-1.459796e-29
-6.5791581e-18
-6.583543e-18
-6.5879293e-18
6.5923302e-18
0
-6.6011864e-18
1.3211249e-17
6.6100469e-18
-1.3228872e-17
-6.6187773e-18
-9.4119386e-34
1.3254586e-17
1.472483e-29
-6.6356183e-18
6.6397421e-18
1.3287725e-17
-6.6479951e-18
-1.3304304e-17
1.3312681e-17
-6.6605603e-18
-1.9994418e-17
6.6690677e-18
6.673333e-18
0
0
-6.6860491e-18
1.4856289e-29
6.6944402e-18
6.6986344e-18
9.5253231e-34
-6.7071065e-18
6.7114208e-18
7.4546112e-30
-6.7202693e-18
0
-6.7294123e-18
7.4748794e-30
6.7387482e-18
-6.7434398e-18
-6.7481251e-18
1.3505593e-17
2.0272365e-17
-6.7621119e-18
-1.3533569e-17
6.7714941e-18
-6.7762597e-18
-1.3562191e-17
6.7860083e-18
1.3581988e-17
-6.7960403e-18
-6.8011295e-18
1.3612482e-17
6.811355e-18
6.8164583e-18
-7.5729518e-30
-2.0479857e-17
-6.8316908e-18
6.8367775e-18
0
0
-6.8522815e-18
6.8575523e-18
6.862864e-18
-6.8681999e-18
0
1.3757744e-17
-3.0573865e-29
-1.3778936e-17
6.8947358e-18
6.8999942e-18
-6.9052543e-18
7.6727149e-30
-3.9221039e-48
7.6854523e-30
-9.8375029e-49
6.9317317e-18
1.5402328e-29
-1.3884655e-17
0
-6.9528698e-18
6.9581309e-18
-1.5462838e-29
4.9001541e-49
6.9739882e-18
-2.0937977e-17
-6.9846918e-18
1.3980161e-17
6.9954813e-18
7.0008806e-18
-7.0062657e-18
-7.0116272e-18
1.4033921e-17
7.7977799e-30
7.0275535e-18
-3.1234026e-29
4.6884147e-29
1.5638423e-29
-1.4097299e-17
0
7.0592222e-18
-7.0645119e-18
7.0698018e-18
7.0750929e-18
-1.4160776e-17
0
1.4182007e-17
-1.5756005e-29
-1.4203325e-17
-7.1070032e-18
9.8761377e-49
1.4235379e-17
7.1230292e-18
-1.4256731e-17
-7.1336981e-18
-7.924391e-30
1.4288704e-17
7.1496687e-18
-1.4309944e-17
0
-7.1655189e-18
7.1707576e-18
7.1759754e-18
-1.4362356e-17
-2.04249e-33
1.0219829e-33
-7.1967592e-18
7.2019519e-18
7.2071376e-18
0
-7.2174566e-18
-8.0202147e-30
1.4455367e-17
7.2327753e-18
-7.2378683e-18
7.2429728e-18
-7.5555893e-48
-2.1759646e-17
8.0599054e-30
7.2633877e-18
7.2683767e-18
1.4546536e-17
-7.2780549e-18
-1.4565501e-17
0
0
-7.2966577e-18
1.621228e-29
-8.1098707e-30
-1.6233509e-29
7.3157064e-18
7.320416e-18
8.1318598e-30
-1.4658836e-17
3.0420761e-48
-1.0427682e-33
-8.154828e-30
1.4692107e-17
8.1599202e-30
-7.3546182e-18
-7.3590754e-18
7.3635879e-18
7.3680699e-18
-1.4744862e-17
1.6378304e-29
-1.6388152e-29
-8.1988016e-30
7.3880431e-18
0
0
0
0
7.4083665e-18
7.4129023e-18
-7.4174094e-18
7.4217846e-18
-5.8885953e-48
-2.2289901e-17
7.4338365e-18
7.4376789e-18
8.2613192e-30
-7.4457305e-18
-7.4500805e-18
1.4909287e-17
8.2810206e-30
-1.4928267e-17
-7.4688785e-18
7.4735224e-18
7.4780394e-18
0
0
7.4912641e-18
7.4958175e-18
-1.5001092e-17
-7.5054625e-18
8.337843e-30
9.6070007e-49
7.5209553e-18
1.5052297e-17
3.3447632e-29
-2.260875e-17
7.5411423e-18
7.5459727e-18
-1.5101608e-17
1.6772741e-29
8.395713e-30
1.0751824e-33
-1.000034e-48
-8.4134888e-30
7.5822751e-18
0
7.5932278e-18
7.5985278e-18
-7.6036821e-18
-7.6087233e-18
1.5227438e-17
-1.6913798e-29
-7.6239288e-18
7.6292831e-18
-7.63483e-18
1.696213e-29
-7.6462991e-18
-7.652032e-18
1.5315244e-17
1.7016378e-29
7.6681494e-18
-2.1808263e-33
-7.6779273e-18
-7.6827596e-18
-7.687695e-18
7.6928492e-18
7.698243e-18
7.7038967e-18
-1.5419414e-17
-7.7156062e-18
2.3164264e-17
1.7158703e-29
-1.5465024e-17
1.5475452e-17
1.7188977e-29
-1.5495294e-17
1.5505065e-17
2.2048329e-33
-2.3288112e-17
7.7680997e-18
7.7736232e-18
-7.7793706e-18
-7.7851079e-18
-7.790815e-18
7.7962877e-18
1.5603772e-17
1.1094661e-33
-1.5624483e-17
7.8172846e-18
2.346722e-17
-7.8275103e-18
-1.566551e-17
0
-7.8435307e-18
-8.7135786e-30
7.8545938e-18
-7.8601441e-18
-2.2355712e-33
1.5742271e-17
-7.8765529e-18
-7.88183e-18
7.8871127e-18
0
-7.8975468e-18
-7.9027597e-18
7.9080783e-18
1.5826725e-17
7.9187534e-18
-1.5848179e-17
-7.9294984e-18
7.934822e-18
0
7.9454603e-18
-7.9507623e-18
-7.9559552e-18
7.9611883e-18
0
-7.9715049e-18
-7.9765973e-18
1.5963486e-17
7.9867885e-18
-7.9918742e-18
0
-8.001847e-18
1.1378249e-33
8.0116503e-18
8.0164612e-18
-8.0213158e-18
3.5642893e-29
2.4092568e-17
-8.920659e-30
-1.608045e-17
-8.044782e-18
-8.0493411e-18
8.0537483e-18
8.0581556e-18
-8.0624225e-18
-8.0667142e-18
8.0708985e-18
2.4225427e-17
-8.0793064e-18
-1.6167091e-17
0
1.6183847e-17
-5.7373183e-48
-2.4300586e-17
8.1042331e-18
8.1083088e-18
-8.1122825e-18
8.1163245e-18
1.1539646e-33
-1.624879e-17
7.1661976e-49
2.4397976e-17
3.6137141e-29
-1.6282296e-17
0
8.1497911e-18
8.1541059e-18
0
-8.1628694e-18
-8.1673378e-18
-8.1717828e-18
-8.1763749e-18
8.1809732e-18
8.1857382e-18
0
-8.1954485e-18
8.2003742e-18
2.4616299e-17
-9.1148571e-30
-8.2155995e-18
-8.2206971e-18
8.2259083e-18
-1.8277843e-29
-1.6472758e-17
-8.2416468e-18
-8.2470427e-18
1.6504816e-17
2.4773674e-17
-1.8349448e-29
-2.4806586e-17
-8.2743278e-18
1.1766409e-33
2.7597499e-29
8.29089e-18
8.2963667e-18
1.8435186e-29
-8.3074554e-18
8.3130832e-18
-1.8472333e-29
-1.6648728e-17
-2.3675319e-33
2.5007288e-17
5.5564019e-29
-1.6694436e-17
0
8.3586688e-18
-8.3643417e-18
-1.674017e-17
8.3757416e-18
8.3814743e-18
-8.3871269e-18
1.6785726e-17
8.3985241e-18
-2.5212811e-17
-1.8673815e-29
1.6831373e-17
1.1967455e-33
9.3529467e-30
8.4327261e-18
-8.438445e-18
8.444083e-18
-8.449812e-18
-1.6910959e-17
8.4612563e-18
0
-8.4728247e-18
8.4786061e-18
8.4844789e-18
-1.6980527e-17
2.7035675e-49
8.5018435e-18
-8.5076272e-18
9.4534785e-30
-8.5190459e-18
2.4228686e-33
2.5591437e-17
-9.4740494e-30
9.4817413e-30
-8.5478181e-18
-8.5537045e-18
2.5678526e-17
-1.9020183e-29
5.7096492e-29
8.576955e-18
-1.7165316e-17
9.5356843e-30
1.7188247e-17
-1.7199842e-17
-1.7211332e-17
8.6115338e-18
-8.617351e-18
-8.6232772e-18
8.629128e-18
8.6350586e-18
0
-8.6467757e-18
1.9213759e-29
1.7316794e-17
-1.0240719e-48
-8.6699611e-18
1.7351391e-17
1.9280541e-29
-1.7374504e-17
0
0
-8.7045638e-18
8.7102253e-18
8.7159328e-18
-1.7443008e-17
9.6884142e-30
-1.9392657e-29
9.7005419e-30
8.7433443e-18
8.7486728e-18
-2.9156769e-29
-8.7590257e-18
1.7528111e-17
8.7691119e-18
-2.6322073e-17
1.9496987e-29
2.6351393e-17
-8.7886692e-18
1.9526558e-29
8.7982183e-18
-1.7605786e-17
1.9558082e-29
-8.8121951e-18
-1.763362e-17
1.764255e-17
8.8257679e-18
-1.7660227e-17
-8.8345004e-18
8.8387633e-18
8.8430998e-18
0
0
0
-8.8604638e-18
-1.2597745e-33
8.8694338e-18
1.7747918e-17
-1.9715781e-29
-1.7766527e-17
1.777608e-17
3.9496923e-29
-2.6692988e-17
8.9025149e-18
8.9075214e-18
-1.7825006e-17
9.8999414e-30
-1.9811255e-29
9.9140334e-30
3.808504e-33
-8.9387565e-18
8.9441768e-18
8.9497687e-18
-8.95535e-18
8.9611058e-18
-1.8526872e-47
1.9917161e-29
1.994044e-29
-8.9846905e-18
8.9906804e-18
1.7993588e-17
3.9985724e-29
-9.0089715e-18
1.8030037e-17
-9.021157e-18
-9.0272001e-18
1.8066676e-17
-9.0393872e-18
-1.809108e-17
0
-9.0577918e-18
-9.0638953e-18
9.0701115e-18
1.8152503e-17
-9.0825059e-18
-9.0886844e-18
1.8189954e-17
1.293357e-33
-9.107513e-18
9.113746e-18
-9.1200738e-18
-9.1262965e-18
9.1325986e-18
1.8277567e-17
2.5991773e-33
-2.7453555e-17
1.0168722e-29
9.1635384e-18
0
0
1.8364342e-17
-4.080709e-29
-9.1946455e-18
1.8401706e-17
-9.2071642e-18
-1.8426758e-17
0
0
0
0
1.8489526e-17
-2.6292923e-33
-1.851469e-17
1.8527197e-17
2.6346794e-33
-9.2762102e-18
1.8565124e-17
-9.2888083e-18
-1.8590298e-17
-1.8602775e-17
-9.3077252e-18
9.3139666e-18
9.3203142e-18
1.8653137e-17
-9.3329294e-18
-9.339193e-18
1.8691114e-17
9.3518151e-18
-9.3581663e-18
2.0795822e-29
1.8741482e-17
-9.376969e-18
-1.8766599e-17
-9.3895365e-18
-9.3958887e-18
0
1.8817088e-17
9.4148443e-18
-9.4212552e-18
-9.4275634e-18
1.886793e-17
9.440247e-18
-1.889322e-17
9.452847e-18
1.0503799e-29
-9.4653588e-18
0
0
0
0
1.8992565e-17
-2.1097943e-29
-1.9016611e-17
0
-9.5200205e-18
1.0577684e-29
4.0634827e-33
9.5369261e-18
1.9084943e-17
-2.8643488e-17
-1.9106403e-17
1.9116737e-17
9.5635296e-18
9.5684659e-18
-9.5733833e-18
-9.5780727e-18
1.9165505e-17
2.1289279e-29
9.5917191e-18
-2.1306131e-29
6.3953059e-29
4.2650623e-29
-1.9218066e-17
-9.6132856e-18
9.6176645e-18
2.8865903e-17
9.626418e-18
-1.9261623e-17
-1.9270741e-17
0
-9.6445961e-18
1.0712172e-29
9.6541811e-18
9.6590837e-18
-1.0727376e-29
1.073585e-29
-1.9349556e-17
-9.6802122e-18
2.9057669e-17
-9.6915885e-18
9.6975146e-18
9.7034406e-18
-1.941914e-17
0
-9.7219616e-18
9.7282038e-18
-2.1619329e-29
4.3261323e-29
-4.3292977e-29
-9.7538993e-18
2.9281439e-17
-9.2524937e-48
-1.9547241e-17
0
-9.7868457e-18
-3.2617951e-29
1.9600226e-17
-1.1678166e-48
-9.8133833e-18
9.8199555e-18
-9.8266306e-18
-9.8331864e-18
9.8398455e-18
0
9.8530344e-18
-9.8595678e-18
-9.8662119e-18
-1.4030014e-33
1.0966221e-29
9.8859276e-18
-9.892579e-18
1.0989528e-29
-3.2992164e-29
-1.1005596e-29
9.9189902e-18
9.9255468e-18
2.2055377e-29
-1.9877587e-17
-1.4133386e-33
2.9856218e-17
-2.2114349e-29
-1.9930753e-17
0
0
-9.9853782e-18
9.9919504e-18
9.9986251e-18
-2.0010347e-17
2.2232148e-29
-1.1124754e-29
-1.0025016e-17
1.0031558e-17
1.0038224e-17
0
0
0
1.0064801e-17
1.0071432e-17
-1.0078201e-17
1.0084873e-17
4.4816049e-29
-3.0295122e-17
-1.1219733e-29
1.0111882e-17
1.0118677e-17
2.0250666e-17
-1.0132084e-17
-1.0138694e-17
-1.1262941e-29
-2.0303975e-17
2.0317375e-17
1.0165277e-17
-3.051601e-17
4.6977549e-48
1.0185413e-17
1.0192099e-17
1.0198931e-17
-2.0411324e-17
-1.0212524e-17
-1.1343487e-29
-1.1354003e-29
1.0232844e-17
2.0479336e-17
6.8255876e-29
-3.075943e-17
1.0259803e-17
-6.1900998e-49
-2.0546482e-17
1.0280033e-17
-2.2844025e-29
3.1187748e-49
2.9275067e-33
-1.0307086e-17
1.0313799e-17
1.0320623e-17
0
1.0334078e-17
1.0340693e-17
-1.0347388e-17
1.0353912e-17
-9.5530898e-48
-3.1100725e-17
1.0373362e-17
1.0379604e-17
1.1531368e-29
2.0783782e-17
-1.0397906e-17
-1.040365e-17
3.467088e-29
-2.0829571e-17
-1.0420167e-17
1.0425257e-17
1.043031e-17
0
0
1.0444321e-17
1.0448815e-17
-2.0906158e-17
-1.0457386e-17
1.1615349e-29
-2.9745379e-33
1.0469819e-17
2.0948154e-17
4.65359e-29
-3.1448172e-17
1.0487178e-17
1.0491926e-17
-2.0993461e-17
2.3318809e-29
1.1665921e-29
3.5011659e-29
1.1676739e-29
-1.0524014e-17
1.0529909e-17
1.0536069e-17
1.0542224e-17
-1.0548619e-17
2.3435275e-29
1.0561573e-17
-1.0568117e-17
0
0
-1.0588461e-17
1.5056806e-33
1.0602291e-17
2.1218421e-17
2.35714e-29
-1.0623272e-17
2.1260795e-17
-1.0637401e-17
-2.1289073e-17
0
0
-1.0665644e-17
-1.1849889e-29
2.135942e-17
1.0686798e-17
-2.1387502e-17
-1.0700838e-17
1.0707796e-17
0
1.0721867e-17
2.1457956e-17
-1.073596e-17
-2.1486155e-17
2.1500122e-17
-2.3890313e-29
-3.2292459e-17
1.0771262e-17
1.0778237e-17
-1.0785345e-17
-1.0792321e-17
-1.0799434e-17
1.0806415e-17
1.0813533e-17
1.0820518e-17
1.0827639e-17
0
1.0841748e-17
-1.0848737e-17
-2.1711724e-17
0
2.1739968e-17
2.4150204e-29
-2.1768236e-17
0
-1.0898267e-17
1.0905279e-17
3.2737301e-17
-1.2122255e-29
-2.1853238e-17
4.8553605e-29
2.1881646e-17
-2.1895724e-17
-2.1910088e-17
2.1924183e-17
1.0969282e-17
-1.0976337e-17
2.4386784e-29
-4.9556588e-48
-2.1995589e-17
1.2217061e-29
3.3036153e-17
6.263635e-33
-2.2052581e-17
0
0
-1.1047544e-17
1.105472e-17
1.1061759e-17
-1.1068945e-17
-1.1075996e-17
-1.1083197e-17
1.1090263e-17
1.1097476e-17
0
-1.1111774e-17
1.1118857e-17
3.337825e-17
-1.2359509e-29
-2.2280794e-17
-1.1147479e-17
-1.1154695e-17
1.2318137e-48
1.1168916e-17
-1.1175887e-17
-1.1182927e-17
2.2379431e-17
3.3589519e-17
-1.120297e-17
-3.3628058e-17
3.7352131e-29
-2.491589e-29
1.2463032e-29
1.1231478e-17
1.123598e-17
1.1240207e-17
-1.1243875e-17
2.1254768e-48
-3.1975035e-33
-2.2506128e-17
2.4992726e-29
3.3775819e-17
-5.0014118e-29
-2.2529223e-17
0
1.1271447e-17
2.2550474e-17
1.1279562e-17
-2.2568317e-17
-2.2578677e-17
-1.12948e-17
2.2601621e-17
1.1307042e-17
-2.2627486e-17
1.1320564e-17
-1.1327743e-17
-1.1334927e-17
3.4027062e-17
-5.786791e-48
-2.2714328e-17
2.2728938e-17
-1.1371869e-17
-2.2758097e-17
1.1386295e-17
0
-1.1400381e-17
1.1407226e-17
1.1414149e-17
-2.2841714e-17
2.53745e-29
1.143426e-17
-1.1440966e-17
1.1199468e-48
-1.1454099e-17
-2.5445844e-29
2.2934098e-17
0
1.1479785e-17
-1.1485987e-17
-1.1492276e-17
1.1498348e-17
-1.1504507e-17
-3.8336679e-29
2.3032963e-17
2.5584642e-29
2.5599401e-29
2.3067805e-17
-1.153969e-17
-3.4635779e-17
1.2826557e-29
-1.2826023e-29
-1.1561867e-17
1.1567148e-17
1.15725e-17
0
-1.1582782e-17
3.8597293e-29
2.3185398e-17
1.2878218e-29
-1.1602245e-17
2.3213598e-17
7.7352499e-29
-2.3231543e-17
0
0
-1.1628515e-17
1.1632406e-17
1.163633e-17
-2.3279958e-17
2.5852464e-29
-2.5861653e-29
-1.2935441e-29
2.3307162e-17
-2.331344e-17
-1.1659561e-17
2.3324843e-17
2.3329969e-17
5.1814375e-29
-3.5009488e-17
1.167211e-17
2.5923339e-29
-1.1676074e-17
3.5033262e-17
1.1679446e-17
-2.3361668e-17
1.2972391e-29
2.3366754e-17
-2.3369089e-17
-1.1685439e-17
1.1686382e-17
-2.3374117e-17
-1.1687786e-17
1.1688251e-17
-1.2977957e-29
-5.1907935e-29
2.3378551e-17
2.5957057e-29
1.2978558e-29
1.297658e-29
-1.1688776e-17
-1.1688225e-17
1.2976829e-29
2.337397e-17
2.3372575e-17
-1.1685407e-17
-3.5053784e-17
1.1683562e-17
1.1682673e-17
-2.3363193e-17
2.5936247e-29
1.6597607e-33
2.5931584e-29
4.9783671e-33
-2.5928361e-29
1.1675132e-17
0
2.3345493e-17
1.1671582e-17
-3.5010699e-17
-1.166902e-17
-1.6580709e-33
-1.2953157e-29
2.3330143e-17
1.657545e-33
-1.1662711e-17
1.1661826e-17
2.3321287e-17
-1.1659573e-17
-1.165865e-17
-1.2940383e-29
1.1657048e-17
-5.1768202e-29
-2.3311423e-17
0
0
0
0
-1.1653093e-17
-1.293963e-29
1.1652589e-17
2.3305028e-17
2.6611432e-49
-1.1652958e-17
-1.1653472e-17
-2.5879061e-29
3.4965033e-17
1.1656033e-17
-2.3314402e-17
-3.4975574e-17
1.1659965e-17
1.1661576e-17
-1.1663299e-17
-1.1665227e-17
-1.1667268e-17
0
2.3343734e-17
3.5023192e-17
-1.1676954e-17
-2.3359379e-17
0
0
0
0
2.3390239e-17
-5.1952964e-29
-2.3404868e-17
2.3412772e-17
2.6007179e-29
-1.171461e-17
-1.171884e-17
-1.1723177e-17
1.172747e-17
1.1733283e-17
-1.1738942e-17
-2.3487374e-17
1.1749072e-17
1.1755504e-17
-1.1761638e-17
-2.6131078e-29
2.3547506e-17
2.6159387e-29
-1.1786736e-17
1.1793127e-17
-1.1799525e-17
-1.1806158e-17
1.1812517e-17
0
-1.1825188e-17
-1.1831562e-17
2.3675347e-17
1.1843861e-17
-1.1849778e-17
-1.1855706e-17
-1.1861311e-17
1.1866805e-17
1.1871896e-17
1.1876992e-17
1.1881823e-17
-1.1886845e-17
-1.1891933e-17
0
0
0
2.3846259e-17
3.3925303e-33
-2.3836252e-17
0
-1.0914434e-17
-1.1394616e-17
)
;

boundaryField
{
    leftSide
    {
        type            calculated;
        value           uniform 3.7256796e-17;
    }
    rightSide
    {
        type            calculated;
        value           uniform -1.1398717e-17;
    }
    emptywalls
    {
        type            empty;
    }
}


// ************************************************************************* //
