/*--------------------------------*- C++ -*----------------------------------*\
  =========                 |
  \\      /  F ield         | OpenFOAM: The Open Source CFD Toolbox
   \\    /   O peration     | Website:  https://openfoam.org
    \\  /    A nd           | Version:  7
     \\/     M anipulation  |
\*---------------------------------------------------------------------------*/
FoamFile
{
    version     2.0;
    format      ascii;
    class       volScalarField;
    location    "0.00069";
    object      p;
}
// * * * * * * * * * * * * * * * * * * * * * * * * * * * * * * * * * * * * * //

dimensions      [1 -1 -2 0 0 0 0];

internalField   nonuniform List<scalar> 
5000
(
106261
106272.8
106284.84
106296.96
106309.11
106321.29
106333.49
106345.7
106357.92
106370.15
106382.38
106394.62
106406.86
106419.1
106431.34
106443.58
106455.83
106468.08
106480.33
106492.59
106504.86
106517.13
106529.4
106541.68
106553.96
106566.24
106578.51
106590.79
106603.05
106615.31
106627.55
106639.78
106652
106664.21
106676.39
106688.56
106700.71
106712.84
106724.95
106737.04
106749.11
106761.17
106773.21
106785.23
106797.24
106809.24
106821.23
106833.22
106845.2
106857.18
106869.16
106881.15
106893.14
106905.14
106917.15
106929.16
106941.2
106953.24
106965.3
106977.37
106989.45
107001.55
107013.66
107025.78
107037.92
107050.06
107062.21
107074.37
107086.54
107098.72
107110.9
107123.09
107135.28
107147.48
107159.68
107171.88
107184.08
107196.29
107208.49
107220.7
107232.9
107245.11
107257.31
107269.52
107281.72
107293.93
107306.13
107318.33
107330.53
107342.73
107354.93
107367.12
107379.32
107391.51
107403.7
107415.89
107428.08
107440.27
107452.45
107464.64
107476.82
107489
107501.18
107513.36
107525.54
107537.71
107549.89
107562.06
107574.23
107586.4
107598.57
107610.74
107622.9
107635.07
107647.23
107659.39
107671.55
107683.71
107695.86
107708.02
107720.17
107732.32
107744.47
107756.62
107768.77
107780.91
107793.06
107805.2
107817.34
107829.48
107841.62
107853.76
107865.89
107878.03
107890.16
107902.29
107914.42
107926.55
107938.68
107950.8
107962.92
107975.05
107987.17
107999.29
108011.4
108023.52
108035.64
108047.75
108059.86
108071.97
108084.08
108096.19
108108.29
108120.4
108132.5
108144.6
108156.7
108168.8
108180.9
108193
108205.09
108217.18
108229.28
108241.37
108253.45
108265.54
108277.63
108289.71
108301.79
108313.88
108325.96
108338.03
108350.11
108362.19
108374.26
108386.33
108398.4
108410.47
108422.54
108434.61
108446.68
108458.74
108470.8
108482.86
108494.92
108506.98
108519.04
108531.09
108543.15
108555.2
108567.25
108579.3
108591.35
108603.4
108615.44
108627.49
108639.53
108651.57
108663.61
108675.65
108687.69
108699.72
108711.76
108723.79
108735.82
108747.85
108759.88
108771.9
108783.93
108795.95
108807.98
108820
108832.02
108844.04
108856.05
108868.07
108880.08
108892.1
108904.11
108916.12
108928.13
108940.13
108952.14
108964.14
108976.15
108988.15
109000.15
109012.15
109024.15
109036.14
109048.14
109060.13
109072.12
109084.11
109096.1
109108.09
109120.07
109132.06
109144.04
109156.03
109168.01
109179.99
109191.96
109203.94
109215.91
109227.89
109239.86
109251.83
109263.8
109275.77
109287.74
109299.7
109311.67
109323.63
109335.59
109347.55
109359.51
109371.47
109383.42
109395.38
109407.33
109419.28
109431.23
109443.18
109455.13
109467.07
109479.02
109490.96
109502.9
109514.84
109526.78
109538.72
109550.66
109562.59
109574.53
109586.46
109598.39
109610.32
109622.25
109634.18
109646.1
109658.03
109669.95
109681.87
109693.79
109705.71
109717.63
109729.54
109741.46
109753.37
109765.28
109777.19
109789.1
109801.01
109812.92
109824.82
109836.73
109848.63
109860.53
109872.43
109884.33
109896.23
109908.12
109920.02
109931.91
109943.8
109955.69
109967.58
109979.47
109991.36
110003.24
110015.12
110027.01
110038.89
110050.77
110062.65
110074.52
110086.4
110098.27
110110.15
110122.02
110133.89
110145.76
110157.63
110169.49
110181.36
110193.22
110205.08
110216.94
110228.8
110240.66
110252.52
110264.38
110276.23
110288.08
110299.94
110311.79
110323.64
110335.48
110347.33
110359.18
110371.02
110382.86
110394.7
110406.54
110418.38
110430.22
110442.05
110453.89
110465.72
110477.56
110489.39
110501.22
110513.04
110524.87
110536.7
110548.52
110560.34
110572.16
110583.99
110595.8
110607.62
110619.44
110631.25
110643.07
110654.88
110666.69
110678.5
110690.31
110702.12
110713.92
110725.73
110737.53
110749.33
110761.13
110772.93
110784.73
110796.53
110808.32
110820.12
110831.91
110843.7
110855.49
110867.28
110879.07
110890.86
110902.64
110914.43
110926.21
110937.99
110949.77
110961.55
110973.33
110985.1
110996.88
111008.65
111020.43
111032.2
111043.97
111055.74
111067.5
111079.27
111091.03
111102.8
111114.56
111126.32
111138.08
111149.84
111161.6
111173.35
111185.11
111196.86
111208.61
111220.36
111232.11
111243.86
111255.61
111267.35
111279.1
111290.84
111302.58
111314.32
111326.06
111337.8
111349.53
111361.27
111373
111384.74
111396.47
111408.2
111419.93
111431.66
111443.38
111455.11
111466.83
111478.55
111490.28
111502
111513.72
111525.43
111537.15
111548.87
111560.58
111572.29
111584
111595.72
111607.43
111619.13
111630.84
111642.55
111654.25
111665.96
111677.66
111689.36
111701.06
111712.76
111724.46
111736.15
111747.85
111759.55
111771.24
111782.93
111794.62
111806.31
111818
111829.69
111841.38
111853.07
111864.75
111876.44
111888.12
111899.8
111911.48
111923.17
111934.85
111946.52
111958.2
111969.88
111981.56
111993.23
112004.91
112016.58
112028.25
112039.92
112051.6
112063.27
112074.94
112086.6
112098.27
112109.94
112121.61
112133.27
112144.94
112156.6
112168.26
112179.93
112191.59
112203.25
112214.91
112226.57
112238.23
112249.89
112261.54
112273.2
112284.86
112296.51
112308.17
112319.82
112331.48
112343.13
112354.78
112366.43
112378.08
112389.73
112401.38
112413.03
112424.68
112436.33
112447.98
112459.62
112471.27
112482.91
112494.56
112506.2
112517.84
112529.49
112541.13
112552.77
112564.41
112576.05
112587.69
112599.33
112610.97
112622.6
112634.24
112645.88
112657.51
112669.15
112680.78
112692.42
112704.05
112715.68
112727.32
112738.95
112750.58
112762.21
112773.84
112785.47
112797.09
112808.72
112820.35
112831.98
112843.6
112855.23
112866.85
112878.48
112890.1
112901.72
112913.35
112924.97
112936.59
112948.21
112959.83
112971.45
112983.07
112994.69
113006.31
113017.93
113029.54
113041.16
113052.77
113064.39
113076
113087.62
113099.23
113110.85
113122.46
113134.07
113145.68
113157.29
113168.9
113180.51
113192.12
113203.73
113215.34
113226.95
113238.56
113250.16
113261.77
113273.38
113284.98
113296.59
113308.19
113319.8
113331.4
113343
113354.6
113366.21
113377.81
113389.41
113401.01
113412.61
113424.21
113435.8
113447.4
113459
113470.6
113482.19
113493.79
113505.38
113516.98
113528.57
113540.17
113551.76
113563.35
113574.94
113586.53
113598.12
113609.71
113621.3
113632.89
113644.48
113656.07
113667.65
113679.24
113690.82
113702.41
113713.99
113725.57
113737.15
113748.74
113760.32
113771.9
113783.47
113795.05
113806.63
113818.2
113829.78
113841.35
113852.93
113864.5
113876.07
113887.64
113899.21
113910.78
113922.35
113933.92
113945.48
113957.05
113968.61
113980.18
113991.74
114003.3
114014.86
114026.42
114037.98
114049.53
114061.09
114072.64
114084.2
114095.75
114107.3
114118.85
114130.4
114141.95
114153.5
114165.04
114176.59
114188.13
114199.67
114211.21
114222.75
114234.29
114245.83
114257.36
114268.9
114280.43
114291.96
114303.5
114315.02
114326.55
114338.08
114349.61
114361.13
114372.66
114384.18
114395.7
114407.22
114418.74
114430.25
114441.77
114453.29
114464.8
114476.31
114487.82
114499.33
114510.84
114522.35
114533.85
114545.36
114556.86
114568.36
114579.86
114591.36
114602.86
114614.35
114625.85
114637.34
114648.84
114660.33
114671.82
114683.31
114694.79
114706.28
114717.76
114729.25
114740.73
114752.21
114763.69
114775.17
114786.65
114798.12
114809.6
114821.07
114832.54
114844.01
114855.48
114866.95
114878.42
114889.88
114901.34
114912.81
114924.27
114935.73
114947.19
114958.65
114970.1
114981.56
114993.01
115004.46
115015.91
115027.36
115038.81
115050.26
115061.71
115073.15
115084.59
115096.04
115107.48
115118.92
115130.36
115141.79
115153.23
115164.66
115176.1
115187.53
115198.96
115210.39
115221.82
115233.25
115244.67
115256.1
115267.52
115278.94
115290.36
115301.78
115313.2
115324.62
115336.03
115347.45
115358.86
115370.27
115381.68
115393.09
115404.5
115415.91
115427.31
115438.72
115450.12
115461.52
115472.92
115484.32
115495.72
115507.12
115518.51
115529.91
115541.3
115552.69
115564.08
115575.47
115586.86
115598.24
115609.63
115621.01
115632.4
115643.78
115655.16
115666.54
115677.92
115689.29
115700.67
115712.04
115723.42
115734.79
115746.16
115757.53
115768.9
115780.26
115791.63
115802.99
115814.36
115825.72
115837.08
115848.44
115859.8
115871.15
115882.51
115893.86
115905.22
115916.57
115927.92
115939.27
115950.62
115961.96
115973.31
115984.65
115996
116007.34
116018.68
116030.02
116041.36
116052.7
116064.03
116075.37
116086.7
116098.03
116109.36
116120.69
116132.02
116143.35
116154.67
116166
116177.32
116188.64
116199.96
116211.28
116222.6
116233.92
116245.24
116256.55
116267.86
116279.18
116290.49
116301.8
116313.11
116324.41
116335.72
116347.02
116358.33
116369.63
116380.93
116392.23
116403.53
116414.83
116426.12
116437.42
116448.71
116460.01
116471.3
116482.59
116493.88
116505.16
116516.45
116527.73
116539.02
116550.3
116561.58
116572.86
116584.14
116595.42
116606.7
116617.97
116629.25
116640.52
116651.79
116663.06
116674.33
116685.6
116696.86
116708.13
116719.39
116730.66
116741.92
116753.18
116764.44
116775.7
116786.95
116798.21
116809.46
116820.72
116831.97
116843.22
116854.47
116865.72
116876.96
116888.21
116899.45
116910.7
116921.94
116933.18
116944.42
116955.66
116966.89
116978.13
116989.36
117000.6
117011.83
117023.06
117034.29
117045.52
117056.74
117067.97
117079.19
117090.42
117101.64
117112.86
117124.08
117135.3
117146.52
117157.73
117168.95
117180.16
117191.37
117202.58
117213.79
117225
117236.21
117247.41
117258.62
117269.82
117281.03
117292.23
117303.43
117314.62
117325.82
117337.02
117348.21
117359.41
117370.6
117381.79
117392.98
117404.17
117415.36
117426.54
117437.73
117448.91
117460.09
117471.27
117482.45
117493.63
117504.81
117515.98
117527.16
117538.33
117549.51
117560.68
117571.85
117583.02
117594.18
117605.35
117616.51
117627.68
117638.84
117650
117661.16
117672.32
117683.48
117694.63
117705.79
117716.94
117728.09
117739.24
117750.39
117761.54
117772.69
117783.84
117794.98
117806.12
117817.27
117828.41
117839.55
117850.68
117861.82
117872.96
117884.09
117895.22
117906.36
117917.49
117928.62
117939.74
117950.87
117962
117973.12
117984.24
117995.36
118006.48
118017.6
118028.72
118039.83
118050.95
118062.06
118073.17
118084.28
118095.39
118106.5
118117.6
118128.71
118139.81
118150.91
118162.01
118173.11
118184.2
118195.3
118206.39
118217.48
118228.57
118239.65
118250.74
118261.82
118272.9
118283.98
118295.06
118306.13
118317.2
118328.27
118339.34
118350.41
118361.47
118372.53
118383.58
118394.64
118405.69
118416.74
118427.78
118438.83
118449.87
118460.9
118471.93
118482.96
118493.99
118505.01
118516.02
118527.04
118538.04
118549.05
118560.04
118571.04
118582.02
118593.01
118603.98
118614.96
118625.92
118636.88
118647.83
118658.78
118669.71
118680.65
118691.57
118702.48
118713.39
118724.29
118735.18
118746.06
118756.93
118767.79
118778.64
118789.48
118800.3
118811.12
118821.92
118832.71
118843.49
118854.25
118865.01
118875.74
118886.46
118897.17
118907.85
118918.53
118929.18
118939.82
118950.44
118961.03
118971.61
118982.17
118992.71
119003.22
119013.71
119024.18
119034.63
119045.05
119055.44
119065.81
119076.14
119086.46
119096.74
119106.99
119117.21
119127.4
119137.55
119147.67
119157.76
119167.81
119177.82
119187.8
119197.73
119207.63
119217.48
119227.3
119237.06
119246.79
119256.47
119266.1
119275.68
119285.21
119294.69
119304.12
119313.49
119322.81
119332.08
119341.28
119350.43
119359.51
119368.54
119377.5
119386.39
119395.22
119403.98
119412.67
119421.29
119429.83
119438.3
119446.69
119455.01
119463.24
119471.4
119479.47
119487.45
119495.35
119503.16
119510.88
119518.5
119526.03
119533.46
119540.8
119548.03
119555.16
119562.18
119569.1
119575.91
119582.6
119589.18
119595.65
119601.99
119608.22
119614.32
119620.29
119626.14
119631.85
119637.44
119642.88
119648.19
119653.35
119658.37
119663.24
119667.97
119672.54
119676.95
119681.2
119685.3
119689.23
119692.99
119696.57
119699.99
119703.23
119706.28
119709.15
119711.84
119714.33
119716.63
119718.73
119720.63
119722.32
119723.8
119725.08
119726.13
119726.97
119727.58
119727.96
119728.11
119728.02
119727.7
119727.13
119726.31
119725.24
119723.91
119722.32
119720.47
119718.35
119715.95
119713.28
119710.32
119707.08
119703.54
119699.71
119695.58
119691.15
119686.4
119681.35
119675.97
119670.27
119664.25
119657.89
119651.2
119644.17
119636.79
119629.07
119620.99
119612.55
119603.75
119594.58
119585.04
119575.13
119564.83
119554.15
119543.09
119531.63
119519.77
119507.52
119494.86
119481.79
119468.31
119454.41
119440.09
119425.35
119410.19
119394.59
119378.56
119362.09
119345.18
119327.83
119310.04
119291.79
119273.09
119253.94
119234.33
119214.27
119193.74
119172.74
119151.29
119129.36
119106.96
119084.09
119060.75
119036.94
119012.64
118987.88
118962.63
118936.9
118910.7
118884.01
118856.85
118829.2
118801.07
118772.46
118743.37
118713.8
118683.75
118653.22
118622.2
118590.71
118558.75
118526.3
118493.38
118459.99
118426.12
118391.79
118356.98
118321.71
118285.97
118249.77
118213.11
118176
118138.43
118100.4
118061.93
118023.01
117983.65
117943.85
117903.61
117862.94
117821.84
117780.32
117738.37
117696.01
117653.24
117610.05
117566.46
117522.48
117478.09
117433.32
117388.16
117342.62
117296.71
117250.42
117203.77
117156.76
117109.4
117061.68
117013.63
116965.23
116916.5
116867.45
116818.08
116768.39
116718.4
116668.1
116617.51
116566.63
116515.47
116464.03
116412.32
116360.35
116308.12
116255.64
116202.92
116149.96
116096.77
116043.36
115989.74
115935.9
115881.87
115827.64
115773.23
115718.64
115663.87
115608.94
115553.85
115498.62
115443.24
115387.72
115332.08
115276.32
115220.45
115164.47
115108.4
115052.24
114996
114939.68
114883.3
114826.86
114770.38
114713.85
114657.29
114600.7
114544.09
114487.48
114430.87
114374.26
114317.67
114261.1
114204.56
114148.06
114091.61
114035.21
113978.88
113922.62
113866.45
113810.36
113754.37
113698.48
113642.71
113587.06
113531.54
113476.16
113420.92
113365.85
113310.93
113256.19
113201.62
113147.25
113093.07
113039.1
112985.34
112931.8
112878.49
112825.42
112772.59
112720.02
112667.71
112615.67
112563.9
112512.43
112461.24
112410.36
112359.79
112309.53
112259.6
112210
112160.74
112111.83
112063.28
112015.08
111967.26
111919.81
111872.75
111826.08
111779.8
111733.93
111688.47
111643.43
111598.81
111554.62
111510.87
111467.56
111424.7
111382.29
111340.35
111298.86
111257.85
111217.32
111177.26
111137.69
111098.61
111060.03
111021.94
110984.36
110947.28
110910.71
110874.66
110839.12
110804.1
110769.61
110735.64
110702.2
110669.28
110636.9
110605.05
110573.73
110542.95
110512.71
110483
110453.83
110425.19
110397.1
110369.53
110342.51
110316.02
110290.06
110264.64
110239.74
110215.38
110191.54
110168.22
110145.43
110123.15
110101.39
110080.13
110059.39
110039.15
110019.41
110000.16
109981.41
109963.14
109945.35
109928.03
109911.19
109894.81
109878.89
109863.42
109848.39
109833.81
109819.66
109805.93
109792.63
109779.73
109767.25
109755.16
109743.46
109732.15
109721.21
109710.65
109700.44
109690.59
109681.09
109671.92
109663.09
109654.58
109646.38
109638.49
109630.9
109623.61
109616.59
109609.86
109603.39
109597.19
109591.24
109585.54
109580.08
109574.85
109569.84
109565.05
109560.47
109556.1
109551.92
109547.93
109544.13
109540.51
109537.05
109533.76
109530.63
109527.65
109524.81
109522.12
109519.56
109517.13
109514.83
109512.64
109510.57
109508.61
109506.76
109505
109503.34
109501.77
109500.29
109498.89
109497.57
109496.32
109495.15
109494.05
109493.01
109492.03
109491.11
109490.25
109489.44
109488.67
109487.96
109487.29
109486.66
109486.08
109485.53
109485.01
109484.53
109484.08
109483.66
109483.27
109482.91
109482.57
109482.25
109481.96
109481.68
109481.43
109481.19
109480.97
109480.77
109480.58
109480.41
109480.24
109480.09
109479.95
109479.83
109479.71
109479.6
109479.5
109479.4
109479.32
109479.24
109479.17
109479.1
109479.04
109478.98
109478.93
109478.89
109478.84
109478.8
109478.77
109478.74
109478.71
109478.68
109478.65
109478.63
109478.61
109478.59
109478.58
109478.56
109478.55
109478.54
109478.53
109478.51
109478.5
109478.49
109478.48
109478.47
109478.46
109478.44
109478.43
109478.41
109478.4
109478.38
109478.37
109478.35
109478.34
109478.32
109478.31
109478.29
109478.28
109478.27
109478.25
109478.24
109478.22
109478.21
109478.2
109478.18
109478.17
109478.16
109478.15
109478.14
109478.13
109478.12
109478.11
109478.11
109478.1
109478.09
109478.09
109478.08
109478.07
109478.07
109478.06
109478.05
109478.04
109478.04
109478.03
109478.02
109478.01
109478.01
109478
109477.99
109477.98
109477.97
109477.96
109477.95
109477.94
109477.93
109477.92
109477.91
109477.9
109477.89
109477.88
109477.87
109477.87
109477.86
109477.85
109477.85
109477.84
109477.83
109477.83
109477.82
109477.82
109477.81
109477.81
109477.8
109477.8
109477.79
109477.79
109477.78
109477.78
109477.77
109477.76
109477.76
109477.75
109477.75
109477.74
109477.74
109477.73
109477.72
109477.72
109477.71
109477.71
109477.7
109477.7
109477.69
109477.69
109477.68
109477.67
109477.67
109477.67
109477.66
109477.65
109477.65
109477.64
109477.64
109477.63
109477.63
109477.63
109477.62
109477.62
109477.61
109477.61
109477.6
109477.59
109477.59
109477.58
109477.58
109477.57
109477.57
109477.56
109477.56
109477.55
109477.55
109477.54
109477.54
109477.54
109477.54
109477.54
109477.54
109477.54
109477.54
109477.54
109477.54
109477.54
109477.54
109477.54
109477.54
109477.54
109477.54
109477.53
109477.53
109477.53
109477.53
109477.52
109477.52
109477.52
109477.52
109477.51
109477.51
109477.51
109477.5
109477.5
109477.5
109477.5
109477.49
109477.49
109477.49
109477.49
109477.48
109477.48
109477.48
109477.48
109477.48
109477.47
109477.47
109477.47
109477.47
109477.47
109477.47
109477.47
109477.46
109477.46
109477.46
109477.46
109477.46
109477.46
109477.45
109477.45
109477.45
109477.45
109477.44
109477.44
109477.44
109477.44
109477.43
109477.43
109477.43
109477.43
109477.43
109477.43
109477.43
109477.42
109477.42
109477.42
109477.42
109477.42
109477.42
109477.42
109477.42
109477.43
109477.43
109477.43
109477.43
109477.43
109477.43
109477.43
109477.43
109477.43
109477.43
109477.43
109477.42
109477.42
109477.42
109477.42
109477.42
109477.42
109477.42
109477.42
109477.42
109477.43
109477.43
109477.43
109477.43
109477.43
109477.43
109477.43
109477.43
109477.43
109477.43
109477.44
109477.44
109477.44
109477.44
109477.44
109477.45
109477.45
109477.45
109477.45
109477.46
109477.46
109477.46
109477.46
109477.46
109477.47
109477.47
109477.47
109477.47
109477.47
109477.47
109477.47
109477.48
109477.48
109477.48
109477.48
109477.48
109477.48
109477.48
109477.48
109477.48
109477.48
109477.48
109477.49
109477.49
109477.49
109477.49
109477.49
109477.49
109477.49
109477.49
109477.49
109477.5
109477.5
109477.5
109477.5
109477.5
109477.5
109477.5
109477.51
109477.51
109477.51
109477.51
109477.51
109477.51
109477.51
109477.52
109477.52
109477.52
109477.52
109477.52
109477.52
109477.53
109477.53
109477.53
109477.53
109477.53
109477.54
109477.54
109477.54
109477.54
109477.54
109477.54
109477.55
109477.55
109477.55
109477.55
109477.55
109477.55
109477.55
109477.56
109477.56
109477.56
109477.56
109477.56
109477.56
109477.56
109477.56
109477.56
109477.56
109477.57
109477.57
109477.57
109477.57
109477.57
109477.57
109477.57
109477.57
109477.57
109477.57
109477.57
109477.57
109477.57
109477.58
109477.58
109477.58
109477.58
109477.58
109477.58
109477.58
109477.58
109477.58
109477.58
109477.58
109477.58
109477.59
109477.59
109477.59
109477.59
109477.59
109477.59
109477.59
109477.59
109477.59
109477.6
109477.6
109477.6
109477.6
109477.6
109477.6
109477.6
109477.6
109477.6
109477.61
109477.61
109477.61
109477.61
109477.61
109477.61
109477.61
109477.61
109477.62
109477.62
109477.62
109477.62
109477.62
109477.62
109477.62
109477.62
109477.63
109477.63
109477.63
109477.63
109477.63
109477.63
109477.63
109477.63
109477.63
109477.63
109477.63
109477.63
109477.64
109477.64
109477.64
109477.64
109477.64
109477.64
109477.64
109477.64
109477.64
109477.64
109477.64
109477.64
109477.64
109477.64
109477.64
109477.64
109477.64
109477.65
109477.65
109477.65
109477.65
109477.65
109477.65
109477.65
109477.65
109477.65
109477.65
109477.65
109477.65
109477.65
109477.65
109477.65
109477.65
109477.65
109477.65
109477.66
109477.66
109477.66
109477.66
109477.66
109477.66
109477.66
109477.66
109477.66
109477.66
109477.66
109477.67
109477.67
109477.67
109477.67
109477.67
109477.67
109477.67
109477.67
109477.67
109477.68
109477.68
109477.68
109477.68
109477.68
109477.68
109477.68
109477.68
109477.68
109477.69
109477.69
109477.69
109477.69
109477.69
109477.69
109477.69
109477.69
109477.69
109477.69
109477.7
109477.7
109477.7
109477.7
109477.7
109477.7
109477.7
109477.7
109477.7
109477.7
109477.7
109477.7
109477.7
109477.7
109477.7
109477.7
109477.7
109477.7
109477.71
109477.71
109477.71
109477.71
109477.71
109477.71
109477.71
109477.71
109477.71
109477.71
109477.71
109477.71
109477.71
109477.71
109477.71
109477.71
109477.71
109477.71
109477.71
109477.71
109477.71
109477.71
109477.71
109477.71
109477.71
109477.71
109477.71
109477.71
109477.71
109477.71
109477.71
109477.71
109477.71
109477.71
109477.72
109477.72
109477.72
109477.72
109477.72
109477.72
109477.72
109477.72
109477.72
109477.72
109477.72
109477.72
109477.72
109477.72
109477.72
109477.73
109477.73
109477.73
109477.73
109477.73
109477.73
109477.73
109477.73
109477.73
109477.73
109477.73
109477.73
109477.73
109477.74
109477.74
109477.74
109477.74
109477.74
109477.74
109477.74
109477.74
109477.74
109477.74
109477.74
109477.74
109477.75
109477.75
109477.75
109477.75
109477.75
109477.75
109477.75
109477.75
109477.75
109477.75
109477.75
109477.75
109477.75
109477.75
109477.76
109477.76
109477.76
109477.76
109477.76
109477.76
109477.76
109477.76
109477.76
109477.76
109477.76
109477.76
109477.76
109477.76
109477.76
109477.76
109477.76
109477.77
109477.77
109477.77
109477.77
109477.77
109477.77
109477.77
109477.77
109477.77
109477.77
109477.77
109477.77
109477.77
109477.77
109477.77
109477.77
109477.77
109477.77
109477.77
109477.77
109477.77
109477.77
109477.77
109477.77
109477.77
109477.77
109477.78
109477.78
109477.78
109477.78
109477.78
109477.78
109477.78
109477.78
109477.78
109477.78
109477.78
109477.78
109477.78
109477.78
109477.78
109477.78
109477.78
109477.78
109477.78
109477.78
109477.78
109477.78
109477.78
109477.78
109477.78
109477.78
109477.78
109477.78
109477.78
109477.79
109477.79
109477.79
109477.79
109477.79
109477.79
109477.79
109477.79
109477.79
109477.79
109477.79
109477.79
109477.79
109477.79
109477.79
109477.79
109477.79
109477.79
109477.79
109477.79
109477.79
109477.79
109477.79
109477.79
109477.79
109477.79
109477.79
109477.79
109477.79
109477.79
109477.79
109477.8
109477.8
109477.8
109477.8
109477.8
109477.8
109477.8
109477.8
109477.8
109477.8
109477.8
109477.8
109477.8
109477.8
109477.8
109477.8
109477.8
109477.8
109477.8
109477.8
109477.8
109477.8
109477.8
109477.8
109477.8
109477.8
109477.8
109477.8
109477.8
109477.8
109477.8
109477.8
109477.8
109477.8
109477.8
109477.8
109477.8
109477.8
109477.8
109477.8
109477.8
109477.8
109477.8
109477.8
109477.8
109477.8
109477.8
109477.8
109477.8
109477.8
109477.8
109477.8
109477.8
109477.8
109477.8
109477.8
109477.8
109477.8
109477.8
109477.8
109477.8
109477.8
109477.8
109477.8
109477.8
109477.8
109477.8
109477.8
109477.8
109477.81
109477.81
109477.81
109477.81
109477.81
109477.81
109477.81
109477.81
109477.81
109477.81
109477.81
109477.81
109477.81
109477.81
109477.81
109477.81
109477.81
109477.81
109477.81
109477.81
109477.81
109477.81
109477.81
109477.81
109477.81
109477.81
109477.81
109477.81
109477.81
109477.81
109477.81
109477.81
109477.81
109477.81
109477.81
109477.81
109477.81
109477.81
109477.81
109477.81
109477.81
109477.82
109477.82
109477.82
109477.82
109477.82
109477.82
109477.82
109477.82
109477.82
109477.82
109477.82
109477.82
109477.82
109477.82
109477.82
109477.82
109477.82
109477.82
109477.82
109477.82
109477.82
109477.82
109477.82
109477.82
109477.82
109477.82
109477.82
109477.82
109477.82
109477.82
109477.82
109477.82
109477.82
109477.82
109477.82
109477.82
109477.82
109477.82
109477.83
109477.83
109477.83
109477.83
109477.83
109477.83
109477.83
109477.83
109477.83
109477.83
109477.83
109477.83
109477.83
109477.83
109477.83
109477.83
109477.83
109477.83
109477.83
109477.83
109477.83
109477.83
109477.83
109477.83
109477.83
109477.83
109477.83
109477.83
109477.83
109477.83
109477.83
109477.83
109477.83
109477.83
109477.83
109477.83
109477.83
109477.83
109477.83
109477.83
109477.83
109477.83
109477.83
109477.83
109477.83
109477.83
109477.83
109477.83
109477.83
109477.83
109477.83
109477.83
109477.83
109477.83
109477.83
109477.83
109477.83
109477.83
109477.83
109477.83
109477.83
109477.83
109477.83
109477.83
109477.83
109477.83
109477.83
109477.83
109477.83
109477.83
109477.83
109477.83
109477.83
109477.83
109477.83
109477.83
109477.83
109477.83
109477.83
109477.83
109477.84
109477.84
109477.84
109477.84
109477.84
109477.84
109477.84
109477.84
109477.84
109477.84
109477.84
109477.84
109477.84
109477.84
109477.84
109477.84
109477.84
109477.84
109477.84
109477.84
109477.84
109477.84
109477.84
109477.84
109477.84
109477.84
109477.84
109477.84
109477.84
109477.84
109477.84
109477.84
109477.84
109477.84
109477.84
109477.84
109477.84
109477.84
109477.84
109477.84
109477.84
109477.84
109477.84
109477.84
109477.84
109477.84
109477.84
109477.84
109477.84
109477.84
109477.84
109477.84
109477.84
109477.84
109477.84
109477.85
109477.85
109477.85
109477.84
109477.84
109477.84
109477.83
109477.82
109477.82
109477.81
109477.81
109477.82
109477.83
109477.84
109477.86
109477.89
109477.91
109477.92
109477.92
109477.91
109477.93
109477.68
109477.78
109477.82
109477.8
109477.8
109477.8
109477.81
109477.82
109477.83
109477.84
109477.85
109477.85
109477.85
109477.85
109477.85
109477.85
109477.84
109477.84
109477.84
109477.84
109477.84
109477.84
109477.84
109477.84
109477.84
109477.84
109477.84
109477.84
109477.84
109477.84
109477.84
109477.84
109477.84
109477.84
109477.84
109477.84
109477.84
109477.84
109477.84
109477.84
109477.84
109477.84
109477.84
109477.84
109477.84
109477.84
109477.84
109477.84
109477.84
109477.84
109477.84
109477.84
109477.84
109477.84
109477.84
109477.84
109477.84
109477.84
109477.84
109477.84
109477.84
109477.84
109477.84
109477.84
109477.84
109477.84
109477.84
109477.84
109477.84
109477.84
109477.84
109477.84
109477.84
109477.84
109477.84
109477.84
109477.84
109477.84
109477.84
109477.84
109477.84
109477.84
109477.84
109477.84
109477.84
109477.84
109477.84
109477.84
109477.84
109477.84
109477.84
109477.84
109477.84
109477.84
109477.84
109477.84
109477.84
109477.84
109477.84
109477.84
109477.84
109477.84
109477.84
109477.84
109477.84
109477.84
109477.84
109477.84
109477.84
109477.84
109477.84
109477.84
109477.84
109477.84
109477.84
109477.84
109477.84
109477.84
109477.84
109477.84
109477.84
109477.84
109477.84
109477.84
109477.84
109477.84
109477.84
109477.84
109477.84
109477.84
109477.84
109477.84
109477.84
109477.84
109477.84
109477.84
109477.84
109477.84
109477.84
109477.84
109477.84
109477.84
109477.84
109477.84
109477.84
109477.84
109477.84
109477.84
109477.84
109477.84
109477.84
109477.84
109477.84
109477.84
109477.84
109477.84
109477.84
109477.84
109477.84
109477.84
109477.84
109477.84
109477.84
109477.84
109477.84
109477.84
109477.84
109477.84
109477.84
109477.84
109477.85
109477.85
109477.85
109477.85
109477.85
109477.85
109477.85
109477.85
109477.85
109477.85
109477.85
109477.85
109477.85
109477.85
109477.85
109477.85
109477.85
109477.85
109477.85
109477.85
109477.85
109477.85
109477.85
109477.85
109477.85
109477.85
109477.85
109477.85
109477.85
109477.85
109477.85
109477.85
109477.85
109477.85
109477.85
109477.85
109477.85
109477.85
109477.84
109477.84
109477.84
109477.84
109477.84
109477.84
109477.84
109477.84
109477.84
109477.84
109477.84
109477.84
109477.84
109477.84
109477.84
109477.84
109477.84
109477.84
109477.84
109477.84
109477.84
109477.84
109477.84
109477.84
109477.84
109477.84
109477.84
109477.84
109477.84
109477.84
109477.84
109477.84
109477.84
109477.84
109477.84
109477.83
109477.83
109477.83
109477.83
109477.83
109477.83
109477.83
109477.83
109477.83
109477.83
109477.83
109477.83
109477.83
109477.83
109477.83
109477.83
109477.83
109477.83
109477.83
109477.83
109477.83
109477.83
109477.83
109477.83
109477.83
109477.83
109477.83
109477.83
109477.83
109477.83
109477.83
109477.83
109477.83
109477.83
109477.83
109477.83
109477.83
109477.82
109477.82
109477.82
109477.82
109477.82
109477.82
109477.82
109477.82
109477.82
109477.82
109477.82
109477.82
109477.82
109477.82
109477.82
109477.82
109477.82
109477.82
109477.82
109477.82
109477.82
109477.82
109477.82
109477.82
109477.82
109477.82
109477.82
109477.82
109477.82
109477.81
109477.81
109477.81
109477.81
109477.81
109477.81
109477.81
109477.81
109477.81
109477.81
109477.81
109477.81
109477.81
109477.81
109477.81
109477.81
109477.81
109477.81
109477.81
109477.81
109477.81
109477.81
109477.81
109477.81
109477.81
109477.81
109477.81
109477.81
109477.81
109477.81
109477.81
109477.81
109477.81
109477.81
109477.81
109477.81
109477.81
109477.81
109477.81
109477.81
109477.81
109477.81
109477.81
109477.81
109477.81
109477.81
109477.81
109477.81
109477.81
109477.81
109477.81
109477.81
109477.81
109477.81
109477.81
109477.81
109477.81
109477.81
109477.81
109477.81
109477.81
109477.81
109477.81
109477.81
109477.81
109477.81
109477.81
109477.81
109477.81
109477.81
109477.81
109477.81
109477.81
109477.81
109477.81
109477.81
109477.81
109477.81
109477.81
109477.81
109477.81
109477.81
109477.81
109477.81
109477.81
109477.81
109477.81
109477.8
109477.8
109477.8
109477.8
109477.8
109477.8
109477.8
109477.8
109477.8
109477.8
109477.8
109477.8
109477.8
109477.8
109477.8
109477.8
109477.8
109477.8
109477.79
109477.79
109477.79
109477.79
109477.79
109477.79
109477.79
109477.79
109477.79
109477.79
109477.79
109477.79
109477.79
109477.79
109477.79
109477.79
109477.79
109477.79
109477.78
109477.78
109477.78
109477.78
109477.78
109477.78
109477.78
109477.78
109477.78
109477.78
109477.78
109477.78
109477.78
109477.78
109477.78
109477.78
109477.78
109477.78
109477.78
109477.78
109477.78
109477.77
109477.77
109477.77
109477.77
109477.77
109477.77
109477.77
109477.77
109477.77
109477.77
109477.77
109477.77
109477.77
109477.77
109477.77
109477.77
109477.77
109477.77
109477.77
109477.77
109477.77
109477.77
109477.76
109477.76
109477.76
109477.76
109477.76
109477.76
109477.76
109477.76
109477.76
109477.76
109477.76
109477.76
109477.76
109477.76
109477.76
109477.76
109477.76
109477.76
109477.76
109477.76
109477.75
109477.75
109477.75
109477.75
109477.75
109477.75
109477.75
109477.75
109477.75
109477.75
109477.75
109477.75
109477.75
109477.75
109477.75
109477.75
109477.75
109477.75
109477.74
109477.74
109477.74
109477.74
109477.74
109477.74
109477.74
109477.74
109477.74
109477.74
109477.74
109477.74
109477.74
109477.74
109477.74
109477.74
109477.74
109477.73
109477.73
109477.73
109477.73
109477.73
109477.73
109477.73
109477.73
109477.73
109477.73
109477.73
109477.73
109477.73
109477.73
109477.73
109477.73
109477.73
109477.73
109477.73
109477.72
109477.72
109477.72
109477.72
109477.72
109477.72
109477.72
109477.72
109477.72
109477.72
109477.72
109477.72
109477.72
109477.72
109477.72
109477.71
109477.71
109477.71
109477.71
109477.71
109477.71
109477.71
109477.71
109477.71
109477.71
109477.71
109477.7
109477.7
109477.7
109477.7
109477.7
109477.7
109477.7
109477.7
109477.7
109477.69
109477.69
109477.69
109477.69
109477.69
109477.69
109477.69
109477.69
109477.69
109477.69
109477.68
109477.68
109477.68
109477.68
109477.68
109477.68
109477.68
109477.68
109477.68
109477.68
109477.67
109477.67
109477.67
109477.67
109477.67
109477.67
109477.67
109477.67
109477.67
109477.67
109477.67
109477.67
109477.67
109477.67
109477.67
109477.66
109477.66
109477.66
109477.66
109477.66
109477.66
109477.66
109477.66
109477.66
109477.66
109477.66
109477.66
109477.66
109477.66
109477.66
109477.66
109477.66
109477.65
109477.65
109477.65
109477.65
109477.65
109477.65
109477.65
109477.65
109477.65
109477.65
109477.65
109477.65
109477.65
109477.65
109477.65
109477.64
109477.64
109477.64
109477.64
109477.64
109477.64
109477.64
109477.64
109477.64
109477.64
109477.64
109477.64
109477.64
109477.64
109477.64
109477.64
109477.63
109477.63
109477.63
109477.63
109477.63
109477.63
109477.63
109477.63
109477.63
109477.63
109477.63
109477.63
109477.63
109477.63
109477.63
109477.62
109477.62
109477.62
109477.62
109477.62
109477.62
109477.62
109477.62
109477.62
109477.62
109477.62
109477.61
109477.61
109477.61
109477.61
109477.61
109477.61
109477.61
109477.61
109477.6
109477.6
109477.6
109477.6
109477.6
109477.6
109477.6
109477.6
109477.59
109477.59
109477.59
109477.59
109477.59
109477.59
109477.59
109477.59
109477.58
109477.58
109477.58
109477.58
109477.58
109477.58
109477.58
109477.58
109477.57
109477.57
109477.57
109477.57
109477.57
109477.57
109477.57
109477.57
109477.56
109477.56
109477.56
109477.56
109477.56
109477.56
109477.56
109477.56
109477.55
109477.55
109477.55
109477.55
109477.55
109477.55
109477.54
109477.54
109477.54
109477.54
109477.54
109477.54
109477.53
109477.53
109477.53
109477.53
109477.53
109477.53
109477.52
109477.52
109477.52
109477.52
109477.52
109477.51
109477.51
109477.51
109477.51
109477.51
109477.51
109477.5
109477.5
109477.5
109477.5
109477.5
109477.5
109477.5
109477.49
109477.49
109477.49
109477.49
109477.49
109477.49
109477.49
109477.48
109477.48
109477.48
109477.48
109477.48
109477.48
109477.48
109477.47
109477.47
109477.47
109477.47
109477.47
109477.47
109477.46
109477.46
109477.46
109477.46
109477.46
109477.46
109477.45
109477.45
109477.45
109477.45
109477.45
109477.45
109477.44
109477.44
109477.44
109477.44
109477.44
109477.43
109477.43
109477.43
109477.43
109477.43
109477.43
109477.42
109477.42
109477.42
109477.42
109477.42
109477.42
109477.41
109477.41
109477.41
109477.41
109477.41
109477.41
109477.41
109477.4
109477.4
109477.4
109477.4
109477.4
109477.4
109477.4
109477.4
109477.39
109477.39
109477.39
109477.39
109477.39
109477.39
109477.39
109477.39
109477.39
109477.39
109477.38
109477.38
109477.38
109477.38
109477.38
109477.38
109477.38
109477.38
109477.38
109477.37
109477.37
109477.37
109477.37
109477.37
109477.37
109477.37
109477.36
109477.36
109477.36
109477.36
109477.36
109477.36
109477.36
109477.36
109477.35
109477.35
109477.35
109477.35
109477.35
109477.35
109477.35
109477.35
109477.35
109477.35
109477.35
109477.35
109477.35
109477.35
109477.35
109477.35
109477.35
109477.35
109477.35
109477.35
109477.35
109477.35
109477.35
109477.35
109477.35
109477.35
109477.35
109477.35
109477.35
109477.35
109477.35
109477.35
109477.35
109477.35
109477.35
109477.35
109477.35
109477.36
109477.36
109477.36
109477.36
109477.36
109477.37
109477.37
109477.37
109477.37
109477.38
109477.38
109477.39
109477.39
109477.39
109477.4
109477.4
109477.41
109477.41
109477.42
109477.42
109477.43
109477.43
109477.44
109477.45
109477.46
109477.46
109477.47
109477.48
109477.49
109477.5
109477.51
109477.51
109477.52
109477.53
109477.55
109477.56
109477.57
109477.58
109477.59
109477.61
109477.62
109477.64
109477.65
109477.67
109477.68
109477.7
109477.71
109477.73
109477.75
109477.76
109477.78
109477.8
109477.82
109477.83
109477.84
109477.86
109477.88
109477.89
109477.91
109477.93
109477.94
109477.95
109477.96
109477.97
109477.98
109477.99
109477.99
109478
109478
109477.99
109477.98
109477.98
109477.97
109477.96
109477.93
109477.91
109477.88
109477.84
109477.81
109477.77
109477.72
109477.67
109477.62
109477.57
109477.51
109477.44
109477.38
109477.3
109477.22
109477.14
109477.04
109476.94
109476.84
109476.72
109476.6
109476.47
109476.33
109476.17
109476.01
109475.83
109475.64
109475.44
109475.22
109474.99
109474.74
109474.47
109474.18
109473.88
109473.55
109473.19
109472.81
109472.41
109471.98
109471.51
109471.02
109470.49
109469.92
109469.32
109468.67
109467.98
109467.25
109466.47
109465.63
109464.74
109463.79
109462.78
109461.71
109460.56
109459.34
109458.05
109456.67
109455.2
109453.65
109451.99
109450.24
109448.37
109446.4
109444.3
109442.07
109439.72
109437.22
109434.58
109431.78
109428.81
109425.68
109422.36
109418.86
109415.15
109411.24
109407.11
109402.74
109398.14
109393.28
109388.16
109382.76
109377.07
109371.08
109364.76
109358.12
109351.13
109343.77
109336.04
109327.91
109319.37
109310.4
109300.99
109291.1
109280.73
109269.85
109258.45
109246.5
109233.98
109220.87
109207.14
109192.78
109177.75
109162.04
109145.62
109128.46
109110.54
109091.83
109072.31
109051.93
109030.69
109008.55
108985.48
108961.45
108936.43
108910.39
108883.31
108855.15
108825.88
108795.47
108763.9
108731.12
108697.11
108661.85
108625.29
108587.42
108548.19
108507.59
108465.59
108422.15
108377.25
108330.87
108282.98
108233.55
108182.58
108130.02
108075.88
108020.11
107962.73
107903.7
107843.01
107780.66
107716.64
107650.95
107583.57
107514.51
107443.78
107371.38
107297.32
107221.61
107144.26
107065.29
106984.73
106902.61
106818.94
106733.76
106647.11
106559.03
106469.55
106378.73
106286.62
106193.27
106098.73
106003.07
105906.36
105808.64
105710.01
105610.52
105510.26
105409.29
105307.71
105205.59
105103.01
105000.06
104896.83
104793.41
104689.87
104586.31
104482.82
104379.48
104276.39
104173.63
104071.29
103969.44
103868.18
103767.59
103667.74
103568.72
103470.59
103373.43
103277.31
103182.29
103088.43
102995.8
102904.45
102814.43
102725.79
102638.57
102552.82
102468.58
102385.86
102304.72
102225.16
102147.22
102070.9
101996.24
101923.22
101851.88
101782.2
101714.19
101647.86
101583.18
101520.17
101458.8
101399.07
101340.95
101284.45
101229.52
101176.16
101124.34
101074.04
101025.24
100977.89
100931.99
100887.49
100844.38
100802.61
100762.16
100723
100685.09
100648.4
100612.9
100578.56
100545.34
100513.21
100482.13
100452.08
100423.02
100394.93
100367.76
100341.48
100316.08
100291.5
100267.73
100244.74
100222.5
100200.97
100180.13
100159.96
100140.42
100121.49
100103.15
100085.37
100068.13
100051.4
100035.16
100019.39
100004.06
99989.169
99974.682
99960.583
99946.853
99933.474
99920.43
99907.703
99895.277
99883.136
99871.266
99859.652
99848.28
99837.137
99826.21
99815.487
99804.955
99794.604
99784.422
99774.4
99764.527
99754.794
99745.191
99735.711
99726.344
99717.083
99707.921
99698.85
99689.863
99680.954
99672.117
99663.346
99654.635
99645.979
99637.373
99628.813
99620.293
99611.81
99603.359
99594.937
99586.54
99578.165
99569.809
99561.469
99553.142
99544.825
99536.517
99528.214
99519.914
99511.616
99503.318
99495.019
99486.715
99478.407
99470.092
99461.77
99453.439
99445.099
99436.748
99428.385
99420.011
99411.623
99403.221
99394.806
99386.376
99377.931
99369.471
99360.995
99352.503
99343.994
99335.47
99326.929
99318.372
99309.798
99301.207
99292.6
99283.977
99275.337
99266.681
99258.008
99249.32
99240.616
99231.896
99223.16
99214.41
99205.644
99196.864
99188.069
99179.26
99170.437
99161.6
99152.749
99143.886
99135.01
99126.121
99117.22
99108.307
99099.382
99090.446
99081.499
99072.54
99063.572
99054.593
99045.604
99036.606
99027.598
99018.582
99009.556
99000.522
98991.479
98982.429
98973.371
98964.305
98955.232
98946.152
98937.065
98927.971
98918.872
98909.766
98900.654
98891.536
98882.413
98873.284
98864.151
98855.012
98845.869
98836.721
98827.568
98818.411
98809.25
98800.085
98790.916
98781.744
98772.568
98763.388
98754.205
98745.019
98735.829
98726.637
98717.441
98708.243
98699.042
98689.839
98680.633
98671.425
98662.214
98653.001
98643.785
98634.568
98625.348
98616.126
98606.903
98597.677
98588.45
98579.22
98569.989
98560.757
98551.522
98542.286
98533.048
98523.809
98514.568
98505.326
98496.082
98486.837
98477.591
98468.343
98459.093
98449.843
98440.591
98431.337
98422.083
98412.827
98403.57
98394.312
98385.052
98375.792
98366.53
98357.267
98348.002
98338.737
98329.47
98320.203
98310.934
98301.664
98292.393
98283.121
98273.847
98264.573
98255.298
98246.021
98236.743
98227.465
98218.185
98208.904
98199.622
98190.339
98181.055
98171.77
98162.484
98153.196
98143.908
98134.619
98125.328
98116.037
98106.744
98097.451
98088.156
98078.86
98069.564
98060.266
98050.967
98041.667
98032.366
98023.064
98013.761
98004.457
97995.152
97985.846
97976.539
97967.231
97957.921
97948.611
97939.3
97929.987
97920.674
97911.36
97902.044
97892.728
97883.41
97874.091
97864.772
97855.451
97846.129
97836.807
97827.483
97818.158
97808.832
97799.505
97790.177
97780.848
97771.518
97762.187
97752.855
97743.522
97734.188
97724.852
97715.516
97706.179
97696.841
97687.501
97678.161
97668.819
97659.477
97650.133
97640.789
97631.443
97622.097
97612.749
97603.4
97594.051
97584.7
97575.348
97565.995
97556.642
97547.287
97537.931
97528.574
97519.216
97509.857
97500.497
97491.136
97481.774
97472.411
97463.046
97453.681
97444.315
97434.948
97425.579
97416.21
97406.84
97397.468
97388.096
97378.723
97369.348
97359.973
97350.596
97341.219
97331.84
97322.46
97313.08
97303.698
97294.315
97284.932
97275.547
97266.161
97256.774
97247.387
97237.998
97228.608
97219.217
97209.825
97200.432
97191.038
97181.643
97172.247
97162.85
97153.452
97144.052
97134.652
97125.251
97115.849
97106.446
97097.041
97087.636
97078.23
97068.822
97059.414
97050.004
97040.594
97031.182
97021.77
97012.356
97002.942
96993.526
96984.11
96974.692
96965.273
96955.853
96946.433
96937.011
96927.588
96918.164
96908.739
96899.314
96889.887
96880.459
96871.03
96861.6
96852.169
96842.737
96833.303
96823.869
96814.434
96804.998
96795.561
96786.123
96776.683
96767.243
96757.802
96748.359
96738.916
96729.471
96720.026
96710.579
96701.132
96691.683
96682.234
96672.783
96663.331
96653.879
96644.425
96634.97
96625.514
96616.058
96606.6
96597.141
96587.681
96578.22
96568.758
96559.295
96549.831
96540.366
96530.9
96521.432
96511.964
96502.495
96493.025
96483.553
96474.081
96464.607
96455.133
96445.658
96436.181
96426.703
96417.225
96407.745
96398.265
96388.783
96379.3
96369.816
96360.332
96350.846
96341.359
96331.871
96322.382
96312.892
96303.401
96293.909
96284.415
96274.921
96265.426
96255.93
96246.432
96236.934
96227.434
96217.934
96208.432
96198.93
96189.426
96179.922
96170.416
96160.909
96151.401
96141.893
96132.383
96122.872
96113.36
96103.847
96094.333
96084.817
96075.301
96065.784
96056.266
96046.746
96037.226
96027.704
96018.182
96008.658
95999.134
95989.608
95980.081
95970.553
95961.025
95951.495
95941.964
95932.432
95922.898
95913.364
95903.829
95894.293
95884.755
95875.217
95865.678
95856.137
95846.595
95837.053
95827.509
95817.964
95808.418
95798.871
95789.323
95779.774
95770.224
95760.673
95751.12
95741.567
95732.013
95722.457
95712.9
95703.343
95693.784
95684.224
95674.663
95665.101
95655.538
95645.974
95636.409
95626.842
95617.275
95607.707
95598.137
95588.566
95578.995
95569.422
95559.848
95550.273
95540.697
95531.12
95521.541
95511.962
95502.382
95492.8
95483.217
95473.634
95464.049
95454.463
95444.876
95435.288
95425.699
95416.109
95406.518
95396.925
95387.332
95377.738
95368.142
95358.545
95348.948
95339.349
95329.749
95320.148
95310.546
95300.943
95291.339
95281.734
95272.128
95262.521
95252.913
95243.303
95233.693
95224.082
95214.469
95204.856
95195.241
95185.626
95176.01
95166.392
95156.774
95147.154
95137.534
95127.913
95118.29
95108.667
95099.043
95089.418
95079.792
95070.164
95060.536
95050.908
95041.278
95031.647
95022.015
95012.383
95002.75
94993.115
94983.48
94973.844
94964.207
94954.57
94944.931
94935.292
94925.652
94916.011
94906.37
94896.727
94887.084
94877.44
94867.796
94858.15
94848.504
94838.857
94829.21
94819.561
94809.913
94800.263
94790.613
94780.962
94771.31
94761.658
94752.005
94742.352
94732.698
94723.043
94713.388
94703.732
94694.076
94684.419
94674.762
94665.103
94655.445
94645.786
94636.126
94626.466
94616.805
94607.144
94597.483
94587.82
94578.158
94568.495
94558.831
94549.167
94539.502
94529.837
94520.172
94510.506
94500.84
94491.173
94481.506
94471.838
94462.17
94452.501
94442.832
94433.163
94423.493
94413.822
94404.152
94394.48
94384.809
94375.137
94365.464
94355.791
94346.118
94336.444
94326.77
94317.095
94307.42
94297.745
94288.069
94278.393
94268.716
94259.039
94249.361
94239.683
94230.004
94220.325
94210.646
94200.966
94191.285
94181.604
94171.923
94162.241
94152.559
94142.876
94133.193
94123.51
94113.826
94104.141
94094.456
94084.771
94075.085
94065.398
94055.711
94046.024
94036.336
94026.647
94016.958
94007.269
93997.579
93987.889
93978.198
93968.506
93958.815
93949.122
93939.429
93929.736
93920.042
93910.348
93900.653
93890.957
93881.261
93871.565
93861.868
93852.17
93842.472
93832.774
93823.075
93813.375
93803.675
93793.975
93784.274
93774.572
93764.87
93755.167
93745.464
93735.76
93726.056
93716.351
93706.646
93696.94
93687.234
93677.527
93667.82
93658.112
93648.403
93638.694
93628.984
93619.274
93609.563
93599.852
93590.14
93580.428
93570.715
93561.001
93551.287
93541.573
93531.857
93522.142
93512.425
93502.708
93492.99
93483.272
93473.553
93463.834
93454.114
93444.393
93434.672
93424.95
93415.227
93405.504
93395.78
93386.055
93376.33
93366.604
93356.877
93347.15
93337.422
93327.693
93317.963
93308.233
93298.502
93288.77
93279.038
93269.305
93259.571
93249.836
93240.1
93230.364
93220.627
93210.889
93201.15
93191.41
93181.67
93171.928
93162.186
93152.443
93142.699
93132.954
93123.208
93113.462
93103.714
93093.966
93084.217
93074.466
93064.715
93054.963
93045.21
93035.456
93025.701
93015.945
93006.188
92996.43
92986.671
92976.911
92967.15
92957.388
92947.625
92937.861
92928.096
92918.33
92908.563
92898.795
92889.026
92879.256
92869.485
92859.713
92849.94
92840.166
92830.39
92820.614
92810.837
92801.058
92791.279
92781.498
92771.717
92761.934
92752.15
92742.365
92732.58
92722.793
92713.005
92703.216
92693.426
92683.635
92673.842
92664.049
92654.255
92644.459
92634.663
92624.865
92615.067
92605.267
92595.466
92585.664
92575.861
92566.057
92556.252
92546.446
92536.639
92526.831
92517.021
92507.211
92497.4
92487.587
92477.773
92467.959
92458.143
92448.326
92438.508
92428.689
92418.869
92409.048
92399.226
92389.403
92379.578
92369.753
92359.926
92350.099
92340.27
92330.441
92320.61
92310.778
92300.945
92291.111
92281.276
92271.44
92261.602
92251.764
92241.925
92232.084
92222.242
92212.4
92202.556
92192.711
92182.865
92173.018
92163.17
92153.321
92143.471
92133.619
92123.767
92113.913
92104.059
92094.203
92084.346
92074.488
92064.629
92054.769
92044.908
92035.046
92025.182
92015.318
92005.452
91995.586
91985.718
91975.849
91965.979
91956.108
91946.236
91936.363
91926.488
91916.613
91906.736
91896.859
91886.98
91877.1
91867.219
91857.337
91847.454
91837.57
91827.684
91817.798
91807.91
91798.022
91788.132
91778.241
91768.349
91758.456
91748.561
91738.666
91728.77
91718.872
91708.973
91699.074
91689.173
91679.271
91669.367
91659.463
91649.558
91639.651
91629.744
91619.835
91609.925
91600.014
91590.102
91580.189
91570.274
91560.359
91550.442
91540.525
91530.606
91520.686
91510.765
91500.842
91490.919
91480.995
91471.069
91461.142
91451.214
91441.285
91431.355
91421.424
91411.492
91401.558
91391.624
91381.688
91371.751
91361.813
91351.874
91341.933
91331.992
91322.049
91312.106
91302.161
91292.215
91282.268
91272.319
91262.37
91252.419
91242.468
91232.515
91222.561
91212.606
91202.65
91192.692
91182.734
91172.774
91162.813
91152.851
91142.888
91132.924
91122.958
91112.992
91103.024
91093.055
91083.085
91073.114
91063.141
91053.168
91043.193
91033.217
91023.24
91013.262
91003.283
90993.303
90983.321
90973.338
90963.354
90953.369
90943.383
90933.396
90923.407
90913.417
90903.427
90893.434
90883.441
90873.447
90863.451
90853.455
90843.457
90833.458
90823.458
90813.456
90803.454
90793.45
90783.445
90773.439
90763.432
90753.423
90743.414
90733.403
90723.391
90713.378
90703.364
90693.348
90683.332
90673.314
90663.295
90653.275
90643.254
90633.231
90623.207
90613.183
90603.156
90593.129
90583.101
90573.071
90563.04
90553.008
90542.975
90532.941
90522.905
90512.869
90502.831
90492.792
90482.751
90472.71
90462.667
90452.623
90442.578
90432.532
90422.485
90412.436
90402.386
90392.335
90382.283
90372.23
90362.175
90352.119
90342.062
90332.004
90321.944
90311.884
90301.822
90291.759
90281.695
90271.629
90261.563
90251.495
90241.426
90231.356
90221.284
90211.212
90201.138
90191.063
90180.986
90170.909
90160.83
90150.75
90140.669
90130.587
90120.503
90110.418
90100.332
90090.245
90080.157
90070.067
90059.976
90049.884
90039.791
90029.696
90019.601
90009.504
89999.405
89989.306
89979.205
89969.104
89959.001
89948.896
89938.791
89928.684
89918.576
89908.467
89898.356
89888.245
89878.132
89868.018
89857.902
89847.786
89837.668
89827.549
89817.428
89807.307
89797.184
89787.06
89776.935
89766.808
89756.681
89746.552
89736.422
89726.29
89716.157
89706.024
89695.888
89685.752
89675.614
89665.475
89655.335
89645.194
89635.051
89624.907
89614.762
89604.616
89594.468
89584.32
89574.169
89564.018
89553.866
89543.712
89533.557
89523.4
89513.243
89503.084
89492.924
89482.763
89472.601
89462.438
89452.273
89442.108
89431.941
89421.773
89411.605
89401.436
89391.266
89381.095
89370.924
89360.753
89350.581
89340.41
89330.239
89320.069
89309.9
89299.732
89289.567
89279.403
89269.243
89259.087
89248.934
89238.787
89228.645
89218.51
89208.382
89198.263
89188.151
89178.05
89167.958
89157.877
89147.807
89137.748
89127.7
89117.663
89107.637
89097.621
89087.614
89077.615
89067.622
89057.635
89047.65
89037.666
89027.682
89017.694
89007.702
88997.702
88987.693
88977.673
88967.641
88957.594
88947.534
88937.457
88927.365
88917.257
88907.133
88896.993
88886.838
88876.669
88866.487
88856.293
88846.089
88835.875
88825.655
88815.428
88805.198
88794.966
88784.734
88774.503
88764.275
88754.05
88743.828
88733.612
88723.399
88713.19
88702.984
88692.781
88682.58
88672.381
88662.183
88651.987
88641.793
88631.602
88621.417
88611.239
88601.074
88590.924
88580.796
88570.702
88560.668
88550.831
)
;

boundaryField
{
    leftSide
    {
        type            waveTransmissive;
        gamma           1.4;
        fieldInf        0;
        lInf            1;
        value           uniform 106255.51;
    }
    rightSide
    {
        type            waveTransmissive;
        gamma           1.4;
        fieldInf        0;
        lInf            1;
        value           uniform 88546.261;
    }
    emptywalls
    {
        type            empty;
    }
}


// ************************************************************************* //
