/*--------------------------------*- C++ -*----------------------------------*\
  =========                 |
  \\      /  F ield         | OpenFOAM: The Open Source CFD Toolbox
   \\    /   O peration     | Website:  https://openfoam.org
    \\  /    A nd           | Version:  7
     \\/     M anipulation  |
\*---------------------------------------------------------------------------*/
FoamFile
{
    version     2.0;
    format      ascii;
    class       volScalarField;
    location    "0.00109";
    object      T;
}
// * * * * * * * * * * * * * * * * * * * * * * * * * * * * * * * * * * * * * //

dimensions      [0 0 0 1 0 0 0];

internalField   nonuniform List<scalar> 
5000
(
277.3358
277.35069
277.35714
277.36951
277.37615
277.38849
277.39515
277.40749
277.41416
277.42652
277.43318
277.44557
277.45222
277.46462
277.47127
277.48366
277.49031
277.5027
277.50934
277.52175
277.52836
277.54078
277.54738
277.55981
277.56639
277.57882
277.5854
277.59783
277.60441
277.61683
277.6234
277.63582
277.64238
277.65482
277.66136
277.6738
277.68033
277.69278
277.69929
277.71174
277.71824
277.73068
277.73717
277.7496
277.75609
277.7685
277.77498
277.78739
277.79385
277.80626
277.81271
277.82513
277.83156
277.84399
277.85042
277.86286
277.86929
277.88174
277.88817
277.90063
277.90707
277.91953
277.92597
277.93845
277.94489
277.95738
277.96381
277.97632
277.98274
277.99525
278.00167
278.01418
278.0206
278.03311
278.03953
278.05203
278.05845
278.07095
278.07736
278.08986
278.09627
278.10877
278.11516
278.12767
278.13405
278.14656
278.15293
278.16545
278.17181
278.18432
278.19067
278.20319
278.20953
278.22204
278.22838
278.24088
278.24722
278.25972
278.26605
278.27855
278.28487
278.29736
278.30368
278.31616
278.32248
278.33496
278.34127
278.35376
278.36005
278.37255
278.37882
278.39135
278.3976
278.41008
278.41647
278.42873
278.43542
278.44729
278.45444
278.46582
278.47348
278.48435
278.4925
278.50292
278.51149
278.52154
278.53043
278.54022
278.54932
278.55894
278.56817
278.57769
278.58701
278.59646
278.60582
278.61524
278.62462
278.63403
278.64342
278.65282
278.66221
278.6716
278.68099
278.69039
278.69977
278.70916
278.71855
278.72793
278.73731
278.74669
278.75607
278.76545
278.77483
278.7842
278.79357
278.80294
278.81231
278.82168
278.83104
278.84041
278.84977
278.85913
278.86849
278.87784
278.8872
278.89655
278.9059
278.91525
278.92459
278.93394
278.94328
278.95262
278.96196
278.9713
278.98063
278.98997
278.9993
279.00863
279.01796
279.02728
279.03661
279.04593
279.05525
279.06457
279.07388
279.0832
279.09251
279.10182
279.11112
279.12043
279.12973
279.13903
279.14833
279.15763
279.16693
279.17622
279.18551
279.1948
279.20409
279.21337
279.22265
279.23193
279.24121
279.25049
279.25977
279.26904
279.27831
279.28758
279.29685
279.30612
279.31539
279.32465
279.33392
279.34318
279.35244
279.3617
279.37097
279.38023
279.38949
279.39875
279.408
279.41726
279.42652
279.43578
279.44504
279.4543
279.46356
279.47282
279.48207
279.49133
279.50059
279.50985
279.51911
279.52837
279.53763
279.54689
279.55614
279.5654
279.57466
279.58392
279.59318
279.60243
279.61169
279.62095
279.6302
279.63946
279.64871
279.65796
279.66722
279.67647
279.68572
279.69497
279.70421
279.71346
279.72271
279.73195
279.74119
279.75044
279.75968
279.76891
279.77815
279.78739
279.79662
279.80585
279.81509
279.82432
279.83354
279.84277
279.85199
279.86122
279.87044
279.87966
279.88887
279.89809
279.90731
279.91652
279.92573
279.93494
279.94414
279.95335
279.96255
279.97176
279.98096
279.99015
279.99935
280.00855
280.01774
280.02693
280.03612
280.04531
280.05449
280.06368
280.07286
280.08204
280.09122
280.10039
280.10957
280.11874
280.12791
280.13708
280.14625
280.15541
280.16458
280.17374
280.1829
280.19206
280.20121
280.21037
280.21952
280.22867
280.23782
280.24697
280.25611
280.26525
280.27439
280.28353
280.29267
280.30181
280.31094
280.32007
280.3292
280.33832
280.34745
280.35657
280.36569
280.37481
280.38392
280.39304
280.40215
280.41126
280.42036
280.42947
280.43857
280.44767
280.45676
280.46586
280.47495
280.48404
280.49313
280.50221
280.51129
280.52037
280.52945
280.53852
280.54759
280.55666
280.56572
280.57479
280.58385
280.5929
280.60196
280.61101
280.62006
280.6291
280.63815
280.64719
280.65622
280.66526
280.67429
280.68332
280.69234
280.70136
280.71038
280.7194
280.72841
280.73742
280.74642
280.75543
280.76443
280.77342
280.78241
280.7914
280.80039
280.80937
280.81835
280.82732
280.83629
280.84526
280.85422
280.86317
280.87213
280.88107
280.89001
280.89895
280.90788
280.91681
280.92573
280.93464
280.94355
280.95245
280.96135
280.97023
280.97911
280.98799
280.99685
281.00571
281.01455
281.02339
281.03222
281.04104
281.04985
281.05865
281.06744
281.07621
281.08498
281.09373
281.10247
281.1112
281.11991
281.12861
281.13729
281.14596
281.15462
281.16326
281.17188
281.18048
281.18907
281.19763
281.20618
281.21471
281.22322
281.23171
281.24017
281.24862
281.25704
281.26543
281.27381
281.28215
281.29047
281.29877
281.30703
281.31527
281.32348
281.33166
281.33981
281.34792
281.35601
281.36406
281.37207
281.38005
281.38799
281.3959
281.40377
281.41159
281.41938
281.42712
281.43483
281.44248
281.4501
281.45766
281.46518
281.47265
281.48008
281.48745
281.49476
281.50203
281.50924
281.51639
281.52349
281.53053
281.53751
281.54442
281.55128
281.55807
281.56479
281.57145
281.57804
281.58456
281.59101
281.59739
281.60369
281.60991
281.61606
281.62213
281.62812
281.63403
281.63986
281.6456
281.65125
281.65682
281.66229
281.66768
281.67297
281.67817
281.68327
281.68828
281.69318
281.69799
281.70269
281.70729
281.71178
281.71617
281.72045
281.72461
281.72867
281.73261
281.73644
281.74015
281.74374
281.74721
281.75057
281.75379
281.7569
281.75988
281.76273
281.76545
281.76804
281.7705
281.77283
281.77502
281.77708
281.779
281.78078
281.78242
281.78391
281.78527
281.78648
281.78754
281.78846
281.78923
281.78985
281.79032
281.79064
281.79079
281.7908
281.79065
281.79035
281.78988
281.78926
281.78848
281.78754
281.78644
281.78517
281.78374
281.78215
281.7804
281.77847
281.77638
281.77413
281.7717
281.7691
281.76634
281.76341
281.7603
281.75702
281.75358
281.74995
281.74616
281.7422
281.73805
281.73374
281.72925
281.72459
281.71974
281.71473
281.70954
281.70418
281.69863
281.69292
281.68702
281.68095
281.67471
281.66829
281.66169
281.65492
281.64797
281.64084
281.63354
281.62607
281.61842
281.6106
281.6026
281.59443
281.58608
281.57756
281.56887
281.56001
281.55097
281.54177
281.5324
281.52285
281.51313
281.50325
281.4932
281.48298
281.4726
281.46205
281.45133
281.44045
281.42941
281.41821
281.40684
281.39531
281.38363
281.37178
281.35978
281.34762
281.33531
281.32284
281.31021
281.29744
281.28451
281.27143
281.25821
281.24484
281.23131
281.21765
281.20384
281.18988
281.17579
281.16155
281.14718
281.13267
281.11801
281.10323
281.08831
281.07326
281.05807
281.04276
281.02732
281.01175
280.99605
280.98023
280.96429
280.94823
280.93204
280.91574
280.89932
280.88279
280.86614
280.84938
280.83251
280.81552
280.79843
280.78124
280.76394
280.74653
280.72903
280.71142
280.69372
280.67592
280.65802
280.64003
280.62195
280.60378
280.58552
280.56718
280.54875
280.53023
280.51164
280.49296
280.4742
280.45537
280.43647
280.41749
280.39844
280.37932
280.36013
280.34088
280.32156
280.30218
280.28274
280.26324
280.24368
280.22406
280.2044
280.18468
280.16491
280.1451
280.12523
280.10532
280.08538
280.06538
280.04536
280.02529
280.00518
279.98505
279.96488
279.94469
279.92447
279.90421
279.88394
279.86364
279.84333
279.823
279.80264
279.78228
279.7619
279.74151
279.72112
279.70071
279.6803
279.65989
279.63947
279.61906
279.59865
279.57824
279.55785
279.53745
279.51707
279.49671
279.47635
279.45602
279.4357
279.4154
279.39513
279.37487
279.35465
279.33445
279.31428
279.29415
279.27405
279.25399
279.23396
279.21397
279.19403
279.17413
279.15428
279.13448
279.11472
279.09502
279.07537
279.05578
279.03626
279.01678
278.99737
278.97803
278.95875
278.93955
278.92041
278.90135
278.88236
278.86345
278.84462
278.82587
278.8072
278.78862
278.77013
278.75173
278.73342
278.7152
278.69708
278.67906
278.66114
278.64332
278.62561
278.608
278.5905
278.57312
278.55585
278.53869
278.52165
278.50473
278.48792
278.47125
278.4547
278.43828
278.42199
278.40583
278.3898
278.37392
278.35816
278.34255
278.32708
278.31176
278.29658
278.28155
278.26667
278.25194
278.23736
278.22295
278.20869
278.19459
278.18065
278.16687
278.15326
278.13982
278.12654
278.11344
278.10051
278.08775
278.07517
278.06276
278.05054
278.0385
278.02663
278.01495
278.00346
277.99215
277.98103
277.97009
277.95935
277.94881
277.93845
277.92829
277.91832
277.90855
277.89898
277.8896
277.88043
277.87145
277.86268
277.85411
277.84573
277.83758
277.82961
277.82186
277.81431
277.80696
277.79983
277.79289
277.78617
277.77965
277.77334
277.76724
277.76135
277.75566
277.75018
277.74491
277.73984
277.73499
277.73034
277.7259
277.72166
277.71763
277.71381
277.71018
277.70677
277.70355
277.70054
277.69773
277.69511
277.69271
277.69049
277.68848
277.68665
277.68503
277.6836
277.68236
277.68132
277.68045
277.67979
277.6793
277.679
277.67888
277.67895
277.67919
277.67961
277.68021
277.68098
277.68193
277.68304
277.68432
277.68577
277.68737
277.68915
277.69107
277.69316
277.6954
277.6978
277.70035
277.70304
277.70588
277.70886
277.71199
277.71525
277.71864
277.72218
277.72584
277.72963
277.73355
277.73759
277.74175
277.74604
277.75044
277.75495
277.75958
277.76431
277.76915
277.77409
277.77914
277.78429
277.78953
277.79488
277.8003
277.80583
277.81144
277.81714
277.82292
277.82877
277.83472
277.84073
277.84683
277.85299
277.85922
277.86552
277.87189
277.87832
277.88481
277.89137
277.89798
277.90465
277.91138
277.91815
277.92499
277.93186
277.93879
277.94575
277.95277
277.95983
277.96693
277.97407
277.98125
277.98847
277.99572
278.00301
278.01033
278.01768
278.02507
278.03247
278.03991
278.04738
278.05487
278.06239
278.06992
278.07749
278.08507
278.09268
278.1003
278.10794
278.1156
278.12328
278.13098
278.13868
278.14641
278.15414
278.16189
278.16966
278.17743
278.18522
278.19302
278.20083
278.20864
278.21647
278.22431
278.23215
278.24001
278.24786
278.25573
278.2636
278.27147
278.27936
278.28725
278.29514
278.30304
278.31094
278.31885
278.32676
278.33467
278.34259
278.35051
278.35843
278.36635
278.37428
278.38221
278.39014
278.39807
278.40601
278.41394
278.42188
278.42982
278.43775
278.44569
278.45363
278.46157
278.46951
278.47745
278.48539
278.49334
278.50127
278.50922
278.51715
278.5251
278.53303
278.54098
278.54891
278.55686
278.56479
278.57273
278.58067
278.58861
278.59654
278.60448
278.61241
278.62035
278.62828
278.63621
278.64414
278.65207
278.66
278.66793
278.67585
278.68378
278.69171
278.69963
278.70755
278.71547
278.7234
278.73131
278.73923
278.74715
278.75507
278.76298
278.7709
278.7788
278.78672
278.79463
278.80254
278.81044
278.81835
278.82626
278.83416
278.84207
278.84997
278.85787
278.86577
278.87367
278.88157
278.88946
278.89736
278.90525
278.91314
278.92104
278.92893
278.93682
278.9447
278.95259
278.96048
278.96837
278.97624
278.98413
278.99201
278.99989
279.00776
279.01565
279.02352
279.03139
279.03927
279.04714
279.05501
279.06288
279.07075
279.07862
279.08648
279.09435
279.10221
279.11007
279.11794
279.12579
279.13366
279.14151
279.14937
279.15722
279.16508
279.17293
279.18079
279.18863
279.19648
279.20433
279.21218
279.22002
279.22787
279.23571
279.24356
279.2514
279.25924
279.26708
279.27491
279.28275
279.29058
279.29842
279.30625
279.31409
279.32191
279.32975
279.33757
279.3454
279.35323
279.36105
279.36888
279.3767
279.38452
279.39234
279.40016
279.40798
279.4158
279.42362
279.43143
279.43924
279.44706
279.45487
279.46268
279.47049
279.4783
279.48611
279.49391
279.50172
279.50952
279.51732
279.52513
279.53293
279.54073
279.54853
279.55633
279.56413
279.57192
279.57971
279.58751
279.5953
279.6031
279.61089
279.61868
279.62647
279.63425
279.64204
279.64983
279.65761
279.6654
279.67318
279.68096
279.68875
279.69653
279.70431
279.71209
279.71986
279.72764
279.73542
279.74319
279.75097
279.75873
279.76651
279.77428
279.78205
279.78982
279.79759
279.80536
279.81312
279.82089
279.82865
279.83642
279.84418
279.85195
279.8597
279.86746
279.87522
279.88298
279.89074
279.89849
279.90625
279.91401
279.92176
279.92951
279.93726
279.94501
279.95277
279.96051
279.96826
279.97601
279.98375
279.9915
279.99925
280.00699
280.01474
280.02248
280.03022
280.03796
280.0457
280.05344
280.06118
280.06891
280.07665
280.08438
280.09212
280.09986
280.10758
280.11532
280.12305
280.13078
280.13851
280.14624
280.15397
280.16169
280.16942
280.17715
280.18487
280.19259
280.20032
280.20803
280.21576
280.22348
280.23119
280.23892
280.24663
280.25435
280.26207
280.26978
280.27749
280.28521
280.29292
280.30063
280.30834
280.31605
280.32376
280.33147
280.33918
280.34689
280.35459
280.36229
280.37
280.3777
280.3854
280.3931
280.4008
280.40851
280.4162
280.4239
280.4316
280.43929
280.44699
280.45469
280.46238
280.47008
280.47777
280.48546
280.49315
280.50084
280.50853
280.51622
280.5239
280.53159
280.53928
280.54696
280.55465
280.56233
280.57001
280.5777
280.58537
280.59306
280.60073
280.60841
280.61609
280.62376
280.63144
280.63911
280.64679
280.65446
280.66214
280.6698
280.67748
280.68515
280.69282
280.70049
280.70815
280.71583
280.72348
280.73116
280.73881
280.74648
280.75414
280.7618
280.76947
280.77712
280.78479
280.79244
280.80011
280.80775
280.81542
280.82307
280.83073
280.83838
280.84603
280.85368
280.86134
280.86899
280.87663
280.88428
280.89193
280.89958
280.90722
280.91487
280.92251
280.93015
280.9378
280.94544
280.95309
280.96071
280.96837
280.97599
280.98364
280.99127
280.99891
281.00654
281.01417
281.02181
281.02943
281.03707
281.0447
281.05233
281.05996
281.06758
281.07521
281.08283
281.09046
281.09809
281.1057
281.11333
281.12095
281.12857
281.13619
281.1438
281.15142
281.15904
281.16665
281.17427
281.18188
281.18949
281.1971
281.20471
281.21232
281.21993
281.22754
281.23514
281.24275
281.25035
281.25795
281.26555
281.27315
281.28075
281.28835
281.29595
281.30354
281.31114
281.31874
281.32633
281.33392
281.34151
281.3491
281.35669
281.36428
281.37187
281.37945
281.38703
281.39462
281.4022
281.40978
281.41736
281.42494
281.43252
281.44009
281.44767
281.45525
281.46282
281.47039
281.47796
281.48553
281.4931
281.50067
281.50824
281.5158
281.52337
281.53093
281.53849
281.54605
281.55361
281.56117
281.56873
281.57628
281.58384
281.59139
281.59895
281.6065
281.61405
281.6216
281.62915
281.63669
281.64424
281.65179
281.65933
281.66687
281.67441
281.68195
281.68949
281.69703
281.70457
281.7121
281.71964
281.72717
281.7347
281.74224
281.74977
281.7573
281.76482
281.77235
281.77987
281.7874
281.79492
281.80244
281.80997
281.81748
281.825
281.83252
281.84004
281.84755
281.85507
281.86258
281.87009
281.8776
281.88511
281.89262
281.90013
281.90763
281.91514
281.92264
281.93015
281.93765
281.94515
281.95265
281.96014
281.96764
281.97514
281.98263
281.99013
281.99762
282.00511
282.0126
282.02009
282.02758
282.03506
282.04255
282.05003
282.05752
282.065
282.07248
282.07996
282.08744
282.09492
282.10239
282.10987
282.11734
282.12482
282.13229
282.13976
282.14723
282.1547
282.16216
282.16963
282.1771
282.18456
282.19202
282.19948
282.20694
282.2144
282.22186
282.22932
282.23677
282.24423
282.25168
282.25913
282.26658
282.27403
282.28148
282.28893
282.29637
282.30382
282.31126
282.3187
282.32614
282.33358
282.34102
282.34846
282.3559
282.36333
282.37077
282.3782
282.38563
282.39306
282.40049
282.40792
282.41534
282.42277
282.43019
282.43761
282.44504
282.45246
282.45987
282.46729
282.47471
282.48212
282.48954
282.49695
282.50436
282.51177
282.51918
282.52659
282.53399
282.5414
282.5488
282.5562
282.5636
282.571
282.5784
282.5858
282.59319
282.60059
282.60798
282.61537
282.62276
282.63015
282.63754
282.64493
282.65231
282.6597
282.66708
282.67446
282.68184
282.68922
282.6966
282.70397
282.71135
282.71872
282.72609
282.73346
282.74083
282.7482
282.75557
282.76293
282.7703
282.77766
282.78502
282.79239
282.79974
282.8071
282.81446
282.82181
282.82917
282.83652
282.84387
282.85122
282.85857
282.86592
282.87327
282.88061
282.88796
282.8953
282.90264
282.90998
282.91732
282.92466
282.932
282.93933
282.94667
282.954
282.96133
282.96866
282.97599
282.98332
282.99065
282.99798
283.0053
283.01262
283.01995
283.02727
283.03459
283.04191
283.04923
283.05654
283.06386
283.07118
283.07849
283.0858
283.09312
283.10043
283.10774
283.11504
283.12235
283.12966
283.13696
283.14427
283.15157
283.15887
283.16618
283.17348
283.18077
283.18807
283.19537
283.20266
283.20996
283.21725
283.22455
283.23184
283.23913
283.24642
283.25371
283.261
283.26829
283.27557
283.28286
283.29014
283.29742
283.30471
283.31199
283.31927
283.32654
283.33382
283.3411
283.34837
283.35565
283.36292
283.3702
283.37747
283.38474
283.39201
283.39928
283.40655
283.41381
283.42108
283.42834
283.43561
283.44287
283.45013
283.4574
283.46466
283.47191
283.47917
283.48643
283.49368
283.50094
283.50819
283.51545
283.5227
283.52995
283.53719
283.54444
283.55168
283.55893
283.56617
283.57341
283.58066
283.5879
283.59515
283.60239
283.60962
283.61686
283.6241
283.63134
283.63857
283.6458
283.65303
283.66026
283.66749
283.67472
283.68195
283.68917
283.6964
283.70362
283.71084
283.71806
283.72528
283.7325
283.73972
283.74694
283.75416
283.76137
283.76859
283.7758
283.78301
283.79022
283.79742
283.80463
283.81184
283.81905
283.82625
283.83346
283.84066
283.84786
283.85506
283.86225
283.86945
283.87664
283.88383
283.89102
283.89821
283.9054
283.91259
283.91978
283.92697
283.93416
283.94134
283.94852
283.9557
283.96288
283.97006
283.97723
283.98441
283.99158
283.99875
284.00592
284.01309
284.02026
284.02742
284.03459
284.04175
284.04891
284.05607
284.06323
284.07038
284.07753
284.08468
284.09183
284.09898
284.10612
284.11327
284.12041
284.12755
284.13469
284.14182
284.14896
284.15608
284.16321
284.17034
284.17746
284.18458
284.1917
284.19882
284.20593
284.21304
284.22015
284.22725
284.23436
284.24145
284.24855
284.25564
284.26273
284.26982
284.2769
284.28398
284.29106
284.29814
284.3052
284.31227
284.31933
284.32638
284.33344
284.34048
284.34753
284.35457
284.36161
284.36864
284.37566
284.38268
284.3897
284.39671
284.40372
284.41072
284.41771
284.4247
284.43168
284.43866
284.44563
284.45259
284.45955
284.4665
284.47344
284.48038
284.48731
284.49423
284.50114
284.50805
284.51495
284.52184
284.52872
284.5356
284.54246
284.54931
284.55616
284.563
284.56982
284.57664
284.58345
284.59024
284.59703
284.6038
284.61057
284.61732
284.62406
284.63078
284.6375
284.6442
284.6509
284.65757
284.66424
284.67089
284.67753
284.68415
284.69076
284.69735
284.70393
284.71049
284.71704
284.72357
284.73009
284.73658
284.74307
284.74953
284.75598
284.7624
284.76881
284.77521
284.78158
284.78793
284.79426
284.80058
284.80687
284.81314
284.8194
284.82562
284.83183
284.83802
284.84418
284.85032
284.85644
284.86253
284.8686
284.87464
284.88066
284.88666
284.89263
284.89858
284.90449
284.91039
284.91625
284.92209
284.9279
284.93368
284.93944
284.94516
284.95086
284.95652
284.96216
284.96776
284.97334
284.97888
284.9844
284.98988
284.99533
285.00075
285.00613
285.01149
285.0168
285.02209
285.02734
285.03256
285.03775
285.0429
285.04801
285.05309
285.05813
285.06313
285.0681
285.07303
285.07793
285.08279
285.08761
285.0924
285.09714
285.10185
285.10652
285.11116
285.11575
285.1203
285.12482
285.1293
285.13373
285.13813
285.14248
285.14679
285.15107
285.1553
285.1595
285.16365
285.16776
285.17184
285.17587
285.17986
285.18381
285.18771
285.19158
285.1954
285.19918
285.20292
285.20661
285.21027
285.21388
285.21745
285.22099
285.22447
285.22792
285.23133
285.23469
285.23801
285.24129
285.24453
285.24773
285.25088
285.254
285.25707
285.2601
285.26309
285.26604
285.26895
285.27182
285.27465
285.27743
285.28018
285.28289
285.28555
285.28818
285.29076
285.29331
285.29582
285.29829
285.30072
285.30312
285.30547
285.30779
285.31007
285.31231
285.31451
285.31668
285.31881
285.3209
285.32296
285.32498
285.32696
285.32892
285.33083
285.33271
285.33456
285.33637
285.33815
285.3399
285.34161
285.34329
285.34494
285.34656
285.34815
285.3497
285.35122
285.35272
285.35418
285.35561
285.35702
285.35839
285.35974
285.36105
285.36234
285.36361
285.36484
285.36605
285.36723
285.36839
285.36952
285.37063
285.37171
285.37276
285.37379
285.3748
285.37578
285.37674
285.37768
285.3786
285.37949
285.38037
285.38122
285.38205
285.38286
285.38365
285.38442
285.38517
285.3859
285.38662
285.38732
285.38799
285.38865
285.3893
285.38993
285.39054
285.39113
285.39171
285.39227
285.39282
285.39335
285.39387
285.39437
285.39486
285.39534
285.3958
285.39625
285.39668
285.39711
285.39752
285.39792
285.39831
285.39869
285.39905
285.3994
285.39975
285.40008
285.40041
285.40072
285.40103
285.40133
285.40162
285.4019
285.40217
285.40243
285.40268
285.40293
285.40316
285.40339
285.40361
285.40383
285.40404
285.40424
285.40444
285.40462
285.40481
285.40498
285.40516
285.40532
285.40548
285.40564
285.40579
285.40594
285.40608
285.40621
285.40634
285.40647
285.40659
285.40671
285.40682
285.40693
285.40704
285.40714
285.40724
285.40733
285.40743
285.40752
285.4076
285.40769
285.40777
285.40784
285.40792
285.40799
285.40806
285.40813
285.4082
285.40826
285.40832
285.40838
285.40844
285.40849
285.40855
285.4086
285.40865
285.40869
285.40874
285.40878
285.40883
285.40887
285.40891
285.40895
285.40899
285.40902
285.40906
285.40909
285.40912
285.40915
285.40919
285.40922
285.40925
285.40928
285.4093
285.40933
285.40936
285.40938
285.40941
285.40943
285.40945
285.40948
285.4095
285.40952
285.40954
285.40956
285.40958
285.4096
285.40961
285.40963
285.40965
285.40967
285.40969
285.4097
285.40972
285.40973
285.40975
285.40976
285.40978
285.40979
285.40981
285.40982
285.40984
285.40985
285.40986
285.40988
285.40989
285.4099
285.40991
285.40993
285.40994
285.40995
285.40997
285.40998
285.40999
285.41001
285.41002
285.41003
285.41004
285.41005
285.41007
285.41008
285.41009
285.4101
285.41011
285.41012
285.41012
285.41013
285.41014
285.41015
285.41016
285.41018
285.41019
285.4102
285.41022
285.41023
285.41024
285.41025
285.41026
285.41027
285.41029
285.41029
285.4103
285.41031
285.41032
285.41033
285.41034
285.41035
285.41036
285.41037
285.41038
285.41039
285.4104
285.41041
285.41042
285.41044
285.41045
285.41046
285.41047
285.41048
285.41049
285.4105
285.41051
285.41052
285.41053
285.41054
285.41055
285.41056
285.41057
285.41058
285.41059
285.4106
285.41061
285.41062
285.41063
285.41065
285.41066
285.41067
285.41068
285.41069
285.4107
285.41071
285.41072
285.41073
285.41074
285.41076
285.41077
285.41078
285.41079
285.4108
285.41081
285.41082
285.41083
285.41084
285.41085
285.41087
285.41088
285.41089
285.4109
285.41091
285.41092
285.41093
285.41094
285.41095
285.41096
285.41098
285.41099
285.411
285.41101
285.41102
285.41103
285.41104
285.41105
285.41107
285.41108
285.41109
285.4111
285.41111
285.41112
285.41113
285.41114
285.41115
285.41117
285.41118
285.4112
285.41121
285.41123
285.41124
285.41125
285.41126
285.41128
285.41129
285.4113
285.41131
285.41132
285.41133
285.41134
285.41135
285.41137
285.41138
285.41139
285.4114
285.41142
285.41143
285.41145
285.41146
285.41147
285.41148
285.4115
285.41151
285.41152
285.41154
285.41155
285.41157
285.41158
285.4116
285.41161
285.41163
285.41164
285.41165
285.41166
285.41167
285.41169
285.4117
285.41172
285.41173
285.41175
285.41176
285.41178
285.41179
285.41181
285.41182
285.41183
285.41185
285.41186
285.41188
285.4119
285.41191
285.41193
285.41194
285.41196
285.41198
285.41199
285.412
285.41202
285.41203
285.41205
285.41206
285.41208
285.4121
285.41212
285.41213
285.41215
285.41217
285.41218
285.4122
285.41222
285.41223
285.41225
285.41227
285.41228
285.4123
285.41232
285.41233
285.41235
285.41237
285.41239
285.4124
285.41242
285.41244
285.41246
285.41248
285.4125
285.41252
285.41254
285.41256
285.41258
285.4126
285.41262
285.41264
285.41266
285.41268
285.4127
285.41272
285.41274
285.41276
285.41277
285.41279
285.41282
285.41284
285.41286
285.41288
285.4129
285.41293
285.41295
285.41297
285.41299
285.41301
285.41304
285.41306
285.41308
285.4131
285.41312
285.41314
285.41316
285.41319
285.41321
285.41323
285.41325
285.41328
285.4133
285.41333
285.41335
285.41338
285.4134
285.41343
285.41345
285.41348
285.41351
285.41354
285.41356
285.41359
285.41362
285.41365
285.41368
285.41371
285.41374
285.41376
285.41379
285.41382
285.41385
285.41387
285.4139
285.41392
285.41395
285.41397
285.414
285.41403
285.41406
285.41409
285.41412
285.41415
285.41418
285.41421
285.41424
285.41427
285.4143
285.41433
285.41436
285.4144
285.41443
285.41446
285.4145
285.41453
285.41457
285.4146
285.41464
285.41467
285.41471
285.41474
285.41478
285.41481
285.41484
285.41488
285.41491
285.41495
285.41498
285.41502
285.41506
285.4151
285.41514
285.41517
285.41521
285.41525
285.41529
285.41533
285.41537
285.41541
285.41545
285.41549
285.41553
285.41557
285.41561
285.41565
285.41569
285.41574
285.41578
285.41583
285.41588
285.41592
285.41597
285.41602
285.41606
285.41611
285.41616
285.4162
285.41625
285.4163
285.41635
285.4164
285.41645
285.4165
285.41655
285.4166
285.41665
285.4167
285.41675
285.4168
285.41685
285.4169
285.41696
285.41702
285.41708
285.41713
285.4172
285.41726
285.41732
285.41737
285.41743
285.41749
285.41755
285.41761
285.41767
285.41773
285.4178
285.41787
285.41793
285.418
285.41807
285.41814
285.41821
285.41828
285.41835
285.41842
285.4185
285.41857
285.41865
285.41873
285.41881
285.41888
285.41896
285.41904
285.41912
285.41921
285.41929
285.41937
285.41945
285.41954
285.41962
285.41971
285.4198
285.41989
285.41998
285.42007
285.42017
285.42026
285.42036
285.42047
285.42057
285.42068
285.42079
285.4209
285.42101
285.42112
285.42123
285.42134
285.42145
285.42156
285.42168
285.42179
285.42191
285.42202
285.42214
285.42225
285.42237
285.42249
285.42261
285.42273
285.42285
285.42297
285.42308
285.42319
285.4233
285.4234
285.4235
285.42359
285.42368
285.42376
285.42383
285.4239
285.42396
285.42402
285.42406
285.4241
285.42412
285.42414
285.42415
285.42416
285.42416
285.42416
285.42415
285.42414
285.4241
285.42405
285.424
285.42395
285.42391
285.42388
285.42386
285.42384
285.42384
285.42384
285.42384
285.42384
285.42386
285.42391
285.42404
285.42423
285.42443
285.42465
285.42489
285.42513
285.42538
285.42563
285.42589
285.42615
285.42643
285.42671
285.427
285.4273
285.4276
285.4279
285.42817
285.42842
285.42864
285.42884
285.42901
285.42916
285.42929
285.42941
285.42951
285.4296
285.42966
285.42971
285.42973
285.42975
285.42976
285.42978
285.42984
285.43001
285.43044
285.43157
285.43453
285.44237
285.46322
285.51908
285.66949
286.07667
286.99036
288.13074
289.38769
290.71025
292.04528
293.34388
294.56541
295.67974
296.66791
297.52145
298.24077
298.8331
299.31029
299.68681
299.97806
300.19908
300.36373
300.48419
300.57075
300.63181
300.67406
300.70269
300.72162
300.73377
300.74124
300.74556
300.74782
300.74877
300.749
300.74895
300.74852
300.74727
300.74591
300.74472
300.74369
300.74277
300.74196
300.74125
300.7406
300.74002
300.73948
300.73899
300.73852
300.73808
300.73766
300.73726
300.73688
300.73651
300.73616
300.73582
300.73549
300.73517
300.73485
300.73453
300.7342
300.73386
300.7335
300.73312
300.73272
300.7323
300.73185
300.73138
300.73088
300.73037
300.72985
300.72931
300.72877
300.72824
300.72771
300.72719
300.72669
300.7262
300.72573
300.72528
300.72485
300.72445
300.72406
300.72369
300.72334
300.72301
300.7227
300.72241
300.72214
300.72188
300.72163
300.7214
300.72118
300.72097
300.72077
300.72058
300.72039
300.7202
300.72003
300.71986
300.71969
300.71953
300.71937
300.71922
300.71907
300.71892
300.71878
300.71864
300.7185
300.71837
300.71824
300.71812
300.718
300.71787
300.71776
300.71764
300.71752
300.7174
300.71729
300.71718
300.71707
300.71696
300.71685
300.71675
300.71665
300.71655
300.71645
300.71635
300.71626
300.71616
300.71607
300.71598
300.7159
300.71581
300.71573
300.71564
300.71556
300.71547
300.71539
300.71531
300.71522
300.71514
300.71506
300.71498
300.7149
300.71482
300.71475
300.71468
300.7146
300.71453
300.71446
300.71439
300.71432
300.71426
300.71419
300.71412
300.71406
300.71399
300.71393
300.71386
300.7138
300.71374
300.71368
300.71362
300.71356
300.7135
300.71344
300.71338
300.71332
300.71326
300.7132
300.71315
300.71309
300.71304
300.71298
300.71293
300.71287
300.71282
300.71277
300.71272
300.71267
300.71261
300.71256
300.71251
300.71246
300.71242
300.71237
300.71232
300.71228
300.71223
300.71218
300.71214
300.71209
300.71204
300.712
300.71195
300.7119
300.71186
300.71182
300.71177
300.71173
300.71169
300.71165
300.71161
300.71157
300.71152
300.71148
300.71144
300.7114
300.71136
300.71132
300.71129
300.71125
300.71121
300.71118
300.71114
300.7111
300.71107
300.71103
300.71099
300.71095
300.71092
300.71088
300.71085
300.71081
300.71077
300.71074
300.7107
300.71067
300.71063
300.7106
300.71057
300.71053
300.7105
300.71047
300.71043
300.7104
300.71037
300.71034
300.71031
300.71028
300.71025
300.71022
300.71019
300.71016
300.71013
300.71009
300.71006
300.71003
300.71
300.70997
300.70994
300.70991
300.70988
300.70986
300.70983
300.7098
300.70977
300.70974
300.70971
300.70968
300.70965
300.70963
300.7096
300.70957
300.70955
300.70952
300.70949
300.70947
300.70944
300.70941
300.70939
300.70936
300.70934
300.70931
300.70928
300.70926
300.70923
300.7092
300.70918
300.70915
300.70913
300.7091
300.70908
300.70905
300.70903
300.70901
300.70899
300.70896
300.70894
300.70891
300.70889
300.70886
300.70884
300.70881
300.70879
300.70876
300.70874
300.70872
300.70869
300.70867
300.70865
300.70863
300.70861
300.70859
300.70857
300.70854
300.70852
300.7085
300.70848
300.70845
300.70843
300.70841
300.70839
300.70837
300.70835
300.70833
300.70831
300.70829
300.70827
300.70824
300.70822
300.7082
300.70818
300.70816
300.70814
300.70812
300.7081
300.70808
300.70806
300.70804
300.70802
300.708
300.70798
300.70796
300.70794
300.70793
300.70791
300.70789
300.70787
300.70785
300.70783
300.70781
300.70779
300.70777
300.70775
300.70773
300.70771
300.70769
300.70767
300.70765
300.70763
300.70761
300.70758
300.70756
300.70754
300.70752
300.7075
300.70748
300.70746
300.70744
300.70742
300.7074
300.70738
300.70735
300.70733
300.7073
300.70727
300.70724
300.70721
300.70718
300.70716
300.70713
300.7071
300.70707
300.70704
300.70701
300.70697
300.70694
300.7069
300.70686
300.70682
300.70678
300.70674
300.7067
300.70666
300.70661
300.70657
300.70652
300.70647
300.70641
300.70636
300.7063
300.70624
300.70618
300.70612
300.70606
300.70599
300.70592
300.70585
300.70578
300.7057
300.70562
300.70553
300.70544
300.70535
300.70526
300.70516
300.70506
300.70495
300.70485
300.70473
300.70462
300.7045
300.70438
300.70425
300.70411
300.70397
300.70383
300.70368
300.70352
300.70336
300.70319
300.70302
300.70284
300.70265
300.70246
300.70226
300.70205
300.70184
300.70161
300.70138
300.70114
300.7009
300.70064
300.70038
300.70011
300.69982
300.69953
300.69923
300.69892
300.6986
300.69826
300.69792
300.69756
300.6972
300.69682
300.69643
300.69602
300.69561
300.69518
300.69474
300.69428
300.69381
300.69333
300.69283
300.69231
300.69178
300.69123
300.69066
300.69008
300.68948
300.68886
300.68823
300.68758
300.68691
300.68622
300.6855
300.68477
300.68402
300.68325
300.68246
300.68164
300.6808
300.67994
300.67906
300.67815
300.67722
300.67626
300.67528
300.67427
300.67324
300.67218
300.67109
300.66998
300.66884
300.66768
300.66648
300.66525
300.664
300.66271
300.66139
300.66004
300.65866
300.65725
300.6558
300.65432
300.65281
300.65127
300.64969
300.64808
300.64643
300.64475
300.64303
300.64128
300.63949
300.63766
300.63579
300.63388
300.63194
300.62996
300.62794
300.62587
300.62377
300.62163
300.61944
300.61721
300.61494
300.61264
300.61028
300.60789
300.60546
300.60298
300.60046
300.59789
300.59528
300.59263
300.58993
300.58718
300.58439
300.58155
300.57867
300.57574
300.57276
300.56974
300.56667
300.56356
300.5604
300.55719
300.55394
300.55064
300.54729
300.54389
300.54045
300.53695
300.53341
300.52982
300.52618
300.5225
300.51877
300.51499
300.51116
300.50728
300.50335
300.49938
300.49536
300.49129
300.48717
300.48301
300.47879
300.47453
300.47022
300.46587
300.46147
300.45701
300.45252
300.44797
300.44338
300.43875
300.43406
300.42933
300.42456
300.41974
300.41488
300.40996
300.40501
300.40001
300.39496
300.38987
300.38474
300.37957
300.37435
300.36908
300.36378
300.35844
300.35305
300.34762
300.34215
300.33664
300.33109
300.32549
300.31986
300.31419
300.30848
300.30273
300.29695
300.29112
300.28526
300.27937
300.27343
300.26746
300.26146
300.25541
300.24934
300.24323
300.23709
300.23091
300.2247
300.21846
300.21218
300.20588
300.19954
300.19317
300.18677
300.18034
300.17389
300.1674
300.16088
300.15434
300.14777
300.14117
300.13455
300.1279
300.12122
300.11452
300.10779
300.10104
300.09427
300.08747
300.08065
300.0738
300.06693
300.06005
300.05314
300.04621
300.03926
300.03228
300.02529
300.01828
300.01125
300.0042
299.99713
299.99004
299.98294
299.97582
299.96868
299.96152
299.95435
299.94717
299.93996
299.93275
299.92552
299.91827
299.91102
299.90374
299.89646
299.88916
299.88185
299.87452
299.86718
299.85984
299.85248
299.84511
299.83773
299.83033
299.82293
299.81552
299.80809
299.80066
299.79322
299.78577
299.77831
299.77084
299.76336
299.75588
299.74839
299.74088
299.73338
299.72586
299.71833
299.7108
299.70326
299.69572
299.68817
299.68061
299.67305
299.66548
299.65791
299.65032
299.64274
299.63515
299.62755
299.61995
299.61235
299.60474
299.59712
299.5895
299.58188
299.57425
299.56662
299.55898
299.55134
299.54369
299.53604
299.52839
299.52073
299.51308
299.50542
299.49775
299.49009
299.48241
299.47474
299.46706
299.45938
299.45169
299.44401
299.43632
299.42862
299.42093
299.41323
299.40553
299.39783
299.39013
299.38242
299.37471
299.367
299.35929
299.35157
299.34386
299.33614
299.32841
299.32069
299.31296
299.30523
299.29751
299.28977
299.28204
299.27431
299.26657
299.25883
299.25109
299.24335
299.2356
299.22786
299.22011
299.21236
299.20461
299.19686
299.18911
299.18135
299.1736
299.16584
299.15808
299.15032
299.14256
299.13479
299.12702
299.11926
299.11149
299.10372
299.09594
299.08817
299.0804
299.07262
299.06485
299.05707
299.04929
299.0415
299.03372
299.02593
299.01815
299.01036
299.00257
298.99478
298.98699
298.97919
298.9714
298.9636
298.95581
298.94801
298.94021
298.93241
298.92461
298.91681
298.909
298.9012
298.89339
298.88558
298.87777
298.86996
298.86215
298.85434
298.84652
298.8387
298.83089
298.82307
298.81525
298.80743
298.7996
298.79178
298.78395
298.77613
298.7683
298.76047
298.75264
298.7448
298.73697
298.72914
298.7213
298.71346
298.70562
298.69778
298.68994
298.6821
298.67425
298.66641
298.65856
298.65071
298.64286
298.63501
298.62716
298.61931
298.61146
298.6036
298.59574
298.58789
298.58003
298.57217
298.56431
298.55644
298.54858
298.54072
298.53285
298.52498
298.51711
298.50923
298.50136
298.49349
298.48561
298.47773
298.46986
298.46198
298.4541
298.44622
298.43834
298.43045
298.42257
298.41468
298.4068
298.39891
298.39102
298.38313
298.37524
298.36734
298.35944
298.35154
298.34365
298.33575
298.32785
298.31995
298.31204
298.30414
298.29624
298.28833
298.28042
298.27251
298.2646
298.25668
298.24876
298.24085
298.23293
298.22501
298.2171
298.20918
298.20126
298.19334
298.18541
298.17749
298.16956
298.16163
298.1537
298.14577
298.13784
298.1299
298.12197
298.11403
298.10609
298.09816
298.09022
298.08228
298.07434
298.06639
298.05845
298.0505
298.04255
298.0346
298.02665
298.0187
298.01074
298.00279
297.99483
297.98688
297.97892
297.97096
297.963
297.95504
297.94707
297.93911
297.93114
297.92318
297.91521
297.90724
297.89926
297.89129
297.88332
297.87534
297.86737
297.85939
297.85141
297.84343
297.83545
297.82746
297.81948
297.81149
297.80351
297.79552
297.78753
297.77953
297.77154
297.76354
297.75555
297.74755
297.73955
297.73155
297.72356
297.71556
297.70755
297.69955
297.69154
297.68354
297.67553
297.66752
297.65951
297.65149
297.64348
297.63546
297.62744
297.61942
297.6114
297.60338
297.59536
297.58734
297.57931
297.57129
297.56326
297.55524
297.54721
297.53918
297.53114
297.52311
297.51507
297.50704
297.499
297.49096
297.48292
297.47488
297.46683
297.45879
297.45074
297.4427
297.43465
297.4266
297.41855
297.41049
297.40244
297.39438
297.38632
297.37827
297.37021
297.36215
297.35409
297.34603
297.33796
297.3299
297.32183
297.31376
297.30569
297.29762
297.28954
297.28147
297.27339
297.26532
297.25724
297.24916
297.24107
297.23299
297.2249
297.21682
297.20873
297.20064
297.19256
297.18447
297.17638
297.16828
297.16019
297.15209
297.14399
297.13589
297.12779
297.11969
297.11158
297.10347
297.09536
297.08726
297.07915
297.07104
297.06292
297.05481
297.04669
297.03857
297.03045
297.02233
297.0142
297.00608
296.99796
296.98983
296.9817
296.97356
296.96543
296.9573
296.94916
296.94102
296.93288
296.92474
296.9166
296.90845
296.90031
296.89216
296.88401
296.87586
296.8677
296.85954
296.85138
296.84322
296.83506
296.8269
296.81873
296.81057
296.8024
296.79422
296.78605
296.77787
296.7697
296.76151
296.75333
296.74515
296.73696
296.72877
296.72058
296.71239
296.70419
296.696
296.6878
296.6796
296.6714
296.66319
296.65498
296.64678
296.63856
296.63035
296.62214
296.61392
296.6057
296.59748
296.58926
296.58103
296.5728
296.56458
296.55635
296.54811
296.53988
296.53164
296.52341
296.51517
296.50692
296.49868
296.49044
296.4822
296.47395
296.4657
296.45745
296.4492
296.44095
296.4327
296.42445
296.41619
296.40794
296.39968
296.39143
296.38317
296.37491
296.36666
296.3584
296.35014
296.34189
296.33363
296.32537
296.31712
296.30886
296.30061
296.29235
296.2841
296.27584
296.26759
296.25934
296.25109
296.24284
296.23459
296.22635
296.2181
296.20986
296.20161
296.19337
296.18513
296.17689
296.16866
296.16042
296.15218
296.14395
296.13572
296.12749
296.11926
296.11103
296.1028
296.09457
296.08634
296.07811
296.06989
296.06166
296.05344
296.04521
296.03698
296.02876
296.02053
296.0123
296.00408
295.99585
295.98762
295.97939
295.97116
295.96293
295.9547
295.94646
295.93823
295.92999
295.92175
295.91351
295.90527
295.89703
295.88878
295.88053
295.87228
295.86403
295.85577
295.84752
295.83926
295.831
295.82273
295.81447
295.8062
295.79793
295.78966
295.78138
295.7731
295.76483
295.75654
295.74826
295.73998
295.73169
295.7234
295.71511
295.70681
295.69852
295.69022
295.68192
295.67362
295.66531
295.65701
295.6487
295.64039
295.63209
295.62377
295.61546
295.60714
295.59883
295.59051
295.58219
295.57387
295.56555
295.55722
295.5489
295.54057
295.53224
295.52391
295.51558
295.50725
295.49892
295.49058
295.48225
295.47391
295.46557
295.45723
295.44889
295.44054
295.4322
295.42385
295.41551
295.40716
295.39881
295.39046
295.38211
295.37375
295.3654
295.35704
295.34869
295.34033
295.33197
295.3236
295.31524
295.30688
295.29851
295.29014
295.28178
295.27341
295.26504
295.25666
295.24829
295.23992
295.23154
295.22316
295.21479
295.2064
295.19802
295.18964
295.18126
295.17287
295.16448
295.15609
295.1477
295.13931
295.13092
295.12252
295.11413
295.10573
295.09734
295.08894
295.08054
295.07214
295.06374
295.05533
295.04693
295.03852
295.03012
295.02171
295.0133
295.00489
294.99648
294.98807
294.97966
294.97125
294.96284
294.95442
294.94601
294.93759
294.92918
294.92076
294.91234
294.90392
294.89551
294.88709
294.87867
294.87025
294.86183
294.85341
294.84499
294.83657
294.82815
294.81973
294.81131
294.80289
294.79447
294.78605
294.77763
294.76921
294.76079
294.75236
294.74394
294.73552
294.7271
294.71868
294.71026
294.70183
294.69341
294.68498
294.67656
294.66814
294.65971
294.65129
294.64286
294.63444
294.62601
294.61758
294.60915
294.60072
294.59229
294.58386
294.57543
294.56699
294.55856
294.55012
294.54169
294.53325
294.52481
294.51637
294.50793
294.49949
294.49104
294.4826
294.47415
294.4657
294.45725
294.4488
294.44035
294.4319
294.42344
294.41498
294.40652
294.39806
294.3896
294.38114
294.37267
294.3642
294.35574
294.34726
294.33879
294.33031
294.32184
294.31336
294.30488
294.2964
294.28792
294.27943
294.27095
294.26246
294.25397
294.24547
294.23698
294.22848
294.21998
294.21148
294.20298
294.19448
294.18597
294.17746
294.16895
294.16044
294.15193
294.14341
294.1349
294.12637
294.11786
294.10933
294.10081
294.09228
294.08376
294.07522
294.06669
294.05816
294.04962
294.04108
294.03254
294.024
294.01546
294.00691
293.99836
293.98982
293.98126
293.97271
293.96415
293.9556
293.94704
293.93847
293.92991
293.92135
293.91278
293.90421
293.89564
293.88707
293.8785
293.86992
293.86134
293.85276
293.84418
293.83559
293.82701
293.81842
293.80983
293.80124
293.79265
293.78405
293.77545
293.76686
293.75826
293.74966
293.74105
293.73245
293.72384
293.71523
293.70662
293.69801
293.6894
293.68078
293.67217
293.66355
293.65494
293.64631
293.63769
293.62907
293.62045
293.61182
293.6032
293.59457
293.58594
293.57732
293.56868
293.56006
293.55142
293.54279
293.53415
293.52552
293.51689
293.50825
293.49962
293.49098
293.48234
293.4737
293.46507
293.45642
293.44779
293.43914
293.4305
293.42186
293.41322
293.40457
293.39593
293.38729
293.37864
293.37
293.36135
293.3527
293.34405
293.33541
293.32676
293.31811
293.30945
293.3008
293.29215
293.2835
293.27484
293.26618
293.25753
293.24887
293.24021
293.23155
293.22289
293.21422
293.20556
293.19689
293.18822
293.17955
293.17088
293.16221
293.15354
293.14486
293.13619
293.12751
293.11883
293.11015
293.10146
293.09278
293.08409
293.0754
293.06671
293.05802
293.04933
293.04063
293.03193
293.02323
293.01453
293.00583
292.99712
292.98841
292.9797
292.97099
292.96228
292.95357
292.94485
292.93613
292.92741
292.91869
292.90997
292.90124
292.89251
292.88378
292.87505
292.86632
292.85758
292.84885
292.84011
292.83137
292.82263
292.81388
292.80513
292.79638
292.78763
292.77888
292.77013
292.76137
292.75261
292.74385
292.73509
292.72633
292.71756
292.70879
292.70003
292.69126
292.68248
292.67371
292.66493
292.65616
292.64737
292.63859
292.62981
292.62102
292.61224
292.60344
292.59466
292.58586
292.57707
292.56827
292.55947
292.55067
292.54187
292.53307
292.52426
292.51545
292.50664
292.49783
292.48902
292.4802
292.47138
292.46256
292.45374
292.44492
292.43609
292.42727
292.41844
292.40961
292.40078
292.39194
292.38311
292.37427
292.36543
292.35659
292.34775
292.3389
292.33006
292.32121
292.31236
292.30351
292.29465
292.2858
292.27694
292.26808
292.25922
292.25036
292.2415
292.23263
292.22377
292.2149
292.20603
292.19716
292.18829
292.17942
292.17054
292.16167
292.15279
292.14391
292.13503
292.12615
292.11727
292.10838
292.0995
292.09062
292.08173
292.07284
292.06395
292.05507
292.04617
292.03728
292.02839
292.0195
292.0106
292.00171
291.99281
291.98391
291.97501
291.96612
291.95722
291.94832
291.93942
291.93051
291.92161
291.91271
291.9038
291.8949
291.88599
291.87708
291.86817
291.85926
291.85035
291.84144
291.83253
291.82362
291.8147
291.80578
291.79686
291.78794
291.77902
291.7701
291.76118
291.75225
291.74332
291.7344
291.72547
291.71653
291.7076
291.69866
291.68973
291.68079
291.67184
291.6629
291.65396
291.64501
291.63606
291.62711
291.61816
291.6092
291.60023
291.59128
291.58231
291.57335
291.56438
291.5554
291.54643
291.53745
291.52847
291.51948
291.51049
291.5015
291.49251
291.48351
291.47451
291.46551
291.45649
291.44748
291.43846
291.42944
291.42042
291.41138
291.40235
291.3933
291.38426
291.37521
291.36614
291.35709
291.34801
291.33894
291.32985
291.32076
291.31166
291.30255
291.29344
291.28431
291.27518
291.26604
291.25689
291.24772
291.23855
291.22935
291.22016
291.21095
291.20172
291.19249
291.18323
291.17396
291.16467
291.15537
291.14605
291.13671
291.12735
291.11797
291.10857
291.09915
291.08969
291.08022
291.07072
291.06119
291.05163
291.04204
291.03243
291.02277
291.01308
291.00336
290.99359
290.98379
290.97394
290.96405
290.95411
290.94413
290.93409
290.924
290.91385
290.90365
290.89338
290.88305
290.87266
290.86219
290.85165
290.84104
290.83035
290.81957
290.8087
290.79775
290.7867
290.77555
290.7643
290.75294
290.74147
290.72988
290.71817
290.70634
290.69437
290.68226
290.67001
290.65761
290.64506
290.63234
290.61946
290.6064
290.59315
290.57972
290.56609
290.55226
290.53821
290.52394
290.50944
290.4947
290.47971
290.46447
290.44896
290.43317
290.41709
290.40071
290.38402
290.36702
290.34968
290.33199
290.31395
290.29553
290.27672
290.25751
290.23789
290.21783
290.19733
290.17637
290.15493
290.13301
290.11058
290.08763
290.06414
290.04009
290.01547
289.99026
289.96444
289.93798
289.91088
289.88311
289.85466
289.82549
289.7956
289.76496
289.73355
289.70135
289.66833
289.63449
289.59979
289.56421
289.52774
289.49034
289.45201
289.41272
289.37244
289.33116
289.28886
289.24551
289.2011
289.1556
289.10901
289.06129
289.01244
288.96244
288.91127
288.85891
288.80536
288.75061
288.69463
288.63743
288.579
288.51932
288.45841
288.39625
288.33284
288.26818
288.20229
288.13517
288.06682
287.99725
287.92649
287.85455
287.78144
287.70719
287.63183
287.55537
287.47786
287.39932
287.31979
287.23931
287.15792
287.07566
286.99259
286.90875
286.82419
286.73896
286.65314
286.56677
286.47991
286.39262
286.30498
286.21704
286.12888
286.04055
285.95213
285.86369
285.77529
285.68701
285.59892
285.51107
285.42355
285.33642
285.24974
285.16357
285.07799
284.99304
284.90879
284.8253
284.74261
284.66079
284.57987
284.49991
284.42095
284.34302
284.26617
284.19044
284.11584
284.04242
283.9702
283.89919
283.82942
283.76092
283.69367
283.62771
283.56305
283.49967
283.4376
283.37682
283.31734
283.25916
283.20226
283.14665
283.0923
283.03922
282.98738
282.93678
282.88739
282.83921
282.79221
282.74637
282.70167
282.6581
282.61563
282.57424
282.53391
282.49461
282.45632
282.41902
282.38268
282.34728
282.3128
282.27921
282.24649
282.21461
282.18356
282.1533
282.12382
282.09509
282.06709
282.03979
282.01318
281.98723
281.96193
281.93724
281.91316
281.88966
281.86672
281.84432
281.82245
281.80109
281.78021
281.7598
281.73985
281.72034
281.70125
281.68256
281.66427
281.64636
281.62881
281.61161
281.59475
281.57821
281.56198
281.54605
281.53041
281.51505
281.49995
281.48512
281.47053
281.45617
281.44205
281.42814
281.41444
281.40095
281.38764
281.37452
281.36158
281.34881
281.33621
281.32376
281.31146
281.2993
281.28728
281.2754
281.26364
281.252
281.24048
281.22907
281.21777
281.20657
281.19547
281.18446
281.17354
281.1627
281.15195
281.14127
281.13067
281.12015
281.10969
281.09929
281.08896
281.07869
281.06848
281.05832
281.04821
281.03815
281.02814
281.01818
281.00826
280.99838
280.98854
280.97874
280.96898
280.95925
280.94955
280.93988
280.93025
280.92064
280.91106
280.90151
280.89198
280.88247
280.87299
280.86353
280.85408
280.84466
280.83526
280.82587
280.8165
280.80715
280.79781
280.78848
280.77917
280.76987
280.76058
280.75131
280.74204
280.73278
280.72354
280.7143
280.70507
280.69585
280.68663
280.67742
280.66822
280.65903
280.64984
280.64065
280.63147
280.6223
280.61312
280.60396
280.59479
280.58563
280.57647
280.56731
280.55816
280.54901
280.53986
280.53071
280.52156
280.51241
280.50327
280.49412
280.48498
280.47584
280.46669
280.45755
280.44841
280.43927
280.43012
280.42098
280.41184
280.4027
280.39355
280.38441
280.37527
280.36612
280.35698
280.34783
280.33868
280.32953
280.32039
280.31124
280.30209
280.29293
280.28378
280.27463
280.26547
280.25632
280.24716
280.238
280.22884
280.21968
280.21052
280.20136
280.19219
280.18302
280.17386
280.16469
280.15552
280.14634
280.13717
280.128
280.11882
280.10964
280.10046
280.09128
280.0821
280.07292
280.06373
280.05454
280.04535
280.03616
280.02697
280.01778
280.00858
279.99938
279.99019
279.98099
279.97178
279.96258
279.95337
279.94417
279.93496
279.92575
279.91654
279.90732
279.89811
279.88889
279.87967
279.87045
279.86123
279.85201
279.84278
279.83355
279.82432
279.81509
279.80586
279.79663
279.78739
279.77816
279.76892
279.75968
279.75044
279.7412
279.73196
279.72271
279.71346
279.70422
279.69497
279.68572
279.67647
279.66722
279.65797
279.64871
279.63946
279.6302
279.62095
279.61169
279.60243
279.59318
279.58392
279.57466
279.5654
279.55615
279.54689
279.53763
279.52837
279.51911
279.50985
279.50059
279.49133
279.48208
279.47282
279.46356
279.4543
279.44504
279.43578
279.42652
279.41726
279.40801
279.39875
279.38949
279.38023
279.37097
279.3617
279.35244
279.34318
279.33392
279.32465
279.31539
279.30612
279.29685
279.28758
279.27831
279.26904
279.25977
279.25049
279.24121
279.23193
279.22265
279.21337
279.20409
279.1948
279.18551
279.17622
279.16693
279.15763
279.14833
279.13903
279.12973
279.12043
279.11112
279.10182
279.09251
279.0832
279.07388
279.06457
279.05525
279.04593
279.03661
279.02728
279.01796
279.00863
278.9993
278.98997
278.98063
278.9713
278.96196
278.95262
278.94328
278.93394
278.92459
278.91525
278.9059
278.89655
278.8872
278.87784
278.86849
278.85913
278.84977
278.84041
278.83104
278.82168
278.81231
278.80294
278.79357
278.7842
278.77483
278.76545
278.75607
278.74669
278.73731
278.72793
278.71855
278.70916
278.69977
278.69039
278.68099
278.6716
278.66221
278.65282
278.64342
278.63403
278.62462
278.61524
278.60582
278.59646
278.58701
278.57769
278.56817
278.55894
278.54932
278.54022
278.53043
278.52154
278.51149
278.50292
278.4925
278.48435
278.47348
278.46582
278.45444
278.44729
278.43542
278.42873
278.41647
278.41008
278.3976
278.39135
278.37882
278.37255
278.36005
278.35376
278.34127
278.33496
278.32248
278.31616
278.30368
278.29736
278.28487
278.27855
278.26605
278.25972
278.24722
278.24088
278.22838
278.22204
278.20953
278.20319
278.19067
278.18432
278.17181
278.16545
278.15293
278.14656
278.13405
278.12767
278.11516
278.10877
278.09627
278.08986
278.07736
278.07095
278.05845
278.05203
278.03953
278.03311
278.0206
278.01418
278.00167
277.99525
277.98274
277.97632
277.96381
277.95738
277.94489
277.93845
277.92597
277.91953
277.90707
277.90063
277.88817
277.88174
277.86929
277.86286
277.85042
277.84399
277.83156
277.82513
277.81271
277.80626
277.79385
277.78739
277.77498
277.7685
277.75609
277.7496
277.73717
277.73068
277.71824
277.71174
277.69929
277.69278
277.68033
277.6738
277.66136
277.65482
277.64238
277.63582
277.6234
277.61683
277.60441
277.59783
277.5854
277.57882
277.56639
277.55981
277.54738
277.54078
277.52836
277.52175
277.50934
277.5027
277.49031
277.48366
277.47127
277.46462
277.45222
277.44557
277.43318
277.42652
277.41416
277.40749
277.39515
277.38849
277.37615
277.36951
277.35714
277.35069
277.3358
)
;

boundaryField
{
    leftSide
    {
        type            zeroGradient;
    }
    rightSide
    {
        type            zeroGradient;
    }
    emptywalls
    {
        type            empty;
    }
}


// ************************************************************************* //
